5.000000000000000000e-01 5.531714823463850905e+01
5.195195195195194682e-01 5.533359248342902248e+01
5.390390390390390474e-01 5.534994732851983201e+01
5.585585585585585155e-01 5.536621322832576197e+01
5.780780780780780947e-01 5.538239063922742389e+01
5.975975975975975629e-01 5.539848001557643187e+01
6.171171171171171421e-01 5.541448180970078852e+01
6.366366366366366103e-01 5.543039647191015717e+01
6.561561561561561895e-01 5.544622445050134019e+01
6.756756756756756577e-01 5.546196619176362219e+01
6.951951951951952369e-01 5.547762213998419156e+01
7.147147147147147050e-01 5.549319273745373948e+01
7.342342342342342842e-01 5.550867842447184586e+01
7.537537537537537524e-01 5.552407963935255708e+01
7.732732732732732206e-01 5.553939681843005616e+01
7.927927927927927998e-01 5.555463039606405573e+01
8.123123123123123790e-01 5.556978080464564584e+01
8.318318318318318472e-01 5.558484847460283618e+01
8.513513513513513153e-01 5.559983383440621907e+01
8.708708708708708945e-01 5.561473731057473913e+01
8.903903903903904737e-01 5.562955932768138467e+01
9.099099099099099419e-01 5.564430030835897867e+01
9.294294294294294101e-01 5.565896067330592700e+01
9.489489489489489893e-01 5.567354084129204495e+01
9.684684684684684575e-01 5.568804122916435517e+01
9.879879879879880367e-01 5.570246225185294264e+01
1.007507507507507505e+00 5.571680432237685920e+01
1.027027027027027195e+00 5.573106785184999978e+01
1.046546546546546441e+00 5.574525324948693594e+01
1.066066066066066131e+00 5.575936092260896260e+01
1.085585585585585600e+00 5.577339127664993157e+01
1.105105105105105068e+00 5.578734471516232674e+01
1.124624624624624758e+00 5.580122163982311889e+01
1.144144144144144004e+00 5.581502245043987642e+01
1.163663663663663694e+00 5.582874754495667702e+01
1.183183183183183163e+00 5.584239731946020413e+01
1.202702702702702631e+00 5.585597216818580790e+01
1.222222222222222321e+00 5.586947248352347373e+01
1.241741741741741789e+00 5.588289865602396134e+01
1.261261261261261257e+00 5.589625107440482310e+01
1.280780780780780947e+00 5.590953012555661417e+01
1.300300300300300194e+00 5.592273619454886102e+01
1.319819819819819884e+00 5.593586966463629295e+01
1.339339339339339352e+00 5.594893091726489587e+01
1.358858858858858820e+00 5.596192033207803007e+01
1.378378378378378510e+00 5.597483828692271146e+01
1.397897897897897979e+00 5.598768515785565825e+01
1.417417417417417447e+00 5.600046131914942293e+01
1.436936936936936915e+00 5.601316714329865221e+01
1.456456456456456383e+00 5.602580300102630417e+01
1.475975975975976073e+00 5.603836926128969509e+01
1.495495495495495542e+00 5.605086629128677345e+01
1.515015015015015010e+00 5.606329445646240828e+01
1.534534534534534478e+00 5.607565412051440745e+01
1.554054054054054168e+00 5.608794564539989125e+01
1.573573573573573636e+00 5.610016939134145986e+01
1.593093093093093104e+00 5.611232571683336090e+01
1.612612612612612573e+00 5.612441497864782747e+01
1.632132132132132263e+00 5.613643753184121721e+01
1.651651651651651731e+00 5.614839372976026510e+01
1.671171171171171199e+00 5.616028392404833625e+01
1.690690690690690667e+00 5.617210846465165730e+01
1.710210210210210358e+00 5.618386769982557638e+01
1.729729729729729826e+00 5.619556197614072346e+01
1.749249249249249294e+00 5.620719163848940525e+01
1.768768768768768762e+00 5.621875703009170167e+01
1.788288288288288230e+00 5.623025849250175412e+01
1.807807807807807920e+00 5.624169636561405383e+01
1.827327327327327389e+00 5.625307098766964486e+01
1.846846846846846857e+00 5.626438269526239111e+01
1.866366366366366325e+00 5.627563182334515091e+01
1.885885885885886015e+00 5.628681870523612929e+01
1.905405405405405483e+00 5.629794367262503130e+01
1.924924924924924952e+00 5.630900705557932184e+01
1.944444444444444420e+00 5.632000918255045008e+01
1.963963963963964110e+00 5.633095038038013058e+01
1.983483483483483578e+00 5.634183097430649667e+01
2.003003003003002824e+00 5.635265128797033896e+01
2.022522522522522515e+00 5.636341164342144339e+01
2.042042042042042205e+00 5.637411236112460244e+01
2.061561561561561895e+00 5.638475375996600292e+01
2.081081081081081141e+00 5.639533615725937921e+01
2.100600600600600387e+00 5.640585986875213820e+01
2.120120120120120077e+00 5.641632520863164757e+01
2.139639639639639768e+00 5.642673248953146015e+01
2.159159159159159458e+00 5.643708202253736772e+01
2.178678678678678704e+00 5.644737411719373910e+01
2.198198198198197950e+00 5.645760908150948865e+01
2.217717717717717640e+00 5.646778722196449252e+01
2.237237237237237331e+00 5.647790884351555718e+01
2.256756756756757021e+00 5.648797424960263669e+01
2.276276276276276267e+00 5.649798374215500019e+01
2.295795795795795957e+00 5.650793762159731415e+01
2.315315315315315203e+00 5.651783618685582411e+01
2.334834834834834894e+00 5.652767973536449375e+01
2.354354354354354584e+00 5.653746856307099478e+01
2.373873873873873830e+00 5.654720296444298100e+01
2.393393393393393520e+00 5.655688323247404270e+01
2.412912912912912766e+00 5.656650965868991676e+01
2.432432432432432456e+00 5.657608253315443392e+01
2.451951951951952147e+00 5.658560214447564363e+01
2.471471471471471837e+00 5.659506877981199580e+01
2.490990990990991083e+00 5.660448272487810328e+01
2.510510510510510773e+00 5.661384426395108704e+01
2.530030030030030019e+00 5.662315367987639547e+01
2.549549549549549710e+00 5.663241125407390797e+01
2.569069069069068956e+00 5.664161726654394613e+01
2.588588588588588646e+00 5.665077199587322099e+01
2.608108108108108336e+00 5.665987571924085842e+01
2.627627627627627582e+00 5.666892871242436058e+01
2.647147147147147273e+00 5.667793124980553898e+01
2.666666666666666963e+00 5.668688360437653273e+01
2.686186186186186209e+00 5.669578604774568475e+01
2.705705705705705899e+00 5.670463885014349614e+01
2.725225225225225145e+00 5.671344228042850943e+01
2.744744744744744835e+00 5.672219660609325587e+01
2.764264264264264526e+00 5.673090209327011024e+01
2.783783783783783772e+00 5.673955900673718844e+01
2.803303303303303462e+00 5.674816760992420228e+01
2.822822822822822708e+00 5.675672816491828598e+01
2.842342342342342398e+00 5.676524093246989366e+01
2.861861861861862089e+00 5.677370617199856895e+01
2.881381381381381335e+00 5.678212414159879984e+01
2.900900900900901025e+00 5.679049509804571727e+01
2.920420420420420715e+00 5.679881929680106367e+01
2.939939939939939961e+00 5.680709699201875651e+01
2.959459459459459651e+00 5.681532843655083553e+01
2.978978978978978898e+00 5.682351388195299791e+01
2.998498498498498588e+00 5.683165357849055255e+01
3.018018018018018278e+00 5.683974777514395527e+01
3.037537537537537524e+00 5.684779671961459968e+01
3.057057057057057214e+00 5.685580065833046604e+01
3.076576576576576461e+00 5.686375983645183396e+01
3.096096096096096151e+00 5.687167449787686024e+01
3.115615615615615841e+00 5.687954488524730579e+01
3.135135135135135087e+00 5.688737123995414180e+01
3.154654654654654777e+00 5.689515380214306361e+01
3.174174174174174468e+00 5.690289281072028871e+01
3.193693693693693714e+00 5.691058850335789998e+01
3.213213213213213404e+00 5.691824111649959406e+01
3.232732732732732650e+00 5.692585088536615956e+01
3.252252252252252340e+00 5.693341804396100514e+01
3.271771771771772030e+00 5.694094282507569460e+01
3.291291291291291277e+00 5.694842546029543939e+01
3.310810810810810967e+00 5.695586618000459822e+01
3.330330330330330213e+00 5.696326521339214111e+01
3.349849849849849903e+00 5.697062278845719163e+01
3.369369369369369593e+00 5.697793913201422811e+01
3.388888888888888840e+00 5.698521446969880344e+01
3.408408408408408530e+00 5.699244902597274631e+01
3.427927927927928220e+00 5.699964302412962525e+01
3.447447447447447466e+00 5.700679668630018426e+01
3.466966966966967156e+00 5.701391023345750853e+01
3.486486486486486402e+00 5.702098388542262342e+01
3.506006006006006093e+00 5.702801786086966018e+01
3.525525525525525783e+00 5.703501237733115659e+01
3.545045045045045029e+00 5.704196765120345702e+01
3.564564564564564719e+00 5.704888389775188529e+01
3.584084084084084409e+00 5.705576133111607362e+01
3.603603603603603656e+00 5.706260016431514259e+01
3.623123123123123346e+00 5.706940060925300173e+01
3.642642642642642592e+00 5.707616287672351518e+01
3.662162162162162282e+00 5.708288717641568866e+01
3.681681681681681972e+00 5.708957371691889193e+01
3.701201201201201219e+00 5.709622270572792502e+01
3.720720720720720909e+00 5.710283434924828327e+01
3.740240240240240155e+00 5.710940885280118806e+01
3.759759759759759845e+00 5.711594642062871685e+01
3.779279279279279535e+00 5.712244725589895467e+01
3.798798798798798781e+00 5.712891156071096788e+01
3.818318318318318472e+00 5.713533953609992011e+01
3.837837837837838162e+00 5.714173138204215263e+01
3.857357357357357408e+00 5.714808729746007288e+01
3.876876876876877098e+00 5.715440748022733430e+01
3.896396396396396344e+00 5.716069212717368941e+01
3.915915915915916035e+00 5.716694143408995643e+01
3.935435435435435725e+00 5.717315559573312100e+01
3.954954954954954971e+00 5.717933480583113237e+01
3.974474474474474661e+00 5.718547925708783453e+01
3.993993993993993907e+00 5.719158914118791870e+01
4.013513513513514042e+00 5.719766464880180479e+01
4.033033033033033732e+00 5.720370596959042331e+01
4.052552552552552534e+00 5.720971329221023183e+01
4.072072072072072224e+00 5.721568680431786191e+01
4.091591591591591914e+00 5.722162669257504319e+01
4.111111111111110716e+00 5.722753314265334268e+01
4.130630630630630407e+00 5.723340633923901066e+01
4.150150150150150097e+00 5.723924646603770583e+01
4.169669669669669787e+00 5.724505370577922037e+01
4.189189189189189477e+00 5.725082824022219796e+01
4.208708708708709167e+00 5.725657025015892998e+01
4.228228228228228858e+00 5.726227991541995266e+01
4.247747747747747660e+00 5.726795741487874380e+01
4.267267267267267350e+00 5.727360292645642659e+01
4.286786786786787040e+00 5.727921662712634543e+01
4.306306306306305842e+00 5.728479869291873428e+01
4.325825825825825532e+00 5.729034929892527117e+01
4.345345345345345223e+00 5.729586861930373232e+01
4.364864864864864913e+00 5.730135682728251112e+01
4.384384384384384603e+00 5.730681409516517277e+01
4.403903903903904293e+00 5.731224059433498752e+01
4.423423423423423984e+00 5.731763649525949944e+01
4.442942942942943674e+00 5.732300196749497445e+01
4.462462462462462476e+00 5.732833717969087672e+01
4.481981981981982166e+00 5.733364229959428826e+01
4.501501501501501856e+00 5.733891749405455585e+01
4.521021021021021546e+00 5.734416292902747614e+01
4.540540540540540349e+00 5.734937876957985026e+01
4.560060060060060039e+00 5.735456517989376124e+01
4.579579579579579729e+00 5.735972232327117126e+01
4.599099099099099419e+00 5.736485036213802857e+01
4.618618618618619109e+00 5.736994945804873680e+01
4.638138138138137911e+00 5.737501977169049638e+01
4.657657657657657602e+00 5.738006146288756781e+01
4.677177177177177292e+00 5.738507469060552779e+01
4.696696696696696982e+00 5.739005961295564617e+01
4.716216216216216672e+00 5.739501638719906396e+01
4.735735735735735474e+00 5.739994516975103522e+01
4.755255255255255165e+00 5.740484611618517619e+01
4.774774774774774855e+00 5.740971938123762897e+01
4.794294294294294545e+00 5.741456511881131064e+01
4.813813813813814235e+00 5.741938348198005571e+01
4.833333333333333925e+00 5.742417462299268038e+01
4.852852852852852727e+00 5.742893869327728140e+01
4.872372372372372418e+00 5.743367584344521504e+01
4.891891891891892108e+00 5.743838622329532484e+01
4.911411411411411798e+00 5.744306998181784252e+01
4.930930930930931488e+00 5.744772726719862277e+01
4.950450450450450290e+00 5.745235822682317206e+01
4.969969969969969981e+00 5.745696300728059214e+01
4.989489489489489671e+00 5.746154175436766565e+01
5.009009009009009361e+00 5.746609461309281386e+01
5.028528528528529051e+00 5.747062172768013966e+01
5.048048048048047853e+00 5.747512324157333552e+01
5.067567567567567544e+00 5.747959929743963414e+01
5.087087087087087234e+00 5.748405003717380168e+01
5.106606606606606924e+00 5.748847560190197470e+01
5.126126126126126614e+00 5.749287613198558233e+01
5.145645645645645416e+00 5.749725176702528984e+01
5.165165165165165106e+00 5.750160264586472181e+01
5.184684684684684797e+00 5.750592890659449807e+01
5.204204204204204487e+00 5.751023068655587167e+01
5.223723723723724177e+00 5.751450812234472920e+01
5.243243243243242979e+00 5.751876134981525013e+01
5.262762762762762669e+00 5.752299050408367975e+01
5.282282282282282360e+00 5.752719571953227984e+01
5.301801801801802050e+00 5.753137712981284579e+01
5.321321321321321740e+00 5.753553486785058624e+01
5.340840840840841430e+00 5.753966906584773966e+01
5.360360360360360232e+00 5.754377985528742556e+01
5.379879879879879923e+00 5.754786736693717586e+01
5.399399399399399613e+00 5.755193173085262970e+01
5.418918918918919303e+00 5.755597307638127802e+01
5.438438438438438993e+00 5.755999153216595943e+01
5.457957957957957795e+00 5.756398722614864738e+01
5.477477477477477485e+00 5.756796028557386080e+01
5.496996996996997176e+00 5.757191083699242995e+01
5.516516516516516866e+00 5.757583900626493545e+01
5.536036036036036556e+00 5.757974491856533916e+01
5.555555555555555358e+00 5.758362869838451559e+01
5.575075075075075048e+00 5.758749046953369088e+01
5.594594594594594739e+00 5.759133035514807375e+01
5.614114114114114429e+00 5.759514847769028734e+01
5.633633633633634119e+00 5.759894495895382249e+01
5.653153153153152921e+00 5.760271992006656205e+01
5.672672672672672611e+00 5.760647348149412750e+01
5.692192192192192302e+00 5.761020576304341745e+01
5.711711711711711992e+00 5.761391688386595433e+01
5.731231231231231682e+00 5.761760696246130919e+01
5.750750750750751372e+00 5.762127611668041993e+01
5.770270270270270174e+00 5.762492446372906585e+01
5.789789789789789864e+00 5.762855212017115747e+01
5.809309309309309555e+00 5.763215920193206188e+01
5.828828828828829245e+00 5.763574582430194226e+01
5.848348348348348935e+00 5.763931210193906196e+01
5.867867867867867737e+00 5.764285814887306003e+01
5.887387387387387427e+00 5.764638407850829083e+01
5.906906906906907118e+00 5.764989000362695037e+01
5.926426426426426808e+00 5.765337603639250119e+01
5.945945945945946498e+00 5.765684228835269920e+01
5.965465465465465300e+00 5.766028887044299722e+01
5.984984984984984990e+00 5.766371589298963585e+01
6.004504504504504681e+00 5.766712346571283376e+01
6.024024024024024371e+00 5.767051169772999231e+01
6.043543543543544061e+00 5.767388069755886448e+01
6.063063063063062863e+00 5.767723057312061030e+01
6.082582582582582553e+00 5.768056143174301553e+01
6.102102102102102243e+00 5.768387338016357546e+01
6.121621621621621934e+00 5.768716652453257154e+01
6.141141141141141624e+00 5.769044097041615515e+01
6.160660660660660426e+00 5.769369682279945266e+01
6.180180180180180116e+00 5.769693418608952840e+01
6.199699699699699806e+00 5.770015316411856077e+01
6.219219219219219497e+00 5.770335386014676260e+01
6.238738738738739187e+00 5.770653637686543647e+01
6.258258258258258877e+00 5.770970081639988081e+01
6.277777777777777679e+00 5.771284728031255185e+01
6.297297297297297369e+00 5.771597586960584891e+01
6.316816816816817060e+00 5.771908668472516979e+01
6.336336336336336750e+00 5.772217982556181681e+01
6.355855855855856440e+00 5.772525539145593854e+01
6.375375375375375242e+00 5.772831348119937900e+01
6.394894894894894932e+00 5.773135419303871885e+01
6.414414414414414622e+00 5.773437762467798251e+01
6.433933933933934313e+00 5.773738387328162247e+01
6.453453453453454003e+00 5.774037303547734012e+01
6.472972972972972805e+00 5.774334520735894927e+01
6.492492492492492495e+00 5.774630048448914010e+01
6.512012012012012185e+00 5.774923896190239958e+01
6.531531531531531876e+00 5.775216073410767592e+01
6.551051051051051566e+00 5.775506589509130606e+01
6.570570570570570368e+00 5.775795453831971571e+01
6.590090090090090058e+00 5.776082675674215494e+01
6.609609609609609748e+00 5.776368264279349063e+01
6.629129129129129439e+00 5.776652228839696335e+01
6.648648648648649129e+00 5.776934578496686612e+01
6.668168168168168819e+00 5.777215322341121606e+01
6.687687687687687621e+00 5.777494469413453260e+01
6.707207207207207311e+00 5.777772028704045226e+01
6.726726726726727001e+00 5.778048009153446429e+01
6.746246246246246692e+00 5.778322419652646857e+01
6.765765765765766382e+00 5.778595269043349703e+01
6.785285285285285184e+00 5.778866566118234971e+01
6.804804804804804874e+00 5.779136319621211015e+01
6.824324324324324564e+00 5.779404538247686673e+01
6.843843843843844255e+00 5.779671230644822799e+01
6.863363363363363945e+00 5.779936405411793743e+01
6.882882882882882747e+00 5.780200071100046699e+01
6.902402402402402437e+00 5.780462236213540450e+01
6.921921921921922127e+00 5.780722909209025318e+01
6.941441441441441818e+00 5.780982098496274801e+01
6.960960960960961508e+00 5.781239812438347059e+01
6.980480480480480310e+00 5.781496059351829331e+01
7.000000000000000000e+00 5.781750847507095159e+01
7.019519519519519690e+00 5.782004185128544549e+01
7.039039039039039380e+00 5.782256080394847686e+01
7.058558558558559071e+00 5.782506541439206416e+01
7.078078078078077873e+00 5.782755576349578064e+01
7.097597597597597563e+00 5.783003193168931233e+01
7.117117117117117253e+00 5.783249399895482412e+01
7.136636636636636943e+00 5.783494204482941115e+01
7.156156156156156634e+00 5.783737614840740093e+01
7.175675675675676324e+00 5.783979638834283321e+01
7.195195195195195126e+00 5.784220284285179758e+01
7.214714714714714816e+00 5.784459558971471438e+01
7.234234234234234506e+00 5.784697470627881444e+01
7.253753753753754197e+00 5.784934026946033470e+01
7.273273273273273887e+00 5.785169235574695534e+01
7.292792792792792689e+00 5.785403104120002382e+01
7.312312312312312379e+00 5.785635640145692093e+01
7.331831831831832069e+00 5.785866851173325642e+01
7.351351351351351759e+00 5.786096744682527060e+01
7.370870870870871450e+00 5.786325328111197308e+01
7.390390390390390252e+00 5.786552608855749469e+01
7.409909909909909942e+00 5.786778594271324749e+01
7.429429429429429632e+00 5.787003291672017724e+01
7.448948948948949322e+00 5.787226708331102287e+01
7.468468468468469013e+00 5.787448851481250500e+01
7.487987987987987815e+00 5.787669728314745754e+01
7.507507507507507505e+00 5.787889345983711564e+01
7.527027027027027195e+00 5.788107711600319760e+01
7.546546546546546885e+00 5.788324832237012885e+01
7.566066066066066576e+00 5.788540714926717357e+01
7.585585585585586266e+00 5.788755366663053081e+01
7.605105105105105068e+00 5.788968794400558693e+01
7.624624624624624758e+00 5.789181005054884110e+01
7.644144144144144448e+00 5.789392005503021466e+01
7.663663663663664138e+00 5.789601802583503343e+01
7.683183183183183829e+00 5.789810403096608127e+01
7.702702702702702631e+00 5.790017813804582403e+01
7.722222222222222321e+00 5.790224041431829960e+01
7.741741741741742011e+00 5.790429092665131350e+01
7.761261261261261701e+00 5.790632974153836443e+01
7.780780780780781392e+00 5.790835692510078303e+01
7.800300300300300194e+00 5.791037254308968585e+01
7.819819819819819884e+00 5.791237666088802882e+01
7.839339339339339574e+00 5.791436934351253996e+01
7.858858858858859264e+00 5.791635065561582252e+01
7.878378378378378954e+00 5.791832066148824509e+01
7.897897897897897757e+00 5.792027942505993110e+01
7.917417417417417447e+00 5.792222700990274831e+01
7.936936936936937137e+00 5.792416347923224151e+01
7.956456456456456827e+00 5.792608889590954391e+01
7.975975975975976517e+00 5.792800332244339501e+01
7.995495495495495319e+00 5.792990682099195254e+01
8.015015015015015010e+00 5.793179945336477488e+01
8.034534534534534700e+00 5.793368128102468262e+01
8.054054054054054390e+00 5.793555236508971262e+01
8.073573573573574080e+00 5.793741276633492987e+01
8.093093093093093771e+00 5.793926254519431751e+01
8.112612612612611684e+00 5.794110176176264559e+01
8.132132132132131375e+00 5.794293047579731137e+01
8.151651651651651065e+00 5.794474874672025777e+01
8.171171171171170755e+00 5.794655663361965736e+01
8.190690690690690445e+00 5.794835419525188769e+01
8.210210210210210136e+00 5.795014149004325787e+01
8.229729729729729826e+00 5.795191857609179920e+01
8.249249249249249516e+00 5.795368551116912670e+01
8.268768768768769206e+00 5.795544235272218714e+01
8.288288288288288896e+00 5.795718915787504244e+01
8.307807807807808587e+00 5.795892598343063895e+01
8.327327327327328277e+00 5.796065288587254116e+01
8.346846846846847967e+00 5.796236992136672228e+01
8.366366366366367657e+00 5.796407714576324821e+01
8.385885885885887348e+00 5.796577461459807523e+01
8.405405405405405261e+00 5.796746238309472687e+01
8.424924924924924952e+00 5.796914050616600633e+01
8.444444444444444642e+00 5.797080903841573019e+01
8.463963963963964332e+00 5.797246803414034133e+01
8.483483483483484022e+00 5.797411754733073508e+01
8.503003003003003712e+00 5.797575763167382945e+01
8.522522522522523403e+00 5.797738834055423496e+01
8.542042042042043093e+00 5.797900972705591016e+01
8.561561561561561007e+00 5.798062184396391672e+01
8.581081081081080697e+00 5.798222474376593283e+01
8.600600600600600387e+00 5.798381847865393723e+01
8.620120120120120077e+00 5.798540310052582214e+01
8.639639639639639768e+00 5.798697866098707721e+01
8.659159159159159458e+00 5.798854521135225326e+01
8.678678678678679148e+00 5.799010280264670314e+01
8.698198198198198838e+00 5.799165148560809513e+01
8.717717717717718529e+00 5.799319131068799749e+01
8.737237237237238219e+00 5.799472232805350558e+01
8.756756756756757909e+00 5.799624458758872692e+01
8.776276276276275823e+00 5.799775813889638698e+01
8.795795795795795513e+00 5.799926303129940663e+01
8.815315315315315203e+00 5.800075931384234451e+01
8.834834834834834894e+00 5.800224703529306680e+01
8.854354354354354584e+00 5.800372624414411860e+01
8.873873873873874274e+00 5.800519698861435103e+01
8.893393393393393964e+00 5.800665931665039921e+01
8.912912912912913654e+00 5.800811327592814592e+01
8.932432432432433345e+00 5.800955891385429197e+01
8.951951951951953035e+00 5.801099627756773458e+01
8.971471471471470949e+00 5.801242541394110930e+01
8.990990990990990639e+00 5.801384636958231766e+01
9.010510510510510329e+00 5.801525919083583460e+01
9.030030030030030019e+00 5.801666392378426451e+01
9.049549549549549710e+00 5.801806061424979788e+01
9.069069069069069400e+00 5.801944930779554710e+01
9.088588588588589090e+00 5.802083004972713809e+01
9.108108108108108780e+00 5.802220288509396084e+01
9.127627627627628470e+00 5.802356785869071842e+01
9.147147147147148161e+00 5.802492501505869171e+01
9.166666666666667851e+00 5.802627439848731683e+01
9.186186186186185765e+00 5.802761605301541437e+01
9.205705705705705455e+00 5.802895002243268863e+01
9.225225225225225145e+00 5.803027635028102083e+01
9.244744744744744835e+00 5.803159507985584753e+01
9.264264264264264526e+00 5.803290625420765281e+01
9.283783783783784216e+00 5.803420991614309088e+01
9.303303303303303906e+00 5.803550610822652800e+01
9.322822822822823596e+00 5.803679487278131433e+01
9.342342342342343287e+00 5.803807625189109842e+01
9.361861861861862977e+00 5.803935028740117730e+01
9.381381381381380891e+00 5.804061702091982511e+01
9.400900900900900581e+00 5.804187649381953662e+01
9.420420420420420271e+00 5.804312874723842697e+01
9.439939939939939961e+00 5.804437382208149643e+01
9.459459459459459651e+00 5.804561175902187387e+01
9.478978978978979342e+00 5.804684259850213124e+01
9.498498498498499032e+00 5.804806638073559810e+01
9.518018018018018722e+00 5.804928314570756243e+01
9.537537537537538412e+00 5.805049293317659931e+01
9.557057057057058103e+00 5.805169578267575048e+01
9.576576576576576016e+00 5.805289173351388143e+01
9.596096096096095707e+00 5.805408082477676146e+01
9.615615615615615397e+00 5.805526309532852025e+01
9.635135135135135087e+00 5.805643858381265687e+01
9.654654654654654777e+00 5.805760732865337559e+01
9.674174174174174468e+00 5.805876936805685773e+01
9.693693693693694158e+00 5.805992474001227066e+01
9.713213213213213848e+00 5.806107348229318887e+01
9.732732732732733538e+00 5.806221563245869532e+01
9.752252252252253228e+00 5.806335122785453962e+01
9.771771771771772919e+00 5.806448030561436724e+01
9.791291291291290833e+00 5.806560290266089197e+01
9.810810810810810523e+00 5.806671905570701142e+01
9.830330330330330213e+00 5.806782880125712154e+01
9.849849849849849903e+00 5.806893217560803322e+01
9.869369369369369593e+00 5.807002921485035074e+01
9.888888888888889284e+00 5.807111995486954470e+01
9.908408408408408974e+00 5.807220443134697518e+01
9.927927927927928664e+00 5.807328267976117786e+01
9.947447447447448354e+00 5.807435473538896531e+01
9.966966966966968045e+00 5.807542063330647153e+01
9.986486486486485958e+00 5.807648040839028880e+01
1.000600600600600565e+01 5.807753409531866851e+01
1.002552552552552534e+01 5.807858172857247325e+01
1.004504504504504503e+01 5.807962334243640612e+01
1.006456456456456472e+01 5.808065897100001251e+01
1.008408408408408441e+01 5.808168864815880283e+01
1.010360360360360410e+01 5.808271240761534671e+01
1.012312312312312379e+01 5.808373028288028905e+01
1.014264264264264348e+01 5.808474230727347987e+01
1.016216216216216317e+01 5.808574851392496896e+01
1.018168168168168286e+01 5.808674893577615705e+01
1.020120120120120077e+01 5.808774360558071947e+01
1.022072072072072046e+01 5.808873255590574303e+01
1.024024024024024015e+01 5.808971581913275628e+01
1.025975975975975985e+01 5.809069342745870301e+01
1.027927927927927954e+01 5.809166541289700092e+01
1.029879879879879923e+01 5.809263180727862164e+01
1.031831831831831892e+01 5.809359264225301445e+01
1.033783783783783861e+01 5.809454794928912236e+01
1.035735735735735830e+01 5.809549775967646212e+01
1.037687687687687799e+01 5.809644210452610480e+01
1.039639639639639590e+01 5.809738101477150707e+01
1.041591591591591559e+01 5.809831452116981865e+01
1.043543543543543528e+01 5.809924265430251467e+01
1.045495495495495497e+01 5.810016544457662491e+01
1.047447447447447466e+01 5.810108292222557225e+01
1.049399399399399435e+01 5.810199511731023847e+01
1.051351351351351404e+01 5.810290205971980271e+01
1.053303303303303373e+01 5.810380377917280015e+01
1.055255255255255342e+01 5.810470030521802443e+01
1.057207207207207311e+01 5.810559166723546554e+01
1.059159159159159280e+01 5.810647789443732592e+01
1.061111111111111072e+01 5.810735901586880914e+01
1.063063063063063041e+01 5.810823506040919284e+01
1.065015015015015010e+01 5.810910605677270979e+01
1.066966966966966979e+01 5.810997203350938634e+01
1.068918918918918948e+01 5.811083301900610110e+01
1.070870870870870917e+01 5.811168904148735237e+01
1.072822822822822886e+01 5.811254012901625288e+01
1.074774774774774855e+01 5.811338630949541084e+01
1.076726726726726824e+01 5.811422761066781106e+01
1.078678678678678793e+01 5.811506406011771020e+01
1.080630630630630584e+01 5.811589568527149652e+01
1.082582582582582553e+01 5.811672251339861361e+01
1.084534534534534522e+01 5.811754457161241305e+01
1.086486486486486491e+01 5.811836188687102123e+01
1.088438438438438460e+01 5.811917448597819913e+01
1.090390390390390429e+01 5.811998239558422341e+01
1.092342342342342398e+01 5.812078564218674614e+01
1.094294294294294367e+01 5.812158425213160484e+01
1.096246246246246336e+01 5.812237825161364668e+01
1.098198198198198305e+01 5.812316766667773038e+01
1.100150150150150274e+01 5.812395252321933725e+01
1.102102102102102066e+01 5.812473284698560150e+01
1.104054054054054035e+01 5.812550866357599233e+01
1.106006006006006004e+01 5.812627999844320215e+01
1.107957957957957973e+01 5.812704687689397787e+01
1.109909909909909942e+01 5.812780932408992385e+01
1.111861861861861911e+01 5.812856736504825506e+01
1.113813813813813880e+01 5.812932102464268524e+01
1.115765765765765849e+01 5.813007032760420145e+01
1.117717717717717818e+01 5.813081529852181717e+01
1.119669669669669787e+01 5.813155596184341789e+01
1.121621621621621578e+01 5.813229234187650007e+01
1.123573573573573547e+01 5.813302446278901670e+01
1.125525525525525516e+01 5.813375234861010199e+01
1.127477477477477485e+01 5.813447602323086727e+01
1.129429429429429455e+01 5.813519551040514699e+01
1.131381381381381424e+01 5.813591083375034430e+01
1.133333333333333393e+01 5.813662201674804209e+01
1.135285285285285362e+01 5.813732908274489830e+01
1.137237237237237331e+01 5.813803205495337778e+01
1.139189189189189300e+01 5.813873095645242728e+01
1.141141141141141269e+01 5.813942581018827838e+01
1.143093093093093060e+01 5.814011663897519355e+01
1.145045045045045029e+01 5.814080346549617673e+01
1.146996996996996998e+01 5.814148631230370512e+01
1.148948948948948967e+01 5.814216520182046111e+01
1.150900900900900936e+01 5.814284015634010672e+01
1.152852852852852905e+01 5.814351119802789469e+01
1.154804804804804874e+01 5.814417834892147852e+01
1.156756756756756843e+01 5.814484163093160873e+01
1.158708708708708812e+01 5.814550106584282219e+01
1.160660660660660781e+01 5.814615667531412413e+01
1.162612612612612573e+01 5.814680848087974852e+01
1.164564564564564542e+01 5.814745650394980458e+01
1.166516516516516511e+01 5.814810076581099452e+01
1.168468468468468480e+01 5.814874128762726713e+01
1.170420420420420449e+01 5.814937809044058525e+01
1.172372372372372418e+01 5.815001119517151551e+01
1.174324324324324387e+01 5.815064062261990330e+01
1.176276276276276356e+01 5.815126639346566861e+01
1.178228228228228325e+01 5.815188852826933896e+01
1.180180180180180294e+01 5.815250704747278832e+01
1.182132132132132085e+01 5.815312197139986949e+01
1.184084084084084054e+01 5.815373332025705366e+01
1.186036036036036023e+01 5.815434111413418350e+01
1.187987987987987992e+01 5.815494537300497058e+01
1.189939939939939961e+01 5.815554611672783381e+01
1.191891891891891930e+01 5.815614336504634707e+01
1.193843843843843899e+01 5.815673713758999241e+01
1.195795795795795868e+01 5.815732745387482083e+01
1.197747747747747837e+01 5.815791433330395677e+01
1.199699699699699806e+01 5.815849779516841522e+01
1.201651651651651775e+01 5.815907785864749968e+01
1.203603603603603567e+01 5.815965454280966185e+01
1.205555555555555536e+01 5.816022786661294930e+01
1.207507507507507505e+01 5.816079784890570892e+01
1.209459459459459474e+01 5.816136450842715533e+01
1.211411411411411443e+01 5.816192786380798196e+01
1.213363363363363412e+01 5.816248793357100055e+01
1.215315315315315381e+01 5.816304473613173798e+01
1.217267267267267350e+01 5.816359828979896918e+01
1.219219219219219319e+01 5.816414861277543480e+01
1.221171171171171288e+01 5.816469572315828174e+01
1.223123123123123079e+01 5.816523963893983762e+01
1.225075075075075048e+01 5.816578037800793766e+01
1.227027027027027017e+01 5.816631795814684835e+01
1.228978978978978986e+01 5.816685239703750909e+01
1.230930930930930955e+01 5.816738371225832083e+01
1.232882882882882924e+01 5.816791192128564347e+01
1.234834834834834894e+01 5.816843704149439986e+01
1.236786786786786863e+01 5.816895909015860155e+01
1.238738738738738832e+01 5.816947808445191725e+01
1.240690690690690801e+01 5.816999404144826968e+01
1.242642642642642770e+01 5.817050697812233295e+01
1.244594594594594561e+01 5.817101691135019337e+01
1.246546546546546530e+01 5.817152385790972602e+01
1.248498498498498499e+01 5.817202783448134085e+01
1.250450450450450468e+01 5.817252885764835213e+01
1.252402402402402437e+01 5.817302694389765350e+01
1.254354354354354406e+01 5.817352210962017267e+01
1.256306306306306375e+01 5.817401437111142570e+01
1.258258258258258344e+01 5.817450374457209250e+01
1.260210210210210313e+01 5.817499024610845026e+01
1.262162162162162282e+01 5.817547389173304850e+01
1.264114114114114074e+01 5.817595469736505009e+01
1.266066066066066043e+01 5.817643267883091340e+01
1.268018018018018012e+01 5.817690785186480440e+01
1.269969969969969981e+01 5.817738023210913667e+01
1.271921921921921950e+01 5.817784983511513275e+01
1.273873873873873919e+01 5.817831667634326465e+01
1.275825825825825888e+01 5.817878077116380098e+01
1.277777777777777857e+01 5.817924213485728302e+01
1.279729729729729826e+01 5.817970078261505051e+01
1.281681681681681795e+01 5.818015672953971773e+01
1.283633633633633764e+01 5.818060999064567795e+01
1.285585585585585555e+01 5.818106058085958665e+01
1.287537537537537524e+01 5.818150851502087306e+01
1.289489489489489493e+01 5.818195380788219495e+01
1.291441441441441462e+01 5.818239647410991466e+01
1.293393393393393431e+01 5.818283652828463204e+01
1.295345345345345400e+01 5.818327398490162494e+01
1.297297297297297369e+01 5.818370885837131112e+01
1.299249249249249338e+01 5.818414116301973138e+01
1.301201201201201307e+01 5.818457091308906115e+01
1.303153153153153276e+01 5.818499812273800842e+01
1.305105105105105068e+01 5.818542280604231820e+01
1.307057057057057037e+01 5.818584497699517755e+01
1.309009009009009006e+01 5.818626464950781241e+01
1.310960960960960975e+01 5.818668183740982158e+01
1.312912912912912944e+01 5.818709655444955331e+01
1.314864864864864913e+01 5.818750881429482291e+01
1.316816816816816882e+01 5.818791863053309044e+01
1.318768768768768851e+01 5.818832601667206461e+01
1.320720720720720820e+01 5.818873098614005102e+01
1.322672672672672789e+01 5.818913355228647788e+01
1.324624624624624758e+01 5.818953372838227267e+01
1.326576576576576549e+01 5.818993152762030974e+01
1.328528528528528518e+01 5.819032696311584374e+01
1.330480480480480487e+01 5.819072004790699282e+01
1.332432432432432456e+01 5.819111079495503702e+01
1.334384384384384425e+01 5.819149921714499385e+01
1.336336336336336394e+01 5.819188532728590957e+01
1.338288288288288364e+01 5.819226913811137081e+01
1.340240240240240333e+01 5.819265066227989536e+01
1.342192192192192302e+01 5.819302991237528033e+01
1.344144144144144271e+01 5.819340690090717061e+01
1.346096096096096062e+01 5.819378164031128620e+01
1.348048048048048031e+01 5.819415414294994093e+01
1.350000000000000000e+01 5.819452442111243329e+01
1.351951951951951969e+01 5.819489248701539452e+01
1.353903903903903938e+01 5.819525835280330028e+01
1.355855855855855907e+01 5.819562203054869087e+01
1.357807807807807876e+01 5.819598353225277521e+01
1.359759759759759845e+01 5.819634286984565819e+01
1.361711711711711814e+01 5.819670005518678124e+01
1.363663663663663783e+01 5.819705510006535576e+01
1.365615615615615575e+01 5.819740801620070414e+01
1.367567567567567544e+01 5.819775881524262928e+01
1.369519519519519513e+01 5.819810750877181960e+01
1.371471471471471482e+01 5.819845410830023269e+01
1.373423423423423451e+01 5.819879862527145775e+01
1.375375375375375420e+01 5.819914107106109213e+01
1.377327327327327389e+01 5.819948145697711084e+01
1.379279279279279358e+01 5.819981979426020757e+01
1.381231231231231327e+01 5.820015609408422819e+01
1.383183183183183296e+01 5.820049036755647620e+01
1.385135135135135265e+01 5.820082262571807519e+01
1.387087087087087056e+01 5.820115287954438799e+01
1.389039039039039025e+01 5.820148113994529382e+01
1.390990990990990994e+01 5.820180741776561462e+01
1.392942942942942963e+01 5.820213172378533528e+01
1.394894894894894932e+01 5.820245406872018634e+01
1.396846846846846901e+01 5.820277446322178605e+01
1.398798798798798870e+01 5.820309291787801698e+01
1.400750750750750839e+01 5.820340944321345233e+01
1.402702702702702808e+01 5.820372404968966151e+01
1.404654654654654777e+01 5.820403674770554403e+01
1.406606606606606569e+01 5.820434754759757112e+01
1.408558558558558538e+01 5.820465645964032575e+01
1.410510510510510507e+01 5.820496349404663761e+01
1.412462462462462476e+01 5.820526866096799523e+01
1.414414414414414445e+01 5.820557197049490838e+01
1.416366366366366414e+01 5.820587343265717806e+01
1.418318318318318383e+01 5.820617305742420911e+01
1.420270270270270352e+01 5.820647085470540105e+01
1.422222222222222321e+01 5.820676683435035415e+01
1.424174174174174290e+01 5.820706100614931700e+01
1.426126126126126259e+01 5.820735337983340685e+01
1.428078078078078050e+01 5.820764396507497196e+01
1.430030030030030019e+01 5.820793277148782607e+01
1.431981981981981988e+01 5.820821980862766054e+01
1.433933933933933957e+01 5.820850508599227169e+01
1.435885885885885926e+01 5.820878861302190188e+01
1.437837837837837895e+01 5.820907039909953085e+01
1.439789789789789864e+01 5.820935045355116699e+01
1.441741741741741833e+01 5.820962878564612453e+01
1.443693693693693803e+01 5.820990540459736451e+01
1.445645645645645772e+01 5.821018031956178618e+01
1.447597597597597563e+01 5.821045353964043301e+01
1.449549549549549532e+01 5.821072507387889772e+01
1.451501501501501501e+01 5.821099493126751412e+01
1.453453453453453470e+01 5.821126312074170528e+01
1.455405405405405439e+01 5.821152965118222511e+01
1.457357357357357408e+01 5.821179453141543547e+01
1.459309309309309377e+01 5.821205777021364725e+01
1.461261261261261346e+01 5.821231937629529796e+01
1.463213213213213315e+01 5.821257935832527863e+01
1.465165165165165284e+01 5.821283772491521802e+01
1.467117117117117253e+01 5.821309448462375258e+01
1.469069069069069045e+01 5.821334964595670414e+01
1.471021021021021014e+01 5.821360321736749910e+01
1.472972972972972983e+01 5.821385520725726082e+01
1.474924924924924952e+01 5.821410562397521460e+01
1.476876876876876921e+01 5.821435447581890088e+01
1.478828828828828890e+01 5.821460177103435285e+01
1.480780780780780859e+01 5.821484751781647304e+01
1.482732732732732828e+01 5.821509172430918255e+01
1.484684684684684797e+01 5.821533439860577630e+01
1.486636636636636766e+01 5.821557554874903673e+01
1.488588588588588557e+01 5.821581518273163169e+01
1.490540540540540526e+01 5.821605330849624238e+01
1.492492492492492495e+01 5.821628993393585461e+01
1.494444444444444464e+01 5.821652506689399331e+01
1.496396396396396433e+01 5.821675871516494993e+01
1.498348348348348402e+01 5.821699088649403109e+01
1.500300300300300371e+01 5.821722158857782148e+01
1.502252252252252340e+01 5.821745082906434021e+01
1.504204204204204309e+01 5.821767861555334633e+01
1.506156156156156278e+01 5.821790495559651646e+01
1.508108108108108247e+01 5.821812985669770768e+01
1.510060060060060039e+01 5.821835332631315651e+01
1.512012012012012008e+01 5.821857537185174181e+01
1.513963963963963977e+01 5.821879600067514815e+01
1.515915915915915946e+01 5.821901522009812879e+01
1.517867867867867915e+01 5.821923303738866196e+01
1.519819819819819884e+01 5.821944945976832742e+01
1.521771771771771853e+01 5.821966449441229230e+01
1.523723723723723822e+01 5.821987814844965925e+01
1.525675675675675791e+01 5.822009042896371511e+01
1.527627627627627760e+01 5.822030134299202331e+01
1.529579579579579551e+01 5.822051089752665121e+01
1.531531531531531520e+01 5.822071909951453250e+01
1.533483483483483489e+01 5.822092595585740327e+01
1.535435435435435458e+01 5.822113147341224959e+01
1.537387387387387427e+01 5.822133565899135732e+01
1.539339339339339396e+01 5.822153851936253233e+01
1.541291291291291365e+01 5.822174006124940604e+01
1.543243243243243334e+01 5.822194029133142834e+01
1.545195195195195303e+01 5.822213921624429389e+01
1.547147147147147273e+01 5.822233684257992081e+01
1.549099099099099064e+01 5.822253317688674201e+01
1.551051051051051033e+01 5.822272822566995387e+01
1.553003003003003002e+01 5.822292199539158020e+01
1.554954954954954971e+01 5.822311449247069959e+01
1.556906906906906940e+01 5.822330572328367992e+01
1.558858858858858909e+01 5.822349569416424941e+01
1.560810810810810878e+01 5.822368441140380924e+01
1.562762762762762847e+01 5.822387188125149748e+01
1.564714714714714816e+01 5.822405810991445207e+01
1.566666666666666785e+01 5.822424310355793864e+01
1.568618618618618754e+01 5.822442686830547842e+01
1.570570570570570545e+01 5.822460941023917513e+01
1.572522522522522515e+01 5.822479073539964389e+01
1.574474474474474484e+01 5.822497084978648729e+01
1.576426426426426453e+01 5.822514975935813908e+01
1.578378378378378422e+01 5.822532747003229758e+01
1.580330330330330391e+01 5.822550398768591151e+01
1.582282282282282360e+01 5.822567931815541442e+01
1.584234234234234329e+01 5.822585346723692368e+01
1.586186186186186298e+01 5.822602644068633282e+01
1.588138138138138267e+01 5.822619824421952472e+01
1.590090090090090058e+01 5.822636888351242845e+01
1.592042042042042027e+01 5.822653836420131768e+01
1.593993993993993996e+01 5.822670669188288173e+01
1.595945945945945965e+01 5.822687387211440324e+01
1.597897897897897934e+01 5.822703991041386473e+01
1.599849849849849903e+01 5.822720481226016886e+01
1.601801801801801872e+01 5.822736858309325214e+01
1.603753753753753841e+01 5.822753122831421990e+01
1.605705705705705810e+01 5.822769275328555239e+01
1.607657657657657779e+01 5.822785316333118288e+01
1.609609609609609748e+01 5.822801246373671091e+01
1.611561561561561717e+01 5.822817065974942352e+01
1.613513513513513686e+01 5.822832775657861504e+01
1.615465465465465655e+01 5.822848375939560128e+01
1.617417417417417624e+01 5.822863867333386878e+01
1.619369369369369593e+01 5.822879250348930213e+01
1.621321321321321562e+01 5.822894525492024087e+01
1.623273273273273531e+01 5.822909693264764996e+01
1.625225225225225500e+01 5.822924754165521932e+01
1.627177177177177470e+01 5.822939708688954141e+01
1.629129129129129439e+01 5.822954557326030312e+01
1.631081081081081052e+01 5.822969300564024309e+01
1.633033033033033021e+01 5.822983938886547151e+01
1.634984984984984990e+01 5.822998472773549850e+01
1.636936936936936959e+01 5.823012902701342597e+01
1.638888888888888928e+01 5.823027229142601158e+01
1.640840840840840897e+01 5.823041452566386766e+01
1.642792792792792866e+01 5.823055573438154653e+01
1.644744744744744835e+01 5.823069592219767543e+01
1.646696696696696804e+01 5.823083509369509159e+01
1.648648648648648773e+01 5.823097325342100561e+01
1.650600600600600742e+01 5.823111040588705833e+01
1.652552552552552712e+01 5.823124655556949136e+01
1.654504504504504681e+01 5.823138170690929627e+01
1.656456456456456650e+01 5.823151586431227855e+01
1.658408408408408619e+01 5.823164903214917132e+01
1.660360360360360588e+01 5.823178121475589819e+01
1.662312312312312201e+01 5.823191241643355909e+01
1.664264264264264170e+01 5.823204264144855102e+01
1.666216216216216139e+01 5.823217189403279548e+01
1.668168168168168108e+01 5.823230017838375971e+01
1.670120120120120077e+01 5.823242749866467705e+01
1.672072072072072046e+01 5.823255385900449710e+01
1.674024024024024015e+01 5.823267926349824819e+01
1.675975975975975985e+01 5.823280371620697338e+01
1.677927927927927954e+01 5.823292722115789388e+01
1.679879879879879923e+01 5.823304978234454410e+01
1.681831831831831892e+01 5.823317140372692080e+01
1.683783783783783861e+01 5.823329208923156841e+01
1.685735735735735830e+01 5.823341184275166427e+01
1.687687687687687799e+01 5.823353066814722467e+01
1.689639639639639768e+01 5.823364856924514044e+01
1.691591591591591737e+01 5.823376554983936160e+01
1.693543543543543706e+01 5.823388161369091875e+01
1.695495495495495675e+01 5.823399676452820728e+01
1.697447447447447644e+01 5.823411100604689494e+01
1.699399399399399613e+01 5.823422434191027008e+01
1.701351351351351582e+01 5.823433677574912792e+01
1.703303303303303196e+01 5.823444831116205478e+01
1.705255255255255165e+01 5.823455895171549201e+01
1.707207207207207134e+01 5.823466870094382131e+01
1.709159159159159103e+01 5.823477756234958491e+01
1.711111111111111072e+01 5.823488553940345724e+01
1.713063063063063041e+01 5.823499263554445804e+01
1.715015015015015010e+01 5.823509885418005894e+01
1.716966966966966979e+01 5.823520419868631137e+01
1.718918918918918948e+01 5.823530867240791764e+01
1.720870870870870917e+01 5.823541227865838010e+01
1.722822822822822886e+01 5.823551502072007935e+01
1.724774774774774855e+01 5.823561690184450867e+01
1.726726726726726824e+01 5.823571792525228830e+01
1.728678678678678793e+01 5.823581809413322929e+01
1.730630630630630762e+01 5.823591741164663205e+01
1.732582582582582731e+01 5.823601588092122228e+01
1.734534534534534700e+01 5.823611350505540685e+01
1.736486486486486669e+01 5.823621028711730929e+01
1.738438438438438638e+01 5.823630623014489061e+01
1.740390390390390607e+01 5.823640133714614819e+01
1.742342342342342576e+01 5.823649561109910167e+01
1.744294294294294190e+01 5.823658905495207705e+01
1.746246246246246159e+01 5.823668167162367126e+01
1.748198198198198128e+01 5.823677346400298660e+01
1.750150150150150097e+01 5.823686443494963072e+01
1.752102102102102066e+01 5.823695458729398666e+01
1.754054054054054035e+01 5.823704392383721995e+01
1.756006006006006004e+01 5.823713244735144201e+01
1.757957957957957973e+01 5.823722016057979545e+01
1.759909909909909942e+01 5.823730706623665299e+01
1.761861861861861911e+01 5.823739316700761748e+01
1.763813813813813880e+01 5.823747846554984164e+01
1.765765765765765849e+01 5.823756296449186465e+01
1.767717717717717818e+01 5.823764666643398868e+01
1.769669669669669787e+01 5.823772957394829319e+01
1.771621621621621756e+01 5.823781168957874144e+01
1.773573573573573725e+01 5.823789301584132261e+01
1.775525525525525694e+01 5.823797355522424368e+01
1.777477477477477663e+01 5.823805331018791520e+01
1.779429429429429632e+01 5.823813228316519286e+01
1.781381381381381601e+01 5.823821047656145566e+01
1.783333333333333570e+01 5.823828789275468409e+01
1.785285285285285184e+01 5.823836453409570879e+01
1.787237237237237153e+01 5.823844040290816082e+01
1.789189189189189122e+01 5.823851550148879852e+01
1.791141141141141091e+01 5.823858983210740803e+01
1.793093093093093060e+01 5.823866339700714434e+01
1.795045045045045029e+01 5.823873619840450289e+01
1.796996996996996998e+01 5.823880823848948296e+01
1.798948948948948967e+01 5.823887951942576535e+01
1.800900900900900936e+01 5.823895004335078340e+01
1.802852852852852905e+01 5.823901981237579406e+01
1.804804804804804874e+01 5.823908882858619052e+01
1.806756756756756843e+01 5.823915709404145957e+01
1.808708708708708812e+01 5.823922461077525980e+01
1.810660660660660781e+01 5.823929138079578394e+01
1.812612612612612750e+01 5.823935740608565936e+01
1.814564564564564719e+01 5.823942268860215421e+01
1.816516516516516688e+01 5.823948723027733365e+01
1.818468468468468657e+01 5.823955103301810254e+01
1.820420420420420626e+01 5.823961409870648964e+01
1.822372372372372595e+01 5.823967642919951260e+01
1.824324324324324564e+01 5.823973802632956875e+01
1.826276276276276178e+01 5.823979889190437831e+01
1.828228228228228147e+01 5.823985902770722589e+01
1.830180180180180116e+01 5.823991843549702452e+01
1.832132132132132085e+01 5.823997711700838664e+01
1.834084084084084054e+01 5.824003507395191548e+01
1.836036036036036023e+01 5.824009230801414105e+01
1.837987987987987992e+01 5.824014882085773337e+01
1.839939939939939961e+01 5.824020461412169425e+01
1.841891891891891930e+01 5.824025968942132181e+01
1.843843843843843899e+01 5.824031404834845205e+01
1.845795795795795868e+01 5.824036769247152279e+01
1.847747747747747837e+01 5.824042062333573710e+01
1.849699699699699806e+01 5.824047284246318412e+01
1.851651651651651775e+01 5.824052435135288164e+01
1.853603603603603744e+01 5.824057515148100350e+01
1.855555555555555713e+01 5.824062524430097199e+01
1.857507507507507682e+01 5.824067463124348620e+01
1.859459459459459651e+01 5.824072331371679212e+01
1.861411411411411621e+01 5.824077129310664702e+01
1.863363363363363590e+01 5.824081857077654689e+01
1.865315315315315203e+01 5.824086514806781167e+01
1.867267267267267172e+01 5.824091102629970607e+01
1.869219219219219141e+01 5.824095620676952478e+01
1.871171171171171110e+01 5.824100069075271335e+01
1.873123123123123079e+01 5.824104447950305996e+01
1.875075075075075048e+01 5.824108757425268124e+01
1.877027027027027017e+01 5.824112997621224963e+01
1.878978978978978986e+01 5.824117168657104315e+01
1.880930930930930955e+01 5.824121270649702353e+01
1.882882882882882924e+01 5.824125303713706359e+01
1.884834834834834894e+01 5.824129267961695433e+01
1.886786786786786863e+01 5.824133163504156130e+01
1.888738738738738832e+01 5.824136990449486717e+01
1.890690690690690801e+01 5.824140748904013520e+01
1.892642642642642770e+01 5.824144438972005844e+01
1.894594594594594739e+01 5.824148060755677392e+01
1.896546546546546708e+01 5.824151614355198348e+01
1.898498498498498677e+01 5.824155099868709584e+01
1.900450450450450646e+01 5.824158517392329060e+01
1.902402402402402615e+01 5.824161867020161054e+01
1.904354354354354584e+01 5.824165148844315354e+01
1.906306306306306197e+01 5.824168362954899436e+01
1.908258258258258167e+01 5.824171509440047600e+01
1.910210210210210136e+01 5.824174588385907470e+01
1.912162162162162105e+01 5.824177599876679068e+01
1.914114114114114074e+01 5.824180543994595638e+01
1.916066066066066043e+01 5.824183420819948509e+01
1.918018018018018012e+01 5.824186230431087097e+01
1.919969969969969981e+01 5.824188972904443773e+01
1.921921921921921950e+01 5.824191648314516101e+01
1.923873873873873919e+01 5.824194256733899522e+01
1.925825825825825888e+01 5.824196798233284511e+01
1.927777777777777857e+01 5.824199272881458000e+01
1.929729729729729826e+01 5.824201680745333221e+01
1.931681681681681795e+01 5.824204021889931226e+01
1.933633633633633764e+01 5.824206296378406478e+01
1.935585585585585733e+01 5.824208504272049680e+01
1.937537537537537702e+01 5.824210645630286365e+01
1.939489489489489671e+01 5.824212720510696073e+01
1.941441441441441640e+01 5.824214728969016619e+01
1.943393393393393609e+01 5.824216671059141248e+01
1.945345345345345578e+01 5.824218546833142085e+01
1.947297297297297192e+01 5.824220356341253790e+01
1.949249249249249161e+01 5.824222099631904115e+01
1.951201201201201130e+01 5.824223776751700399e+01
1.953153153153153099e+01 5.824225387745446625e+01
1.955105105105105068e+01 5.824226932656141287e+01
1.957057057057057037e+01 5.824228411524993021e+01
1.959009009009009006e+01 5.824229824391409949e+01
1.960960960960960975e+01 5.824231171293023834e+01
1.962912912912912944e+01 5.824232452265675164e+01
1.964864864864864913e+01 5.824233667343436593e+01
1.966816816816816882e+01 5.824234816558600158e+01
1.968768768768768851e+01 5.824235899941691486e+01
1.970720720720720820e+01 5.824236917521471213e+01
1.972672672672672789e+01 5.824237869324939965e+01
1.974624624624624758e+01 5.824238755377340482e+01
1.976576576576576727e+01 5.824239575702156912e+01
1.978528528528528696e+01 5.824240330321121917e+01
1.980480480480480665e+01 5.824241019254226615e+01
1.982432432432432634e+01 5.824241642519705664e+01
1.984384384384384603e+01 5.824242200134057157e+01
1.986336336336336572e+01 5.824242692112032671e+01
1.988288288288288186e+01 5.824243118466645086e+01
1.990240240240240155e+01 5.824243479209167873e+01
1.992192192192192124e+01 5.824243774349140779e+01
1.994144144144144093e+01 5.824244003894364141e+01
1.996096096096096062e+01 5.824244167850905995e+01
1.998048048048048031e+01 5.824244266223097810e+01
2.000000000000000000e+01 5.824244299013538750e+01
