5.000000000000000000e-01 1.506204737696794780e+02
5.182682682682682174e-01 1.507748939372692689e+02
5.365365365365365458e-01 1.509296279095902946e+02
5.548048048048047631e-01 1.510846757699101204e+02
5.730730730730730915e-01 1.512400375985338599e+02
5.913413413413413089e-01 1.513957134727945402e+02
6.096096096096096373e-01 1.515517034670442058e+02
6.278778778778778547e-01 1.517080076526445680e+02
6.461461461461461830e-01 1.518646260979574265e+02
6.644144144144144004e-01 1.520215588683360011e+02
6.826826826826827288e-01 1.521788060261151543e+02
7.009509509509509462e-01 1.523363676306027514e+02
7.192192192192192746e-01 1.524942437380699403e+02
7.374874874874874919e-01 1.526524344017423687e+02
7.557557557557557093e-01 1.528109396717910613e+02
7.740240240240240377e-01 1.529697595953227278e+02
7.922922922922923661e-01 1.531288942163715205e+02
8.105605605605605835e-01 1.532883435758891437e+02
8.288288288288288008e-01 1.534481077117362702e+02
8.470970970970971292e-01 1.536081866586734463e+02
8.653653653653654576e-01 1.537685804483514858e+02
8.836336336336336750e-01 1.539292891093034257e+02
9.019019019019018923e-01 1.540903126669344942e+02
9.201701701701702207e-01 1.542516511435139250e+02
9.384384384384384381e-01 1.544133045581654642e+02
9.567067067067067665e-01 1.545752729268586734e+02
9.749749749749749839e-01 1.547375562624000622e+02
9.932432432432432012e-01 1.549001545744237660e+02
1.011511511511511419e+00 1.550630678693832465e+02
1.029779779779779858e+00 1.552262961505417991e+02
1.048048048048048075e+00 1.553898394179642821e+02
1.066316316316316293e+00 1.555536976685079367e+02
1.084584584584584732e+00 1.557178708958134052e+02
1.102852852852852727e+00 1.558823590902964895e+02
1.121121121121121167e+00 1.560471622391388848e+02
1.139389389389389384e+00 1.562122803262796538e+02
1.157657657657657602e+00 1.563777133324065574e+02
1.175925925925926041e+00 1.565434612349470740e+02
1.194194194194194258e+00 1.567095240080599865e+02
1.212462462462462476e+00 1.568759016226265715e+02
1.230730730730730915e+00 1.570425940462420726e+02
1.248998998998998911e+00 1.572096012432069188e+02
1.267267267267267350e+00 1.573769231745182822e+02
1.285535535535535567e+00 1.575445597978615524e+02
1.303803803803803785e+00 1.577125110676014401e+02
1.322072072072072224e+00 1.578807769347740191e+02
1.340340340340340441e+00 1.580493573470775459e+02
1.358608608608608659e+00 1.582182522488646157e+02
1.376876876876876876e+00 1.583874615811334365e+02
1.395145145145145094e+00 1.585569852815191609e+02
1.413413413413413533e+00 1.587268232842860129e+02
1.431681681681681750e+00 1.588969755203183922e+02
1.449949949949949968e+00 1.590674419171129159e+02
1.468218218218218407e+00 1.592382223987697216e+02
1.486486486486486402e+00 1.594093168859846799e+02
1.504754754754754842e+00 1.595807252960405549e+02
1.523023023023023059e+00 1.597524475427990467e+02
1.541291291291291277e+00 1.599244835366927191e+02
1.559559559559559716e+00 1.600968331847162176e+02
1.577827827827827933e+00 1.602694963904189365e+02
1.596096096096096151e+00 1.604424730538962649e+02
1.614364364364364368e+00 1.606157630717815437e+02
1.632632632632632808e+00 1.607893663372382775e+02
1.650900900900901025e+00 1.609632827399516373e+02
1.669169169169169242e+00 1.611375121661208709e+02
1.687437437437437460e+00 1.613120544984511184e+02
1.705705705705705677e+00 1.614869096161452831e+02
1.723973973973974116e+00 1.616620773948963006e+02
1.742242242242242334e+00 1.618375577068790676e+02
1.760510510510510551e+00 1.620133504207428530e+02
1.778778778778778769e+00 1.621894554016029417e+02
1.797047047047047208e+00 1.623658725110332739e+02
1.815315315315315425e+00 1.625426016070584865e+02
1.833583583583583643e+00 1.627196425441459553e+02
1.851851851851851860e+00 1.628969951731984906e+02
1.870120120120120299e+00 1.630746593415460381e+02
1.888388388388388517e+00 1.632526348929385733e+02
1.906656656656656734e+00 1.634309216675382572e+02
1.924924924924924952e+00 1.636095195019116204e+02
1.943193193193193391e+00 1.637884282290222870e+02
1.961461461461461608e+00 1.639676476782231873e+02
1.979729729729729826e+00 1.641471776752491962e+02
1.997997997997998043e+00 1.643270180422097724e+02
2.016266266266266260e+00 1.645071685975809999e+02
2.034534534534534700e+00 1.646876291561988523e+02
2.052802802802802695e+00 1.648683995292511781e+02
2.071071071071071135e+00 1.650494795242709358e+02
2.089339339339339574e+00 1.652308689451282646e+02
2.107607607607607569e+00 1.654125675920237200e+02
2.125875875875876009e+00 1.655945752614809692e+02
2.144144144144144448e+00 1.657768917463390608e+02
2.162412412412412444e+00 1.659595168357458874e+02
2.180680680680680883e+00 1.661424503151506542e+02
2.198948948948949322e+00 1.663256919662970290e+02
2.217217217217217318e+00 1.665092415672156676e+02
2.235485485485485313e+00 1.666930988922177335e+02
2.253753753753753752e+00 1.668772637118874229e+02
2.272022022022022192e+00 1.670617357930751723e+02
2.290290290290290187e+00 1.672465148988907799e+02
2.308558558558558627e+00 1.674316007886964712e+02
2.326826826826827066e+00 1.676169932180999922e+02
2.345095095095095061e+00 1.678026919389478735e+02
2.363363363363363501e+00 1.679886966993184672e+02
2.381631631631631940e+00 1.681750072435156085e+02
2.399899899899899935e+00 1.683616233120612833e+02
2.418168168168168375e+00 1.685485446416896025e+02
2.436436436436436814e+00 1.687357709653398388e+02
2.454704704704704810e+00 1.689233020121497191e+02
2.472972972972972805e+00 1.691111375074492571e+02
2.491241241241241688e+00 1.692992771727537331e+02
2.509509509509509684e+00 1.694877207257578675e+02
2.527777777777778123e+00 1.696764678803286301e+02
2.546046046046046119e+00 1.698655183464994707e+02
2.564314314314314558e+00 1.700548718304636964e+02
2.582582582582582553e+00 1.702445280345680771e+02
2.600850850850850993e+00 1.704344866573068487e+02
2.619119119119119432e+00 1.706247473933150332e+02
2.637387387387387427e+00 1.708153099333627551e+02
2.655655655655655867e+00 1.710061739643488750e+02
2.673923923923923862e+00 1.711973391692945370e+02
2.692192192192192302e+00 1.713888052273378548e+02
2.710460460460460741e+00 1.715805718137269764e+02
2.728728728728728736e+00 1.717726385998148544e+02
2.746996996996997176e+00 1.719650052530531070e+02
2.765265265265265615e+00 1.721576714369855665e+02
2.783533533533533610e+00 1.723506368112434188e+02
2.801801801801802050e+00 1.725439010315383825e+02
2.820070070070070045e+00 1.727374637496577634e+02
2.838338338338338485e+00 1.729313246134580027e+02
2.856606606606606924e+00 1.731254832668596464e+02
2.874874874874874919e+00 1.733199393498413201e+02
2.893143143143143359e+00 1.735146924984340728e+02
2.911411411411411354e+00 1.737097423447161759e+02
2.929679679679679793e+00 1.739050885168070977e+02
2.947947947947948233e+00 1.741007306388627285e+02
2.966216216216216228e+00 1.742966683310693838e+02
2.984484484484484668e+00 1.744929012096385463e+02
3.002752752752753107e+00 1.746894288868018066e+02
3.021021021021021102e+00 1.748862509708051221e+02
3.039289289289289542e+00 1.750833670659042127e+02
3.057557557557557537e+00 1.752807767723587347e+02
3.075825825825825977e+00 1.754784796864274199e+02
3.094094094094094416e+00 1.756764754003632447e+02
3.112362362362362411e+00 1.758747635024076885e+02
3.130630630630630851e+00 1.760733435767865558e+02
3.148898898898898846e+00 1.762722152037041781e+02
3.167167167167167285e+00 1.764713779593394065e+02
3.185435435435435725e+00 1.766708314158400412e+02
3.203703703703703720e+00 1.768705751413181986e+02
3.221971971971972160e+00 1.770706086998458204e+02
3.240240240240240599e+00 1.772709316514495299e+02
3.258508508508508594e+00 1.774715435521063682e+02
3.276776776776777034e+00 1.776724439537389344e+02
3.295045045045045029e+00 1.778736324042108095e+02
3.313313313313313468e+00 1.780751084473222363e+02
3.331581581581581908e+00 1.782768716228054018e+02
3.349849849849849903e+00 1.784789214663201733e+02
3.368118118118118343e+00 1.786812575094498357e+02
3.386386386386386782e+00 1.788838792796962593e+02
3.404654654654654777e+00 1.790867863004764615e+02
3.422922922922923217e+00 1.792899780911175753e+02
3.441191191191191212e+00 1.794934541668531836e+02
3.459459459459459651e+00 1.796972140388190269e+02
3.477727727727728091e+00 1.799012572140490249e+02
3.495995995995996086e+00 1.801055831954710982e+02
3.514264264264264526e+00 1.803101914819033027e+02
3.532532532532532521e+00 1.805150815680500500e+02
3.550800800800800960e+00 1.807202529444980428e+02
3.569069069069069400e+00 1.809257050977125800e+02
3.587337337337337395e+00 1.811314375100337202e+02
3.605605605605605835e+00 1.813374496596726999e+02
3.623873873873874274e+00 1.815437410207083531e+02
3.642142142142142269e+00 1.817503110630831316e+02
3.660410410410410709e+00 1.819571592526000359e+02
3.678678678678678704e+00 1.821642850509187213e+02
3.696946946946947143e+00 1.823716879155525419e+02
3.715215215215215583e+00 1.825793672998648276e+02
3.733483483483483578e+00 1.827873226530653028e+02
3.751751751751752018e+00 1.829955534202076137e+02
3.770020020020020013e+00 1.832040590421852926e+02
3.788288288288288452e+00 1.834128389557291712e+02
3.806556556556556892e+00 1.836218925934039987e+02
3.824824824824824887e+00 1.838312193836053439e+02
3.843093093093093326e+00 1.840408187505569231e+02
3.861361361361361766e+00 1.842506901143071900e+02
3.879629629629629761e+00 1.844608328907270334e+02
3.897897897897898201e+00 1.846712464915062242e+02
3.916166166166166196e+00 1.848819303241514262e+02
3.934434434434434635e+00 1.850928837919829562e+02
3.952702702702703075e+00 1.853041062941323105e+02
3.970970970970971070e+00 1.855155972255395795e+02
3.989239239239239510e+00 1.857273559769506619e+02
4.007507507507507505e+00 1.859393819349152750e+02
4.025775775775775500e+00 1.861516744817841413e+02
4.044044044044044384e+00 1.863642329957066295e+02
4.062312312312312379e+00 1.865770568506287077e+02
4.080580580580580374e+00 1.867901454162902724e+02
4.098848848848849258e+00 1.870034980582233857e+02
4.117117117117117253e+00 1.872171141377500589e+02
4.135385385385385248e+00 1.874309930119797514e+02
4.153653653653654132e+00 1.876451340338079774e+02
4.171921921921922127e+00 1.878595365519137772e+02
4.190190190190190123e+00 1.880741999107584093e+02
4.208458458458459006e+00 1.882891234505828777e+02
4.226726726726727001e+00 1.885043065074065680e+02
4.244994994994994997e+00 1.887197484130256839e+02
4.263263263263263880e+00 1.889354484950107178e+02
4.281531531531531876e+00 1.891514060767061380e+02
4.299799799799799871e+00 1.893676204772276321e+02
4.318068068068068754e+00 1.895840910114615667e+02
4.336336336336336750e+00 1.898008169900628275e+02
4.354604604604604745e+00 1.900177977194541086e+02
4.372872872872873629e+00 1.902350325018241506e+02
4.391141141141140736e+00 1.904525206351265751e+02
4.409409409409409619e+00 1.906702614130790039e+02
4.427677677677678503e+00 1.908882541251617226e+02
4.445945945945945610e+00 1.911064980566164309e+02
4.464214214214214493e+00 1.913249924884459006e+02
4.482482482482483377e+00 1.915437366974121005e+02
4.500750750750751372e+00 1.917627299560364520e+02
4.519019019019019368e+00 1.919819715325978677e+02
4.537287287287287363e+00 1.922014606911329793e+02
4.555555555555556246e+00 1.924211966914351137e+02
4.573823823823824242e+00 1.926411787890532423e+02
4.592092092092092237e+00 1.928614062352922929e+02
4.610360360360360232e+00 1.930818782772119278e+02
4.628628628628629116e+00 1.933025941576265723e+02
4.646896896896897111e+00 1.935235531151046189e+02
4.665165165165165106e+00 1.937447543839687683e+02
4.683433433433433990e+00 1.939661971942953187e+02
4.701701701701701985e+00 1.941878807719138536e+02
4.719969969969969981e+00 1.944098043384077528e+02
4.738238238238238864e+00 1.946319671111138234e+02
4.756506506506506859e+00 1.948543683031219871e+02
4.774774774774774855e+00 1.950770071232760756e+02
4.793043043043043738e+00 1.952998827761732628e+02
4.811311311311311734e+00 1.955229944621651725e+02
4.829579579579579729e+00 1.957463413773571119e+02
4.847847847847847724e+00 1.959699227136091508e+02
4.866116116116116608e+00 1.961937376585365769e+02
4.884384384384384603e+00 1.964177853955098385e+02
4.902652652652652598e+00 1.966420651036557103e+02
4.920920920920921482e+00 1.968665759578573216e+02
4.939189189189189477e+00 1.970913171287555201e+02
4.957457457457457473e+00 1.973162877827488444e+02
4.975725725725726356e+00 1.975414870819950579e+02
4.993993993993994351e+00 1.977669141844117462e+02
5.012262262262262347e+00 1.979925682436768284e+02
5.030530530530531230e+00 1.982184484092307457e+02
5.048798798798799226e+00 1.984445538262759499e+02
5.067067067067067221e+00 1.986708836357796031e+02
5.085335335335335216e+00 1.988974369744739192e+02
5.103603603603604100e+00 1.991242129748573007e+02
5.121871871871872095e+00 1.993512107651965835e+02
5.140140140140140090e+00 1.995784294695274639e+02
5.158408408408408974e+00 1.998058682076568005e+02
5.176676676676676969e+00 2.000335260951636656e+02
5.194944944944944965e+00 2.002614022434010508e+02
5.213213213213213848e+00 2.004894957594979132e+02
5.231481481481481843e+00 2.007178057463603125e+02
5.249749749749749839e+00 2.009463313026740252e+02
5.268018018018018722e+00 2.011750715229056823e+02
5.286286286286286717e+00 2.014040254973053266e+02
5.304554554554554713e+00 2.016331923119082603e+02
5.322822822822822708e+00 2.018625710485368927e+02
5.341091091091091592e+00 2.020921607848034114e+02
5.359359359359359587e+00 2.023219605941115731e+02
5.377627627627627582e+00 2.025519695456594320e+02
5.395895895895896466e+00 2.027821867044414432e+02
5.414164164164164461e+00 2.030126111312508783e+02
5.432432432432432456e+00 2.032432418826828382e+02
5.450700700700701340e+00 2.034740780111360152e+02
5.468968968968969335e+00 2.037051185648162459e+02
5.487237237237237331e+00 2.039363625877388699e+02
5.505505505505506214e+00 2.041678091197311460e+02
5.523773773773774209e+00 2.043994571964359466e+02
5.542042042042042205e+00 2.046313058493140034e+02
5.560310310310310200e+00 2.048633541056473746e+02
5.578578578578579084e+00 2.050956009885423441e+02
5.596846846846847079e+00 2.053280455169325478e+02
5.615115115115115074e+00 2.055606867055824125e+02
5.633383383383383958e+00 2.057935235650900836e+02
5.651651651651651953e+00 2.060265551018914039e+02
5.669919919919919948e+00 2.062597803182627558e+02
5.688188188188188832e+00 2.064931982123249270e+02
5.706456456456456827e+00 2.067268077780466342e+02
5.724724724724724823e+00 2.069606080052480763e+02
5.742992992992993706e+00 2.071945978796049985e+02
5.761261261261261701e+00 2.074287763826519608e+02
5.779529529529529697e+00 2.076631424917867719e+02
5.797797797797797692e+00 2.078976951802741269e+02
5.816066066066066576e+00 2.081324334172496151e+02
5.834334334334334571e+00 2.083673561677241253e+02
5.852602602602602566e+00 2.086024623925875119e+02
5.870870870870871450e+00 2.088377510486134270e+02
5.889139139139139445e+00 2.090732210884630717e+02
5.907407407407407440e+00 2.093088714606900567e+02
5.925675675675676324e+00 2.095447011097444374e+02
5.943943943943944319e+00 2.097807089759775749e+02
5.962212212212212314e+00 2.100168939956467966e+02
5.980480480480481198e+00 2.102532551009196027e+02
5.998748748748749193e+00 2.104897912198788106e+02
6.017017017017017189e+00 2.107265012765274719e+02
6.035285285285286072e+00 2.109633841907932776e+02
6.053553553553554067e+00 2.112004388785341007e+02
6.071821821821822063e+00 2.114376642515427420e+02
6.090090090090090058e+00 2.116750592175518761e+02
6.108358358358358942e+00 2.119126226802397355e+02
6.126626626626626937e+00 2.121503535392349136e+02
6.144894894894894932e+00 2.123882506901219358e+02
6.163163163163163816e+00 2.126263130244465174e+02
6.181431431431431811e+00 2.128645394297214466e+02
6.199699699699699806e+00 2.131029287894314734e+02
6.217967967967968690e+00 2.133414799830395054e+02
6.236236236236236685e+00 2.135801918859921784e+02
6.254504504504504681e+00 2.138190633697253134e+02
6.272772772772773564e+00 2.140580933016705103e+02
6.291041041041041559e+00 2.142972805452600085e+02
6.309309309309309555e+00 2.145366239599338485e+02
6.327577577577577550e+00 2.147761224011450736e+02
6.345845845845846434e+00 2.150157747203662666e+02
6.364114114114114429e+00 2.152555797650957174e+02
6.382382382382382424e+00 2.154955363788635907e+02
6.400650650650651308e+00 2.157356434012387467e+02
6.418918918918919303e+00 2.159758996678344261e+02
6.437187187187187298e+00 2.162163040103156675e+02
6.455455455455456182e+00 2.164568552564050492e+02
6.473723723723724177e+00 2.166975522298898795e+02
6.491991991991992172e+00 2.169383937506289897e+02
6.510260260260261056e+00 2.171793786345591855e+02
6.528528528528529051e+00 2.174205056937025233e+02
6.546796796796797047e+00 2.176617737361729041e+02
6.565065065065065042e+00 2.179031815661832923e+02
6.583333333333333925e+00 2.181447279840532474e+02
6.601601601601601921e+00 2.183864117862152057e+02
6.619869869869869916e+00 2.186282317652227221e+02
6.638138138138138800e+00 2.188701867097569789e+02
6.656406406406406795e+00 2.191122754046348291e+02
6.674674674674674790e+00 2.193544966308160724e+02
6.692942942942943674e+00 2.195968491654107879e+02
6.711211211211211669e+00 2.198393317816874060e+02
6.729479479479479664e+00 2.200819432490800409e+02
6.747747747747748548e+00 2.203246823331965061e+02
6.766016016016016543e+00 2.205675477958262150e+02
6.784284284284284539e+00 2.208105383949478551e+02
6.802552552552552534e+00 2.210536528847378008e+02
6.820820820820821417e+00 2.212968900155777021e+02
6.839089089089089413e+00 2.215402485340632097e+02
6.857357357357357408e+00 2.217837271830118482e+02
6.875625625625626292e+00 2.220273247014713434e+02
6.893893893893894287e+00 2.222710398247281205e+02
6.912162162162162282e+00 2.225148712843158023e+02
6.930430430430431166e+00 2.227588178080237640e+02
6.948698698698699161e+00 2.230028781199054606e+02
6.966966966966967156e+00 2.232470509402875223e+02
6.985235235235236040e+00 2.234913349857782237e+02
7.003503503503504035e+00 2.237357289692764653e+02
7.021771771771772030e+00 2.239802315999807547e+02
7.040040040040040026e+00 2.242248415833979607e+02
7.058308308308308909e+00 2.244695576213525783e+02
7.076576576576576905e+00 2.247143784119958241e+02
7.094844844844844900e+00 2.249593026498146742e+02
7.113113113113113783e+00 2.252043290256416697e+02
7.131381381381381779e+00 2.254494562266634148e+02
7.149649649649649774e+00 2.256946829364310361e+02
7.167917917917918658e+00 2.259400078348689362e+02
7.186186186186186653e+00 2.261854295982845429e+02
7.204454454454454648e+00 2.264309468993782275e+02
7.222722722722723532e+00 2.266765584072527417e+02
7.240990990990991527e+00 2.269222627874233922e+02
7.259259259259259522e+00 2.271680587018274196e+02
7.277527527527527518e+00 2.274139448088343443e+02
7.295795795795796401e+00 2.276599197632559424e+02
7.314064064064064397e+00 2.279059822163562217e+02
7.332332332332332392e+00 2.281521308158618240e+02
7.350600600600601275e+00 2.283983642059720864e+02
7.368868868868869271e+00 2.286446810273692449e+02
7.387137137137137266e+00 2.288910799172294617e+02
7.405405405405406150e+00 2.291375595092324602e+02
7.423673673673674145e+00 2.293841184335726666e+02
7.441941941941942140e+00 2.296307553169696973e+02
7.460210210210211024e+00 2.298774687826791876e+02
7.478478478478479019e+00 2.301242574505031371e+02
7.496746746746747014e+00 2.303711199368011364e+02
7.515015015015015010e+00 2.306180548545013380e+02
7.533283283283283893e+00 2.308650608131111142e+02
7.551551551551551889e+00 2.311121364187286247e+02
7.569819819819819884e+00 2.313592802740533898e+02
7.588088088088088767e+00 2.316064909783979715e+02
7.606356356356356763e+00 2.318537671276989443e+02
7.624624624624624758e+00 2.321011073145285195e+02
7.642892892892893641e+00 2.323485101281060565e+02
7.661161161161161637e+00 2.325959741543089763e+02
7.679429429429429632e+00 2.328434979756852385e+02
7.697697697697698516e+00 2.330910801714641707e+02
7.715965965965966511e+00 2.333387193175687457e+02
7.734234234234234506e+00 2.335864139866272637e+02
7.752502502502503390e+00 2.338341627479849762e+02
7.770770770770771385e+00 2.340819641677165350e+02
7.789039039039039380e+00 2.343298168086375881e+02
7.807307307307307376e+00 2.345777192303169443e+02
7.825575575575576259e+00 2.348256699890888513e+02
7.843843843843844255e+00 2.350736676380653307e+02
7.862112112112112250e+00 2.353217107271483997e+02
7.880380380380381133e+00 2.355697978030422064e+02
7.898648648648649129e+00 2.358179274092659057e+02
7.916916916916917124e+00 2.360660980861659937e+02
7.935185185185186008e+00 2.363143083709288703e+02
7.953453453453454003e+00 2.365625567975935724e+02
7.971721721721721998e+00 2.368108418970646198e+02
7.989989989989990882e+00 2.370591621971246923e+02
8.008258258258258877e+00 2.373075162224475889e+02
8.026526526526527761e+00 2.375559024946110753e+02
8.044794794794794868e+00 2.378043195321102417e+02
8.063063063063063751e+00 2.380527658503700934e+02
8.081331331331330858e+00 2.383012399617593928e+02
8.099599599599599742e+00 2.385497403756032497e+02
8.117867867867868625e+00 2.387982655981967355e+02
8.136136136136137509e+00 2.390468141328186107e+02
8.154404404404404616e+00 2.392953844797440013e+02
8.172672672672673500e+00 2.395439751362588936e+02
8.190940940940940607e+00 2.397925845966726683e+02
8.209209209209209490e+00 2.400412113523327662e+02
8.227477477477478374e+00 2.402898538916378470e+02
8.245745745745747257e+00 2.405385107000518587e+02
8.264014014014014364e+00 2.407871802601176512e+02
8.282282282282281471e+00 2.410358610514711586e+02
8.300550550550550355e+00 2.412845515508555536e+02
8.318818818818819238e+00 2.415332502321348898e+02
8.337087087087088122e+00 2.417819555663088806e+02
8.355355355355357005e+00 2.420306660215263435e+02
8.373623623623624113e+00 2.422793800631002341e+02
8.391891891891891220e+00 2.425280961535218012e+02
8.410160160160160103e+00 2.427768127524747683e+02
8.428428428428428987e+00 2.430255283168500569e+02
8.446696696696697870e+00 2.432742413007604796e+02
8.464964964964966754e+00 2.435229501555550655e+02
8.483233233233233861e+00 2.437716533298341233e+02
8.501501501501502744e+00 2.440203492694636509e+02
8.519769769769769852e+00 2.442690364175906552e+02
8.538038038038038735e+00 2.445177132146575332e+02
8.556306306306307619e+00 2.447663780984177038e+02
8.574574574574574726e+00 2.450150295039497905e+02
8.592842842842843609e+00 2.452636658636736229e+02
8.611111111111112493e+00 2.455122856073650439e+02
8.629379379379379600e+00 2.457608871621708886e+02
8.647647647647648483e+00 2.460094689526248999e+02
8.665915915915915591e+00 2.462580294006625650e+02
8.684184184184184474e+00 2.465065669256370597e+02
8.702452452452453358e+00 2.467550799443343976e+02
8.720720720720720465e+00 2.470035668709889478e+02
8.738988988988989348e+00 2.472520261172995788e+02
8.757257257257258232e+00 2.475004560924450061e+02
8.775525525525525339e+00 2.477488552030996800e+02
8.793793793793794222e+00 2.479972218534495880e+02
8.812062062062063106e+00 2.482455544452080574e+02
8.830330330330330213e+00 2.484938513776322111e+02
8.848598598598599096e+00 2.487421110475382875e+02
8.866866866866867980e+00 2.489903318493186930e+02
8.885135135135135087e+00 2.492385121749568953e+02
8.903403403403403971e+00 2.494866504140451013e+02
8.921671671671672854e+00 2.497347449537996056e+02
8.939939939939939961e+00 2.499827941790773025e+02
8.958208208208208845e+00 2.502307964723923419e+02
8.976476476476477728e+00 2.504787502139326705e+02
8.994744744744744835e+00 2.507266537815760330e+02
9.013013013013013719e+00 2.509745055509076224e+02
9.031281281281282602e+00 2.512223038952355409e+02
9.049549549549549710e+00 2.514700471856086210e+02
9.067817817817818593e+00 2.517177337908325399e+02
9.086086086086087477e+00 2.519653620774869580e+02
9.104354354354354584e+00 2.522129304099424303e+02
9.122622622622623467e+00 2.524604371503773450e+02
9.140890890890890574e+00 2.527078806587953750e+02
9.159159159159159458e+00 2.529552592930417916e+02
9.177427427427428341e+00 2.532025714088214272e+02
9.195695695695695449e+00 2.534498153597155579e+02
9.213963963963964332e+00 2.536969894971990698e+02
9.232232232232233216e+00 2.539440921706584220e+02
9.250500500500500323e+00 2.541911217274082446e+02
9.268768768768769206e+00 2.544380765127095572e+02
9.287037037037038090e+00 2.546849548697867931e+02
9.305305305305305197e+00 2.549317551398457908e+02
9.323573573573574080e+00 2.551784756620912731e+02
9.341841841841842964e+00 2.554251147737443262e+02
9.360110110110110071e+00 2.556716708100608173e+02
9.378378378378378954e+00 2.559181421043485898e+02
9.396646646646647838e+00 2.561645269879858802e+02
9.414914914914914945e+00 2.564108237904387693e+02
9.433183183183183829e+00 2.566570308392795710e+02
9.451451451451452712e+00 2.569031464602049937e+02
9.469719719719719819e+00 2.571491689770536482e+02
9.487987987987988703e+00 2.573950967118253175e+02
9.506256256256257586e+00 2.576409279846978393e+02
9.524524524524524693e+00 2.578866611140465466e+02
9.542792792792793577e+00 2.581322944164623436e+02
9.561061061061062460e+00 2.583778262067694413e+02
9.579329329329329568e+00 2.586232547980450249e+02
9.597597597597598451e+00 2.588685785016367618e+02
9.615865865865865558e+00 2.591137956271816165e+02
9.634134134134134442e+00 2.593589044826252348e+02
9.652402402402403325e+00 2.596039033742393940e+02
9.670670670670670432e+00 2.598487906066417850e+02
9.688938938938939316e+00 2.600935644828143154e+02
9.707207207207208199e+00 2.603382233041220388e+02
9.725475475475475307e+00 2.605827653703322540e+02
9.743743743743744190e+00 2.608271889796330925e+02
9.762012012012013074e+00 2.610714924286531300e+02
9.780280280280280181e+00 2.613156740124797466e+02
9.798548548548549064e+00 2.615597320246787945e+02
9.816816816816817948e+00 2.618036647573136975e+02
9.835085085085085055e+00 2.620474705009642094e+02
9.853353353353353938e+00 2.622911475447466501e+02
9.871621621621622822e+00 2.625346941763320388e+02
9.889889889889889929e+00 2.627781086819665575e+02
9.908158158158158813e+00 2.630213893464901957e+02
9.926426426426427696e+00 2.632645344533568732e+02
9.944694694694694803e+00 2.635075422846535389e+02
9.962962962962963687e+00 2.637504111211196687e+02
9.981231231231232570e+00 2.639931392421678424e+02
9.999499499499499677e+00 2.642357249259018204e+02
1.001776776776776856e+01 2.644781664491378592e+02
1.003603603603603744e+01 2.647204620874235275e+02
1.005430430430430455e+01 2.649626101150579984e+02
1.007257257257257343e+01 2.652046088051117181e+02
1.009084084084084232e+01 2.654464564294463003e+02
1.010910910910910943e+01 2.656881512587348766e+02
1.012737737737737831e+01 2.659296915624816506e+02
1.014564564564564542e+01 2.661710756090421341e+02
1.016391391391391430e+01 2.664123016656437812e+02
1.018218218218218318e+01 2.666533679984049172e+02
1.020045045045045029e+01 2.668942728723566233e+02
1.021871871871871917e+01 2.671350145514614951e+02
1.023698698698698806e+01 2.673755912986348449e+02
1.025525525525525516e+01 2.676160013757647107e+02
1.027352352352352405e+01 2.678562430437324338e+02
1.029179179179179293e+01 2.680963145624328376e+02
1.031006006006006004e+01 2.683362141907950900e+02
1.032832832832832892e+01 2.685759401868029386e+02
1.034659659659659781e+01 2.688154908075153458e+02
1.036486486486486491e+01 2.690548643090872361e+02
1.038313313313313380e+01 2.692940589467902441e+02
1.040140140140140268e+01 2.695330729750326668e+02
1.041966966966966979e+01 2.697719046473815183e+02
1.043793793793793867e+01 2.700105522165822549e+02
1.045620620620620755e+01 2.702490139345798639e+02
1.047447447447447466e+01 2.704872880525402365e+02
1.049274274274274354e+01 2.707253728208701773e+02
1.051101101101101243e+01 2.709632664892395155e+02
1.052927927927927954e+01 2.712009673066007736e+02
1.054754754754754842e+01 2.714384735212115061e+02
1.056581581581581730e+01 2.716757833806543658e+02
1.058408408408408441e+01 2.719128951318588179e+02
1.060235235235235329e+01 2.721498070211223990e+02
1.062062062062062040e+01 2.723865172941310107e+02
1.063888888888888928e+01 2.726230241959812020e+02
1.065715715715715817e+01 2.728593259712011445e+02
1.067542542542542527e+01 2.730954208637713236e+02
1.069369369369369416e+01 2.733313071171471051e+02
1.071196196196196304e+01 2.735669829742788011e+02
1.073023023023023015e+01 2.738024466776340091e+02
1.074849849849849903e+01 2.740376964692187585e+02
1.076676676676676792e+01 2.742727305905988828e+02
1.078503503503503502e+01 2.745075472829220189e+02
1.080330330330330391e+01 2.747421447869384110e+02
1.082157157157157279e+01 2.749765213430234780e+02
1.083983983983983990e+01 2.752106751911983906e+02
1.085810810810810878e+01 2.754446045711528086e+02
1.087637637637637766e+01 2.756783077222657994e+02
1.089464464464464477e+01 2.759117828836278932e+02
1.091291291291291365e+01 2.761450282940629108e+02
1.093118118118118254e+01 2.763780421921495076e+02
1.094944944944944965e+01 2.766108228162435125e+02
1.096771771771771853e+01 2.768433684044991310e+02
1.098598598598598741e+01 2.770756771948913979e+02
1.100425425425425452e+01 2.773077474252380057e+02
1.102252252252252340e+01 2.775395773332208478e+02
1.104079079079079229e+01 2.777711651564090403e+02
1.105905905905905939e+01 2.780025091322793287e+02
1.107732732732732828e+01 2.782336074982399623e+02
1.109559559559559538e+01 2.784644584916514418e+02
1.111386386386386427e+01 2.786950603498491432e+02
1.113213213213213315e+01 2.789254113101657708e+02
1.115040040040040026e+01 2.791555096099527304e+02
1.116866866866866914e+01 2.793853534866031509e+02
1.118693693693693803e+01 2.796149411775735985e+02
1.120520520520520513e+01 2.798442709204065864e+02
1.122347347347347402e+01 2.800733409527528579e+02
1.124174174174174290e+01 2.803021495123934415e+02
1.126001001001001001e+01 2.805306948372623310e+02
1.127827827827827889e+01 2.807589751654685983e+02
1.129654654654654777e+01 2.809869887353191302e+02
1.131481481481481488e+01 2.812147337853403997e+02
1.133308308308308376e+01 2.814422085543016578e+02
1.135135135135135265e+01 2.816694112812369895e+02
1.136961961961961975e+01 2.818963402054677090e+02
1.138788788788788864e+01 2.821229935666252118e+02
1.140615615615615752e+01 2.823493696046733135e+02
1.142442442442442463e+01 2.825754665599307600e+02
1.144269269269269351e+01 2.828012826730939651e+02
1.146096096096096240e+01 2.830268161852594062e+02
1.147922922922922950e+01 2.832520653379466467e+02
1.149749749749749839e+01 2.834770283731203335e+02
1.151576576576576727e+01 2.837017035332136174e+02
1.153403403403403438e+01 2.839260890611503214e+02
1.155230230230230326e+01 2.841501832003676782e+02
1.157057057057057214e+01 2.843739841948394655e+02
1.158883883883883925e+01 2.845974902890981184e+02
1.160710710710710813e+01 2.848206997282582620e+02
1.162537537537537524e+01 2.850436107580387102e+02
1.164364364364364413e+01 2.852662216247858851e+02
1.166191191191191301e+01 2.854885305754964406e+02
1.168018018018018012e+01 2.857105358578396022e+02
1.169844844844844900e+01 2.859322357201812679e+02
1.171671671671671788e+01 2.861536284116052684e+02
1.173498498498498499e+01 2.863747121819375820e+02
1.175325325325325387e+01 2.865954852817686742e+02
1.177152152152152276e+01 2.868159459624762917e+02
1.178978978978978986e+01 2.870360924762488253e+02
1.180805805805805875e+01 2.872559230761076492e+02
1.182632632632632763e+01 2.874754360159309954e+02
1.184459459459459474e+01 2.876946295504757813e+02
1.186286286286286362e+01 2.879135019354014844e+02
1.188113113113113251e+01 2.881320514272931632e+02
1.189939939939939961e+01 2.883502762836833995e+02
1.191766766766766850e+01 2.885681747630769109e+02
1.193593593593593738e+01 2.887857451249721521e+02
1.195420420420420449e+01 2.890029856298852451e+02
1.197247247247247337e+01 2.892198945393728877e+02
1.199074074074074225e+01 2.894364701160549771e+02
1.200900900900900936e+01 2.896527106236382565e+02
1.202727727727727824e+01 2.898686143269389390e+02
1.204554554554554713e+01 2.900841794919064114e+02
1.206381381381381424e+01 2.902994043856455164e+02
1.208208208208208312e+01 2.905142872764403705e+02
1.210035035035035023e+01 2.907288264337771011e+02
1.211861861861861911e+01 2.909430201283672091e+02
1.213688688688688799e+01 2.911568666321705336e+02
1.215515515515515510e+01 2.913703642184183877e+02
1.217342342342342398e+01 2.915835111616367499e+02
1.219169169169169287e+01 2.917963057376696838e+02
1.220995995995995997e+01 2.920087462237017348e+02
1.222822822822822886e+01 2.922208308982822018e+02
1.224649649649649774e+01 2.924325580413473631e+02
1.226476476476476485e+01 2.926439259342439527e+02
1.228303303303303373e+01 2.928549328597526937e+02
1.230130130130130262e+01 2.930655771021106943e+02
1.231956956956956972e+01 2.932758569470356065e+02
1.233783783783783861e+01 2.934857706817478515e+02
1.235610610610610749e+01 2.936953165949945515e+02
1.237437437437437460e+01 2.939044929770722092e+02
1.239264264264264348e+01 2.941132981198500715e+02
1.241091091091091236e+01 2.943217303167937757e+02
1.242917917917917947e+01 2.945297878629874049e+02
1.244744744744744835e+01 2.947374690551579306e+02
1.246571571571571724e+01 2.949447721916976093e+02
1.248398398398398434e+01 2.951516955726872311e+02
1.250225225225225323e+01 2.953582374999201647e+02
1.252052052052052211e+01 2.955643962769237874e+02
1.253878878878878922e+01 2.957701702089844957e+02
1.255705705705705810e+01 2.959755576031698752e+02
1.257532532532532521e+01 2.961805567683520621e+02
1.259359359359359409e+01 2.963851660152309933e+02
1.261186186186186298e+01 2.965893836563573132e+02
1.263013013013013008e+01 2.967932080061561351e+02
1.264839839839839897e+01 2.969966373809494939e+02
1.266666666666666785e+01 2.971996700989796523e+02
1.268493493493493496e+01 2.974023044804328606e+02
1.270320320320320384e+01 2.976045388474616971e+02
1.272147147147147273e+01 2.978063715242084868e+02
1.273973973973973983e+01 2.980078008368285509e+02
1.275800800800800872e+01 2.982088251135131145e+02
1.277627627627627760e+01 2.984094426845128396e+02
1.279454454454454471e+01 2.986096518821599375e+02
1.281281281281281359e+01 2.988094510408925544e+02
1.283108108108108247e+01 2.990088384972767130e+02
1.284934934934934958e+01 2.992078125900303007e+02
1.286761761761761846e+01 2.994063716600454086e+02
1.288588588588588735e+01 2.996045140504115807e+02
1.290415415415415445e+01 2.998022381064391197e+02
1.292242242242242334e+01 2.999995421756818246e+02
1.294069069069069222e+01 3.001964246079601253e+02
1.295895895895895933e+01 3.003928837553839912e+02
1.297722722722722821e+01 3.005889179723758957e+02
1.299549549549549710e+01 3.007845256156940081e+02
1.301376376376376420e+01 3.009797050444546471e+02
1.303203203203203309e+01 3.011744546201561548e+02
1.305030030030030197e+01 3.013687727067006108e+02
1.306856856856856908e+01 3.015626576704176500e+02
1.308683683683683796e+01 3.017561078800870860e+02
1.310510510510510507e+01 3.019491217069615914e+02
1.312337337337337395e+01 3.021416975247901178e+02
1.314164164164164283e+01 3.023338337098397801e+02
1.315990990990990994e+01 3.025255286409196174e+02
1.317817817817817883e+01 3.027167806994030457e+02
1.319644644644644771e+01 3.029075882692506525e+02
1.321471471471471482e+01 3.030979497370327636e+02
1.323298298298298370e+01 3.032878634919524075e+02
1.325125125125125258e+01 3.034773279258683942e+02
1.326951951951951969e+01 3.036663414333171431e+02
1.328778778778778857e+01 3.038549024115363295e+02
1.330605605605605746e+01 3.040430092604866559e+02
1.332432432432432456e+01 3.042306603828753282e+02
1.334259259259259345e+01 3.044178541841782817e+02
1.336086086086086233e+01 3.046045890726625203e+02
1.337912912912912944e+01 3.047908634594091382e+02
1.339739739739739832e+01 3.049766757583359436e+02
1.341566566566566721e+01 3.051620243862194570e+02
1.343393393393393431e+01 3.053469077627178763e+02
1.345220220220220320e+01 3.055313243103931882e+02
1.347047047047047208e+01 3.057152724547344178e+02
1.348873873873873919e+01 3.058987506241787173e+02
1.350700700700700807e+01 3.060817572501352402e+02
1.352527527527527695e+01 3.062642907670063437e+02
1.354354354354354406e+01 3.064463496122106676e+02
1.356181181181181294e+01 3.066279322262052460e+02
1.358008008008008005e+01 3.068090370525075627e+02
1.359834834834834894e+01 3.069896625377182886e+02
1.361661661661661782e+01 3.071698071315429388e+02
1.363488488488488493e+01 3.073494692868147808e+02
1.365315315315315381e+01 3.075286474595166055e+02
1.367142142142142269e+01 3.077073401088024980e+02
1.368968968968968980e+01 3.078855456970208024e+02
1.370795795795795868e+01 3.080632626897357227e+02
1.372622622622622757e+01 3.082404895557493205e+02
1.374449449449449467e+01 3.084172247671237415e+02
1.376276276276276356e+01 3.085934667992030995e+02
1.378103103103103244e+01 3.087692141306356461e+02
1.379929929929929955e+01 3.089444652433951433e+02
1.381756756756756843e+01 3.091192186228036007e+02
1.383583583583583732e+01 3.092934727575523084e+02
1.385410410410410442e+01 3.094672261397242892e+02
1.387237237237237331e+01 3.096404772648157859e+02
1.389064064064064219e+01 3.098132246317578051e+02
1.390890890890890930e+01 3.099854667429385131e+02
1.392717717717717818e+01 3.101572021042242113e+02
1.394544544544544706e+01 3.103284292249813348e+02
1.396371371371371417e+01 3.104991466180980524e+02
1.398198198198198305e+01 3.106693528000056972e+02
1.400025025025025194e+01 3.108390462907007645e+02
1.401851851851851904e+01 3.110082256137653758e+02
1.403678678678678793e+01 3.111768892963899589e+02
1.405505505505505504e+01 3.113450358693938824e+02
1.407332332332332392e+01 3.115126638672469994e+02
1.409159159159159280e+01 3.116797718280913614e+02
1.410985985985985991e+01 3.118463582937618526e+02
1.412812812812812879e+01 3.120124218098077336e+02
1.414639639639639768e+01 3.121779609255144123e+02
1.416466466466466478e+01 3.123429741939236806e+02
1.418293293293293367e+01 3.125074601718554845e+02
1.420120120120120255e+01 3.126714174199285594e+02
1.421946946946946966e+01 3.128348445025820865e+02
1.423773773773773854e+01 3.129977399880962139e+02
1.425600600600600742e+01 3.131601024486129177e+02
1.427427427427427453e+01 3.133219304601576027e+02
1.429254254254254342e+01 3.134832226026588842e+02
1.431081081081081230e+01 3.136439774599706993e+02
1.432907907907907941e+01 3.138041936198919188e+02
1.434734734734734829e+01 3.139638696741877197e+02
1.436561561561561717e+01 3.141230042186103333e+02
1.438388388388388428e+01 3.142815958529190539e+02
1.440215215215215316e+01 3.144396431809018964e+02
1.442042042042042205e+01 3.145971448103946955e+02
1.443868868868868915e+01 3.147540993533030473e+02
1.445695695695695804e+01 3.149105054256218068e+02
1.447522522522522692e+01 3.150663616474559490e+02
1.449349349349349403e+01 3.152216666430404644e+02
1.451176176176176291e+01 3.153764190407613341e+02
1.453003003003003002e+01 3.155306174731751412e+02
1.454829829829829890e+01 3.156842605770294767e+02
1.456656656656656779e+01 3.158373469932832904e+02
1.458483483483483489e+01 3.159898753671267286e+02
1.460310310310310378e+01 3.161418443480012002e+02
1.462137137137137266e+01 3.162932525896196694e+02
1.463963963963963977e+01 3.164440987499859261e+02
1.465790790790790865e+01 3.165943814914153904e+02
1.467617617617617753e+01 3.167440994805539844e+02
1.469444444444444464e+01 3.168932513883987099e+02
1.471271271271271353e+01 3.170418358903169747e+02
1.473098098098098241e+01 3.171898516660658629e+02
1.474924924924924952e+01 3.173372973998130533e+02
1.476751751751751840e+01 3.174841717801546110e+02
1.478578578578578728e+01 3.176304735001361337e+02
1.480405405405405439e+01 3.177762012572708841e+02
1.482232232232232327e+01 3.179213537535600267e+02
1.484059059059059216e+01 3.180659296955117270e+02
1.485885885885885926e+01 3.182099277941600803e+02
1.487712712712712815e+01 3.183533467650848365e+02
1.489539539539539703e+01 3.184961853284304993e+02
1.491366366366366414e+01 3.186384422089246300e+02
1.493193193193193302e+01 3.187801161358983109e+02
1.495020020020020191e+01 3.189212058433035395e+02
1.496846846846846901e+01 3.190617100697335218e+02
1.498673673673673790e+01 3.192016275584405776e+02
1.500500500500500678e+01 3.193409570573554106e+02
1.502327327327327389e+01 3.194796973191056964e+02
1.504154154154154277e+01 3.196178471010346698e+02
1.505980980980980988e+01 3.197554051652200542e+02
1.507807807807807876e+01 3.198923702784921375e+02
1.509634634634634764e+01 3.200287412124527577e+02
1.511461461461461475e+01 3.201645167434933228e+02
1.513288288288288364e+01 3.202996956528131136e+02
1.515115115115115252e+01 3.204342767264383838e+02
1.516941941941941963e+01 3.205682587552394125e+02
1.518768768768768851e+01 3.207016405349494335e+02
1.520595595595595739e+01 3.208344208661827679e+02
1.522422422422422450e+01 3.209665985544522187e+02
1.524249249249249338e+01 3.210981724101879422e+02
1.526076076076076227e+01 3.212291412487542743e+02
1.527902902902902937e+01 3.213595038904687158e+02
1.529729729729729826e+01 3.214892591606189285e+02
1.531556556556556714e+01 3.216184058894806412e+02
1.533383383383383425e+01 3.217469429123352143e+02
1.535210210210210313e+01 3.218748690694873744e+02
1.537037037037037202e+01 3.220021832062826661e+02
1.538863863863863912e+01 3.221288841731246748e+02
1.540690690690690801e+01 3.222549708254927623e+02
1.542517517517517689e+01 3.223804420239589490e+02
1.544344344344344400e+01 3.225052966342054219e+02
1.546171171171171288e+01 3.226295335270415876e+02
1.547997997997998176e+01 3.227531515784210114e+02
1.549824824824824887e+01 3.228761496694588118e+02
1.551651651651651775e+01 3.229985266864480309e+02
1.553478478478478486e+01 3.231202815208770289e+02
1.555305305305305374e+01 3.232414130694461392e+02
1.557132132132132263e+01 3.233619202340838683e+02
1.558958958958958974e+01 3.234818019219645180e+02
1.560785785785785862e+01 3.236010570455238735e+02
1.562612612612612750e+01 3.237196845224762569e+02
1.564439439439439461e+01 3.238376832758305000e+02
1.566266266266266349e+01 3.239550522339067697e+02
1.568093093093093238e+01 3.240717903303525418e+02
1.569919919919919948e+01 3.241878965041588003e+02
1.571746746746746837e+01 3.243033696996764093e+02
1.573573573573573725e+01 3.244182088666319146e+02
1.575400400400400436e+01 3.245324129601434606e+02
1.577227227227227324e+01 3.246459809407372745e+02
1.579054054054054212e+01 3.247589117743622751e+02
1.580880880880880923e+01 3.248712044324075237e+02
1.582707707707707812e+01 3.249828578917162645e+02
1.584534534534534700e+01 3.250938711346024093e+02
1.586361361361361411e+01 3.252042431488661123e+02
1.588188188188188299e+01 3.253139729278083792e+02
1.590015015015015187e+01 3.254230594702476651e+02
1.591841841841841898e+01 3.255315017805339153e+02
1.593668668668668786e+01 3.256392988685645946e+02
1.595495495495495675e+01 3.257464497497995239e+02
1.597322322322322385e+01 3.258529534452758867e+02
1.599149149149149274e+01 3.259588089816234060e+02
1.600975975975975985e+01 3.260640153910784420e+02
1.602802802802802873e+01 3.261685717115001921e+02
1.604629629629629761e+01 3.262724769863842766e+02
1.606456456456456294e+01 3.263757302648772907e+02
1.608283283283283538e+01 3.264783306017926634e+02
1.610110110110110071e+01 3.265802770576232774e+02
1.611936936936936959e+01 3.266815686985574985e+02
1.613763763763763848e+01 3.267822045964924769e+02
1.615590590590590736e+01 3.268821838290488699e+02
1.617417417417417624e+01 3.269815054795845981e+02
1.619244244244244157e+01 3.270801686372091694e+02
1.621071071071071401e+01 3.271781723967977200e+02
1.622897897897897934e+01 3.272755158590045426e+02
1.624724724724724823e+01 3.273721981302774111e+02
1.626551551551551711e+01 3.274682183228707686e+02
1.628378378378378244e+01 3.275635755548594830e+02
1.630205205205205488e+01 3.276582689501527739e+02
1.632032032032032021e+01 3.277522976385074003e+02
1.633858858858858909e+01 3.278456607555406777e+02
1.635685685685685797e+01 3.279383574427446320e+02
1.637512512512512686e+01 3.280303868474982210e+02
1.639339339339339574e+01 3.281217481230813746e+02
1.641166166166166107e+01 3.282124404286871595e+02
1.642992992992993351e+01 3.283024629294354213e+02
1.644819819819819884e+01 3.283918147963851766e+02
1.646646646646646772e+01 3.284804952065476868e+02
1.648473473473473661e+01 3.285685033428990209e+02
1.650300300300300549e+01 3.286558383943924468e+02
1.652127127127127082e+01 3.287424995559712784e+02
1.653953953953953970e+01 3.288284860285810964e+02
1.655780780780780859e+01 3.289137970191820273e+02
1.657607607607607747e+01 3.289984317407611343e+02
1.659434434434434635e+01 3.290823894123443552e+02
1.661261261261261524e+01 3.291656692590087232e+02
1.663088088088088057e+01 3.292482705118943045e+02
1.664914914914914945e+01 3.293301924082161349e+02
1.666741741741741833e+01 3.294114341912755890e+02
1.668568568568568722e+01 3.294919951104727147e+02
1.670395395395395610e+01 3.295718744213173181e+02
1.672222222222222499e+01 3.296510713854406731e+02
1.674049049049049032e+01 3.297295852706069468e+02
1.675875875875875920e+01 3.298074153507246251e+02
1.677702702702702808e+01 3.298845609058573700e+02
1.679529529529529697e+01 3.299610212222354448e+02
1.681356356356356585e+01 3.300367955922667988e+02
1.683183183183183118e+01 3.301118833145479812e+02
1.685010010010010006e+01 3.301862836938747137e+02
1.686836836836836895e+01 3.302599960412531459e+02
1.688663663663663783e+01 3.303330196739100870e+02
1.690490490490490672e+01 3.304053539153038628e+02
1.692317317317317560e+01 3.304769980951346611e+02
1.694144144144144093e+01 3.305479515493550480e+02
1.695970970970970981e+01 3.306182136201799153e+02
1.697797797797797870e+01 3.306877836560972241e+02
1.699624624624624758e+01 3.307566610118776680e+02
1.701451451451451646e+01 3.308248450485849048e+02
1.703278278278278535e+01 3.308923351335852772e+02
1.705105105105105068e+01 3.309591306405578734e+02
1.706931931931931956e+01 3.310252309495041914e+02
1.708758758758758844e+01 3.310906354467572896e+02
1.710585585585585733e+01 3.311553435249921904e+02
1.712412412412412621e+01 3.312193545832346899e+02
1.714239239239239510e+01 3.312826680268706241e+02
1.716066066066066043e+01 3.313452832676557591e+02
1.717892892892892931e+01 3.314071997237240907e+02
1.719719719719719819e+01 3.314684168195973371e+02
1.721546546546546708e+01 3.315289339861941471e+02
1.723373373373373596e+01 3.315887506608383433e+02
1.725200200200200129e+01 3.316478662872680729e+02
1.727027027027027017e+01 3.317062803156442214e+02
1.728853853853853906e+01 3.317639922025594501e+02
1.730680680680680794e+01 3.318210014110457564e+02
1.732507507507507682e+01 3.318773074105839669e+02
1.734334334334334571e+01 3.319329096771108425e+02
1.736161161161161104e+01 3.319878076930282305e+02
1.737987987987987992e+01 3.320420009472103970e+02
1.739814814814814881e+01 3.320954889350123267e+02
1.741641641641641769e+01 3.321482711582776801e+02
1.743468468468468657e+01 3.322003471253461271e+02
1.745295295295295546e+01 3.322517163510615887e+02
1.747122122122122079e+01 3.323023783567791725e+02
1.748948948948948967e+01 3.323523326703730731e+02
1.750775775775775855e+01 3.324015788262439060e+02
1.752602602602602744e+01 3.324501163653257549e+02
1.754429429429429632e+01 3.324979448350931648e+02
1.756256256256256520e+01 3.325450637895690988e+02
1.758083083083083054e+01 3.325914727893305667e+02
1.759909909909909942e+01 3.326371714015165253e+02
1.761736736736736830e+01 3.326821591998343592e+02
1.763563563563563719e+01 3.327264357645662471e+02
1.765390390390390607e+01 3.327700006825758692e+02
1.767217217217217495e+01 3.328128535473149441e+02
1.769044044044044028e+01 3.328549939588297093e+02
1.770870870870870917e+01 3.328964215237666622e+02
1.772697697697697805e+01 3.329371358553792106e+02
1.774524524524524693e+01 3.329771365735334143e+02
1.776351351351351582e+01 3.330164233047141238e+02
1.778178178178178115e+01 3.330549956820306079e+02
1.780005005005005003e+01 3.330928533452224087e+02
1.781831831831831892e+01 3.331299959406649123e+02
1.783658658658658780e+01 3.331664231213749758e+02
1.785485485485485668e+01 3.332021345470162146e+02
1.787312312312312557e+01 3.332371298839044016e+02
1.789139139139139090e+01 3.332714088050125838e+02
1.790965965965965978e+01 3.333049709899764252e+02
1.792792792792792866e+01 3.333378161250988114e+02
1.794619619619619755e+01 3.333699439033552494e+02
1.796446446446446643e+01 3.334013540243983016e+02
1.798273273273273531e+01 3.334320461945623038e+02
1.800100100100100065e+01 3.334620201268681399e+02
1.801926926926926953e+01 3.334912755410277896e+02
1.803753753753753841e+01 3.335198121634481936e+02
1.805580580580580730e+01 3.335476297272362558e+02
1.807407407407407618e+01 3.335747279722024246e+02
1.809234234234234506e+01 3.336011066448650126e+02
1.811061061061061039e+01 3.336267654984542901e+02
1.812887887887887928e+01 3.336517042929160084e+02
1.814714714714714816e+01 3.336759227949155502e+02
1.816541541541541704e+01 3.336994207778412260e+02
1.818368368368368593e+01 3.337221980218079125e+02
1.820195195195195481e+01 3.337442543136606901e+02
1.822022022022022014e+01 3.337655894469781401e+02
1.823848848848848903e+01 3.337862032220751303e+02
1.825675675675675791e+01 3.338060954460066228e+02
1.827502502502502679e+01 3.338252659325701188e+02
1.829329329329329568e+01 3.338437145023089556e+02
1.831156156156156101e+01 3.338614409825148641e+02
1.832982982982982989e+01 3.338784452072308682e+02
1.834809809809809877e+01 3.338947270172538424e+02
1.836636636636636766e+01 3.339102862601367292e+02
1.838463463463463654e+01 3.339251227901913239e+02
1.840290290290290542e+01 3.339392364684904919e+02
1.842117117117117076e+01 3.339526271628698737e+02
1.843943943943943964e+01 3.339652947479304999e+02
1.845770770770770852e+01 3.339772391050408942e+02
1.847597597597597741e+01 3.339884601223381537e+02
1.849424424424424629e+01 3.339989576947302794e+02
1.851251251251251517e+01 3.340087317238977676e+02
1.853078078078078050e+01 3.340177821182950879e+02
1.854904904904904939e+01 3.340261087931519910e+02
1.856731731731731827e+01 3.340337116704750997e+02
1.858558558558558715e+01 3.340405906790488757e+02
1.860385385385385604e+01 3.340467457544369267e+02
1.862212212212212492e+01 3.340521768389829163e+02
1.864039039039039025e+01 3.340568838818113591e+02
1.865865865865865914e+01 3.340608668388287583e+02
1.867692692692692802e+01 3.340641256727238328e+02
1.869519519519519690e+01 3.340666603529686540e+02
1.871346346346346579e+01 3.340684708558184752e+02
1.873173173173173112e+01 3.340695571643126982e+02
1.875000000000000000e+01 3.340699192682748730e+02
