1.000000000000000021e-02 2.204064161149411956e-15
5.003003003003003712e-02 2.237590303074514135e-09
9.006006006006006537e-02 1.272041288259098181e-07
1.300900900900901214e-01 1.210562617507311245e-06
1.701201201201201496e-01 5.481612105883338825e-06
2.101501501501501779e-01 1.664100278564528901e-05
2.501801801801802339e-01 3.947186713676786927e-05
2.902102102102102621e-01 7.931319728387072217e-05
3.302402402402402903e-01 1.415822785640545416e-04
3.702702702702703186e-01 2.314119818313788103e-04
4.103003003003003468e-01 3.534079175492923228e-04
4.503303303303303751e-01 5.115069526482799280e-04
4.903603603603604588e-01 7.089130105149051703e-04
5.303903903903904871e-01 9.480878446132885067e-04
5.704204204204205153e-01 1.230778598654565454e-03
6.104504504504505435e-01 1.558068305499154746e-03
6.504804804804805718e-01 1.930439245190627940e-03
6.905105105105106000e-01 2.347842084552203071e-03
7.305405405405406283e-01 2.809765999025669141e-03
7.705705705705706565e-01 3.315306652101647489e-03
8.106006006006006848e-01 3.863230109305123162e-03
8.506306306306307130e-01 4.452031607790932558e-03
8.906606606606607413e-01 5.079988682858329468e-03
9.306906906906907695e-01 5.745208541619259771e-03
9.707207207207209088e-01 6.445669826210078009e-03
1.010750750750750937e+00 7.179259064617929398e-03
1.050780780780780965e+00 7.943802195777787886e-03
1.090810810810810993e+00 8.737091598275585971e-03
1.130840840840841022e+00 9.556909063922622988e-03
1.170870870870871050e+00 1.040104514938519110e-02
1.210900900900901078e+00 1.126731531850590391e-02
1.250930930930931106e+00 1.215357326017608292e-02
1.290960960960961135e+00 1.305772173519994042e-02
1.330990990990991163e+00 1.397772127294261493e-02
1.371021021021021191e+00 1.491159700625592673e-02
1.411051051051051219e+00 1.585744390222313879e-02
1.451081081081081248e+00 1.681343061724607790e-02
1.491111111111111276e+00 1.777780217822468728e-02
1.531141141141141304e+00 1.874888166717094892e-02
1.571171171171171332e+00 1.972507106455190576e-02
1.611201201201201361e+00 2.070485138688745591e-02
1.651231231231231389e+00 2.168678223650602477e-02
1.691261261261261417e+00 2.266950086572648917e-02
1.731291291291291445e+00 2.365172084392122565e-02
1.771321321321321474e+00 2.463223040374904610e-02
1.811351351351351502e+00 2.560989053216559952e-02
1.851381381381381530e+00 2.658363286246247584e-02
1.891411411411411558e+00 2.755245741541136051e-02
1.931441441441441809e+00 2.851543023045918779e-02
1.971471471471471837e+00 2.947168092171490242e-02
2.011501501501501643e+00 3.042040018807670373e-02
2.051531531531531449e+00 3.136083730217158194e-02
2.091561561561561700e+00 3.229229759873087496e-02
2.131591591591591506e+00 3.321413997952557540e-02
2.171621621621621756e+00 3.412577444896617435e-02
2.211651651651651562e+00 3.502665969187222783e-02
2.251681681681681813e+00 3.591630070268367336e-02
2.291711711711711619e+00 3.679424647346939137e-02
2.331741741741741869e+00 3.766008774645195067e-02
2.371771771771771675e+00 3.851345483536934566e-02
2.411801801801801926e+00 3.935401551880669813e-02
2.451831831831831732e+00 4.018147300762485441e-02
2.491861861861861982e+00 4.099556398776254412e-02
2.531891891891891788e+00 4.179605673897538592e-02
2.571921921921922038e+00 4.258274932947955088e-02
2.611951951951952289e+00 4.335546788597205436e-02
2.651981981981982095e+00 4.411406493809340301e-02
2.692012012012012345e+00 4.485841783606544370e-02
2.732042042042042151e+00 4.558842723996982260e-02
2.772072072072072402e+00 4.630401567892018788e-02
2.812102102102102208e+00 4.700512617821642897e-02
2.852132132132132458e+00 4.769172095244424842e-02
2.892162162162162264e+00 4.836378016239301081e-02
2.932192192192192515e+00 4.902130073360431300e-02
2.972222222222222321e+00 4.966429523432615983e-02
3.012252252252252571e+00 5.029279081063164902e-02
3.052282282282282377e+00 5.090682817646317859e-02
3.092312312312312628e+00 5.150646065637749793e-02
3.132342342342342434e+00 5.209175327879480427e-02
3.172372372372372684e+00 5.266278191759250077e-02
3.212402402402402490e+00 5.321963247992799600e-02
3.252432432432432741e+00 5.376240013822652930e-02
3.292462462462462547e+00 5.429118860432528143e-02
3.332492492492492797e+00 5.480610944382500321e-02
3.372522522522522603e+00 5.530728142876124853e-02
3.412552552552552854e+00 5.579482992677230191e-02
3.452582582582582660e+00 5.626888632500492288e-02
3.492612612612612910e+00 5.672958748706464355e-02
3.532642642642642716e+00 5.717707524138262304e-02
3.572672672672672967e+00 5.761149589943608679e-02
3.612702702702702773e+00 5.803299980232328598e-02
3.652732732732733023e+00 5.844174089425709095e-02
3.692762762762762829e+00 5.883787632160314418e-02
3.732792792792793080e+00 5.922156605614860292e-02
3.772822822822822886e+00 5.959297254134656580e-02
3.812852852852853136e+00 5.995226036033764888e-02
3.852882882882883386e+00 6.029959592460608364e-02
3.892912912912913193e+00 6.063514718218069449e-02
3.932942942942943443e+00 6.095908334434220477e-02
3.972972972972973249e+00 6.127157462984874486e-02
4.013003003003003499e+00 6.157279202573840565e-02
4.053033033033033306e+00 6.186290706381365745e-02
4.093063063063063112e+00 6.214209161195656528e-02
4.133093093093093806e+00 6.241051767946558665e-02
4.173123123123123612e+00 6.266835723564516403e-02
4.213153153153153418e+00 6.291578204091777260e-02
4.253183183183183225e+00 6.315296348976529028e-02
4.293213213213213919e+00 6.338007246484100854e-02
4.333243243243243725e+00 6.359727920162780435e-02
4.373273273273273531e+00 6.380475316305005140e-02
4.413303303303303338e+00 6.400266292347671360e-02
4.453333333333334032e+00 6.419117606158294964e-02
4.493363363363363838e+00 6.437045906156453612e-02
4.533393393393393644e+00 6.454067722222650572e-02
4.573423423423423451e+00 6.470199457349162797e-02
4.613453453453454145e+00 6.485457379989900684e-02
4.653483483483483951e+00 6.499857617068525995e-02
4.693513513513513757e+00 6.513416147606236606e-02
4.733543543543543564e+00 6.526148796932698670e-02
4.773573573573574258e+00 6.538071231445491405e-02
4.813603603603604064e+00 6.549198953885379537e-02
4.853633633633633870e+00 6.559547299096379902e-02
4.893663663663663677e+00 6.569131430241281766e-02
4.933693693693694371e+00 6.577966335444919432e-02
4.973723723723724177e+00 6.586066824838891776e-02
5.013753753753753983e+00 6.593447527982952694e-02
5.053783783783783790e+00 6.600122891639539913e-02
5.093813813813814484e+00 6.606107177879275150e-02
5.133843843843844290e+00 6.611414462496448263e-02
5.173873873873874096e+00 6.616058633714605453e-02
5.213903903903904791e+00 6.620053391163535639e-02
5.253933933933934597e+00 6.623412245109916441e-02
5.293963963963964403e+00 6.626148515924870641e-02
5.333993993993994209e+00 6.628275333772654099e-02
5.374024024024024904e+00 6.629805638505485710e-02
5.414054054054054710e+00 6.630752179750490360e-02
5.454084084084084516e+00 6.631127517175364194e-02
5.494114114114114322e+00 6.630944020920274962e-02
5.534144144144145017e+00 6.630213872184073653e-02
5.574174174174174823e+00 6.628949063953663845e-02
5.614204204204204629e+00 6.627161401865962198e-02
5.654234234234234435e+00 6.624862505192516404e-02
5.694264264264265130e+00 6.622063807937358937e-02
5.734294294294294936e+00 6.618776560039298096e-02
5.774324324324324742e+00 6.615011828670266936e-02
5.814354354354354548e+00 6.610780499621894679e-02
5.854384384384385243e+00 6.606093278772924571e-02
5.894414414414415049e+00 6.600960693630461562e-02
5.934444444444444855e+00 6.595393094938553635e-02
5.974474474474474661e+00 6.589400658347892292e-02
6.014504504504505356e+00 6.582993386140856273e-02
6.054534534534535162e+00 6.576181109006419556e-02
6.094564564564564968e+00 6.568973487859829097e-02
6.134594594594594774e+00 6.561380015702190927e-02
6.174624624624625469e+00 6.553410019515483464e-02
6.214654654654655275e+00 6.545072662188707036e-02
6.254684684684685081e+00 6.536376944471221362e-02
6.294714714714714887e+00 6.527331706949514312e-02
6.334744744744745581e+00 6.517945632043889437e-02
6.374774774774775388e+00 6.508227246021822121e-02
6.414804804804805194e+00 6.498184921024874328e-02
6.454834834834835888e+00 6.487826877106318835e-02
6.494864864864865694e+00 6.477161184276783445e-02
6.534894894894895501e+00 6.466195764555388026e-02
6.574924924924925307e+00 6.454938394024048454e-02
6.614954954954956001e+00 6.443396704882754789e-02
6.654984984984985807e+00 6.431578187503789179e-02
6.695015015015015614e+00 6.419490192482975310e-02
6.735045045045045420e+00 6.407139932686208017e-02
6.775075075075076114e+00 6.394534485289629644e-02
6.815105105105105920e+00 6.381680793811925212e-02
6.855135135135135727e+00 6.368585670137300037e-02
6.895165165165165533e+00 6.355255796527911616e-02
6.935195195195196227e+00 6.341697727624452663e-02
6.975225225225226033e+00 6.327917892433874980e-02
7.015255255255255840e+00 6.313922596303141177e-02
7.055285285285285646e+00 6.299718022878138257e-02
7.095315315315316340e+00 6.285310236046848242e-02
7.135345345345346146e+00 6.270705181865998679e-02
7.175375375375375953e+00 6.255908690470494971e-02
7.215405405405405759e+00 6.240926477964955227e-02
7.255435435435436453e+00 6.225764148296768219e-02
7.295465465465466259e+00 6.210427195110156812e-02
7.335495495495496066e+00 6.194921003580745877e-02
7.375525525525525872e+00 6.179250852230211422e-02
7.415555555555556566e+00 6.163421914720659811e-02
7.455585585585586372e+00 6.147439261628360324e-02
7.495615615615616179e+00 6.131307862196579139e-02
7.535645645645645985e+00 6.115032586067233045e-02
7.575675675675676679e+00 6.098618204991176905e-02
7.615705705705706485e+00 6.082069394516916028e-02
7.655735735735736291e+00 6.065390735657626153e-02
7.695765765765766986e+00 6.048586716536349245e-02
7.735795795795796792e+00 6.031661734009273468e-02
7.775825825825826598e+00 6.014620095267055738e-02
7.815855855855856404e+00 5.997466019414127852e-02
7.855885885885887099e+00 5.980203639026001466e-02
7.895915915915916905e+00 5.962837001684558047e-02
7.935945945945946711e+00 5.945370071491376529e-02
7.975975975975976517e+00 5.927806730559109089e-02
8.016006006006007212e+00 5.910150780481030625e-02
8.056036036036037018e+00 5.892405943778793176e-02
8.096066066066066824e+00 5.874575865328498375e-02
8.136096096096096630e+00 5.856664113765223251e-02
8.176126126126126437e+00 5.838674182866090967e-02
8.216156156156156243e+00 5.820609492912034305e-02
8.256186186186187825e+00 5.802473392028421190e-02
8.296216216216217632e+00 5.784269157504668551e-02
8.336246246246247438e+00 5.765999997093020080e-02
8.376276276276277244e+00 5.747669050286689785e-02
8.416306306306307050e+00 5.729279389577511539e-02
8.456336336336336856e+00 5.710834021693327739e-02
8.496366366366366663e+00 5.692335888815277384e-02
8.536396396396396469e+00 5.673787869775218096e-02
8.576426426426428051e+00 5.655192781233453481e-02
8.616456456456457857e+00 5.636553378837029504e-02
8.656486486486487664e+00 5.617872358358755314e-02
8.696516516516517470e+00 5.599152356817218429e-02
8.736546546546547276e+00 5.580395953577999002e-02
8.776576576576577082e+00 5.561605671436292697e-02
8.816606606606606888e+00 5.542783977681210034e-02
8.856636636636636695e+00 5.523933285141940236e-02
8.896666666666668277e+00 5.505055953216037024e-02
8.936696696696698083e+00 5.486154288880060875e-02
8.976726726726727890e+00 5.467230547682790792e-02
9.016756756756757696e+00 5.448286934721266461e-02
9.056786786786787502e+00 5.429325605599872456e-02
9.096816816816817308e+00 5.410348667372719828e-02
9.136846846846847114e+00 5.391358179469551287e-02
9.176876876876878697e+00 5.372356154605400363e-02
9.216906906906908503e+00 5.353344559674251546e-02
9.256936936936938309e+00 5.334325316626917224e-02
9.296966966966968116e+00 5.315300303333393706e-02
9.336996996996997922e+00 5.296271354429889916e-02
9.377027027027027728e+00 5.277240262150794531e-02
9.417057057057057534e+00 5.258208777145795959e-02
9.457087087087087340e+00 5.239178609282368893e-02
9.497117117117118923e+00 5.220151428433893875e-02
9.537147147147148729e+00 5.201128865253589612e-02
9.577177177177178535e+00 5.182112511934508503e-02
9.617207207207208342e+00 5.163103922955811914e-02
9.657237237237238148e+00 5.144104615815541653e-02
9.697267267267267954e+00 5.125116071750100699e-02
9.737297297297297760e+00 5.106139736440674926e-02
9.777327327327327566e+00 5.087177020706779018e-02
9.817357357357359149e+00 5.068229301187176378e-02
9.857387387387388955e+00 5.049297921008346485e-02
9.897417417417418761e+00 5.030384190440727321e-02
9.937447447447448567e+00 5.011489387542919505e-02
9.977477477477478374e+00 4.992614758794085977e-02
1.001750750750750818e+01 4.973761519714695045e-02
1.005753753753753799e+01 4.954930855475860041e-02
1.009756756756756779e+01 4.936123921497421324e-02
1.013759759759759937e+01 4.917341844034999604e-02
1.017762762762762918e+01 4.898585720756184342e-02
1.021765765765765899e+01 4.879856621306049441e-02
1.025768768768768879e+01 4.861155587862199534e-02
1.029771771771771860e+01 4.842483635679497439e-02
1.033774774774774841e+01 4.823841753624676792e-02
1.037777777777777821e+01 4.805230904701007777e-02
1.041780780780780979e+01 4.786652026563178314e-02
1.045783783783783960e+01 4.768106032022592644e-02
1.049786786786786941e+01 4.749593809543217748e-02
1.053789789789789921e+01 4.731116223728178138e-02
1.057792792792792902e+01 4.712674115797243352e-02
1.061795795795795883e+01 4.694268304055375374e-02
1.065798798798798863e+01 4.675899584352494892e-02
1.069801801801801844e+01 4.657568730534620421e-02
1.073804804804805002e+01 4.639276494886546837e-02
1.077807807807807983e+01 4.621023608566195151e-02
1.081810810810810963e+01 4.602810782030795217e-02
1.085813813813813944e+01 4.584638705455058860e-02
1.089816816816816925e+01 4.566508049141453779e-02
1.093819819819819905e+01 4.548419463922762085e-02
1.097822822822822886e+01 4.530373581557037288e-02
1.101825825825825866e+01 4.512371015115106826e-02
1.105828828828829025e+01 4.494412359360744347e-02
1.109831831831832005e+01 4.476498191123671339e-02
1.113834834834834986e+01 4.458629069665481781e-02
1.117837837837837967e+01 4.440805537038654965e-02
1.121840840840840947e+01 4.423028118438762646e-02
1.125843843843843928e+01 4.405297322549989181e-02
1.129846846846846908e+01 4.387613641884116622e-02
1.133849849849849889e+01 4.369977553113061491e-02
1.137852852852853047e+01 4.352389517395094387e-02
1.141855855855856028e+01 4.334849980694878424e-02
1.145858858858859008e+01 4.317359374097399366e-02
1.149861861861861989e+01 4.299918114115941492e-02
1.153864864864864970e+01 4.282526602994189691e-02
1.157867867867867950e+01 4.265185229002586842e-02
1.161870870870870931e+01 4.247894366729033228e-02
1.165873873873874089e+01 4.230654377364052171e-02
1.169876876876877070e+01 4.213465608980517668e-02
1.173879879879880050e+01 4.196328396808029354e-02
1.177882882882883031e+01 4.179243063502064565e-02
1.181885885885886012e+01 4.162209919407976882e-02
1.185888888888888992e+01 4.145229262819950106e-02
1.189891891891891973e+01 4.128301380235008256e-02
1.193894894894894954e+01 4.111426546602149623e-02
1.197897897897898112e+01 4.094605025566729062e-02
1.201900900900901092e+01 4.077837069710145423e-02
1.205903903903904073e+01 4.061122920784943774e-02
1.209906906906907054e+01 4.044462809945408022e-02
1.213909909909910034e+01 4.027856957973725838e-02
1.217912912912913015e+01 4.011305575501829951e-02
1.221915915915915996e+01 3.994808863228957452e-02
1.225918918918918976e+01 3.978367012135044373e-02
1.229921921921922134e+01 3.961980203690020769e-02
1.233924924924925115e+01 3.945648610059072914e-02
1.237927927927928096e+01 3.929372394303961430e-02
1.241930930930931076e+01 3.913151710580468207e-02
1.245933933933934057e+01 3.896986704332034562e-02
1.249936936936937038e+01 3.880877512479678770e-02
1.253939939939940018e+01 3.864824263608240829e-02
1.257942942942942999e+01 3.848827078149048148e-02
1.261945945945946157e+01 3.832886068559049342e-02
1.265948948948949138e+01 3.817001339496496615e-02
1.269951951951952118e+01 3.801172987993228086e-02
1.273954954954955099e+01 3.785401103623624308e-02
1.277957957957958079e+01 3.769685768670305581e-02
1.281960960960961060e+01 3.754027058286613788e-02
1.285963963963964041e+01 3.738425040655962012e-02
1.289966966966967199e+01 3.722879777148081770e-02
1.293969969969970180e+01 3.707391322472264328e-02
1.297972972972973160e+01 3.691959724827618972e-02
1.301975975975976141e+01 3.676585026050414179e-02
1.305978978978979121e+01 3.661267261758575919e-02
1.309981981981982102e+01 3.646006461493367379e-02
1.313984984984985083e+01 3.630802648858317411e-02
1.317987987987988063e+01 3.615655841655456698e-02
1.321990990990991222e+01 3.600566052018898400e-02
1.325993993993994202e+01 3.585533286545823650e-02
1.329996996996997183e+01 3.570557546424906609e-02
1.334000000000000163e+01 3.555638827562255383e-02
1.338003003003003144e+01 3.540777120704885483e-02
1.342006006006006125e+01 3.525972411561781317e-02
1.346009009009009105e+01 3.511224680922609559e-02
1.350012012012012086e+01 3.496533904774098978e-02
1.354015015015015244e+01 3.481900054414159562e-02
1.358018018018018225e+01 3.467323096563756230e-02
1.362021021021021205e+01 3.452802993476601634e-02
1.366024024024024186e+01 3.438339703046703472e-02
1.370027027027027167e+01 3.423933178913791259e-02
1.374030030030030147e+01 3.409583370566692667e-02
1.378033033033033128e+01 3.395290223444669131e-02
1.382036036036036108e+01 3.381053679036761378e-02
1.386039039039039267e+01 3.366873674979192071e-02
1.390042042042042247e+01 3.352750145150842909e-02
1.394045045045045228e+01 3.338683019766852667e-02
1.398048048048048209e+01 3.324672225470379910e-02
1.402051051051051189e+01 3.310717685422545631e-02
1.406054054054054170e+01 3.296819319390609931e-02
1.410057057057057150e+01 3.282977043834400810e-02
1.414060060060060309e+01 3.269190771991035277e-02
1.418063063063063289e+01 3.255460413957973059e-02
1.422066066066066270e+01 3.241785876774407743e-02
1.426069069069069251e+01 3.228167064501064748e-02
1.430072072072072231e+01 3.214603878298404049e-02
1.434075075075075212e+01 3.201096216503271363e-02
1.438078078078078192e+01 3.187643974704026939e-02
1.442081081081081173e+01 3.174247045814183182e-02
1.446084084084084331e+01 3.160905320144569153e-02
1.450087087087087312e+01 3.147618685474063566e-02
1.454090090090090293e+01 3.134387027118904628e-02
1.458093093093093273e+01 3.121210228000630485e-02
1.462096096096096254e+01 3.108088168712646107e-02
1.466099099099099234e+01 3.095020727585470754e-02
1.470102102102102215e+01 3.082007780750663575e-02
1.474105105105105196e+01 3.069049202203481472e-02
1.478108108108108354e+01 3.056144863864261249e-02
1.482111111111111335e+01 3.043294635638581908e-02
1.486114114114114315e+01 3.030498385476209852e-02
1.490117117117117296e+01 3.017755979428846103e-02
1.494120120120120276e+01 3.005067281706727197e-02
1.498123123123123257e+01 2.992432154734062447e-02
1.502126126126126238e+01 2.979850459203359225e-02
1.506129129129129218e+01 2.967322054128645678e-02
1.510132132132132377e+01 2.954846796897609915e-02
1.514135135135135357e+01 2.942424543322684841e-02
1.518138138138138338e+01 2.930055147691086256e-02
1.522141141141141318e+01 2.917738462813833714e-02
1.526144144144144299e+01 2.905474340073775641e-02
1.530147147147147280e+01 2.893262629472619779e-02
1.534150150150150260e+01 2.881103179677017845e-02
1.538153153153153418e+01 2.868995838063687770e-02
1.542156156156156399e+01 2.856940450763621048e-02
1.546159159159159380e+01 2.844936862705373451e-02
1.550162162162162360e+01 2.832984917657467572e-02
1.554165165165165341e+01 2.821084458269917591e-02
1.558168168168168322e+01 2.809235326114893280e-02
1.562171171171171302e+01 2.797437361726549943e-02
1.566174174174174283e+01 2.785690404640019102e-02
1.570177177177177441e+01 2.773994293429598440e-02
1.574180180180180422e+01 2.762348865746140983e-02
1.578183183183183402e+01 2.750753958353666095e-02
1.582186186186186383e+01 2.739209407165204418e-02
1.586189189189189364e+01 2.727715047277888549e-02
1.590192192192192344e+01 2.716270713007311668e-02
1.594195195195195325e+01 2.704876237921161400e-02
1.598198198198198305e+01 2.693531454872142433e-02
1.602201201201201641e+01 2.682236196030203523e-02
1.606204204204204444e+01 2.670990292914090722e-02
1.610207207207207603e+01 2.659793576422214353e-02
1.614210210210210406e+01 2.648645876862874837e-02
1.618213213213213564e+01 2.637547023983832437e-02
1.622216216216216722e+01 2.626496847001257018e-02
1.626219219219219525e+01 2.615495174628049840e-02
1.630222222222222683e+01 2.604541835101548825e-02
1.634225225225225486e+01 2.593636656210661362e-02
1.638228228228228645e+01 2.582779465322384421e-02
1.642231231231231448e+01 2.571970089407771276e-02
1.646234234234234606e+01 2.561208355067320225e-02
1.650237237237237764e+01 2.550494088555820688e-02
1.654240240240240567e+01 2.539827115806654600e-02
1.658243243243243725e+01 2.529207262455560740e-02
1.662246246246246528e+01 2.518634353863889730e-02
1.666249249249249686e+01 2.508108215141327882e-02
1.670252252252252489e+01 2.497628671168143633e-02
1.674255255255255648e+01 2.487195546616917385e-02
1.678258258258258806e+01 2.476808665973812343e-02
1.682261261261261609e+01 2.466467853559349208e-02
1.686264264264264767e+01 2.456172933548729509e-02
1.690267267267267570e+01 2.445923729991703391e-02
1.694270270270270728e+01 2.435720066831981168e-02
1.698273273273273531e+01 2.425561767926222301e-02
1.702276276276276690e+01 2.415448657062571960e-02
1.706279279279279493e+01 2.405380557978800335e-02
1.710282282282282651e+01 2.395357294380006524e-02
1.714285285285285809e+01 2.385378689955933509e-02
1.718288288288288612e+01 2.375444568397875461e-02
1.722291291291291770e+01 2.365554753415195083e-02
1.726294294294294573e+01 2.355709068751465213e-02
1.730297297297297732e+01 2.345907338200222195e-02
1.734300300300300535e+01 2.336149385620370222e-02
1.738303303303303693e+01 2.326435034951198494e-02
1.742306306306306851e+01 2.316764110227074319e-02
1.746309309309309654e+01 2.307136435591761181e-02
1.750312312312312812e+01 2.297551835312409627e-02
1.754315315315315615e+01 2.288010133793221337e-02
1.758318318318318774e+01 2.278511155588763826e-02
1.762321321321321577e+01 2.269054725416986065e-02
1.766324324324324735e+01 2.259640668171905911e-02
1.770327327327327538e+01 2.250268808935990475e-02
1.774330330330330696e+01 2.240938972992237085e-02
1.778333333333333854e+01 2.231650985835955531e-02
1.782336336336336657e+01 2.222404673186257826e-02
1.786339339339339816e+01 2.213199860997254811e-02
1.790342342342342619e+01 2.204036375468996362e-02
1.794345345345345777e+01 2.194914043058102462e-02
1.798348348348348580e+01 2.185832690488160451e-02
1.802351351351351738e+01 2.176792144759825617e-02
1.806354354354354896e+01 2.167792233160686227e-02
1.810357357357357699e+01 2.158832783274864178e-02
1.814360360360360858e+01 2.149913622992368975e-02
1.818363363363363661e+01 2.141034580518207456e-02
1.822366366366366819e+01 2.132195484381248576e-02
1.826369369369369622e+01 2.123396163442868578e-02
1.830372372372372780e+01 2.114636446905347397e-02
1.834375375375375938e+01 2.105916164320051007e-02
1.838378378378378741e+01 2.097235145595392411e-02
1.842381381381381900e+01 2.088593221004568512e-02
1.846384384384384703e+01 2.079990221193094013e-02
1.850387387387387861e+01 2.071425977186115708e-02
1.854390390390390664e+01 2.062900320395538029e-02
1.858393393393393822e+01 2.054413082626928636e-02
1.862396396396396625e+01 2.045964096086248102e-02
1.866399399399399783e+01 2.037553193386368658e-02
1.870402402402402942e+01 2.029180207553421891e-02
1.874405405405405745e+01 2.020844972032947301e-02
1.878408408408408903e+01 2.012547320695862868e-02
1.882411411411411706e+01 2.004287087844269441e-02
1.886414414414414864e+01 1.996064108217063260e-02
1.890417417417417667e+01 1.987878216995393049e-02
1.894420420420420825e+01 1.979729249807940170e-02
1.898423423423423984e+01 1.971617042736040909e-02
1.902426426426426787e+01 1.963541432318644323e-02
1.906429429429429945e+01 1.955502255557114988e-02
1.910432432432432748e+01 1.947499349919883452e-02
1.914435435435435906e+01 1.939532553346939511e-02
1.918438438438438709e+01 1.931601704254184634e-02
1.922441441441441867e+01 1.923706641537632767e-02
1.926444444444445026e+01 1.915847204577478952e-02
1.930447447447447828e+01 1.908023233242013561e-02
1.934450450450450987e+01 1.900234567891416482e-02
1.938453453453453790e+01 1.892481049381408015e-02
1.942456456456456948e+01 1.884762519066766548e-02
1.946459459459459751e+01 1.877078818804730001e-02
1.950462462462462909e+01 1.869429790958260229e-02
1.954465465465465712e+01 1.861815278399189463e-02
1.958468468468468870e+01 1.854235124511243935e-02
1.962471471471472029e+01 1.846689173192953698e-02
1.966474474474474832e+01 1.839177268860443457e-02
1.970477477477477990e+01 1.831699256450109239e-02
1.974480480480480793e+01 1.824254981421186139e-02
1.978483483483483951e+01 1.816844289758210579e-02
1.982486486486486754e+01 1.809467027973371209e-02
1.986489489489489912e+01 1.802123043108753639e-02
1.990492492492493071e+01 1.794812182738496006e-02
1.994495495495495874e+01 1.787534294970827276e-02
1.998498498498499032e+01 1.780289228450021924e-02
2.002501501501501835e+01 1.773076832358252974e-02
2.006504504504504993e+01 1.765896956417350658e-02
2.010507507507507796e+01 1.758749450890470523e-02
2.014510510510510954e+01 1.751634166583675850e-02
2.018513513513513757e+01 1.744550954847428823e-02
2.022516516516516916e+01 1.737499667577986975e-02
2.026519519519520074e+01 1.730480157218737894e-02
2.030522522522522877e+01 1.723492276761426703e-02
2.034525525525526035e+01 1.716535879747321455e-02
2.038528528528528838e+01 1.709610820268289699e-02
2.042531531531531996e+01 1.702716952967799763e-02
2.046534534534534799e+01 1.695854133041854381e-02
2.050537537537537958e+01 1.689022216239832383e-02
2.054540540540541116e+01 1.682221058865282504e-02
2.058543543543543919e+01 1.675450517776625944e-02
2.062546546546547077e+01 1.668710450387800651e-02
2.066549549549549880e+01 1.662000714668835158e-02
2.070552552552553038e+01 1.655321169146354437e-02
2.074555555555555841e+01 1.648671672904028149e-02
2.078558558558559000e+01 1.642052085582944299e-02
2.082561561561562158e+01 1.635462267381934676e-02
2.086564564564564961e+01 1.628902079057827079e-02
2.090567567567568119e+01 1.622371381925647241e-02
2.094570570570570922e+01 1.615870037858762459e-02
2.098573573573574080e+01 1.609397909288961051e-02
2.102576576576576883e+01 1.602954859206487739e-02
2.106579579579580042e+01 1.596540751160015897e-02
2.110582582582582845e+01 1.590155449256575038e-02
2.114585585585586003e+01 1.583798818161418973e-02
2.118588588588589161e+01 1.577470723097850261e-02
2.122591591591591964e+01 1.571171029846992612e-02
2.126594594594595122e+01 1.564899604747516104e-02
2.130597597597597925e+01 1.558656314695314009e-02
2.134600600600601084e+01 1.552441027143136067e-02
2.138603603603603887e+01 1.546253610100180483e-02
2.142606606606607045e+01 1.540093932131629539e-02
2.146609609609610203e+01 1.533961862358159019e-02
2.150612612612613006e+01 1.527857270455395926e-02
2.154615615615616164e+01 1.521780026653338398e-02
2.158618618618618967e+01 1.515730001735736583e-02
2.162621621621622126e+01 1.509707067039430667e-02
2.166624624624624929e+01 1.503711094453663924e-02
2.170627627627628087e+01 1.497741956419337828e-02
2.174630630630630890e+01 1.491799525928255883e-02
2.178633633633634048e+01 1.485883676522312298e-02
2.182636636636637206e+01 1.479994282292656019e-02
2.186639639639640009e+01 1.474131217878826491e-02
2.190642642642643168e+01 1.468294358467839116e-02
2.194645645645645970e+01 1.462483579793263586e-02
2.198648648648649129e+01 1.456698758134248976e-02
2.202651651651651932e+01 1.450939770314535644e-02
2.206654654654655090e+01 1.445206493701426537e-02
2.210657657657658248e+01 1.439498806204739419e-02
2.214660660660661051e+01 1.433816586275720069e-02
2.218663663663664209e+01 1.428159712905943679e-02
2.222666666666667012e+01 1.422528065626174273e-02
2.226669669669670171e+01 1.416921524505209903e-02
2.230672672672672974e+01 1.411339970148700260e-02
2.234675675675676132e+01 1.405783283697934101e-02
2.238678678678679290e+01 1.400251346828617141e-02
2.242681681681682093e+01 1.394744041749607782e-02
2.246684684684685251e+01 1.389261251201649727e-02
2.250687687687688054e+01 1.383802858456070241e-02
2.254690690690691213e+01 1.378368747313461241e-02
2.258693693693694016e+01 1.372958802102346512e-02
2.262696696696697174e+01 1.367572907677814913e-02
2.266699699699699977e+01 1.362210949420149773e-02
2.270702702702703135e+01 1.356872813233429495e-02
2.274705705705706293e+01 1.351558385544113922e-02
2.278708708708709096e+01 1.346267553299615796e-02
2.282711711711712255e+01 1.341000203966844460e-02
2.286714714714715058e+01 1.335756225530752156e-02
2.290717717717718216e+01 1.330535506492843550e-02
2.294720720720721019e+01 1.325337935869683528e-02
2.298723723723724177e+01 1.320163403191387461e-02
2.302726726726727335e+01 1.315011798500092741e-02
2.306729729729730138e+01 1.309883012348422165e-02
2.310732732732733297e+01 1.304776935797926848e-02
2.314735735735736100e+01 1.299693460417527223e-02
2.318738738738739258e+01 1.294632478281924730e-02
2.322741741741742061e+01 1.289593881970022352e-02
2.326744744744745219e+01 1.284577564563311840e-02
2.330747747747748377e+01 1.279583419644267708e-02
2.334750750750751180e+01 1.274611341294718155e-02
2.338753753753754339e+01 1.269661224094211817e-02
2.342756756756757142e+01 1.264732963118373604e-02
2.346759759759760300e+01 1.259826453937245259e-02
2.350762762762763103e+01 1.254941592613628004e-02
2.354765765765766261e+01 1.250078275701404368e-02
2.358768768768769064e+01 1.245236400243858454e-02
2.362771771771772222e+01 1.240415863771983720e-02
2.366774774774775381e+01 1.235616564302790751e-02
2.370777777777778184e+01 1.230838400337596304e-02
2.374780780780781342e+01 1.226081270860311309e-02
2.378783783783784145e+01 1.221345075335725575e-02
2.382786786786787303e+01 1.216629713707776186e-02
2.386789789789790106e+01 1.211935086397821805e-02
2.390792792792793264e+01 1.207261094302897533e-02
2.394795795795796423e+01 1.202607638793976551e-02
2.398798798798799226e+01 1.197974621714218389e-02
2.402801801801802384e+01 1.193361945377214781e-02
2.406804804804805187e+01 1.188769512565234117e-02
2.410807807807808345e+01 1.184197226527451512e-02
2.414810810810811148e+01 1.179644990978187362e-02
2.418813813813814306e+01 1.175112710095132379e-02
2.422816816816817109e+01 1.170600288517574528e-02
2.426819819819820268e+01 1.166107631344618506e-02
2.430822822822823426e+01 1.161634644133404184e-02
2.434825825825826229e+01 1.157181232897323830e-02
2.438828828828829387e+01 1.152747304104230486e-02
2.442831831831832190e+01 1.148332764674652069e-02
2.446834834834835348e+01 1.143937521979996111e-02
2.450837837837838151e+01 1.139561483840760212e-02
2.454840840840841310e+01 1.135204558524727930e-02
2.458843843843844468e+01 1.130866654745179764e-02
2.462846846846847271e+01 1.126547681659088862e-02
2.466849849849850429e+01 1.122247548865321076e-02
2.470852852852853232e+01 1.117966166402836400e-02
2.474855855855856390e+01 1.113703444748886245e-02
2.478858858858859193e+01 1.109459294817207592e-02
2.482861861861862351e+01 1.105233627956225123e-02
2.486864864864865510e+01 1.101026355947243469e-02
2.490867867867868313e+01 1.096837391002648994e-02
2.494870870870871471e+01 1.092666645764100476e-02
2.498873873873874274e+01 1.088514033300732459e-02
2.502876876876877432e+01 1.084379467107347839e-02
2.506879879879880235e+01 1.080262861102620695e-02
2.510882882882883393e+01 1.076164129627291653e-02
2.514885885885886196e+01 1.072083187442371237e-02
2.518888888888889355e+01 1.068019949727337832e-02
2.522891891891892513e+01 1.063974332078341731e-02
2.526894894894895316e+01 1.059946250506409691e-02
2.530897897897898474e+01 1.055935621435649154e-02
2.534900900900901277e+01 1.051942361701454880e-02
2.538903903903904435e+01 1.047966388548719242e-02
2.542906906906907238e+01 1.044007619630041468e-02
2.546909909909910397e+01 1.040065973003941047e-02
2.550912912912913555e+01 1.036141367133073393e-02
2.554915915915916358e+01 1.032233720882446554e-02
2.558918918918919516e+01 1.028342953517640164e-02
2.562921921921922319e+01 1.024468984703029266e-02
2.566924924924925477e+01 1.020611734500009166e-02
2.570927927927928280e+01 1.016771123365220117e-02
2.574930930930931439e+01 1.012947072148782067e-02
2.578933933933934597e+01 1.009139502092526973e-02
2.582936936936937400e+01 1.005348334828235109e-02
2.586939939939940558e+01 1.001573492375872412e-02
2.590942942942943361e+01 9.978148971418389357e-03
2.594945945945946519e+01 9.940724719172101820e-03
2.598948948948949322e+01 9.903461398759921472e-03
2.602951951951952481e+01 9.866358245733690760e-03
2.606954954954955284e+01 9.829414499439657893e-03
2.610957957957958442e+01 9.792629403001053279e-03
2.614960960960961600e+01 9.756002203300773515e-03
2.618963963963964403e+01 9.719532150964008133e-03
2.622966966966967561e+01 9.683218500341031140e-03
2.626969969969970364e+01 9.647060509489924912e-03
2.630972972972973523e+01 9.611057440159404691e-03
2.634975975975976326e+01 9.575208557771665643e-03
2.638978978978979484e+01 9.539513131405266341e-03
2.642981981981982642e+01 9.503970433778097249e-03
2.646984984984985445e+01 9.468579741230321450e-03
2.650987987987988603e+01 9.433340333707414260e-03
2.654990990990991406e+01 9.398251494743247933e-03
2.658993993993994565e+01 9.363312511443167702e-03
2.662996996996997368e+01 9.328522674467223941e-03
2.667000000000000526e+01 9.293881278013293307e-03
2.671003003003003329e+01 9.259387619800420188e-03
2.675006006006006487e+01 9.225041001052055809e-03
2.679009009009009645e+01 9.190840726479451717e-03
2.683012012012012448e+01 9.156786104265058485e-03
2.687015015015015607e+01 9.122876446045948690e-03
2.691018018018018410e+01 9.089111066897359592e-03
2.695021021021021568e+01 9.055489285316228876e-03
2.699024024024024371e+01 9.022010423204794571e-03
2.703027027027027529e+01 8.988673805854243554e-03
2.707030030030030687e+01 8.955478761928455447e-03
2.711033033033033490e+01 8.922424623447729186e-03
2.715036036036036649e+01 8.889510725772589370e-03
2.719039039039039451e+01 8.856736407587689763e-03
2.723042042042042610e+01 8.824101010885701188e-03
2.727045045045045413e+01 8.791603880951286143e-03
2.731048048048048571e+01 8.759244366345132413e-03
2.735051051051051729e+01 8.727021818888050855e-03
2.739054054054054532e+01 8.694935593645076663e-03
2.743057057057057690e+01 8.662985048909672969e-03
2.747060060060060493e+01 8.631169546188009051e-03
2.751063063063063652e+01 8.599488450183191690e-03
2.755066066066066455e+01 8.567941128779704707e-03
2.759069069069069613e+01 8.536526953027744405e-03
2.763072072072072416e+01 8.505245297127754511e-03
2.767075075075075574e+01 8.474095538414900403e-03
2.771078078078078732e+01 8.443077057343687311e-03
2.775081081081081535e+01 8.412189237472582001e-03
2.779084084084084694e+01 8.381431465448707305e-03
2.783087087087087497e+01 8.350803130992609513e-03
2.787090090090090655e+01 8.320303626883043119e-03
2.791093093093093458e+01 8.289932348941875251e-03
2.795096096096096616e+01 8.259688696018977969e-03
2.799099099099099774e+01 8.229572069977238516e-03
2.803102102102102577e+01 8.199581875677576515e-03
2.807105105105105736e+01 8.169717520964072180e-03
2.811108108108108539e+01 8.139978416649089332e-03
2.815111111111111697e+01 8.110363976498526778e-03
2.819114114114114500e+01 8.080873617217085303e-03
2.823117117117117658e+01 8.051506758433564157e-03
2.827120120120120816e+01 8.022262822686315395e-03
2.831123123123123619e+01 7.993141235408649653e-03
2.835126126126126778e+01 7.964141424914361611e-03
2.839129129129129581e+01 7.935262822383298831e-03
2.843132132132132739e+01 7.906504861846977428e-03
2.847135135135135542e+01 7.877866980174298359e-03
2.851138138138138700e+01 7.849348617057249830e-03
2.855141141141141503e+01 7.820949214996753690e-03
2.859144144144144661e+01 7.792668219288488400e-03
2.863147147147147820e+01 7.764505078008868133e-03
2.867150150150150623e+01 7.736459242000968094e-03
2.871153153153153781e+01 7.708530164860591220e-03
2.875156156156156584e+01 7.680717302922364376e-03
2.879159159159159742e+01 7.653020115245900458e-03
2.883162162162162545e+01 7.625438063602029033e-03
2.887165165165165703e+01 7.597970612459037376e-03
2.891168168168168862e+01 7.570617228969043350e-03
2.895171171171171665e+01 7.543377382954386499e-03
2.899174174174174823e+01 7.516250546894055577e-03
2.903177177177177626e+01 7.489236195910241832e-03
2.907180180180180784e+01 7.462333807754870617e-03
2.911183183183183587e+01 7.435542862796276978e-03
2.915186186186186745e+01 7.408862844005856090e-03
2.919189189189189548e+01 7.382293236944837724e-03
2.923192192192192707e+01 7.355833529751097145e-03
2.927195195195195865e+01 7.329483213125996370e-03
2.931198198198198668e+01 7.303241780321335572e-03
2.935201201201201826e+01 7.277108727126327045e-03
2.939204204204204629e+01 7.251083551854642026e-03
2.943207207207207787e+01 7.225165755331507816e-03
2.947210210210210590e+01 7.199354840880867364e-03
2.951213213213213749e+01 7.173650314312598683e-03
2.955216216216216907e+01 7.148051683909803673e-03
2.959219219219219710e+01 7.122558460416106470e-03
2.963222222222222868e+01 7.097170157023096650e-03
2.967225225225225671e+01 7.071886289357735139e-03
2.971228228228228829e+01 7.046706375469877215e-03
2.975231231231231632e+01 7.021629935819863159e-03
2.979234234234234791e+01 6.996656493266092437e-03
2.983237237237237949e+01 6.971785573052740985e-03
2.987240240240240752e+01 6.947016702797499318e-03
2.991243243243243910e+01 6.922349412479333192e-03
2.995246246246246713e+01 6.897783234426389971e-03
2.999249249249249871e+01 6.873317703303857308e-03
3.003252252252252674e+01 6.848952356101957115e-03
3.007255255255255832e+01 6.824686732123960362e-03
3.011258258258258635e+01 6.800520372974278201e-03
3.015261261261261794e+01 6.776452822546572170e-03
3.019264264264264952e+01 6.752483627011976290e-03
3.023267267267267755e+01 6.728612334807329565e-03
3.027270270270270913e+01 6.704838496623468334e-03
3.031273273273273716e+01 6.681161665393624445e-03
3.035276276276276874e+01 6.657581396281801733e-03
3.039279279279279677e+01 6.634097246671267871e-03
3.043282282282282836e+01 6.610708776153081771e-03
3.047285285285285994e+01 6.587415546514674772e-03
3.051288288288288797e+01 6.564217121728478654e-03
3.055291291291291955e+01 6.541113067940635198e-03
3.059294294294294758e+01 6.518102953459722210e-03
3.063297297297297916e+01 6.495186348745576703e-03
3.067300300300300719e+01 6.472362826398147563e-03
3.071303303303303878e+01 6.449631961146390716e-03
3.075306306306307036e+01 6.426993329837250163e-03
3.079309309309309839e+01 6.404446511424684990e-03
3.083312312312312997e+01 6.381991086958700710e-03
3.087315315315315800e+01 6.359626639574540198e-03
3.091318318318318958e+01 6.337352754481805246e-03
3.095321321321321761e+01 6.315169018953724692e-03
3.099324324324324920e+01 6.293075022316423420e-03
3.103327327327327723e+01 6.271070355938275498e-03
3.107330330330330881e+01 6.249154613219294607e-03
3.111333333333334039e+01 6.227327389580564372e-03
3.115336336336336842e+01 6.205588282453756294e-03
3.119339339339340000e+01 6.183936891270662428e-03
3.123342342342342803e+01 6.162372817452816537e-03
3.127345345345345962e+01 6.140895664401112633e-03
3.131348348348348765e+01 6.119505037485567511e-03
3.135351351351351923e+01 6.098200544035013021e-03
3.139354354354355081e+01 6.076981793326959209e-03
3.143357357357357884e+01 6.055848396577425373e-03
3.147360360360361042e+01 6.034799966930849170e-03
3.151363363363363845e+01 6.013836119450061656e-03
3.155366366366367004e+01 5.992956471106285730e-03
3.159369369369369807e+01 5.972160640769223934e-03
3.163372372372372965e+01 5.951448249197126283e-03
3.167375375375375768e+01 5.930818919027006433e-03
3.171378378378378926e+01 5.910272274764804927e-03
3.175381381381382084e+01 5.889807942775692959e-03
3.179384384384384887e+01 5.869425551274355321e-03
3.183387387387388046e+01 5.849124730315357484e-03
3.187390390390390849e+01 5.828905111783572526e-03
3.191393393393394007e+01 5.808766329384615866e-03
3.195396396396396810e+01 5.788708018635365000e-03
3.199399399399399968e+01 5.768729816854521741e-03
3.203402402402402771e+01 5.748831363153210881e-03
3.207405405405405929e+01 5.729012298425621361e-03
3.211408408408408377e+01 5.709272265339727231e-03
3.215411411411411535e+01 5.689610908328015561e-03
3.219414414414414694e+01 5.670027873578302804e-03
3.223417417417417852e+01 5.650522809024571998e-03
3.227420420420420299e+01 5.631095364337835966e-03
3.231423423423423458e+01 5.611745190917122837e-03
3.235426426426426616e+01 5.592471941880421647e-03
3.239429429429429774e+01 5.573275272055729437e-03
3.243432432432432933e+01 5.554154837972124364e-03
3.247435435435435380e+01 5.535110297850885652e-03
3.251438438438438538e+01 5.516141311596669053e-03
3.255441441441441697e+01 5.497247540788716136e-03
3.259444444444444855e+01 5.478428648672120822e-03
3.263447447447448013e+01 5.459684300149133217e-03
3.267450450450450461e+01 5.441014161770501602e-03
3.271453453453453619e+01 5.422417901726875149e-03
3.275456456456456777e+01 5.403895189840245659e-03
3.279459459459459936e+01 5.385445697555439615e-03
3.283462462462462383e+01 5.367069097931637979e-03
3.287465465465465542e+01 5.348765065633939372e-03
3.291468468468468700e+01 5.330533276925008244e-03
3.295471471471471858e+01 5.312373409656701365e-03
3.299474474474475016e+01 5.294285143261808803e-03
3.303477477477477464e+01 5.276268158745779299e-03
3.307480480480480622e+01 5.258322138678504613e-03
3.311483483483483781e+01 5.240446767186180202e-03
3.315486486486486939e+01 5.222641729943172835e-03
3.319489489489489387e+01 5.204906714163926376e-03
3.323492492492492545e+01 5.187241408594939554e-03
3.327495495495495703e+01 5.169645503506778428e-03
3.331498498498498861e+01 5.152118690686100129e-03
3.335501501501502020e+01 5.134660663427761604e-03
3.339504504504504467e+01 5.117271116526947439e-03
3.343507507507507626e+01 5.099949746271324573e-03
3.347510510510510784e+01 5.082696250433277677e-03
3.351513513513513942e+01 5.065510328262156671e-03
3.355516516516517100e+01 5.048391680476563281e-03
3.359519519519519548e+01 5.031340009256706977e-03
3.363522522522522706e+01 5.014355018236750505e-03
3.367525525525525865e+01 4.997436412497261241e-03
3.371528528528529023e+01 4.980583898557640853e-03
3.375531531531531471e+01 4.963797184368642576e-03
3.379534534534534629e+01 4.947075979304888481e-03
3.383537537537537787e+01 4.930419994157463938e-03
3.387540540540540945e+01 4.913828941126518156e-03
3.391543543543544104e+01 4.897302533813940179e-03
3.395546546546546551e+01 4.880840487216021872e-03
3.399549549549549710e+01 4.864442517716214588e-03
3.403552552552552868e+01 4.848108343077890160e-03
3.407555555555556026e+01 4.831837682437160018e-03
3.411558558558558474e+01 4.815630256295703841e-03
3.415561561561561632e+01 4.799485786513680609e-03
3.419564564564564790e+01 4.783403996302632716e-03
3.423567567567567949e+01 4.767384610218451668e-03
3.427570570570571107e+01 4.751427354154389750e-03
3.431573573573573555e+01 4.735531955334081229e-03
3.435576576576576713e+01 4.719698142304614742e-03
3.439579579579579871e+01 4.703925644929656848e-03
3.443582582582583029e+01 4.688214194382583390e-03
3.447585585585585477e+01 4.672563523139691526e-03
3.451588588588588635e+01 4.656973364973377057e-03
3.455591591591591794e+01 4.641443454945427122e-03
3.459594594594594952e+01 4.625973529400291204e-03
3.463597597597598110e+01 4.610563325958427598e-03
3.467600600600600558e+01 4.595212583509649014e-03
3.471603603603603716e+01 4.579921042206531491e-03
3.475606606606606874e+01 4.564688443457846738e-03
3.479609609609610033e+01 4.549514529922040439e-03
3.483612612612613191e+01 4.534399045500720968e-03
3.487615615615615638e+01 4.519341735332216628e-03
3.491618618618618797e+01 4.504342345785129417e-03
3.495621621621621955e+01 4.489400624451960788e-03
3.499624624624625113e+01 4.474516320142758220e-03
3.503627627627627561e+01 4.459689182878768740e-03
3.507630630630630719e+01 4.444918963886174829e-03
3.511633633633633877e+01 4.430205415589824267e-03
3.515636636636637036e+01 4.415548291607014619e-03
3.519639639639640194e+01 4.400947346741301142e-03
3.523642642642642642e+01 4.386402336976352387e-03
3.527645645645645800e+01 4.371913019469809286e-03
3.531648648648648958e+01 4.357479152547211881e-03
3.535651651651652116e+01 4.343100495695940803e-03
3.539654654654654564e+01 4.328776809559189975e-03
3.543657657657657722e+01 4.314507855929965337e-03
3.547660660660660881e+01 4.300293397745146885e-03
3.551663663663664039e+01 4.286133199079552453e-03
3.555666666666667197e+01 4.272027025140034441e-03
3.559669669669669645e+01 4.257974642259628600e-03
3.563672672672672803e+01 4.243975817891706276e-03
3.567675675675675961e+01 4.230030320604196911e-03
3.571678678678679120e+01 4.216137920073800144e-03
3.575681681681682278e+01 4.202298387080250809e-03
3.579684684684684726e+01 4.188511493500618639e-03
3.583687687687687884e+01 4.174777012303624441e-03
3.587690690690691042e+01 4.161094717543992703e-03
3.591693693693694200e+01 4.147464384356848444e-03
3.595696696696696648e+01 4.133885788952126189e-03
3.599699699699699806e+01 4.120358708608997181e-03
3.603702702702702965e+01 4.106882921670367698e-03
3.607705705705706123e+01 4.093458207537382584e-03
3.611708708708709281e+01 4.080084346663942658e-03
3.615711711711711729e+01 4.066761120551281965e-03
3.619714714714714887e+01 4.053488311742551101e-03
3.623717717717718045e+01 4.040265703817448248e-03
3.627720720720721204e+01 4.027093081386874489e-03
3.631723723723723651e+01 4.013970230087589991e-03
3.635726726726726810e+01 4.000896936576958662e-03
3.639729729729729968e+01 3.987872988527648571e-03
3.643732732732733126e+01 3.974898174622423438e-03
3.647735735735736284e+01 3.961972284548934999e-03
3.651738738738738732e+01 3.949095108994522298e-03
3.655741741741741890e+01 3.936266439641094260e-03
3.659744744744745049e+01 3.923486069159975824e-03
3.663747747747748207e+01 3.910753791206842550e-03
3.667750750750751365e+01 3.898069400416628773e-03
3.671753753753753813e+01 3.885432692398512952e-03
3.675756756756756971e+01 3.872843463730874826e-03
3.679759759759760129e+01 3.860301511956337576e-03
3.683762762762763288e+01 3.847806635576795677e-03
3.687765765765765735e+01 3.835358634048488275e-03
3.691768768768768894e+01 3.822957307777091231e-03
3.695771771771772052e+01 3.810602458112832130e-03
3.699774774774775210e+01 3.798293887345654315e-03
3.703777777777778368e+01 3.786031398700385672e-03
3.707780780780780816e+01 3.773814796331930420e-03
3.711783783783783974e+01 3.761643885320491675e-03
3.715786786786787133e+01 3.749518471666844332e-03
3.719789789789790291e+01 3.737438362287593199e-03
3.723792792792792739e+01 3.725403365010493580e-03
3.727795795795795897e+01 3.713413288569757977e-03
3.731798798798799055e+01 3.701467942601417878e-03
3.735801801801802213e+01 3.689567137638719366e-03
3.739804804804805372e+01 3.677710685107501380e-03
3.743807807807807819e+01 3.665898397321650740e-03
3.747810810810810978e+01 3.654130087478517277e-03
3.751813813813814136e+01 3.642405569654436938e-03
3.755816816816817294e+01 3.630724658800204598e-03
3.759819819819820452e+01 3.619087170736601505e-03
3.763822822822822900e+01 3.607492922149968268e-03
3.767825825825826058e+01 3.595941730587743582e-03
3.771828828828829216e+01 3.584433414454107469e-03
3.775831831831832375e+01 3.572967793005561200e-03
3.779834834834834822e+01 3.561544686346599601e-03
3.783837837837837981e+01 3.550163915425369032e-03
3.787840840840841139e+01 3.538825302029373517e-03
3.791843843843844297e+01 3.527528668781169593e-03
3.795846846846847455e+01 3.516273839134129685e-03
3.799849849849849903e+01 3.505060637368186821e-03
3.803852852852853061e+01 3.493888888585622732e-03
3.807855855855856220e+01 3.482758418706887165e-03
3.811858858858859378e+01 3.471669054466420667e-03
3.815861861861861826e+01 3.460620623408498624e-03
3.819864864864864984e+01 3.449612953883125169e-03
3.823867867867868142e+01 3.438645875041909748e-03
3.827870870870871300e+01 3.427719216834020435e-03
3.831873873873874459e+01 3.416832810002085226e-03
3.835876876876876906e+01 3.405986486078180914e-03
3.839879879879880065e+01 3.395180077379816343e-03
3.843882882882883223e+01 3.384413417005938639e-03
3.847885885885886381e+01 3.373686338832952887e-03
3.851888888888889539e+01 3.362998677510783876e-03
3.855891891891891987e+01 3.352350268458944346e-03
3.859894894894895145e+01 3.341740947862627525e-03
3.863897897897898304e+01 3.331170552668814844e-03
3.867900900900901462e+01 3.320638920582422680e-03
3.871903903903903910e+01 3.310145890062454310e-03
3.875906906906907068e+01 3.299691300318166164e-03
3.879909909909910226e+01 3.289274991305271394e-03
3.883912912912913384e+01 3.278896803722171609e-03
3.887915915915916543e+01 3.268556579006170418e-03
3.891918918918918990e+01 3.258254159329744201e-03
3.895921921921922149e+01 3.247989387596824165e-03
3.899924924924925307e+01 3.237762107439083603e-03
3.903927927927928465e+01 3.227572163212265050e-03
3.907930930930930913e+01 3.217419399992520451e-03
3.911933933933934071e+01 3.207303663572754794e-03
3.915936936936937229e+01 3.197224800459022662e-03
3.919939939939940388e+01 3.187182657866910462e-03
3.923942942942943546e+01 3.177177083717959861e-03
3.927945945945945994e+01 3.167207926636100325e-03
3.931948948948949152e+01 3.157275035944109853e-03
3.935951951951952310e+01 3.147378261660078308e-03
3.939954954954955468e+01 3.137517454493909345e-03
3.943957957957957916e+01 3.127692465843835787e-03
3.947960960960961074e+01 3.117903147792929364e-03
3.951963963963964233e+01 3.108149353105677231e-03
3.955966966966967391e+01 3.098430935224532039e-03
3.959969969969970549e+01 3.088747748266502773e-03
3.963972972972972997e+01 3.079099647019762059e-03
3.967975975975976155e+01 3.069486486940265196e-03
3.971978978978979313e+01 3.059908124148388257e-03
3.975981981981982472e+01 3.050364415425597421e-03
3.979984984984985630e+01 3.040855218211115270e-03
3.983987987987988078e+01 3.031380390598629581e-03
3.987990990990991236e+01 3.021939791332976105e-03
3.991993993993994394e+01 3.012533279806913714e-03
3.995996996996997552e+01 3.003160716057826259e-03
4.000000000000000000e+01 2.993821960764526339e-03
