5.000000000000000000e-01 2.753405682001819969e+03
5.082582582582582109e-01 2.754435253647469835e+03
5.165165165165165329e-01 2.755464178580829412e+03
5.247747747747747438e-01 2.756492455789678388e+03
5.330330330330330657e-01 2.757520084262146611e+03
5.412912912912912766e-01 2.758547062986712263e+03
5.495495495495494875e-01 2.759573390952209593e+03
5.578078078078078095e-01 2.760599067147825281e+03
5.660660660660660204e-01 2.761624090563103891e+03
5.743243243243243423e-01 2.762648460187947421e+03
5.825825825825825532e-01 2.763672175012618482e+03
5.908408408408408752e-01 2.764695234027739389e+03
5.990990990990990861e-01 2.765717636224295802e+03
6.073573573573574080e-01 2.766739380593638543e+03
6.156156156156156189e-01 2.767760466127484960e+03
6.238738738738738299e-01 2.768780891817918473e+03
6.321321321321321518e-01 2.769800656657394484e+03
6.403903903903903627e-01 2.770819759638738105e+03
6.486486486486486847e-01 2.771838199755146434e+03
6.569069069069068956e-01 2.772855976000193550e+03
6.651651651651651065e-01 2.773873087367826884e+03
6.734234234234234284e-01 2.774889532852373577e+03
6.816816816816816393e-01 2.775905311448539578e+03
6.899399399399399613e-01 2.776920422151411913e+03
6.981981981981981722e-01 2.777934863956459139e+03
7.064564564564563831e-01 2.778948635859535898e+03
7.147147147147147050e-01 2.779961736856881544e+03
7.229729729729730270e-01 2.780974165945124696e+03
7.312312312312312379e-01 2.781985922121280055e+03
7.394894894894894488e-01 2.782997004382757495e+03
7.477477477477477708e-01 2.784007411727355702e+03
7.560060060060059817e-01 2.785017143153269899e+03
7.642642642642643036e-01 2.786026197659089576e+03
7.725225225225225145e-01 2.787034574243802581e+03
7.807807807807807254e-01 2.788042271906796032e+03
7.890390390390390474e-01 2.789049289647857677e+03
7.972972972972972583e-01 2.790055626467176808e+03
8.055555555555555802e-01 2.791061281365347440e+03
8.138138138138137911e-01 2.792066253343369226e+03
8.220720720720720021e-01 2.793070541402650178e+03
8.303303303303303240e-01 2.794074144545006220e+03
8.385885885885886459e-01 2.795077061772662546e+03
8.468468468468468568e-01 2.796079292088259535e+03
8.551051051051050678e-01 2.797080834494848659e+03
8.633633633633632787e-01 2.798081687995899756e+03
8.716216216216216006e-01 2.799081851595297849e+03
8.798798798798799226e-01 2.800081324297347237e+03
8.881381381381381335e-01 2.801080105106772862e+03
8.963963963963963444e-01 2.802078193028721671e+03
9.046546546546545553e-01 2.803075587068763525e+03
9.129129129129128772e-01 2.804072286232894839e+03
9.211711711711711992e-01 2.805068289527540401e+03
9.294294294294294101e-01 2.806063595959550639e+03
9.376876876876876210e-01 2.807058204536207995e+03
9.459459459459459429e-01 2.808052114265226010e+03
9.542042042042041539e-01 2.809045324154752507e+03
9.624624624624624758e-01 2.810037833213371414e+03
9.707207207207206867e-01 2.811029640450101851e+03
9.789789789789788976e-01 2.812020744874401316e+03
9.872372372372372196e-01 2.813011145496170229e+03
9.954954954954955415e-01 2.814000841325746478e+03
1.003753753753753752e+00 2.814989831373914967e+03
1.012012012012011963e+00 2.815978114651904889e+03
1.020270270270270174e+00 2.816965690171390634e+03
1.028528528528528607e+00 2.817952556944496791e+03
1.036786786786786596e+00 2.818938713983796788e+03
1.045045045045045029e+00 2.819924160302315158e+03
1.053303303303303240e+00 2.820908894913531640e+03
1.061561561561561451e+00 2.821892916831379353e+03
1.069819819819819884e+00 2.822876225070248438e+03
1.078078078078078095e+00 2.823858818644986968e+03
1.086336336336336306e+00 2.824840696570902310e+03
1.094594594594594517e+00 2.825821857863764308e+03
1.102852852852852727e+00 2.826802301539805740e+03
1.111111111111111160e+00 2.827782026615723225e+03
1.119369369369369371e+00 2.828761032108680865e+03
1.127627627627627582e+00 2.829739317036309330e+03
1.135885885885885793e+00 2.830716880416709955e+03
1.144144144144144004e+00 2.831693721268454283e+03
1.152402402402402437e+00 2.832669838610589068e+03
1.160660660660660648e+00 2.833645231462632637e+03
1.168918918918918859e+00 2.834619898844580803e+03
1.177177177177177292e+00 2.835593839776908226e+03
1.185435435435435281e+00 2.836567053280565688e+03
1.193693693693693714e+00 2.837539538376988730e+03
1.201951951951951925e+00 2.838511294088093564e+03
1.210210210210210136e+00 2.839482319436280704e+03
1.218468468468468568e+00 2.840452613444437247e+03
1.226726726726726557e+00 2.841422175135938232e+03
1.234984984984984990e+00 2.842391003534644824e+03
1.243243243243243201e+00 2.843359097664913406e+03
1.251501501501501412e+00 2.844326456551591036e+03
1.259759759759759845e+00 2.845293079220016352e+03
1.268018018018017834e+00 2.846258964696027306e+03
1.276276276276276267e+00 2.847224112005957522e+03
1.284534534534534478e+00 2.848188520176639486e+03
1.292792792792792689e+00 2.849152188235406811e+03
1.301051051051051122e+00 2.850115115210094245e+03
1.309309309309309111e+00 2.851077300129042669e+03
1.317567567567567544e+00 2.852038742021095004e+03
1.325825825825825754e+00 2.852999439915603944e+03
1.334084084084083965e+00 2.853959392842429679e+03
1.342342342342342398e+00 2.854918599831943538e+03
1.350600600600600387e+00 2.855877059915027985e+03
1.358858858858858820e+00 2.856834772123080256e+03
1.367117117117117031e+00 2.857791735488011000e+03
1.375375375375375242e+00 2.858747949042248820e+03
1.383633633633633675e+00 2.859703411818740278e+03
1.391891891891891886e+00 2.860658122850952168e+03
1.400150150150150097e+00 2.861612081172874241e+03
1.408408408408408308e+00 2.862565285819016935e+03
1.416666666666666519e+00 2.863517735824418196e+03
1.424924924924924952e+00 2.864469430224639837e+03
1.433183183183183163e+00 2.865420368055775270e+03
1.441441441441441373e+00 2.866370548354444963e+03
1.449699699699699806e+00 2.867319970157801436e+03
1.457957957957957795e+00 2.868268632503530625e+03
1.466216216216216228e+00 2.869216534429852800e+03
1.474474474474474439e+00 2.870163674975524373e+03
1.482732732732732650e+00 2.871110053179840179e+03
1.490990990990991083e+00 2.872055668082634384e+03
1.499249249249249072e+00 2.873000518724281847e+03
1.507507507507507505e+00 2.873944604145700396e+03
1.515765765765765716e+00 2.874887923388351737e+03
1.524024024024023927e+00 2.875830475494245093e+03
1.532282282282282138e+00 2.876772259505934926e+03
1.540540540540540571e+00 2.877713274466526855e+03
1.548798798798798781e+00 2.878653519419676286e+03
1.557057057057056992e+00 2.879592993409591600e+03
1.565315315315315203e+00 2.880531695481034603e+03
1.573573573573573414e+00 2.881469624679323260e+03
1.581831831831831847e+00 2.882406780050331236e+03
1.590090090090090058e+00 2.883343160640494261e+03
1.598348348348348269e+00 2.884278765496806045e+03
1.606606606606606480e+00 2.885213593666821907e+03
1.614864864864864691e+00 2.886147644198663329e+03
1.623123123123123124e+00 2.887080916141015223e+03
1.631381381381381335e+00 2.888013408543128207e+03
1.639639639639639546e+00 2.888945120454825428e+03
1.647897897897897757e+00 2.889876050926496646e+03
1.656156156156156189e+00 2.890806199009103693e+03
1.664414414414414400e+00 2.891735563754183659e+03
1.672672672672672611e+00 2.892664144213846612e+03
1.680930930930930822e+00 2.893591939440780607e+03
1.689189189189189033e+00 2.894518948488250771e+03
1.697447447447447466e+00 2.895445170410101127e+03
1.705705705705705677e+00 2.896370604260760501e+03
1.713963963963963888e+00 2.897295249095236159e+03
1.722222222222222099e+00 2.898219103969124717e+03
1.730480480480480310e+00 2.899142167938603961e+03
1.738738738738738743e+00 2.900064440060442848e+03
1.746996996996996954e+00 2.900985919391998777e+03
1.755255255255255165e+00 2.901906604991220320e+03
1.763513513513513375e+00 2.902826495916647673e+03
1.771771771771771586e+00 2.903745591227416298e+03
1.780030030030030019e+00 2.904663889983256468e+03
1.788288288288288230e+00 2.905581391244496899e+03
1.796546546546546441e+00 2.906498094072063850e+03
1.804804804804804652e+00 2.907413997527484753e+03
1.813063063063063085e+00 2.908329100672890490e+03
1.821321321321321296e+00 2.909243402571012666e+03
1.829579579579579507e+00 2.910156902285191791e+03
1.837837837837837718e+00 2.911069598879372734e+03
1.846096096096095929e+00 2.911981491418108817e+03
1.854354354354354362e+00 2.912892578966565452e+03
1.862612612612612573e+00 2.913802860590518321e+03
1.870870870870870784e+00 2.914712335356357016e+03
1.879129129129128994e+00 2.915621002331084128e+03
1.887387387387387205e+00 2.916528860582320704e+03
1.895645645645645638e+00 2.917435909178306247e+03
1.903903903903903849e+00 2.918342147187898263e+03
1.912162162162162060e+00 2.919247573680576807e+03
1.920420420420420271e+00 2.920152187726442662e+03
1.928678678678678482e+00 2.921055988396224166e+03
1.936936936936936915e+00 2.921958974761272657e+03
1.945195195195195126e+00 2.922861145893568846e+03
1.953453453453453337e+00 2.923762500865722814e+03
1.961711711711711548e+00 2.924663038750973101e+03
1.969969969969969981e+00 2.925562758623193531e+03
1.978228228228228192e+00 2.926461659556889117e+03
1.986486486486486402e+00 2.927359740627202427e+03
1.994744744744744613e+00 2.928257000909912222e+03
2.003003003003002824e+00 2.929153439481435726e+03
2.011261261261261257e+00 2.930049055418830449e+03
2.019519519519519690e+00 2.930943847799796458e+03
2.027777777777777679e+00 2.931837815702676380e+03
2.036036036036035668e+00 2.932730958206457672e+03
2.044294294294294101e+00 2.933623274390775350e+03
2.052552552552552534e+00 2.934514763335910629e+03
2.060810810810810523e+00 2.935405424122797285e+03
2.069069069069068956e+00 2.936295255833017563e+03
2.077327327327327389e+00 2.937184257548808091e+03
2.085585585585585378e+00 2.938072428353058967e+03
2.093843843843843811e+00 2.938959767329317401e+03
2.102102102102102243e+00 2.939846273561787257e+03
2.110360360360360232e+00 2.940731946135331782e+03
2.118618618618618221e+00 2.941616784135474973e+03
2.126876876876877098e+00 2.942500786648402936e+03
2.135135135135135087e+00 2.943383952760965713e+03
2.143393393393393076e+00 2.944266281560677271e+03
2.151651651651651509e+00 2.945147772135722789e+03
2.159909909909909942e+00 2.946028423574950921e+03
2.168168168168167931e+00 2.946908234967883345e+03
2.176426426426426364e+00 2.947787205404712495e+03
2.184684684684684797e+00 2.948665333976303828e+03
2.192942942942942786e+00 2.949542619774198556e+03
2.201201201201200774e+00 2.950419061890614103e+03
2.209459459459459651e+00 2.951294659418443189e+03
2.217717717717717640e+00 2.952169411451262476e+03
2.225975975975975629e+00 2.953043317083324837e+03
2.234234234234234062e+00 2.953916375409569810e+03
2.242492492492492495e+00 2.954788585525618601e+03
2.250750750750750484e+00 2.955659946527779994e+03
2.259009009009008917e+00 2.956530457513047168e+03
2.267267267267267350e+00 2.957400117579105427e+03
2.275525525525525339e+00 2.958268925824327653e+03
2.283783783783783772e+00 2.959136881347780673e+03
2.292042042042042205e+00 2.960003983249223438e+03
2.300300300300300194e+00 2.960870230629110665e+03
2.308558558558558182e+00 2.961735622588592832e+03
2.316816816816816615e+00 2.962600158229519366e+03
2.325075075075075048e+00 2.963463836654440001e+03
2.333333333333333037e+00 2.964326656966602968e+03
2.341591591591591470e+00 2.965188618269962717e+03
2.349849849849849903e+00 2.966049719669175829e+03
2.358108108108107892e+00 2.966909960269604198e+03
2.366366366366366325e+00 2.967769339177319125e+03
2.374624624624624758e+00 2.968627855499099496e+03
2.382882882882882747e+00 2.969485508342435878e+03
2.391141141141140736e+00 2.970342296815529153e+03
2.399399399399399613e+00 2.971198220027295065e+03
2.407657657657657602e+00 2.972053277087363767e+03
2.415915915915915591e+00 2.972907467106082549e+03
2.424174174174174023e+00 2.973760789194517201e+03
2.432432432432432456e+00 2.974613242464451559e+03
2.440690690690690445e+00 2.975464826028393418e+03
2.448948948948948878e+00 2.976315538999570435e+03
2.457207207207207311e+00 2.977165380491937412e+03
2.465465465465465300e+00 2.978014349620172652e+03
2.473723723723723289e+00 2.978862445499683417e+03
2.481981981981982166e+00 2.979709667246605022e+03
2.490240240240240155e+00 2.980556013977804014e+03
2.498498498498498144e+00 2.981401484810876809e+03
2.506756756756756577e+00 2.982246078864157425e+03
2.515015015015015010e+00 2.983089795256711568e+03
2.523273273273272999e+00 2.983932633108341633e+03
2.531531531531531432e+00 2.984774591539590347e+03
2.539789789789789864e+00 2.985615669671738488e+03
2.548048048048047853e+00 2.986455866626807165e+03
2.556306306306306286e+00 2.987295181527561908e+03
2.564564564564564275e+00 2.988133613497512670e+03
2.572822822822822708e+00 2.988971161660913367e+03
2.581081081081081141e+00 2.989807825142765523e+03
2.589339339339339130e+00 2.990643603068820994e+03
2.597597597597597563e+00 2.991478494565580604e+03
2.605855855855855552e+00 2.992312498760296421e+03
2.614114114114113985e+00 2.993145614780976302e+03
2.622372372372372418e+00 2.993977841756379803e+03
2.630630630630630407e+00 2.994809178816025451e+03
2.638888888888888840e+00 2.995639625090188019e+03
2.647147147147146828e+00 2.996469179709902164e+03
2.655405405405405261e+00 2.997297841806963788e+03
2.663663663663663694e+00 2.998125610513930951e+03
2.671921921921921683e+00 2.998952484964125688e+03
2.680180180180180116e+00 2.999778464291634464e+03
2.688438438438438105e+00 3.000603547631312267e+03
2.696696696696696538e+00 3.001427734118781700e+03
2.704954954954954971e+00 3.002251022890435252e+03
2.713213213213212960e+00 3.003073413083437572e+03
2.721471471471471393e+00 3.003894903835725472e+03
2.729729729729729382e+00 3.004715494286010653e+03
2.737987987987987815e+00 3.005535183573780159e+03
2.746246246246246248e+00 3.006353970839299109e+03
2.754504504504504236e+00 3.007171855223612056e+03
2.762762762762762669e+00 3.007988835868542992e+03
2.771021021021021102e+00 3.008804911916697620e+03
2.779279279279279091e+00 3.009620082511467444e+03
2.787537537537537524e+00 3.010434346797025228e+03
2.795795795795795513e+00 3.011247703918333627e+03
2.804054054054053946e+00 3.012060153021141105e+03
2.812312312312312379e+00 3.012871693251986017e+03
2.820570570570570368e+00 3.013682323758198891e+03
2.828828828828828801e+00 3.014492043687901059e+03
2.837087087087086790e+00 3.015300852190008754e+03
2.845345345345345223e+00 3.016108748414231741e+03
2.853603603603603656e+00 3.016915731511080139e+03
2.861861861861861644e+00 3.017721800631859423e+03
2.870120120120120077e+00 3.018526954928675877e+03
2.878378378378378066e+00 3.019331193554437505e+03
2.886636636636636499e+00 3.020134515662854028e+03
2.894894894894894932e+00 3.020936920408440983e+03
2.903153153153152921e+00 3.021738406946518808e+03
2.911411411411411354e+00 3.022538974433214662e+03
2.919669669669669343e+00 3.023338622025466520e+03
2.927927927927927776e+00 3.024137348881019534e+03
2.936186186186186209e+00 3.024935154158432852e+03
2.944444444444444198e+00 3.025732037017078255e+03
2.952702702702702631e+00 3.026527996617141525e+03
2.960960960960960620e+00 3.027323032119625623e+03
2.969219219219219053e+00 3.028117142686349325e+03
2.977477477477477485e+00 3.028910327479953139e+03
2.985735735735735474e+00 3.029702585663895661e+03
2.993993993993993907e+00 3.030493916402458581e+03
3.002252252252251896e+00 3.031284318860746680e+03
3.010510510510510329e+00 3.032073792204690108e+03
3.018768768768768762e+00 3.032862335601044379e+03
3.027027027027026751e+00 3.033649948217394467e+03
3.035285285285285184e+00 3.034436629222154352e+03
3.043543543543543173e+00 3.035222377784566106e+03
3.051801801801801606e+00 3.036007193074708084e+03
3.060060060060060039e+00 3.036791074263489463e+03
3.068318318318318028e+00 3.037574020522655701e+03
3.076576576576576461e+00 3.038356031024788990e+03
3.084834834834834894e+00 3.039137104943308714e+03
3.093093093093092882e+00 3.039917241452474173e+03
3.101351351351351315e+00 3.040696439727386405e+03
3.109609609609609304e+00 3.041474698943988187e+03
3.117867867867867737e+00 3.042252018279065851e+03
3.126126126126126170e+00 3.043028396910251104e+03
3.134384384384384159e+00 3.043803834016023302e+03
3.142642642642642592e+00 3.044578328775709451e+03
3.150900900900900581e+00 3.045351880369485571e+03
3.159159159159159014e+00 3.046124487978379420e+03
3.167417417417417447e+00 3.046896150784271867e+03
3.175675675675675436e+00 3.047666867969896884e+03
3.183933933933933869e+00 3.048436638718843824e+03
3.192192192192191857e+00 3.049205462215559692e+03
3.200450450450450290e+00 3.049973337645349147e+03
3.208708708708708723e+00 3.050740264194376778e+03
3.216966966966966712e+00 3.051506241049668006e+03
3.225225225225225145e+00 3.052271267399111821e+03
3.233483483483483134e+00 3.053035342431459867e+03
3.241741741741741567e+00 3.053798465336331446e+03
3.250000000000000000e+00 3.054560635304209882e+03
3.258258258258257989e+00 3.055321851526448881e+03
3.266516516516516422e+00 3.056082113195270267e+03
3.274774774774774411e+00 3.056841419503770339e+03
3.283033033033032844e+00 3.057599769645913511e+03
3.291291291291291277e+00 3.058357162816542314e+03
3.299549549549549265e+00 3.059113598211372391e+03
3.307807807807807698e+00 3.059869075026995688e+03
3.316066066066065687e+00 3.060623592460884538e+03
3.324324324324324120e+00 3.061377149711390302e+03
3.332582582582582553e+00 3.062129745977744278e+03
3.340840840840840542e+00 3.062881380460062246e+03
3.349099099099098975e+00 3.063632052359341742e+03
3.357357357357356964e+00 3.064381760877467514e+03
3.365615615615615397e+00 3.065130505217211976e+03
3.373873873873873830e+00 3.065878284582232027e+03
3.382132132132131819e+00 3.066625098177077234e+03
3.390390390390390252e+00 3.067370945207188015e+03
3.398648648648648685e+00 3.068115824878895637e+03
3.406906906906906674e+00 3.068859736399426311e+03
3.415165165165165106e+00 3.069602678976902098e+03
3.423423423423423095e+00 3.070344651820340005e+03
3.431681681681681528e+00 3.071085654139656526e+03
3.439939939939939961e+00 3.071825685145667194e+03
3.448198198198197950e+00 3.072564744050088393e+03
3.456456456456456383e+00 3.073302830065537364e+03
3.464714714714714372e+00 3.074039942405538568e+03
3.472972972972972805e+00 3.074776080284516866e+03
3.481231231231231238e+00 3.075511242917807976e+03
3.489489489489489227e+00 3.076245429521651658e+03
3.497747747747747660e+00 3.076978639313200347e+03
3.506006006006005649e+00 3.077710871510513698e+03
3.514264264264264082e+00 3.078442125332565411e+03
3.522522522522522515e+00 3.079172399999242771e+03
3.530780780780780503e+00 3.079901694731347106e+03
3.539039039039038936e+00 3.080630008750595607e+03
3.547297297297296925e+00 3.081357341279623142e+03
3.555555555555555358e+00 3.082083691541984535e+03
3.563813813813813791e+00 3.082809058762153654e+03
3.572072072072071780e+00 3.083533442165525685e+03
3.580330330330330213e+00 3.084256840978422133e+03
3.588588588588588202e+00 3.084979254428084005e+03
3.596846846846846635e+00 3.085700681742680899e+03
3.605105105105105068e+00 3.086421122151310556e+03
3.613363363363363057e+00 3.087140574883997033e+03
3.621621621621621490e+00 3.087859039171694803e+03
3.629879879879879478e+00 3.088576514246291481e+03
3.638138138138137911e+00 3.089292999340604183e+03
3.646396396396396344e+00 3.090008493688387261e+03
3.654654654654654333e+00 3.090722996524328209e+03
3.662912912912912766e+00 3.091436507084052209e+03
3.671171171171170755e+00 3.092149024604121678e+03
3.679429429429429188e+00 3.092860548322040358e+03
3.687687687687687621e+00 3.093571077476250139e+03
3.695945945945945610e+00 3.094280611306137871e+03
3.704204204204204043e+00 3.094989149052031735e+03
3.712462462462462476e+00 3.095696689955206239e+03
3.720720720720720465e+00 3.096403233257881766e+03
3.728978978978978898e+00 3.097108778203225484e+03
3.737237237237236887e+00 3.097813324035354071e+03
3.745495495495495319e+00 3.098516869999335540e+03
3.753753753753753752e+00 3.099219415341187869e+03
3.762012012012011741e+00 3.099920959307882640e+03
3.770270270270270174e+00 3.100621501147346407e+03
3.778528528528528163e+00 3.101321040108460238e+03
3.786786786786786596e+00 3.102019575441062443e+03
3.795045045045045029e+00 3.102717106395951305e+03
3.803303303303303018e+00 3.103413632224882349e+03
3.811561561561561451e+00 3.104109152180574711e+03
3.819819819819819440e+00 3.104803665516707042e+03
3.828078078078077873e+00 3.105497171487923879e+03
3.836336336336336306e+00 3.106189669349833366e+03
3.844594594594594295e+00 3.106881158359012716e+03
3.852852852852852727e+00 3.107571637773002294e+03
3.861111111111110716e+00 3.108261106850315628e+03
3.869369369369369149e+00 3.108949564850433944e+03
3.877627627627627582e+00 3.109637011033811632e+03
3.885885885885885571e+00 3.110323444661875783e+03
3.894144144144144004e+00 3.111008864997027104e+03
3.902402402402401993e+00 3.111693271302642188e+03
3.910660660660660426e+00 3.112376662843076247e+03
3.918918918918918859e+00 3.113059038883659923e+03
3.927177177177176848e+00 3.113740398690705661e+03
3.935435435435435281e+00 3.114420741531504518e+03
3.943693693693693270e+00 3.115100066674333448e+03
3.951951951951951703e+00 3.115778373388448927e+03
3.960210210210210136e+00 3.116455660944095143e+03
3.968468468468468124e+00 3.117131928612499905e+03
3.976726726726726557e+00 3.117807175665881459e+03
3.984984984984984990e+00 3.118481401377443945e+03
3.993243243243242979e+00 3.119154605021382849e+03
4.001501501501500968e+00 3.119826785872885921e+03
4.009759759759759845e+00 3.120497943208132256e+03
4.018018018018017834e+00 3.121168076304294573e+03
4.026276276276275823e+00 3.121837184439541488e+03
4.034534534534534700e+00 3.122505266893038879e+03
4.042792792792792689e+00 3.123172322944949428e+03
4.051051051051050678e+00 3.123838351876434899e+03
4.059309309309309555e+00 3.124503352969658408e+03
4.067567567567567544e+00 3.125167325507783062e+03
4.075825825825825532e+00 3.125830268774976958e+03
4.084084084084084409e+00 3.126492182056411821e+03
4.092342342342341510e+00 3.127153064638263459e+03
4.100600600600600387e+00 3.127812915807716763e+03
4.108858858858859264e+00 3.128471734852963436e+03
4.117117117117116365e+00 3.129129521063204265e+03
4.125375375375375242e+00 3.129786273728652304e+03
4.133633633633633231e+00 3.130441992140530601e+03
4.141891891891891220e+00 3.131096675591077656e+03
4.150150150150150097e+00 3.131750323373543779e+03
4.158408408408408086e+00 3.132402934782197008e+03
4.166666666666666075e+00 3.133054509112321739e+03
4.174924924924924952e+00 3.133705045660221458e+03
4.183183183183182940e+00 3.134354543723217375e+03
4.191441441441440929e+00 3.135003002599653882e+03
4.199699699699699806e+00 3.135650421588895824e+03
4.207957957957957795e+00 3.136296799991331227e+03
4.216216216216215784e+00 3.136942137108374482e+03
4.224474474474474661e+00 3.137586432242463616e+03
4.232732732732732650e+00 3.138229684697066659e+03
4.240990990990990639e+00 3.138871893776676188e+03
4.249249249249249516e+00 3.139513058786818419e+03
4.257507507507506617e+00 3.140153179034046843e+03
4.265765765765765494e+00 3.140792253825950411e+03
4.274024024024024371e+00 3.141430282471148530e+03
4.282282282282281471e+00 3.142067264279297433e+03
4.290540540540540349e+00 3.142703198561087902e+03
4.298798798798799226e+00 3.143338084628248907e+03
4.307057057057056326e+00 3.143971921793546244e+03
4.315315315315315203e+00 3.144604709370787077e+03
4.323573573573573192e+00 3.145236446674817671e+03
4.331831831831831181e+00 3.145867133021528389e+03
4.340090090090090058e+00 3.146496767727850965e+03
4.348348348348348047e+00 3.147125350111762600e+03
4.356606606606606036e+00 3.147752879492285956e+03
4.364864864864864913e+00 3.148379355189490525e+03
4.373123123123122902e+00 3.149004776524495355e+03
4.381381381381380891e+00 3.149629142819467688e+03
4.389639639639639768e+00 3.150252453397625231e+03
4.397897897897897757e+00 3.150874707583238433e+03
4.406156156156155745e+00 3.151495904701630025e+03
4.414414414414414622e+00 3.152116044079177755e+03
4.422672672672672611e+00 3.152735125043314383e+03
4.430930930930930600e+00 3.153353146922531323e+03
4.439189189189189477e+00 3.153970109046374546e+03
4.447447447447446578e+00 3.154586010745450949e+03
4.455705705705705455e+00 3.155200851351429264e+03
4.463963963963964332e+00 3.155814630197037786e+03
4.472222222222221433e+00 3.156427346616068007e+03
4.480480480480480310e+00 3.157038999943376893e+03
4.488738738738738299e+00 3.157649589514884156e+03
4.496996996996996288e+00 3.158259114667578160e+03
4.505255255255255165e+00 3.158867574739513657e+03
4.513513513513513153e+00 3.159474969069814961e+03
4.521771771771771142e+00 3.160081296998675498e+03
4.530030030030030019e+00 3.160686557867360534e+03
4.538288288288288008e+00 3.161290751018208084e+03
4.546546546546545997e+00 3.161893875794628457e+03
4.554804804804804874e+00 3.162495931541108348e+03
4.563063063063062863e+00 3.163096917603209477e+03
4.571321321321320852e+00 3.163696833327570857e+03
4.579579579579579729e+00 3.164295678061909712e+03
4.587837837837837718e+00 3.164893451155023286e+03
4.596096096096095707e+00 3.165490151956788850e+03
4.604354354354353696e+00 3.166085779818165520e+03
4.612612612612612573e+00 3.166680334091196528e+03
4.620870870870870561e+00 3.167273814129009224e+03
4.629129129129128550e+00 3.167866219285814623e+03
4.637387387387387427e+00 3.168457548916911492e+03
4.645645645645645416e+00 3.169047802378686356e+03
4.653903903903903405e+00 3.169636979028614860e+03
4.662162162162162282e+00 3.170225078225263132e+03
4.670420420420420271e+00 3.170812099328286877e+03
4.678678678678678260e+00 3.171398041698435463e+03
4.686936936936936249e+00 3.171982904697551476e+03
4.695195195195195126e+00 3.172566687688572074e+03
4.703453453453453115e+00 3.173149390035530359e+03
4.711711711711711104e+00 3.173731011103557648e+03
4.719969969969969981e+00 3.174311550258881653e+03
4.728228228228227970e+00 3.174891006868829663e+03
4.736486486486485958e+00 3.175469380301830370e+03
4.744744744744744835e+00 3.176046669927413404e+03
4.753003003003002824e+00 3.176622875116211162e+03
4.761261261261260813e+00 3.177197995239961074e+03
4.769519519519519690e+00 3.177772029671503788e+03
4.777777777777777679e+00 3.178344977784787261e+03
4.786036036036035668e+00 3.178916838954866762e+03
4.794294294294293657e+00 3.179487612557906232e+03
4.802552552552552534e+00 3.180057297971178286e+03
4.810810810810810523e+00 3.180625894573066034e+03
4.819069069069068512e+00 3.181193401743066715e+03
4.827327327327327389e+00 3.181759818861788517e+03
4.835585585585585378e+00 3.182325145310953758e+03
4.843843843843843366e+00 3.182889380473401161e+03
4.852102102102102243e+00 3.183452523733084945e+03
4.860360360360360232e+00 3.184014574475077097e+03
4.868618618618618221e+00 3.184575532085568284e+03
4.876876876876876210e+00 3.185135395951867849e+03
4.885135135135135087e+00 3.185694165462407909e+03
4.893393393393393076e+00 3.186251840006741077e+03
4.901651651651651065e+00 3.186808418975543646e+03
4.909909909909909942e+00 3.187363901760615590e+03
4.918168168168167931e+00 3.187918287754882385e+03
4.926426426426425920e+00 3.188471576352396369e+03
4.934684684684684797e+00 3.189023766948336288e+03
4.942942942942942786e+00 3.189574858939010937e+03
4.951201201201200774e+00 3.190124851721857340e+03
4.959459459459458763e+00 3.190673744695443929e+03
4.967717717717717640e+00 3.191221537259471006e+03
4.975975975975975629e+00 3.191768228814772101e+03
4.984234234234233618e+00 3.192313818763314430e+03
4.992492492492492495e+00 3.192858306508200712e+03
5.000750750750750484e+00 3.193401691453669173e+03
5.009009009009008473e+00 3.193943973005096723e+03
5.017267267267267350e+00 3.194485150568997597e+03
5.025525525525525339e+00 3.195025223553024261e+03
5.033783783783783328e+00 3.195564191365972874e+03
5.042042042042042205e+00 3.196102053417779643e+03
5.050300300300300194e+00 3.196638809119523557e+03
5.058558558558558182e+00 3.197174457883425930e+03
5.066816816816816171e+00 3.197708999122855857e+03
5.075075075075075048e+00 3.198242432252326125e+03
5.083333333333333037e+00 3.198774756687497302e+03
5.091591591591591026e+00 3.199305971845179101e+03
5.099849849849849903e+00 3.199836077143327657e+03
5.108108108108107892e+00 3.200365072001051885e+03
5.116366366366365881e+00 3.200892955838611215e+03
5.124624624624624758e+00 3.201419728077417858e+03
5.132882882882882747e+00 3.201945388140034993e+03
5.141141141141140736e+00 3.202469935450182675e+03
5.149399399399398725e+00 3.202993369432736472e+03
5.157657657657657602e+00 3.203515689513727466e+03
5.165915915915915591e+00 3.204036895120344980e+03
5.174174174174173579e+00 3.204556985680936577e+03
5.182432432432432456e+00 3.205075960625009884e+03
5.190690690690690445e+00 3.205593819383231676e+03
5.198948948948948434e+00 3.206110561387433791e+03
5.207207207207207311e+00 3.206626186070607218e+03
5.215465465465465300e+00 3.207140692866908921e+03
5.223723723723723289e+00 3.207654081211660923e+03
5.231981981981981278e+00 3.208166350541349857e+03
5.240240240240240155e+00 3.208677500293631056e+03
5.248498498498498144e+00 3.209187529907324915e+03
5.256756756756756133e+00 3.209696438822424170e+03
5.265015015015015010e+00 3.210204226480089346e+03
5.273273273273272999e+00 3.210710892322652398e+03
5.281531531531530987e+00 3.211216435793618984e+03
5.289789789789789864e+00 3.211720856337664827e+03
5.298048048048047853e+00 3.212224153400642535e+03
5.306306306306305842e+00 3.212726326429578421e+03
5.314564564564563831e+00 3.213227374872674773e+03
5.322822822822822708e+00 3.213727298179312584e+03
5.331081081081080697e+00 3.214226095800048824e+03
5.339339339339338686e+00 3.214723767186620989e+03
5.347597597597597563e+00 3.215220311791946642e+03
5.355855855855855552e+00 3.215715729070123416e+03
5.364114114114113541e+00 3.216210018476433106e+03
5.372372372372372418e+00 3.216703179467339396e+03
5.380630630630630407e+00 3.217195211500489677e+03
5.388888888888888395e+00 3.217686114034716411e+03
5.397147147147147273e+00 3.218175886530039861e+03
5.405405405405405261e+00 3.218664528447666271e+03
5.413663663663663250e+00 3.219152039249989684e+03
5.421921921921921239e+00 3.219638418400593764e+03
5.430180180180180116e+00 3.220123665364252702e+03
5.438438438438438105e+00 3.220607779606930308e+03
5.446696696696696094e+00 3.221090760595783649e+03
5.454954954954954971e+00 3.221572607799163052e+03
5.463213213213212960e+00 3.222053320686611187e+03
5.471471471471470949e+00 3.222532898728868076e+03
5.479729729729729826e+00 3.223011341397867454e+03
5.487987987987987815e+00 3.223488648166740859e+03
5.496246246246245803e+00 3.223964818509818087e+03
5.504504504504503792e+00 3.224439851902627652e+03
5.512762762762762669e+00 3.224913747821897232e+03
5.521021021021020658e+00 3.225386505745555951e+03
5.529279279279278647e+00 3.225858125152733919e+03
5.537537537537537524e+00 3.226328605523765418e+03
5.545795795795795513e+00 3.226797946340185717e+03
5.554054054054053502e+00 3.227266147084737895e+03
5.562312312312312379e+00 3.227733207241367836e+03
5.570570570570570368e+00 3.228199126295229689e+03
5.578828828828828357e+00 3.228663903732684048e+03
5.587087087087086346e+00 3.229127539041300224e+03
5.595345345345345223e+00 3.229590031709857158e+03
5.603603603603603212e+00 3.230051381228343416e+03
5.611861861861861200e+00 3.230511587087958105e+03
5.620120120120120077e+00 3.230970648781115869e+03
5.628378378378378066e+00 3.231428565801439618e+03
5.636636636636636055e+00 3.231885337643769617e+03
5.644894894894894932e+00 3.232340963804159855e+03
5.653153153153152921e+00 3.232795443779879406e+03
5.661411411411410910e+00 3.233248777069416974e+03
5.669669669669669787e+00 3.233700963172474985e+03
5.677927927927927776e+00 3.234152001589977317e+03
5.686186186186185765e+00 3.234601891824067025e+03
5.694444444444443754e+00 3.235050633378106340e+03
5.702702702702702631e+00 3.235498225756680313e+03
5.710960960960960620e+00 3.235944668465595441e+03
5.719219219219218608e+00 3.236389961011881041e+03
5.727477477477477485e+00 3.236834102903790608e+03
5.735735735735735474e+00 3.237277093650804545e+03
5.743993993993993463e+00 3.237718932763626526e+03
5.752252252252252340e+00 3.238159619754188498e+03
5.760510510510510329e+00 3.238599154135649769e+03
5.768768768768768318e+00 3.239037535422398378e+03
5.777027027027026307e+00 3.239474763130051088e+03
5.785285285285285184e+00 3.239910836775455664e+03
5.793543543543543173e+00 3.240345755876691783e+03
5.801801801801801162e+00 3.240779519953070576e+03
5.810060060060060039e+00 3.241212128525135086e+03
5.818318318318318028e+00 3.241643581114664812e+03
5.826576576576576016e+00 3.242073877244671621e+03
5.834834834834834894e+00 3.242503016439404291e+03
5.843093093093092882e+00 3.242930998224348969e+03
5.851351351351350871e+00 3.243357822126227347e+03
5.859609609609608860e+00 3.243783487672999399e+03
5.867867867867867737e+00 3.244207994393867011e+03
5.876126126126125726e+00 3.244631341819268982e+03
5.884384384384383715e+00 3.245053529480886027e+03
5.892642642642642592e+00 3.245474556911643049e+03
5.900900900900900581e+00 3.245894423645703228e+03
5.909159159159158570e+00 3.246313129218476661e+03
5.917417417417417447e+00 3.246730673166615816e+03
5.925675675675675436e+00 3.247147055028019622e+03
5.933933933933933424e+00 3.247562274341831653e+03
5.942192192192192302e+00 3.247976330648444673e+03
5.950450450450450290e+00 3.248389223489497908e+03
5.958708708708708279e+00 3.248800952407877503e+03
5.966966966966966268e+00 3.249211516947721975e+03
5.975225225225225145e+00 3.249620916654418124e+03
5.983483483483483134e+00 3.250029151074604670e+03
5.991741741741741123e+00 3.250436219756172250e+03
6.000000000000000000e+00 3.250842122248264786e+03
6.008258258258257989e+00 3.251246858101277667e+03
6.016516516516515978e+00 3.251650426866864109e+03
6.024774774774774855e+00 3.252052828097929705e+03
6.033033033033032844e+00 3.252454061348637879e+03
6.041291291291290833e+00 3.252854126174407611e+03
6.049549549549548821e+00 3.253253022131917078e+03
6.057807807807807698e+00 3.253650748779101832e+03
6.066066066066065687e+00 3.254047305675157986e+03
6.074324324324323676e+00 3.254442692380540393e+03
6.082582582582582553e+00 3.254836908456966285e+03
6.090840840840840542e+00 3.255229953467413452e+03
6.099099099099098531e+00 3.255621826976123884e+03
6.107357357357357408e+00 3.256012528548601495e+03
6.115615615615615397e+00 3.256402057751615303e+03
6.123873873873873386e+00 3.256790414153199436e+03
6.132132132132131375e+00 3.257177597322652673e+03
6.140390390390390252e+00 3.257563606830542085e+03
6.148648648648648241e+00 3.257948442248701667e+03
6.156906906906906229e+00 3.258332103150231887e+03
6.165165165165165106e+00 3.258714589109505141e+03
6.173423423423423095e+00 3.259095899702161205e+03
6.181681681681681084e+00 3.259476034505112239e+03
6.189939939939939961e+00 3.259854993096540511e+03
6.198198198198197950e+00 3.260232775055900674e+03
6.206456456456455939e+00 3.260609379963920674e+03
6.214714714714713928e+00 3.260984807402601291e+03
6.222972972972972805e+00 3.261359056955219785e+03
6.231231231231230794e+00 3.261732128206326252e+03
6.239489489489488783e+00 3.262104020741748172e+03
6.247747747747747660e+00 3.262474734148589505e+03
6.256006006006005649e+00 3.262844268015231592e+03
6.264264264264263637e+00 3.263212621931333160e+03
6.272522522522522515e+00 3.263579795487834872e+03
6.280780780780780503e+00 3.263945788276954772e+03
6.289039039039038492e+00 3.264310599892191476e+03
6.297297297297297369e+00 3.264674229928325531e+03
6.305555555555555358e+00 3.265036677981419871e+03
6.313813813813813347e+00 3.265397943648819364e+03
6.322072072072071336e+00 3.265758026529154449e+03
6.330330330330330213e+00 3.266116926222336588e+03
6.338588588588588202e+00 3.266474642329565540e+03
6.346846846846846191e+00 3.266831174453323911e+03
6.355105105105105068e+00 3.267186522197384420e+03
6.363363363363363057e+00 3.267540685166803087e+03
6.371621621621621046e+00 3.267893662967926502e+03
6.379879879879879923e+00 3.268245455208390013e+03
6.388138138138137911e+00 3.268596061497116352e+03
6.396396396396395900e+00 3.268945481444321103e+03
6.404654654654653889e+00 3.269293714661507693e+03
6.412912912912912766e+00 3.269640760761474212e+03
6.421171171171170755e+00 3.269986619358309781e+03
6.429429429429428744e+00 3.270331290067395912e+03
6.437687687687687621e+00 3.270674772505408328e+03
6.445945945945945610e+00 3.271017066290317871e+03
6.454204204204203599e+00 3.271358171041390506e+03
6.462462462462462476e+00 3.271698086379186407e+03
6.470720720720720465e+00 3.272036811925564507e+03
6.478978978978978454e+00 3.272374347303680224e+03
6.487237237237236442e+00 3.272710692137985006e+03
6.495495495495495319e+00 3.273045846054233152e+03
6.503753753753753308e+00 3.273379808679474991e+03
6.512012012012011297e+00 3.273712579642062337e+03
6.520270270270270174e+00 3.274044158571646221e+03
6.528528528528528163e+00 3.274374545099182342e+03
6.536786786786786152e+00 3.274703738856923337e+03
6.545045045045045029e+00 3.275031739478430609e+03
6.553303303303303018e+00 3.275358546598564772e+03
6.561561561561561007e+00 3.275684159853492019e+03
6.569819819819819884e+00 3.276008578880683672e+03
6.578078078078077873e+00 3.276331803318917082e+03
6.586336336336335862e+00 3.276653832808273364e+03
6.594594594594593850e+00 3.276974666990143305e+03
6.602852852852852727e+00 3.277294305507223726e+03
6.611111111111110716e+00 3.277612748003519300e+03
6.619369369369368705e+00 3.277929994124345285e+03
6.627627627627627582e+00 3.278246043516325244e+03
6.635885885885885571e+00 3.278560895827391960e+03
6.644144144144143560e+00 3.278874550706790615e+03
6.652402402402402437e+00 3.279187007805077428e+03
6.660660660660660426e+00 3.279498266774120566e+03
6.668918918918918415e+00 3.279808327267100140e+03
6.677177177177176404e+00 3.280117188938512300e+03
6.685435435435435281e+00 3.280424851444163778e+03
6.693693693693693270e+00 3.280731314441178256e+03
6.701951951951951258e+00 3.281036577587994543e+03
6.710210210210210136e+00 3.281340640544366579e+03
6.718468468468468124e+00 3.281643502971365251e+03
6.726726726726726113e+00 3.281945164531378850e+03
6.734984984984984990e+00 3.282245624888113070e+03
6.743243243243242979e+00 3.282544883706592827e+03
6.751501501501500968e+00 3.282842940653161804e+03
6.759759759759758957e+00 3.283139795395482452e+03
6.768018018018017834e+00 3.283435447602539625e+03
6.776276276276275823e+00 3.283729896944636948e+03
6.784534534534533812e+00 3.284023143093400449e+03
6.792792792792792689e+00 3.284315185721779471e+03
6.801051051051050678e+00 3.284606024504043489e+03
6.809309309309308667e+00 3.284895659115788476e+03
6.817567567567567544e+00 3.285184089233931445e+03
6.825825825825825532e+00 3.285471314536716818e+03
6.834084084084083521e+00 3.285757334703711422e+03
6.842342342342341510e+00 3.286042149415809490e+03
6.850600600600600387e+00 3.286325758355232665e+03
6.858858858858858376e+00 3.286608161205526358e+03
6.867117117117116365e+00 3.286889357651567025e+03
6.875375375375375242e+00 3.287169347379556712e+03
6.883633633633633231e+00 3.287448130077026690e+03
6.891891891891891220e+00 3.287725705432840186e+03
6.900150150150150097e+00 3.288002073137185107e+03
6.908408408408408086e+00 3.288277232881584951e+03
6.916666666666666075e+00 3.288551184358891078e+03
6.924924924924924952e+00 3.288823927263287260e+03
6.933183183183182940e+00 3.289095461290290586e+03
6.941441441441440929e+00 3.289365786136749193e+03
6.949699699699698918e+00 3.289634901500845899e+03
6.957957957957957795e+00 3.289902807082095478e+03
6.966216216216215784e+00 3.290169502581350116e+03
6.974474474474473773e+00 3.290434987700793954e+03
6.982732732732732650e+00 3.290699262143948999e+03
6.990990990990990639e+00 3.290962325615671489e+03
6.999249249249248628e+00 3.291224177822155070e+03
7.007507507507507505e+00 3.291484818470931259e+03
7.015765765765765494e+00 3.291744247270868527e+03
7.024024024024023483e+00 3.292002463932173214e+03
7.032282282282281471e+00 3.292259468166391343e+03
7.040540540540540349e+00 3.292515259686407717e+03
7.048798798798798337e+00 3.292769838206448185e+03
7.057057057057056326e+00 3.293023203442076465e+03
7.065315315315315203e+00 3.293275355110200508e+03
7.073573573573573192e+00 3.293526292929066585e+03
7.081831831831831181e+00 3.293776016618265203e+03
7.090090090090090058e+00 3.294024525898729280e+03
7.098348348348348047e+00 3.294271820492732331e+03
7.106606606606606036e+00 3.294517900123893924e+03
7.114864864864864025e+00 3.294762764517178312e+03
7.123123123123122902e+00 3.295006413398890800e+03
7.131381381381380891e+00 3.295248846496685019e+03
7.139639639639638879e+00 3.295490063539558832e+03
7.147897897897897757e+00 3.295730064257857066e+03
7.156156156156155745e+00 3.295968848383269687e+03
7.164414414414413734e+00 3.296206415648835446e+03
7.172672672672672611e+00 3.296442765788939596e+03
7.180930930930930600e+00 3.296677898539315720e+03
7.189189189189188589e+00 3.296911813637046635e+03
7.197447447447447466e+00 3.297144510820562573e+03
7.205705705705705455e+00 3.297375989829644823e+03
7.213963963963963444e+00 3.297606250405424817e+03
7.222222222222221433e+00 3.297835292290383677e+03
7.230480480480480310e+00 3.298063115228354036e+03
7.238738738738738299e+00 3.298289718964519579e+03
7.246996996996996288e+00 3.298515103245416412e+03
7.255255255255255165e+00 3.298739267818933058e+03
7.263513513513513153e+00 3.298962212434310004e+03
7.271771771771771142e+00 3.299183936842143794e+03
7.280030030030030019e+00 3.299404440794380662e+03
7.288288288288288008e+00 3.299623724044325172e+03
7.296546546546545997e+00 3.299841786346633398e+03
7.304804804804803986e+00 3.300058627457319744e+03
7.313063063063062863e+00 3.300274247133751032e+03
7.321321321321320852e+00 3.300488645134653780e+03
7.329579579579578841e+00 3.300701821220107377e+03
7.337837837837837718e+00 3.300913775151550908e+03
7.346096096096095707e+00 3.301124506691779061e+03
7.354354354354353696e+00 3.301334015604946671e+03
7.362612612612612573e+00 3.301542301656565542e+03
7.370870870870870561e+00 3.301749364613506259e+03
7.379129129129128550e+00 3.301955204243998196e+03
7.387387387387386539e+00 3.302159820317631329e+03
7.395645645645645416e+00 3.302363212605354875e+03
7.403903903903903405e+00 3.302565380879480472e+03
7.412162162162161394e+00 3.302766324913677636e+03
7.420420420420420271e+00 3.302966044482980124e+03
7.428678678678678260e+00 3.303164539363781387e+03
7.436936936936936249e+00 3.303361809333838210e+03
7.445195195195195126e+00 3.303557854172269799e+03
7.453453453453453115e+00 3.303752673659558241e+03
7.461711711711711104e+00 3.303946267577549406e+03
7.469969969969969981e+00 3.304138635709452046e+03
7.478228228228227970e+00 3.304329777839840062e+03
7.486486486486485958e+00 3.304519693754651598e+03
7.494744744744743947e+00 3.304708383241190404e+03
7.503003003003002824e+00 3.304895846088125836e+03
7.511261261261260813e+00 3.305082082085491038e+03
7.519519519519518802e+00 3.305267091024687943e+03
7.527777777777777679e+00 3.305450872698484091e+03
7.536036036036035668e+00 3.305633426901013081e+03
7.544294294294293657e+00 3.305814753427778214e+03
7.552552552552552534e+00 3.305994852075647941e+03
7.560810810810810523e+00 3.306173722642860412e+03
7.569069069069068512e+00 3.306351364929022566e+03
7.577327327327326500e+00 3.306527778735108768e+03
7.585585585585585378e+00 3.306702963863463992e+03
7.593843843843843366e+00 3.306876920117802911e+03
7.602102102102101355e+00 3.307049647303208985e+03
7.610360360360360232e+00 3.307221145226136741e+03
7.618618618618618221e+00 3.307391413694413131e+03
7.626876876876876210e+00 3.307560452517231624e+03
7.635135135135135087e+00 3.307728261505162209e+03
7.643393393393393076e+00 3.307894840470144118e+03
7.651651651651651065e+00 3.308060189225489466e+03
7.659909909909909054e+00 3.308224307585881888e+03
7.668168168168167931e+00 3.308387195367379718e+03
7.676426426426425920e+00 3.308548852387411898e+03
7.684684684684683909e+00 3.308709278464782983e+03
7.692942942942942786e+00 3.308868473419670863e+03
7.701201201201200774e+00 3.309026437073627221e+03
7.709459459459458763e+00 3.309183169249578896e+03
7.717717717717717640e+00 3.309338669771827426e+03
7.725975975975975629e+00 3.309492938466049509e+03
7.734234234234233618e+00 3.309645975159296995e+03
7.742492492492491607e+00 3.309797779679997802e+03
7.750750750750750484e+00 3.309948351857956823e+03
7.759009009009008473e+00 3.310097691524353650e+03
7.767267267267266462e+00 3.310245798511746671e+03
7.775525525525525339e+00 3.310392672654070793e+03
7.783783783783783328e+00 3.310538313786636536e+03
7.792042042042041317e+00 3.310682721746135485e+03
7.800300300300300194e+00 3.310825896370634382e+03
7.808558558558558182e+00 3.310967837499579218e+03
7.816816816816816171e+00 3.311108544973795688e+03
7.825075075075075048e+00 3.311248018635486915e+03
7.833333333333333037e+00 3.311386258328236636e+03
7.841591591591591026e+00 3.311523263897005563e+03
7.849849849849849015e+00 3.311659035188138205e+03
7.858108108108107892e+00 3.311793572049356499e+03
7.866366366366365881e+00 3.311926874329762086e+03
7.874624624624623870e+00 3.312058941879839495e+03
7.882882882882882747e+00 3.312189774551453411e+03
7.891141141141140736e+00 3.312319372197849134e+03
7.899399399399398725e+00 3.312447734673653940e+03
7.907657657657657602e+00 3.312574861834876629e+03
7.915915915915915591e+00 3.312700753538908884e+03
7.924174174174173579e+00 3.312825409644523006e+03
7.932432432432431568e+00 3.312948830011875998e+03
7.940690690690690445e+00 3.313071014502506841e+03
7.948948948948948434e+00 3.313191962979335585e+03
7.957207207207206423e+00 3.313311675306668803e+03
7.965465465465465300e+00 3.313430151350195501e+03
7.973723723723723289e+00 3.313547390976988027e+03
7.981981981981981278e+00 3.313663394055502977e+03
7.990240240240240155e+00 3.313778160455582110e+03
7.998498498498498144e+00 3.313891690048450528e+03
8.006756756756756133e+00 3.314003982706719398e+03
8.015015015015013233e+00 3.314115038304383233e+03
8.023273273273272110e+00 3.314224856716824434e+03
8.031531531531530987e+00 3.314333437820808740e+03
8.039789789789789864e+00 3.314440781494488874e+03
8.048048048048048742e+00 3.314546887617402717e+03
8.056306306306305842e+00 3.314651756070474676e+03
8.064564564564562943e+00 3.314755386736016135e+03
8.072822822822821820e+00 3.314857779497724550e+03
8.081081081081080697e+00 3.314958934240684357e+03
8.089339339339339574e+00 3.315058850851367879e+03
8.097597597597598451e+00 3.315157529217633510e+03
8.105855855855855552e+00 3.315254969228727532e+03
8.114114114114112652e+00 3.315351170775284572e+03
8.122372372372371530e+00 3.315446133749327146e+03
8.130630630630630407e+00 3.315539858044263838e+03
8.138888888888889284e+00 3.315632343554894760e+03
8.147147147147146384e+00 3.315723590177407004e+03
8.155405405405405261e+00 3.315813597809376915e+03
8.163663663663662362e+00 3.315902366349767362e+03
8.171921921921921239e+00 3.315989895698934106e+03
8.180180180180180116e+00 3.316076185758619886e+03
8.188438438438438993e+00 3.316161236431957150e+03
8.196696696696696094e+00 3.316245047623468508e+03
8.204954954954953195e+00 3.316327619239065825e+03
8.213213213213212072e+00 3.316408951186052491e+03
8.221471471471470949e+00 3.316489043373119330e+03
8.229729729729729826e+00 3.316567895710350058e+03
8.237987987987988703e+00 3.316645508109217644e+03
8.246246246246245803e+00 3.316721880482586585e+03
8.254504504504502904e+00 3.316797012744711083e+03
8.262762762762761781e+00 3.316870904811236869e+03
8.271021021021020658e+00 3.316943556599202111e+03
8.279279279279279535e+00 3.317014968027033774e+03
8.287537537537536636e+00 3.317085139014552624e+03
8.295795795795795513e+00 3.317154069482970499e+03
8.304054054054052614e+00 3.317221759354889855e+03
8.312312312312311491e+00 3.317288208554305584e+03
8.320570570570570368e+00 3.317353417006606833e+03
8.328828828828829245e+00 3.317417384638570638e+03
8.337087087087086346e+00 3.317480111378370566e+03
8.345345345345345223e+00 3.317541597155571253e+03
8.353603603603602323e+00 3.317601841901127500e+03
8.361861861861861200e+00 3.317660845547390636e+03
8.370120120120120077e+00 3.317718608028103063e+03
8.378378378378378954e+00 3.317775129278399618e+03
8.386636636636636055e+00 3.317830409234810304e+03
8.394894894894893156e+00 3.317884447835255287e+03
8.403153153153152033e+00 3.317937245019050806e+03
8.411411411411410910e+00 3.317988800726905538e+03
8.419669669669669787e+00 3.318039114900921049e+03
8.427927927927928664e+00 3.318088187484593618e+03
8.436186186186185765e+00 3.318136018422813322e+03
8.444444444444442865e+00 3.318182607661863130e+03
8.452702702702701743e+00 3.318227955149421632e+03
8.460960960960960620e+00 3.318272060834559852e+03
8.469219219219219497e+00 3.318314924667743071e+03
8.477477477477476597e+00 3.318356546600832644e+03
8.485735735735735474e+00 3.318396926587082362e+03
8.493993993993992575e+00 3.318436064581141636e+03
8.502252252252251452e+00 3.318473960539053223e+03
8.510510510510510329e+00 3.318510614418255045e+03
8.518768768768767430e+00 3.318546026177581552e+03
8.527027027027026307e+00 3.318580195777259178e+03
8.535285285285285184e+00 3.318613123178910882e+03
8.543543543543542285e+00 3.318644808345553429e+03
8.551801801801801162e+00 3.318675251241599199e+03
8.560060060060060039e+00 3.318704451832856194e+03
8.568318318318317139e+00 3.318732410086526670e+03
8.576576576576576016e+00 3.318759125971208505e+03
8.584834834834834894e+00 3.318784599456894284e+03
8.593093093093091994e+00 3.318808830514972669e+03
8.601351351351350871e+00 3.318831819118227031e+03
8.609609609609609748e+00 3.318853565240837270e+03
8.617867867867866849e+00 3.318874068858376631e+03
8.626126126126125726e+00 3.318893329947815801e+03
8.634384384384384603e+00 3.318911348487520172e+03
8.642642642642641704e+00 3.318928124457251215e+03
8.650900900900900581e+00 3.318943657838165109e+03
8.659159159159159458e+00 3.318957948612814562e+03
8.667417417417416559e+00 3.318970996765147447e+03
8.675675675675675436e+00 3.318982802280507713e+03
8.683933933933934313e+00 3.318993365145634471e+03
8.692192192192191413e+00 3.319002685348664272e+03
8.700450450450450290e+00 3.319010762879127014e+03
8.708708708708707391e+00 3.319017597727950033e+03
8.716966966966966268e+00 3.319023189887455828e+03
8.725225225225225145e+00 3.319027539351363885e+03
8.733483483483482246e+00 3.319030646114787487e+03
8.741741741741741123e+00 3.319032510174237359e+03
8.750000000000000000e+00 3.319033131527620299e+03
