5.000000000000000000e-01 3.112480383385512596e+03
5.070070070070069601e-01 3.113332576404316114e+03
5.140140140140140312e-01 3.114184148928789455e+03
5.210210210210209913e-01 3.115035100322194012e+03
5.280280280280280625e-01 3.115885429948127239e+03
5.350350350350350226e-01 3.116735137170522648e+03
5.420420420420419827e-01 3.117584221353654812e+03
5.490490490490490538e-01 3.118432681862136178e+03
5.560560560560560139e-01 3.119280518060919348e+03
5.630630630630630851e-01 3.120127729315297984e+03
5.700700700700700452e-01 3.120974314990906805e+03
5.770770770770771163e-01 3.121820274453723414e+03
5.840840840840840764e-01 3.122665607070069655e+03
5.910910910910911475e-01 3.123510312206608432e+03
5.980980980980981077e-01 3.124354389230350989e+03
6.051051051051050678e-01 3.125197837508651446e+03
6.121121121121121389e-01 3.126040656409210897e+03
6.191191191191190990e-01 3.126882845300079225e+03
6.261261261261261701e-01 3.127724403549651470e+03
6.331331331331331302e-01 3.128565330526673733e+03
6.401401401401400904e-01 3.129405625600240455e+03
6.471471471471471615e-01 3.130245288139796230e+03
6.541541541541541216e-01 3.131084317515138082e+03
6.611611611611611927e-01 3.131922713096412735e+03
6.681681681681681528e-01 3.132760474254121618e+03
6.751751751751751129e-01 3.133597600359117678e+03
6.821821821821821841e-01 3.134434090782609928e+03
6.891891891891892552e-01 3.135269944896162087e+03
6.961961961961962153e-01 3.136105162071691666e+03
7.032032032032031754e-01 3.136939741681474516e+03
7.102102102102102466e-01 3.137773683098143465e+03
7.172172172172172067e-01 3.138606985694690138e+03
7.242242242242242778e-01 3.139439648844464045e+03
7.312312312312312379e-01 3.140271671921174402e+03
7.382382382382381980e-01 3.141103054298891493e+03
7.452452452452452691e-01 3.141933795352046673e+03
7.522522522522522292e-01 3.142763894455432819e+03
7.592592592592593004e-01 3.143593350984206609e+03
7.662662662662662605e-01 3.144422164313887151e+03
7.732732732732732206e-01 3.145250333820359629e+03
7.802802802802802917e-01 3.146077858879872110e+03
7.872872872872873629e-01 3.146904738869040557e+03
7.942942942942943230e-01 3.147730973164846546e+03
8.013013013013012831e-01 3.148556561144640000e+03
8.083083083083082432e-01 3.149381502186138277e+03
8.153153153153153143e-01 3.150205795667427992e+03
8.223223223223223854e-01 3.151029440966965467e+03
8.293293293293293456e-01 3.151852437463579463e+03
8.363363363363363057e-01 3.152674784536467087e+03
8.433433433433432658e-01 3.153496481565200156e+03
8.503503503503503369e-01 3.154317527929721564e+03
8.573573573573574080e-01 3.155137923010349368e+03
8.643643643643643681e-01 3.155957666187774976e+03
8.713713713713713283e-01 3.156776756843066778e+03
8.783783783783783994e-01 3.157595194357667424e+03
8.853853853853853595e-01 3.158412978113396548e+03
8.923923923923924306e-01 3.159230107492452589e+03
8.993993993993993907e-01 3.160046581877411882e+03
9.064064064064063508e-01 3.160862400651230018e+03
9.134134134134134220e-01 3.161677563197240943e+03
9.204204204204204931e-01 3.162492068899161950e+03
9.274274274274274532e-01 3.163305917141090049e+03
9.344344344344344133e-01 3.164119107307504692e+03
9.414414414414413734e-01 3.164931638783269136e+03
9.484484484484484446e-01 3.165743510953629539e+03
9.554554554554555157e-01 3.166554723204217225e+03
9.624624624624624758e-01 3.167365274921048240e+03
9.694694694694694359e-01 3.168175165490526069e+03
9.764764764764763960e-01 3.168984394299439828e+03
9.834834834834834671e-01 3.169792960734966528e+03
9.904904904904905383e-01 3.170600864184671991e+03
9.974974974974974984e-01 3.171408104036511304e+03
1.004504504504504458e+00 3.172214679678827906e+03
1.011511511511511419e+00 3.173020590500359049e+03
1.018518518518518601e+00 3.173825835890231247e+03
1.025525525525525561e+00 3.174630415237963007e+03
1.032532532532532521e+00 3.175434327933468012e+03
1.039539539539539481e+00 3.176237573367051937e+03
1.046546546546546441e+00 3.177040150929415177e+03
1.053553553553553623e+00 3.177842060011655121e+03
1.060560560560560583e+00 3.178643300005262063e+03
1.067567567567567544e+00 3.179443870302127834e+03
1.074574574574574726e+00 3.180243770294537171e+03
1.081581581581581464e+00 3.181042999375176350e+03
1.088588588588588646e+00 3.181841556937130008e+03
1.095595595595595606e+00 3.182639442373882048e+03
1.102602602602602566e+00 3.183436655079317916e+03
1.109609609609609748e+00 3.184233194447724600e+03
1.116616616616616486e+00 3.185029059873791084e+03
1.123623623623623669e+00 3.185824250752608805e+03
1.130630630630630629e+00 3.186618766479673923e+03
1.137637637637637589e+00 3.187412606450886869e+03
1.144644644644644771e+00 3.188205770062553256e+03
1.151651651651651509e+00 3.188998256711384329e+03
1.158658658658658691e+00 3.189790065794499242e+03
1.165665665665665651e+00 3.190581196709424148e+03
1.172672672672672611e+00 3.191371648854093110e+03
1.179679679679679793e+00 3.192161421626850370e+03
1.186686686686686532e+00 3.192950514426448990e+03
1.193693693693693714e+00 3.193738926652053578e+03
1.200700700700700674e+00 3.194526657703239380e+03
1.207707707707707634e+00 3.195313706979994549e+03
1.214714714714714816e+00 3.196100073882719698e+03
1.221721721721721554e+00 3.196885757812228348e+03
1.228728728728728736e+00 3.197670758169751480e+03
1.235735735735735696e+00 3.198455074356930709e+03
1.242742742742742657e+00 3.199238705775827384e+03
1.249749749749749839e+00 3.200021651828918493e+03
1.256756756756756799e+00 3.200803911919098027e+03
1.263763763763763759e+00 3.201585485449678345e+03
1.270770770770770719e+00 3.202366371824390171e+03
1.277777777777777679e+00 3.203146570447385784e+03
1.284784784784784861e+00 3.203926080723236737e+03
1.291791791791791821e+00 3.204704902056935225e+03
1.298798798798798781e+00 3.205483033853897268e+03
1.305805805805805964e+00 3.206260475519960437e+03
1.312812812812812702e+00 3.207037226461385217e+03
1.319819819819819884e+00 3.207813286084858646e+03
1.326826826826826844e+00 3.208588653797490224e+03
1.333833833833833804e+00 3.209363329006816457e+03
1.340840840840840986e+00 3.210137311120800405e+03
1.347847847847847724e+00 3.210910599547832589e+03
1.354854854854854906e+00 3.211683193696730996e+03
1.361861861861861867e+00 3.212455092976743344e+03
1.368868868868868827e+00 3.213226296797545274e+03
1.375875875875876009e+00 3.213996804569243977e+03
1.382882882882882747e+00 3.214766615702377749e+03
1.389889889889889929e+00 3.215535729607916437e+03
1.396896896896896889e+00 3.216304145697261902e+03
1.403903903903903849e+00 3.217071863382250285e+03
1.410910910910911031e+00 3.217838882075151105e+03
1.417917917917917769e+00 3.218605201188668616e+03
1.424924924924924952e+00 3.219370820135942722e+03
1.431931931931931912e+00 3.220135738330550339e+03
1.438938938938938872e+00 3.220899955186504485e+03
1.445945945945946054e+00 3.221663470118255191e+03
1.452952952952952792e+00 3.222426282540693592e+03
1.459959959959959974e+00 3.223188391869147836e+03
1.466966966966966934e+00 3.223949797519387175e+03
1.473973973973973894e+00 3.224710498907621968e+03
1.480980980980981077e+00 3.225470495450501403e+03
1.487987987987987815e+00 3.226229786565120776e+03
1.494994994994994997e+00 3.226988371669016033e+03
1.502002002002001957e+00 3.227746250180166953e+03
1.509009009009008917e+00 3.228503421516998969e+03
1.516016016016016099e+00 3.229259885098380892e+03
1.523023023023023059e+00 3.230015640343629912e+03
1.530030030030030019e+00 3.230770686672507054e+03
1.537037037037036979e+00 3.231525023505223999e+03
1.544044044044043940e+00 3.232278650262437623e+03
1.551051051051051122e+00 3.233031566365255912e+03
1.558058058058058082e+00 3.233783771235235236e+03
1.565065065065065042e+00 3.234535264294382614e+03
1.572072072072072002e+00 3.235286044965157089e+03
1.579079079079078962e+00 3.236036112670468356e+03
1.586086086086086144e+00 3.236785466833679948e+03
1.593093093093093104e+00 3.237534106878606963e+03
1.600100100100100065e+00 3.238282032229520610e+03
1.607107107107107025e+00 3.239029242311145936e+03
1.614114114114114207e+00 3.239775736548663190e+03
1.621121121121121167e+00 3.240521514367710097e+03
1.628128128128128127e+00 3.241266575194380493e+03
1.635135135135135087e+00 3.242010918455225692e+03
1.642142142142142047e+00 3.242754543577257209e+03
1.649149149149149229e+00 3.243497449987943583e+03
1.656156156156156189e+00 3.244239637115214464e+03
1.663163163163163150e+00 3.244981104387461073e+03
1.670170170170170110e+00 3.245721851233533926e+03
1.677177177177177070e+00 3.246461877082747378e+03
1.684184184184184252e+00 3.247201181364879176e+03
1.691191191191191212e+00 3.247939763510168177e+03
1.698198198198198172e+00 3.248677622949320721e+03
1.705205205205205132e+00 3.249414759113505625e+03
1.712212212212212092e+00 3.250151171434358730e+03
1.719219219219219275e+00 3.250886859343982906e+03
1.726226226226226235e+00 3.251621822274947135e+03
1.733233233233233195e+00 3.252356059660289702e+03
1.740240240240240155e+00 3.253089570933516370e+03
1.747247247247247337e+00 3.253822355528603111e+03
1.754254254254254297e+00 3.254554412879995652e+03
1.761261261261261257e+00 3.255285742422611293e+03
1.768268268268268217e+00 3.256016343591838449e+03
1.775275275275275177e+00 3.256746215823538023e+03
1.782282282282282360e+00 3.257475358554043851e+03
1.789289289289289320e+00 3.258203771220164072e+03
1.796296296296296280e+00 3.258931453259181126e+03
1.803303303303303240e+00 3.259658404108852665e+03
1.810310310310310200e+00 3.260384623207412005e+03
1.817317317317317382e+00 3.261110109993569495e+03
1.824324324324324342e+00 3.261834863906512965e+03
1.831331331331331302e+00 3.262558884385908641e+03
1.838338338338338263e+00 3.263282170871901144e+03
1.845345345345345223e+00 3.264004722805114852e+03
1.852352352352352405e+00 3.264726539626654358e+03
1.859359359359359365e+00 3.265447620778105829e+03
1.866366366366366325e+00 3.266167965701537014e+03
1.873373373373373285e+00 3.266887573839496781e+03
1.880380380380380467e+00 3.267606444635019216e+03
1.887387387387387427e+00 3.268324577531621344e+03
1.894394394394394388e+00 3.269041971973304953e+03
1.901401401401401348e+00 3.269758627404556592e+03
1.908408408408408308e+00 3.270474543270349386e+03
1.915415415415415490e+00 3.271189719016143954e+03
1.922422422422422450e+00 3.271904154087887036e+03
1.929429429429429410e+00 3.272617847932014683e+03
1.936436436436436370e+00 3.273330799995451343e+03
1.943443443443443330e+00 3.274043009725610318e+03
1.950450450450450512e+00 3.274754476570396946e+03
1.957457457457457473e+00 3.275465199978206329e+03
1.964464464464464433e+00 3.276175179397925604e+03
1.971471471471471393e+00 3.276884414278934855e+03
1.978478478478478575e+00 3.277592904071107569e+03
1.985485485485485535e+00 3.278300648224809265e+03
1.992492492492492495e+00 3.279007646190902506e+03
1.999499499499499455e+00 3.279713897420743251e+03
2.006506506506506415e+00 3.280419401366185411e+03
2.013513513513513598e+00 3.281124157479577207e+03
2.020520520520520336e+00 3.281828165213766169e+03
2.027527527527527518e+00 3.282531424022097781e+03
2.034534534534534700e+00 3.283233933358415925e+03
2.041541541541541438e+00 3.283935692677062889e+03
2.048548548548548620e+00 3.284636701432883910e+03
2.055555555555555358e+00 3.285336959081223540e+03
2.062562562562562540e+00 3.286036465077927460e+03
2.069569569569569722e+00 3.286735218879344757e+03
2.076576576576576461e+00 3.287433219942327923e+03
2.083583583583583643e+00 3.288130467724232403e+03
2.090590590590590381e+00 3.288826961682917954e+03
2.097597597597597563e+00 3.289522701276749558e+03
2.104604604604604745e+00 3.290217685964599696e+03
2.111611611611611927e+00 3.290911915205845162e+03
2.118618618618618665e+00 3.291605388460371614e+03
2.125625625625625403e+00 3.292298105188571753e+03
2.132632632632632586e+00 3.292990064851347597e+03
2.139639639639639768e+00 3.293681266910110480e+03
2.146646646646646950e+00 3.294371710826781964e+03
2.153653653653653688e+00 3.295061396063792472e+03
2.160660660660660426e+00 3.295750322084087202e+03
2.167667667667667608e+00 3.296438488351121578e+03
2.174674674674674790e+00 3.297125894328863524e+03
2.181681681681681972e+00 3.297812539481795284e+03
2.188688688688688710e+00 3.298498423274913876e+03
2.195695695695695449e+00 3.299183545173730181e+03
2.202702702702702631e+00 3.299867904644271221e+03
2.209709709709709813e+00 3.300551501153080153e+03
2.216716716716716995e+00 3.301234334167218094e+03
2.223723723723723733e+00 3.301916403154261843e+03
2.230730730730730471e+00 3.302597707582308431e+03
2.237737737737737653e+00 3.303278246919974208e+03
2.244744744744744835e+00 3.303958020636393940e+03
2.251751751751752018e+00 3.304637028201223075e+03
2.258758758758758756e+00 3.305315269084639112e+03
2.265765765765765494e+00 3.305992742757340693e+03
2.272772772772772676e+00 3.306669448690549871e+03
2.279779779779779858e+00 3.307345386356011204e+03
2.286786786786787040e+00 3.308020555225992211e+03
2.293793793793793778e+00 3.308694954773287918e+03
2.300800800800800516e+00 3.309368584471214945e+03
2.307807807807807698e+00 3.310041443793619237e+03
2.314814814814814881e+00 3.310713532214871066e+03
2.321821821821822063e+00 3.311384849209869117e+03
2.328828828828828801e+00 3.312055394254040493e+03
2.335835835835835539e+00 3.312725166823339805e+03
2.342842842842842721e+00 3.313394166394251897e+03
2.349849849849849903e+00 3.314062392443790941e+03
2.356856856856857085e+00 3.314729844449503616e+03
2.363863863863863823e+00 3.315396521889465475e+03
2.370870870870870561e+00 3.316062424242285942e+03
2.377877877877877744e+00 3.316727550987107406e+03
2.384884884884884926e+00 3.317391901603604310e+03
2.391891891891892108e+00 3.318055475571986335e+03
2.398898898898898846e+00 3.318718272372998399e+03
2.405905905905905584e+00 3.319380291487919294e+03
2.412912912912912766e+00 3.320041532398565323e+03
2.419919919919919948e+00 3.320701994587289391e+03
2.426926926926927131e+00 3.321361677536981460e+03
2.433933933933933869e+00 3.322020580731070368e+03
2.440940940940940607e+00 3.322678703653522916e+03
2.447947947947947789e+00 3.323336045788846604e+03
2.454954954954954971e+00 3.323992606622089170e+03
2.461961961961962153e+00 3.324648385638837226e+03
2.468968968968968891e+00 3.325303382325221264e+03
2.475975975975975629e+00 3.325957596167912925e+03
2.482982982982982811e+00 3.326611026654126817e+03
2.489989989989989994e+00 3.327263673271621883e+03
2.496996996996997176e+00 3.327915535508700032e+03
2.504004004004003914e+00 3.328566612854208415e+03
2.511011011011011096e+00 3.329216904797541247e+03
2.518018018018017834e+00 3.329866410828637072e+03
2.525025025025025016e+00 3.330515130437981952e+03
2.532032032032032198e+00 3.331163063116609919e+03
2.539039039039038936e+00 3.331810208356103431e+03
2.546046046046046119e+00 3.332456565648592459e+03
2.553053053053052857e+00 3.333102134486758587e+03
2.560060060060060039e+00 3.333746914363831365e+03
2.567067067067067221e+00 3.334390904773593320e+03
2.574074074074073959e+00 3.335034105210377220e+03
2.581081081081081141e+00 3.335676515169068352e+03
2.588088088088087879e+00 3.336318134145105432e+03
2.595095095095095061e+00 3.336958961634479692e+03
2.602102102102102243e+00 3.337598997133738067e+03
2.609109109109108982e+00 3.338238240139980917e+03
2.616116116116116164e+00 3.338876690150863851e+03
2.623123123123122902e+00 3.339514346664600453e+03
2.630130130130130084e+00 3.340151209179959551e+03
2.637137137137137266e+00 3.340787277196268860e+03
2.644144144144144004e+00 3.341422550213411796e+03
2.651151151151151186e+00 3.342057027731833841e+03
2.658158158158157924e+00 3.342690709252536635e+03
2.665165165165165106e+00 3.343323594277084794e+03
2.672172172172172289e+00 3.343955682307602274e+03
2.679179179179179027e+00 3.344586972846773733e+03
2.686186186186186209e+00 3.345217465397847718e+03
2.693193193193193391e+00 3.345847159464633933e+03
2.700200200200200129e+00 3.346476054551505513e+03
2.707207207207207311e+00 3.347104150163401300e+03
2.714214214214214049e+00 3.347731445805823114e+03
2.721221221221221231e+00 3.348357940984837569e+03
2.728228228228228414e+00 3.348983635207080169e+03
2.735235235235235152e+00 3.349608527979749397e+03
2.742242242242242334e+00 3.350232618810613076e+03
2.749249249249249072e+00 3.350855907208007466e+03
2.756256256256256254e+00 3.351478392680834986e+03
2.763263263263263436e+00 3.352100074738569674e+03
2.770270270270270174e+00 3.352720952891253546e+03
2.777277277277277356e+00 3.353341026649501146e+03
2.784284284284284094e+00 3.353960295524494995e+03
2.791291291291291277e+00 3.354578759027992874e+03
2.798298298298298459e+00 3.355196416672323267e+03
2.805305305305305197e+00 3.355813267970387642e+03
2.812312312312312379e+00 3.356429312435659995e+03
2.819319319319319117e+00 3.357044549582191848e+03
2.826326326326326299e+00 3.357658978924606799e+03
2.833333333333333481e+00 3.358272599978105518e+03
2.840340340340340219e+00 3.358885412258463020e+03
2.847347347347347402e+00 3.359497415282034126e+03
2.854354354354354140e+00 3.360108608565748909e+03
2.861361361361361322e+00 3.360718991627115884e+03
2.868368368368368504e+00 3.361328563984223820e+03
2.875375375375375242e+00 3.361937325155738563e+03
2.882382382382382424e+00 3.362545274660907126e+03
2.889389389389389162e+00 3.363152412019558597e+03
2.896396396396396344e+00 3.363758736752100958e+03
2.903403403403403527e+00 3.364364248379525179e+03
2.910410410410410265e+00 3.364968946423405669e+03
2.917417417417417447e+00 3.365572830405898003e+03
2.924424424424424185e+00 3.366175899849743473e+03
2.931431431431431367e+00 3.366778154278266356e+03
2.938438438438438549e+00 3.367379593215378009e+03
2.945445445445445287e+00 3.367980216185573227e+03
2.952452452452452469e+00 3.368580022713933886e+03
2.959459459459459651e+00 3.369179012326130305e+03
2.966466466466466390e+00 3.369777184548417608e+03
2.973473473473473572e+00 3.370374538907641636e+03
2.980480480480480310e+00 3.370971074931235307e+03
2.987487487487487492e+00 3.371566792147223168e+03
2.994494494494494674e+00 3.372161690084216389e+03
3.001501501501501412e+00 3.372755768271420038e+03
3.008508508508508594e+00 3.373349026238629904e+03
3.015515515515515332e+00 3.373941463516231124e+03
3.022522522522522515e+00 3.374533079635205013e+03
3.029529529529529697e+00 3.375123874127124054e+03
3.036536536536536435e+00 3.375713846524155088e+03
3.043543543543543617e+00 3.376302996359058398e+03
3.050550550550550355e+00 3.376891323165190443e+03
3.057557557557557537e+00 3.377478826476503400e+03
3.064564564564564719e+00 3.378065505827544257e+03
3.071571571571571457e+00 3.378651360753458448e+03
3.078578578578578639e+00 3.379236390789988036e+03
3.085585585585585378e+00 3.379820595473473986e+03
3.092592592592592560e+00 3.380403974340853892e+03
3.099599599599599742e+00 3.380986526929668344e+03
3.106606606606606480e+00 3.381568252778053647e+03
3.113613613613613662e+00 3.382149151424750016e+03
3.120620620620620400e+00 3.382729222409097019e+03
3.127627627627627582e+00 3.383308465271035402e+03
3.134634634634634764e+00 3.383886879551111633e+03
3.141641641641641503e+00 3.384464464790470174e+03
3.148648648648648685e+00 3.385041220530863939e+03
3.155655655655655423e+00 3.385617146314645652e+03
3.162662662662662605e+00 3.386192241684776945e+03
3.169669669669669787e+00 3.386766506184821992e+03
3.176676676676676525e+00 3.387339939358951597e+03
3.183683683683683707e+00 3.387912540751943197e+03
3.190690690690690445e+00 3.388484309909182230e+03
3.197697697697697627e+00 3.389055246376661216e+03
3.204704704704704810e+00 3.389625349700981133e+03
3.211711711711711548e+00 3.390194619429351860e+03
3.218718718718718730e+00 3.390763055109592642e+03
3.225725725725725912e+00 3.391330656290133902e+03
3.232732732732732650e+00 3.391897422520015880e+03
3.239739739739739832e+00 3.392463353348891360e+03
3.246746746746746570e+00 3.393028448327022943e+03
3.253753753753753752e+00 3.393592707005288503e+03
3.260760760760760935e+00 3.394156128935176639e+03
3.267767767767767673e+00 3.394718713668792134e+03
3.274774774774774855e+00 3.395280460758851859e+03
3.281781781781781593e+00 3.395841369758688870e+03
3.288788788788788775e+00 3.396401440222251949e+03
3.295795795795795957e+00 3.396960671704104698e+03
3.302802802802802695e+00 3.397519063759430082e+03
3.309809809809809877e+00 3.398076615944024979e+03
3.316816816816816615e+00 3.398633327814306540e+03
3.323823823823823798e+00 3.399189198927309917e+03
3.330830830830830980e+00 3.399744228840688720e+03
3.337837837837837718e+00 3.400298417112717289e+03
3.344844844844844900e+00 3.400851763302289328e+03
3.351851851851851638e+00 3.401404266968918819e+03
3.358858858858858820e+00 3.401955927672743655e+03
3.365865865865866002e+00 3.402506744974521098e+03
3.372872872872872740e+00 3.403056718435632320e+03
3.379879879879879923e+00 3.403605847618080588e+03
3.386886886886886661e+00 3.404154132084494904e+03
3.393893893893893843e+00 3.404701571398126362e+03
3.400900900900901025e+00 3.405248165122852242e+03
3.407907907907907763e+00 3.405793912823175560e+03
3.414914914914914945e+00 3.406338814064224607e+03
3.421921921921921683e+00 3.406882868411753861e+03
3.428928928928928865e+00 3.407426075432147172e+03
3.435935935935936048e+00 3.407968434692413666e+03
3.442942942942942786e+00 3.408509945760192750e+03
3.449949949949949968e+00 3.409050608203751381e+03
3.456956956956957150e+00 3.409590421591987251e+03
3.463963963963963888e+00 3.410129385494426970e+03
3.470970970970971070e+00 3.410667499481228788e+03
3.477977977977977808e+00 3.411204763123181237e+03
3.484984984984984990e+00 3.411741175991706314e+03
3.491991991991992172e+00 3.412276737658856291e+03
3.498998998998998911e+00 3.412811447697318272e+03
3.506006006006006093e+00 3.413345305680411002e+03
3.513013013013012831e+00 3.413878311182088964e+03
3.520020020020020013e+00 3.414410463776940105e+03
3.527027027027027195e+00 3.414941763040189016e+03
3.534034034034033933e+00 3.415472208547694663e+03
3.541041041041041115e+00 3.416001799875953111e+03
3.548048048048047853e+00 3.416530536602096618e+03
3.555055055055055035e+00 3.417058418303895451e+03
3.562062062062062218e+00 3.417585444559758344e+03
3.569069069069068956e+00 3.418111614948731130e+03
3.576076076076076138e+00 3.418636929050501294e+03
3.583083083083082876e+00 3.419161386445392509e+03
3.590090090090090058e+00 3.419684986714372826e+03
3.597097097097097240e+00 3.420207729439047853e+03
3.604104104104103978e+00 3.420729614201665299e+03
3.611111111111111160e+00 3.421250640585116798e+03
3.618118118118117899e+00 3.421770808172933357e+03
3.625125125125125081e+00 3.422290116549291724e+03
3.632132132132132263e+00 3.422808565299010752e+03
3.639139139139139001e+00 3.423326154007554123e+03
3.646146146146146183e+00 3.423842882261028990e+03
3.653153153153152921e+00 3.424358749646190063e+03
3.660160160160160103e+00 3.424873755750435521e+03
3.667167167167167285e+00 3.425387900161811103e+03
3.674174174174174023e+00 3.425901182469010109e+03
3.681181181181181206e+00 3.426413602261371580e+03
3.688188188188187944e+00 3.426925159128883934e+03
3.695195195195195126e+00 3.427435852662183152e+03
3.702202202202202308e+00 3.427945682452555502e+03
3.709209209209209046e+00 3.428454648091935269e+03
3.716216216216216228e+00 3.428962749172908843e+03
3.723223223223223410e+00 3.429469985288712451e+03
3.730230230230230148e+00 3.429976356033232605e+03
3.737237237237237331e+00 3.430481861001008838e+03
3.744244244244244069e+00 3.430986499787232788e+03
3.751251251251251251e+00 3.431490271987749111e+03
3.758258258258258433e+00 3.431993177199056390e+03
3.765265265265265171e+00 3.432495215018305316e+03
3.772272272272272353e+00 3.432996385043302780e+03
3.779279279279279091e+00 3.433496686872510509e+03
3.786286286286286273e+00 3.433996120105045520e+03
3.793293293293293456e+00 3.434494684340680578e+03
3.800300300300300194e+00 3.434992379179846012e+03
3.807307307307307376e+00 3.435489204223628349e+03
3.814314314314314114e+00 3.435985159073772593e+03
3.821321321321321296e+00 3.436480243332682221e+03
3.828328328328328478e+00 3.436974456603418275e+03
3.835335335335335216e+00 3.437467798489702091e+03
3.842342342342342398e+00 3.437960268595913931e+03
3.849349349349349136e+00 3.438451866527097081e+03
3.856356356356356319e+00 3.438942591888951938e+03
3.863363363363363501e+00 3.439432444287842372e+03
3.870370370370370239e+00 3.439921423330794823e+03
3.877377377377377421e+00 3.440409528625496478e+03
3.884384384384384159e+00 3.440896759780298908e+03
3.891391391391391341e+00 3.441383116404216707e+03
3.898398398398398523e+00 3.441868598106928403e+03
3.905405405405405261e+00 3.442353204498776904e+03
3.912412412412412444e+00 3.442836935190770873e+03
3.919419419419419182e+00 3.443319789794584267e+03
3.926426426426426364e+00 3.443801767922557246e+03
3.933433433433433546e+00 3.444282869187696633e+03
3.940440440440440284e+00 3.444763093203675453e+03
3.947447447447447466e+00 3.445242439584836575e+03
3.954454454454454204e+00 3.445720907946188163e+03
3.961461461461461386e+00 3.446198497903410498e+03
3.968468468468468568e+00 3.446675209072850521e+03
3.975475475475475307e+00 3.447151041071525015e+03
3.982482482482482489e+00 3.447625993517121969e+03
3.989489489489489671e+00 3.448100066028001038e+03
3.996496496496496409e+00 3.448573258223190805e+03
4.003503503503504035e+00 3.449045569722393338e+03
4.010510510510510329e+00 3.449517000145981910e+03
4.017517517517517511e+00 3.449987549115004185e+03
4.024524524524524693e+00 3.450457216251179489e+03
4.031531531531530987e+00 3.450926001176901536e+03
4.038538538538539058e+00 3.451393903515238890e+03
4.045545545545545352e+00 3.451860922889934045e+03
4.052552552552552534e+00 3.452327058925405709e+03
4.059559559559559716e+00 3.452792311246748341e+03
4.066566566566566010e+00 3.453256679479731702e+03
4.073573573573574080e+00 3.453720163250803580e+03
4.080580580580580374e+00 3.454182762187088429e+03
4.087587587587587556e+00 3.454644475916388728e+03
4.094594594594594739e+00 3.455105304067185443e+03
4.101601601601601033e+00 3.455565246268638475e+03
4.108608608608609103e+00 3.456024302150587118e+03
4.115615615615615397e+00 3.456482471343549605e+03
4.122622622622622579e+00 3.456939753478725834e+03
4.129629629629629761e+00 3.457396148187995095e+03
4.136636636636636055e+00 3.457851655103919256e+03
4.143643643643644126e+00 3.458306273859741850e+03
4.150650650650650419e+00 3.458760004089387621e+03
4.157657657657657602e+00 3.459212845427465709e+03
4.164664664664664784e+00 3.459664797509266464e+03
4.171671671671671078e+00 3.460115859970766451e+03
4.178678678678679148e+00 3.460566032448624355e+03
4.185685685685685442e+00 3.461015314580185532e+03
4.192692692692692624e+00 3.461463706003479274e+03
4.199699699699699806e+00 3.461911206357220181e+03
4.206706706706706100e+00 3.462357815280810883e+03
4.213713713713714171e+00 3.462803532414338861e+03
4.220720720720720465e+00 3.463248357398579628e+03
4.227727727727727647e+00 3.463692289874997186e+03
4.234734734734734829e+00 3.464135329485740840e+03
4.241741741741741123e+00 3.464577475873652475e+03
4.248748748748749193e+00 3.465018728682260189e+03
4.255755755755755487e+00 3.465459087555782389e+03
4.262762762762762669e+00 3.465898552139127787e+03
4.269769769769769852e+00 3.466337122077895856e+03
4.276776776776776146e+00 3.466774797018375921e+03
4.283783783783784216e+00 3.467211576607550342e+03
4.290790790790790510e+00 3.467647460493092240e+03
4.297797797797797692e+00 3.468082448323368681e+03
4.304804804804804874e+00 3.468516539747437037e+03
4.311811811811811168e+00 3.468949734415050898e+03
4.318818818818819238e+00 3.469382031976655981e+03
4.325825825825825532e+00 3.469813432083392399e+03
4.332832832832832715e+00 3.470243934387096033e+03
4.339839839839839897e+00 3.470673538540297614e+03
4.346846846846846191e+00 3.471102244196222728e+03
4.353853853853854261e+00 3.471530051008794544e+03
4.360860860860860555e+00 3.471956958632631995e+03
4.367867867867867737e+00 3.472382966723050231e+03
4.374874874874874919e+00 3.472808074936064713e+03
4.381881881881881213e+00 3.473232282928386667e+03
4.388888888888889284e+00 3.473655590357426263e+03
4.395895895895895578e+00 3.474077996881293075e+03
4.402902902902902760e+00 3.474499502158796076e+03
4.409909909909909942e+00 3.474920105849443644e+03
4.416916916916916236e+00 3.475339807613445373e+03
4.423923923923924306e+00 3.475758607111710717e+03
4.430930930930930600e+00 3.476176504005850802e+03
4.437937937937937782e+00 3.476593497958178432e+03
4.444944944944944965e+00 3.477009588631708993e+03
4.451951951951951258e+00 3.477424775690159549e+03
4.458958958958959329e+00 3.477839058797951566e+03
4.465965965965965623e+00 3.478252437620208184e+03
4.472972972972972805e+00 3.478664911822759223e+03
4.479979979979979987e+00 3.479076481072136175e+03
4.486986986986987169e+00 3.479487145035577214e+03
4.493993993993994351e+00 3.479896903381024458e+03
4.501001001001000645e+00 3.480305755777127615e+03
4.508008008008007828e+00 3.480713701893241705e+03
4.515015015015015010e+00 3.481120741399427061e+03
4.522022022022022192e+00 3.481526873966452968e+03
4.529029029029029374e+00 3.481932099265796296e+03
4.536036036036035668e+00 3.482336416969640595e+03
4.543043043043042850e+00 3.482739826750878819e+03
4.550050050050050032e+00 3.483142328283112420e+03
4.557057057057057214e+00 3.483543921240652708e+03
4.564064064064064397e+00 3.483944605298520401e+03
4.571071071071070691e+00 3.484344380132445167e+03
4.578078078078077873e+00 3.484743245418870629e+03
4.585085085085085055e+00 3.485141200834947995e+03
4.592092092092092237e+00 3.485538246058541517e+03
4.599099099099099419e+00 3.485934380768227584e+03
4.606106106106105713e+00 3.486329604643294260e+03
4.613113113113112895e+00 3.486723917363743112e+03
4.620120120120120077e+00 3.487117318610289203e+03
4.627127127127127260e+00 3.487509808064360186e+03
4.634134134134134442e+00 3.487901385408098122e+03
4.641141141141140736e+00 3.488292050324359934e+03
4.648148148148147918e+00 3.488681802496718319e+03
4.655155155155155100e+00 3.489070641609459017e+03
4.662162162162162282e+00 3.489458567347585813e+03
4.669169169169169464e+00 3.489845579396818266e+03
4.676176176176175758e+00 3.490231677443592162e+03
4.683183183183182940e+00 3.490616861175059967e+03
4.690190190190190123e+00 3.491001130279093104e+03
4.697197197197197305e+00 3.491384484444278769e+03
4.704204204204204487e+00 3.491766923359925386e+03
4.711211211211210781e+00 3.492148446716057606e+03
4.718218218218217963e+00 3.492529054203419946e+03
4.725225225225225145e+00 3.492908745513476788e+03
4.732232232232232327e+00 3.493287520338413742e+03
4.739239239239239510e+00 3.493665378371134466e+03
4.746246246246245803e+00 3.494042319305265664e+03
4.753253253253252986e+00 3.494418342835153453e+03
4.760260260260260168e+00 3.494793448655866541e+03
4.767267267267267350e+00 3.495167636463196231e+03
4.774274274274274532e+00 3.495540905953655511e+03
4.781281281281280826e+00 3.495913256824480868e+03
4.788288288288288008e+00 3.496284688773631842e+03
4.795295295295295190e+00 3.496655201499791019e+03
4.802302302302302373e+00 3.497024794702366762e+03
4.809309309309309555e+00 3.497393468081490482e+03
4.816316316316315849e+00 3.497761221338019368e+03
4.823323323323323031e+00 3.498128054173535475e+03
4.830330330330330213e+00 3.498493966290347089e+03
4.837337337337337395e+00 3.498858957391488275e+03
4.844344344344344577e+00 3.499223027180719328e+03
4.851351351351350871e+00 3.499586175362529048e+03
4.858358358358358053e+00 3.499948401642132467e+03
4.865365365365365236e+00 3.500309705725471304e+03
4.872372372372372418e+00 3.500670087319218055e+03
4.879379379379379600e+00 3.501029546130771450e+03
4.886386386386386782e+00 3.501388081868259633e+03
4.893393393393393076e+00 3.501745694240541980e+03
4.900400400400400258e+00 3.502102382957205009e+03
4.907407407407407440e+00 3.502458147728566928e+03
4.914414414414414622e+00 3.502812988265676267e+03
4.921421421421421805e+00 3.503166904280311428e+03
4.928428428428428099e+00 3.503519895484984772e+03
4.935435435435435281e+00 3.503871961592936714e+03
4.942442442442442463e+00 3.504223102318142082e+03
4.949449449449449645e+00 3.504573317375308761e+03
4.956456456456456827e+00 3.504922606479875867e+03
4.963463463463463121e+00 3.505270969348015569e+03
4.970470470470470303e+00 3.505618405696635818e+03
4.977477477477477485e+00 3.505964915243376254e+03
4.984484484484484668e+00 3.506310497706612750e+03
4.991491491491491850e+00 3.506655152805454236e+03
4.998498498498498144e+00 3.506998880259745874e+03
5.005505505505505326e+00 3.507341679790068611e+03
5.012512512512512508e+00 3.507683551117738716e+03
5.019519519519519690e+00 3.508024493964809153e+03
5.026526526526526872e+00 3.508364508054068665e+03
5.033533533533533166e+00 3.508703593109043595e+03
5.040540540540540349e+00 3.509041748853998797e+03
5.047547547547547531e+00 3.509378975013935815e+03
5.054554554554554713e+00 3.509715271314592883e+03
5.061561561561561895e+00 3.510050637482450838e+03
5.068568568568568189e+00 3.510385073244725390e+03
5.075575575575575371e+00 3.510718578329373031e+03
5.082582582582582553e+00 3.511051152465091036e+03
5.089589589589589735e+00 3.511382795381314736e+03
5.096596596596596918e+00 3.511713506808221609e+03
5.103603603603603212e+00 3.512043286476727644e+03
5.110610610610610394e+00 3.512372134118493250e+03
5.117617617617617576e+00 3.512700049465917346e+03
5.124624624624624758e+00 3.513027032252141453e+03
5.131631631631631940e+00 3.513353082211050150e+03
5.138638638638638234e+00 3.513678199077270165e+03
5.145645645645645416e+00 3.514002382586170370e+03
5.152652652652652598e+00 3.514325632473864516e+03
5.159659659659659781e+00 3.514647948477208047e+03
5.166666666666666963e+00 3.514969330333802645e+03
5.173673673673673257e+00 3.515289777781992143e+03
5.180680680680680439e+00 3.515609290560866611e+03
5.187687687687687621e+00 3.515927868410260089e+03
5.194694694694694803e+00 3.516245511070753309e+03
5.201701701701701985e+00 3.516562218283671427e+03
5.208708708708708279e+00 3.516877989791086748e+03
5.215715715715715461e+00 3.517192825335817815e+03
5.222722722722722644e+00 3.517506724661429416e+03
5.229729729729729826e+00 3.517819687512233941e+03
5.236736736736737008e+00 3.518131713633291383e+03
5.243743743743743302e+00 3.518442802770410253e+03
5.250750750750750484e+00 3.518752954670145300e+03
5.257757757757757666e+00 3.519062169079801606e+03
5.264764764764764848e+00 3.519370445747432768e+03
5.271771771771772030e+00 3.519677784421841352e+03
5.278778778778778324e+00 3.519984184852578892e+03
5.285785785785785507e+00 3.520289646789948620e+03
5.292792792792792689e+00 3.520594169985002281e+03
5.299799799799799871e+00 3.520897754189543321e+03
5.306806806806807053e+00 3.521200399156125513e+03
5.313813813813813347e+00 3.521502104638053879e+03
5.320820820820820529e+00 3.521802870389385134e+03
5.327827827827827711e+00 3.522102696164928147e+03
5.334834834834834894e+00 3.522401581720243939e+03
5.341841841841842076e+00 3.522699526811646138e+03
5.348848848848848370e+00 3.522996531196201886e+03
5.355855855855855552e+00 3.523292594631730026e+03
5.362862862862862734e+00 3.523587716876804279e+03
5.369869869869869916e+00 3.523881897690752794e+03
5.376876876876877098e+00 3.524175136833656325e+03
5.383883883883884280e+00 3.524467434066350961e+03
5.390890890890890574e+00 3.524758789150427674e+03
5.397897897897897757e+00 3.525049201848233679e+03
5.404904904904904939e+00 3.525338671922870162e+03
5.411911911911912121e+00 3.525627199138195010e+03
5.418918918918919303e+00 3.525914783258821444e+03
5.425925925925925597e+00 3.526201424050120750e+03
5.432932932932932779e+00 3.526487121278220002e+03
5.439939939939939961e+00 3.526771874710003431e+03
5.446946946946947143e+00 3.527055684113112875e+03
5.453953953953954326e+00 3.527338549255947783e+03
5.460960960960960620e+00 3.527620469907666120e+03
5.467967967967967802e+00 3.527901445838183918e+03
5.474974974974974984e+00 3.528181476818176179e+03
5.481981981981982166e+00 3.528460562619076882e+03
5.488988988988989348e+00 3.528738703013078975e+03
5.495995995995995642e+00 3.529015897773135293e+03
5.503003003003002824e+00 3.529292146672959007e+03
5.510010010010010006e+00 3.529567449487023623e+03
5.517017017017017189e+00 3.529841805990562079e+03
5.524024024024024371e+00 3.530115215959568559e+03
5.531031031031030665e+00 3.530387679170800311e+03
5.538038038038037847e+00 3.530659195401773559e+03
5.545045045045045029e+00 3.530929764430768046e+03
5.552052052052052211e+00 3.531199386036823853e+03
5.559059059059059393e+00 3.531468059999745947e+03
5.566066066066065687e+00 3.531735786100099176e+03
5.573073073073072869e+00 3.532002564119214185e+03
5.580080080080080052e+00 3.532268393839182409e+03
5.587087087087087234e+00 3.532533275042860623e+03
5.594094094094094416e+00 3.532797207513869125e+03
5.601101101101100710e+00 3.533060191036591277e+03
5.608108108108107892e+00 3.533322225396176691e+03
5.615115115115115074e+00 3.533583310378537590e+03
5.622122122122122256e+00 3.533843445770353810e+03
5.629129129129129439e+00 3.534102631359068710e+03
5.636136136136135732e+00 3.534360866932892350e+03
5.643143143143142915e+00 3.534618152280798313e+03
5.650150150150150097e+00 3.534874487192530523e+03
5.657157157157157279e+00 3.535129871458595971e+03
5.664164164164164461e+00 3.535384304870269716e+03
5.671171171171170755e+00 3.535637787219594429e+03
5.678178178178177937e+00 3.535890318299378578e+03
5.685185185185185119e+00 3.536141897903199151e+03
5.692192192192192302e+00 3.536392525825401663e+03
5.699199199199199484e+00 3.536642201861099238e+03
5.706206206206205778e+00 3.536890925806173072e+03
5.713213213213212960e+00 3.537138697457273793e+03
5.720220220220220142e+00 3.537385516611820549e+03
5.727227227227227324e+00 3.537631383068002378e+03
5.734234234234234506e+00 3.537876296624777297e+03
5.741241241241240800e+00 3.538120257081873660e+03
5.748248248248247982e+00 3.538363264239789714e+03
5.755255255255255165e+00 3.538605317899794045e+03
5.762262262262262347e+00 3.538846417863925126e+03
5.769269269269269529e+00 3.539086563934995411e+03
5.776276276276275823e+00 3.539325755916584058e+03
5.783283283283283005e+00 3.539563993613045568e+03
5.790290290290290187e+00 3.539801276829503877e+03
5.797297297297297369e+00 3.540037605371856444e+03
5.804304304304304551e+00 3.540272979046771525e+03
5.811311311311310845e+00 3.540507397661690902e+03
5.818318318318318028e+00 3.540740861024828973e+03
5.825325325325325210e+00 3.540973368945174116e+03
5.832332332332332392e+00 3.541204921232485503e+03
5.839339339339339574e+00 3.541435517697298110e+03
5.846346346346345868e+00 3.541665158150920433e+03
5.853353353353353050e+00 3.541893842405434043e+03
5.860360360360360232e+00 3.542121570273696761e+03
5.867367367367367414e+00 3.542348341569338572e+03
5.874374374374374597e+00 3.542574156106765713e+03
5.881381381381380891e+00 3.542799013701160220e+03
5.888388388388388073e+00 3.543022914168478110e+03
5.895395395395395255e+00 3.543245857325452107e+03
5.902402402402402437e+00 3.543467842989589371e+03
5.909409409409409619e+00 3.543688870979175135e+03
5.916416416416416801e+00 3.543908941113269066e+03
5.923423423423423095e+00 3.544128053211708902e+03
5.930430430430430278e+00 3.544346207095108639e+03
5.937437437437437460e+00 3.544563402584859887e+03
5.944444444444444642e+00 3.544779639503130056e+03
5.951451451451451824e+00 3.544994917672865540e+03
5.958458458458458118e+00 3.545209236917791713e+03
5.965465465465465300e+00 3.545422597062408386e+03
5.972472472472472482e+00 3.545634997931997987e+03
5.979479479479479664e+00 3.545846439352617836e+03
5.986486486486486847e+00 3.546056921151106053e+03
5.993493493493493141e+00 3.546266443155079742e+03
6.000500500500500323e+00 3.546475005192934532e+03
6.007507507507507505e+00 3.546682607093845945e+03
6.014514514514514687e+00 3.546889248687768941e+03
6.021521521521521869e+00 3.547094929805439278e+03
6.028528528528528163e+00 3.547299650278371246e+03
6.035535535535535345e+00 3.547503409938861751e+03
6.042542542542542527e+00 3.547706208619986683e+03
6.049549549549549710e+00 3.547908046155603188e+03
6.056556556556556892e+00 3.548108922380350123e+03
6.063563563563563186e+00 3.548308837129646236e+03
6.070570570570570368e+00 3.548507790239694259e+03
6.077577577577577550e+00 3.548705781547476363e+03
6.084584584584584732e+00 3.548902810890757792e+03
6.091591591591591914e+00 3.549098878108085501e+03
6.098598598598598208e+00 3.549293983038789520e+03
6.105605605605605390e+00 3.549488125522982955e+03
6.112612612612612573e+00 3.549681305401559712e+03
6.119619619619619755e+00 3.549873522516199500e+03
6.126626626626626937e+00 3.550064776709363286e+03
6.133633633633633231e+00 3.550255067824296020e+03
6.140640640640640413e+00 3.550444395705027546e+03
6.147647647647647595e+00 3.550632760196370327e+03
6.154654654654654777e+00 3.550820161143921268e+03
6.161661661661661959e+00 3.551006598394062166e+03
6.168668668668668253e+00 3.551192071793959258e+03
6.175675675675675436e+00 3.551376581191563218e+03
6.182682682682682618e+00 3.551560126435609618e+03
6.189689689689689800e+00 3.551742707375620284e+03
6.196696696696696982e+00 3.551924323861901485e+03
6.203703703703703276e+00 3.552104975745544834e+03
6.210710710710710458e+00 3.552284662878429117e+03
6.217717717717717640e+00 3.552463385113218010e+03
6.224724724724724823e+00 3.552641142303361903e+03
6.231731731731732005e+00 3.552817934303096536e+03
6.238738738738738299e+00 3.552993760967446633e+03
6.245745745745745481e+00 3.553168622152221815e+03
6.252752752752752663e+00 3.553342517714018413e+03
6.259759759759759845e+00 3.553515447510222202e+03
6.266766766766767027e+00 3.553687411399004304e+03
6.273773773773773321e+00 3.553858409239324374e+03
6.280780780780780503e+00 3.554028440890928778e+03
6.287787787787787686e+00 3.554197506214353780e+03
6.294794794794794868e+00 3.554365605070922811e+03
6.301801801801802050e+00 3.554532737322746925e+03
6.308808808808808344e+00 3.554698902832726617e+03
6.315815815815815526e+00 3.554864101464551368e+03
6.322822822822822708e+00 3.555028333082699191e+03
6.329829829829829890e+00 3.555191597552437088e+03
6.336836836836837072e+00 3.555353894739821499e+03
6.343843843843843366e+00 3.555515224511698761e+03
6.350850850850850549e+00 3.555675586735703746e+03
6.357857857857857731e+00 3.555834981280262582e+03
6.364864864864864913e+00 3.555993408014591296e+03
6.371871871871872095e+00 3.556150866808693991e+03
6.378878878878878389e+00 3.556307357533368759e+03
6.385885885885885571e+00 3.556462880060200860e+03
6.392892892892892753e+00 3.556617434261568178e+03
6.399899899899899935e+00 3.556771020010639404e+03
6.406906906906907118e+00 3.556923637181373579e+03
6.413913913913914300e+00 3.557075285648521458e+03
6.420920920920920594e+00 3.557225965287625513e+03
6.427927927927927776e+00 3.557375675975019476e+03
6.434934934934934958e+00 3.557524417587828339e+03
6.441941941941942140e+00 3.557672190003970172e+03
6.448948948948949322e+00 3.557818993102154309e+03
6.455955955955955616e+00 3.557964826761882705e+03
6.462962962962962798e+00 3.558109690863449487e+03
6.469969969969969981e+00 3.558253585287941860e+03
6.476976976976977163e+00 3.558396509917239655e+03
6.483983983983984345e+00 3.558538464634015327e+03
6.490990990990990639e+00 3.558679449321733955e+03
6.497997997997997821e+00 3.558819463864655063e+03
6.505005005005005003e+00 3.558958508147831253e+03
6.512012012012012185e+00 3.559096582057107298e+03
6.519019019019019368e+00 3.559233685479124233e+03
6.526026026026025662e+00 3.559369818301314808e+03
6.533033033033032844e+00 3.559504980411906672e+03
6.540040040040040026e+00 3.559639171699921917e+03
6.547047047047047208e+00 3.559772392055176169e+03
6.554054054054054390e+00 3.559904641368279954e+03
6.561061061061060684e+00 3.560035919530639148e+03
6.568068068068067866e+00 3.560166226434452710e+03
6.575075075075075048e+00 3.560295561972715859e+03
6.582082082082082231e+00 3.560423926039218713e+03
6.589089089089089413e+00 3.560551318528546290e+03
6.596096096096095707e+00 3.560677739336079867e+03
6.603103103103102889e+00 3.560803188357994259e+03
6.610110110110110071e+00 3.560927665491262360e+03
6.617117117117117253e+00 3.561051170633651509e+03
6.624124124124124435e+00 3.561173703683724398e+03
6.631131131131130729e+00 3.561295264540841345e+03
6.638138138138137911e+00 3.561415853105157566e+03
6.645145145145145094e+00 3.561535469277624543e+03
6.652152152152152276e+00 3.561654112959992744e+03
6.659159159159159458e+00 3.561771784054806176e+03
6.666166166166165752e+00 3.561888482465406014e+03
6.673173173173172934e+00 3.562004208095932427e+03
6.680180180180180116e+00 3.562118960851320935e+03
6.687187187187187298e+00 3.562232740637303777e+03
6.694194194194194480e+00 3.562345547360412183e+03
6.701201201201200774e+00 3.562457380927972281e+03
6.708208208208207957e+00 3.562568241248111008e+03
6.715215215215215139e+00 3.562678128229750655e+03
6.722222222222222321e+00 3.562787041782611141e+03
6.729229229229229503e+00 3.562894981817211828e+03
6.736236236236235797e+00 3.563001948244868800e+03
6.743243243243242979e+00 3.563107940977696217e+03
6.750250250250250161e+00 3.563212959928608143e+03
6.757257257257257343e+00 3.563317005011315359e+03
6.764264264264264526e+00 3.563420076140327637e+03
6.771271271271270820e+00 3.563522173230953285e+03
6.778278278278278002e+00 3.563623296199299602e+03
6.785285285285285184e+00 3.563723444962272879e+03
6.792292292292292366e+00 3.563822619437577941e+03
6.799299299299299548e+00 3.563920819543719062e+03
6.806306306306305842e+00 3.564018045199999506e+03
6.813313313313313024e+00 3.564114296326521071e+03
6.820320320320320207e+00 3.564209572844186823e+03
6.827327327327327389e+00 3.564303874674697454e+03
6.834334334334334571e+00 3.564397201740554920e+03
6.841341341341340865e+00 3.564489553965059258e+03
6.848348348348348047e+00 3.564580931272311773e+03
6.855355355355355229e+00 3.564671333587212303e+03
6.862362362362362411e+00 3.564760760835462861e+03
6.869369369369369593e+00 3.564849212943563089e+03
6.876376376376375887e+00 3.564936689838813891e+03
6.883383383383383070e+00 3.565023191449317437e+03
6.890390390390390252e+00 3.565108717703975799e+03
6.897397397397397434e+00 3.565193268532490947e+03
6.904404404404404616e+00 3.565276843865365663e+03
6.911411411411411798e+00 3.565359443633903993e+03
6.918418418418418092e+00 3.565441067770210793e+03
6.925425425425425274e+00 3.565521716207190821e+03
6.932432432432432456e+00 3.565601388878551461e+03
6.939439439439439639e+00 3.565680085718800001e+03
6.946446446446446821e+00 3.565757806663244992e+03
6.953453453453453115e+00 3.565834551647996705e+03
6.960460460460460297e+00 3.565910320609967130e+03
6.967467467467467479e+00 3.565985113486868158e+03
6.974474474474474661e+00 3.566058930217215220e+03
6.981481481481481843e+00 3.566131770740324100e+03
6.988488488488488137e+00 3.566203634996312758e+03
6.995495495495495319e+00 3.566274522926100417e+03
7.002502502502502502e+00 3.566344434471408476e+03
7.009509509509509684e+00 3.566413369574760964e+03
7.016516516516516866e+00 3.566481328179482716e+03
7.023523523523523160e+00 3.566548310229701656e+03
7.030530530530530342e+00 3.566614315670346969e+03
7.037537537537537524e+00 3.566679344447151379e+03
7.044544544544544706e+00 3.566743396506648878e+03
7.051551551551551889e+00 3.566806471796175629e+03
7.058558558558558182e+00 3.566868570263872243e+03
7.065565565565565365e+00 3.566929691858679234e+03
7.072572572572572547e+00 3.566989836530341108e+03
7.079579579579579729e+00 3.567049004229405909e+03
7.086586586586586911e+00 3.567107194907222492e+03
7.093593593593593205e+00 3.567164408515943251e+03
7.100600600600600387e+00 3.567220645008524571e+03
7.107607607607607569e+00 3.567275904338725013e+03
7.114614614614614752e+00 3.567330186461105313e+03
7.121621621621621934e+00 3.567383491331030655e+03
7.128628628628628228e+00 3.567435818904668395e+03
7.135635635635635410e+00 3.567487169138989429e+03
7.142642642642642592e+00 3.567537541991768649e+03
7.149649649649649774e+00 3.567586937421582661e+03
7.156656656656656956e+00 3.567635355387812524e+03
7.163663663663663250e+00 3.567682795850642833e+03
7.170670670670670432e+00 3.567729258771061723e+03
7.177677677677677615e+00 3.567774744110859501e+03
7.184684684684684797e+00 3.567819251832632290e+03
7.191691691691691979e+00 3.567862781899777019e+03
7.198698698698698273e+00 3.567905334276497797e+03
7.205705705705705455e+00 3.567946908927799541e+03
7.212712712712712637e+00 3.567987505819492071e+03
7.219719719719719819e+00 3.568027124918189202e+03
7.226726726726727001e+00 3.568065766191308285e+03
7.233733733733733295e+00 3.568103429607070666e+03
7.240740740740740478e+00 3.568140115134502594e+03
7.247747747747747660e+00 3.568175822743432036e+03
7.254754754754754842e+00 3.568210552404493228e+03
7.261761761761762024e+00 3.568244304089123943e+03
7.268768768768768318e+00 3.568277077769565949e+03
7.275775775775775500e+00 3.568308873418863641e+03
7.282782782782782682e+00 3.568339691010869046e+03
7.289789789789789864e+00 3.568369530520235458e+03
7.296796796796797047e+00 3.568398391922421069e+03
7.303803803803803341e+00 3.568426275193689435e+03
7.310810810810810523e+00 3.568453180311108099e+03
7.317817817817817705e+00 3.568479107252547692e+03
7.324824824824824887e+00 3.568504055996684656e+03
7.331831831831832069e+00 3.568528026522999426e+03
7.338838838838838363e+00 3.568551018811777794e+03
7.345845845845845545e+00 3.568573032844107274e+03
7.352852852852852727e+00 3.568594068601883464e+03
7.359859859859859910e+00 3.568614126067803682e+03
7.366866866866867092e+00 3.568633205225372421e+03
7.373873873873873386e+00 3.568651306058895443e+03
7.380880880880880568e+00 3.568668428553486137e+03
7.387887887887887750e+00 3.568684572695060979e+03
7.394894894894894932e+00 3.568699738470341799e+03
7.401901901901902114e+00 3.568713925866854424e+03
7.408908908908908408e+00 3.568727134872929582e+03
7.415915915915915591e+00 3.568739365477703359e+03
7.422922922922922773e+00 3.568750617671115378e+03
7.429929929929929955e+00 3.568760891443911078e+03
7.436936936936937137e+00 3.568770186787639886e+03
7.443943943943944319e+00 3.568778503694657047e+03
7.450950950950950613e+00 3.568785842158120431e+03
7.457957957957957795e+00 3.568792202171995086e+03
7.464964964964964977e+00 3.568797583731049599e+03
7.471971971971972160e+00 3.568801986830857459e+03
7.478978978978979342e+00 3.568805411467797512e+03
7.485985985985985636e+00 3.568807857639052145e+03
7.492992992992992818e+00 3.568809325342609554e+03
7.500000000000000000e+00 3.568809814577262841e+03
