5.000000000000000000e-01 1.196676289962603335e+02
5.145145145145144649e-01 1.196877942700573243e+02
5.290290290290290409e-01 1.197079718456790260e+02
5.435435435435435059e-01 1.197281616279912129e+02
5.580580580580580818e-01 1.197483635218078746e+02
5.725725725725725468e-01 1.197685774318924530e+02
5.870870870870871228e-01 1.197888032629591351e+02
6.016016016016015877e-01 1.198090409196739898e+02
6.161161161161161637e-01 1.198292903066562758e+02
6.306306306306306286e-01 1.198495513284796488e+02
6.451451451451450936e-01 1.198698238896733415e+02
6.596596596596596696e-01 1.198901078947234282e+02
6.741741741741742455e-01 1.199104032480740187e+02
6.886886886886887105e-01 1.199307098541284660e+02
7.032032032032031754e-01 1.199510276172506167e+02
7.177177177177177514e-01 1.199713564417659484e+02
7.322322322322322163e-01 1.199916962319628055e+02
7.467467467467467923e-01 1.200120468920936787e+02
7.612612612612612573e-01 1.200324083263762134e+02
7.757757757757757222e-01 1.200527804389946027e+02
7.902902902902902982e-01 1.200731631341006533e+02
8.048048048048048742e-01 1.200935563158150359e+02
8.193193193193193391e-01 1.201139598882284076e+02
8.338338338338338041e-01 1.201343737554026632e+02
8.483483483483483800e-01 1.201547978213720853e+02
8.628628628628629560e-01 1.201752319901444821e+02
8.773773773773774209e-01 1.201956761657024231e+02
8.918918918918918859e-01 1.202161302520043336e+02
9.064064064064063508e-01 1.202365941529857309e+02
9.209209209209209268e-01 1.202570677725603616e+02
9.354354354354355028e-01 1.202775510146213236e+02
9.499499499499499677e-01 1.202980437830422460e+02
9.644644644644644327e-01 1.203185459816784828e+02
9.789789789789790087e-01 1.203390575143682213e+02
9.934934934934935846e-01 1.203595782849335620e+02
1.008008008008008050e+00 1.203801081971817837e+02
1.022522522522522515e+00 1.204006471549064230e+02
1.037037037037037202e+00 1.204211950618883691e+02
1.051551551551551444e+00 1.204417518218970571e+02
1.066066066066066131e+00 1.204623173386915767e+02
1.080580580580580596e+00 1.204828915160217662e+02
1.095095095095095061e+00 1.205034742576293780e+02
1.109609609609609748e+00 1.205240654672491729e+02
1.124124124124123991e+00 1.205446650486100282e+02
1.138638638638638678e+00 1.205652729054360464e+02
1.153153153153153143e+00 1.205858889414477062e+02
1.167667667667667608e+00 1.206065130603628717e+02
1.182182182182182295e+00 1.206271451658979714e+02
1.196696696696696760e+00 1.206477851617691073e+02
1.211211211211211225e+00 1.206684329516930205e+02
1.225725725725725912e+00 1.206890884393883852e+02
1.240240240240240155e+00 1.207097515285766747e+02
1.254754754754754842e+00 1.207304221229833843e+02
1.269269269269269307e+00 1.207511001263390824e+02
1.283783783783783772e+00 1.207717854423804482e+02
1.298298298298298459e+00 1.207924779748513657e+02
1.312812812812812702e+00 1.208131776275039755e+02
1.327327327327327389e+00 1.208338843040997972e+02
1.341841841841841854e+00 1.208545979084106818e+02
1.356356356356356319e+00 1.208753183442199770e+02
1.370870870870871006e+00 1.208960455153234648e+02
1.385385385385385471e+00 1.209167793255305412e+02
1.399899899899899935e+00 1.209375196786651259e+02
1.414414414414414622e+00 1.209582664785668555e+02
1.428928928928928865e+00 1.209790196290919084e+02
1.443443443443443552e+00 1.209997790341142974e+02
1.457957957957958017e+00 1.210205445975266372e+02
1.472472472472472482e+00 1.210413162232413811e+02
1.486986986986987169e+00 1.210620938151917159e+02
1.501501501501501634e+00 1.210828772773326136e+02
1.516016016016016099e+00 1.211036665136418833e+02
1.530530530530530564e+00 1.211244614281211227e+02
1.545045045045045029e+00 1.211452619247967704e+02
1.559559559559559716e+00 1.211660679077210432e+02
1.574074074074074181e+00 1.211868792809730309e+02
1.588588588588588646e+00 1.212076959486596195e+02
1.603103103103103111e+00 1.212285178149164864e+02
1.617617617617617576e+00 1.212493447839091090e+02
1.632132132132132263e+00 1.212701767598337597e+02
1.646646646646646728e+00 1.212910136469184152e+02
1.661161161161161193e+00 1.213118553494238370e+02
1.675675675675675658e+00 1.213327017716444516e+02
1.690190190190190345e+00 1.213535528179093603e+02
1.704704704704704810e+00 1.213744083925833053e+02
1.719219219219219275e+00 1.213952684000676214e+02
1.733733733733733740e+00 1.214161327448011605e+02
1.748248248248248204e+00 1.214370013312612997e+02
1.762762762762762891e+00 1.214578740639648231e+02
1.777277277277277356e+00 1.214787508474689588e+02
1.791791791791791821e+00 1.214996315863722032e+02
1.806306306306306286e+00 1.215205161853153726e+02
1.820820820820820973e+00 1.215414045489824275e+02
1.835335335335335438e+00 1.215622965821014674e+02
1.849849849849849903e+00 1.215831921894456400e+02
1.864364364364364368e+00 1.216040912758340653e+02
1.878878878878879055e+00 1.216249937461327448e+02
1.893393393393393520e+00 1.216458995052554428e+02
1.907907907907907985e+00 1.216668084581646809e+02
1.922422422422422450e+00 1.216877205098725057e+02
1.936936936936936915e+00 1.217086355654415257e+02
1.951451451451451602e+00 1.217295535299857505e+02
1.965965965965966067e+00 1.217504743086714711e+02
1.980480480480480532e+00 1.217713978067181131e+02
1.994994994994994997e+00 1.217923239293992310e+02
2.009509509509509684e+00 1.218132525820432903e+02
2.024024024024024371e+00 1.218341836700345624e+02
2.038538538538538614e+00 1.218551170988140342e+02
2.053053053053052857e+00 1.218760527738802040e+02
2.067567567567567544e+00 1.218969906007900761e+02
2.082082082082082231e+00 1.219179304851598147e+02
2.096596596596596918e+00 1.219388723326658379e+02
2.111111111111111160e+00 1.219598160490454575e+02
2.125625625625625403e+00 1.219807615400978591e+02
2.140140140140140090e+00 1.220017087116848984e+02
2.154654654654654777e+00 1.220226574697319535e+02
2.169169169169169464e+00 1.220436077202287208e+02
2.183683683683683707e+00 1.220645593692301389e+02
2.198198198198198394e+00 1.220855123228570989e+02
2.212712712712712637e+00 1.221064664872973253e+02
2.227227227227227324e+00 1.221274217688062151e+02
2.241741741741742011e+00 1.221483780737076188e+02
2.256256256256256254e+00 1.221693353083946647e+02
2.270770770770770941e+00 1.221902933793305408e+02
2.285285285285285184e+00 1.222112521930493756e+02
2.299799799799799871e+00 1.222322116561569203e+02
2.314314314314314558e+00 1.222531716753314015e+02
2.328828828828829245e+00 1.222741321573243596e+02
2.343343343343343488e+00 1.222950930089613450e+02
2.357857857857857731e+00 1.223160541371427712e+02
2.372372372372372418e+00 1.223370154488446246e+02
2.386886886886887105e+00 1.223579768511193322e+02
2.401401401401401792e+00 1.223789382510964288e+02
2.415915915915916035e+00 1.223998995559833816e+02
2.430430430430430278e+00 1.224208606730663575e+02
2.444944944944944965e+00 1.224418215097109623e+02
2.459459459459459651e+00 1.224627819733629934e+02
2.473973973973974338e+00 1.224837419715491649e+02
2.488488488488488581e+00 1.225047014118779032e+02
2.503003003003003268e+00 1.225256602020400578e+02
2.517517517517517511e+00 1.225466182498096686e+02
2.532032032032032198e+00 1.225675754630446477e+02
2.546546546546546441e+00 1.225885317496875473e+02
2.561061061061061128e+00 1.226094870177662699e+02
2.575575575575575815e+00 1.226304411753947790e+02
2.590090090090090058e+00 1.226513941307738662e+02
2.604604604604604745e+00 1.226723457921917912e+02
2.619119119119119432e+00 1.226932960680250488e+02
2.633633633633633675e+00 1.227142448667390227e+02
2.648148148148148362e+00 1.227351920968887669e+02
2.662662662662662605e+00 1.227561376671195887e+02
2.677177177177177292e+00 1.227770814861678303e+02
2.691691691691691979e+00 1.227980234628615506e+02
2.706206206206206222e+00 1.228189635061211362e+02
2.720720720720720909e+00 1.228399015249600694e+02
2.735235235235235152e+00 1.228608374284855813e+02
2.749749749749749839e+00 1.228817711258992631e+02
2.764264264264264526e+00 1.229027025264978050e+02
2.778778778778778769e+00 1.229236315396736359e+02
2.793293293293293456e+00 1.229445580749155909e+02
2.807807807807808143e+00 1.229654820418095653e+02
2.822322322322322385e+00 1.229864033500391258e+02
2.836836836836837072e+00 1.230073219093862349e+02
2.851351351351351315e+00 1.230282376297318194e+02
2.865865865865866002e+00 1.230491504210564813e+02
2.880380380380380689e+00 1.230700601934410230e+02
2.894894894894894932e+00 1.230909668570672579e+02
2.909409409409409619e+00 1.231118703222184365e+02
2.923923923923923862e+00 1.231327704992800278e+02
2.938438438438438549e+00 1.231536672987402596e+02
2.952952952952953236e+00 1.231745606311907153e+02
2.967467467467467479e+00 1.231954504073270300e+02
2.981981981981982166e+00 1.232163365379494451e+02
2.996496496496496409e+00 1.232372189339633763e+02
3.011011011011011096e+00 1.232580975063800679e+02
3.025525525525525783e+00 1.232789721663172315e+02
3.040040040040040026e+00 1.232998428249995015e+02
3.054554554554554713e+00 1.233207093937591452e+02
3.069069069069069400e+00 1.233415717840365602e+02
3.083583583583583643e+00 1.233624299073809425e+02
3.098098098098098330e+00 1.233832836754508122e+02
3.112612612612612573e+00 1.234041330000145678e+02
3.127127127127127260e+00 1.234249777929510827e+02
3.141641641641641947e+00 1.234458179662502459e+02
3.156156156156156189e+00 1.234666534320135725e+02
3.170670670670670876e+00 1.234874841024546868e+02
3.185185185185185119e+00 1.235083098898999481e+02
3.199699699699699806e+00 1.235291307067889477e+02
3.214214214214214493e+00 1.235499464656750632e+02
3.228728728728728736e+00 1.235707570792259986e+02
3.243243243243243423e+00 1.235915624602243383e+02
3.257757757757758110e+00 1.236123625215680732e+02
3.272272272272272353e+00 1.236331571762711121e+02
3.286786786786787040e+00 1.236539463374637933e+02
3.301301301301301283e+00 1.236747299183935098e+02
3.315815815815815970e+00 1.236955078324250650e+02
3.330330330330330657e+00 1.237162799930412831e+02
3.344844844844844900e+00 1.237370463138435355e+02
3.359359359359359587e+00 1.237578067085521809e+02
3.373873873873873830e+00 1.237785610910071057e+02
3.388388388388388517e+00 1.237993093751682352e+02
3.402902902902903204e+00 1.238200514751159744e+02
3.417417417417417447e+00 1.238407873050517622e+02
3.431931931931932134e+00 1.238615167792984835e+02
3.446446446446446377e+00 1.238822398123010373e+02
3.460960960960961064e+00 1.239029563186267353e+02
3.475475475475475751e+00 1.239236662129658271e+02
3.489989989989989994e+00 1.239443694101319835e+02
3.504504504504504681e+00 1.239650658250627089e+02
3.519019019019019368e+00 1.239857553728197956e+02
3.533533533533533610e+00 1.240064379685898928e+02
3.548048048048048297e+00 1.240271135276848469e+02
3.562562562562562540e+00 1.240477819655421712e+02
3.577077077077077227e+00 1.240684431977255855e+02
3.591591591591591914e+00 1.240890971399253431e+02
3.606106106106106157e+00 1.241097437079587422e+02
3.620620620620620844e+00 1.241303828177704958e+02
3.635135135135135087e+00 1.241510143854332853e+02
3.649649649649649774e+00 1.241716383271480595e+02
3.664164164164164461e+00 1.241922545592445601e+02
3.678678678678678704e+00 1.242128629981816630e+02
3.693193193193193391e+00 1.242334635605478326e+02
3.707707707707708078e+00 1.242540561630615628e+02
3.722222222222222321e+00 1.242746407225717462e+02
3.736736736736737008e+00 1.242952171560580865e+02
3.751251251251251251e+00 1.243157853806315671e+02
3.765765765765765938e+00 1.243363453135347214e+02
3.780280280280280625e+00 1.243568968721421584e+02
3.794794794794794868e+00 1.243774399739608612e+02
3.809309309309309555e+00 1.243979745366306702e+02
3.823823823823823798e+00 1.244185004779245389e+02
3.838338338338338485e+00 1.244390177157490740e+02
3.852852852852853172e+00 1.244595261681447909e+02
3.867367367367367414e+00 1.244800257532864975e+02
3.881881881881882101e+00 1.245005163894837494e+02
3.896396396396396788e+00 1.245209979951811476e+02
3.910910910910911031e+00 1.245414704889586659e+02
3.925425425425425718e+00 1.245619337895321621e+02
3.939939939939939961e+00 1.245823878157535347e+02
3.954454454454454648e+00 1.246028324866112484e+02
3.968968968968969335e+00 1.246232677212305759e+02
3.983483483483483578e+00 1.246436934388739957e+02
3.997997997997998265e+00 1.246641095589415045e+02
4.012512512512512508e+00 1.246845160009709730e+02
4.027027027027027195e+00 1.247049126846384866e+02
4.041541541541541882e+00 1.247252995297586722e+02
4.056056056056055681e+00 1.247456764562850111e+02
4.070570570570570368e+00 1.247660433843101941e+02
4.085085085085085055e+00 1.247864002340663916e+02
4.099599599599599742e+00 1.248067469259256512e+02
4.114114114114114429e+00 1.248270833804001256e+02
4.128628628628629116e+00 1.248474095181424417e+02
4.143143143143143803e+00 1.248677252599459848e+02
4.157657657657658490e+00 1.248880305267452542e+02
4.172172172172172289e+00 1.249083252396160475e+02
4.186686686686686976e+00 1.249286093197758589e+02
4.201201201201200774e+00 1.249488826885841490e+02
4.215715715715715461e+00 1.249691452675426291e+02
4.230230230230230148e+00 1.249893969782955594e+02
4.244744744744744835e+00 1.250096377426299910e+02
4.259259259259259522e+00 1.250298674824761207e+02
4.273773773773774209e+00 1.250500861199075047e+02
4.288288288288288896e+00 1.250702935771413280e+02
4.302802802802803583e+00 1.250904897765387318e+02
4.317317317317317382e+00 1.251106746406050831e+02
4.331831831831832069e+00 1.251308480919901029e+02
4.346346346346346756e+00 1.251510100534883634e+02
4.360860860860860555e+00 1.251711604480392879e+02
4.375375375375375242e+00 1.251912991987275916e+02
4.389889889889889929e+00 1.252114262287834663e+02
4.404404404404404616e+00 1.252315414615827933e+02
4.418918918918919303e+00 1.252516448206474990e+02
4.433433433433433990e+00 1.252717362296456542e+02
4.447947947947948677e+00 1.252918156123917726e+02
4.462462462462462476e+00 1.253118828928471089e+02
4.476976976976977163e+00 1.253319379951197874e+02
4.491491491491491850e+00 1.253519808434650997e+02
4.506006006006006537e+00 1.253720113622857042e+02
4.520520520520520336e+00 1.253920294761318388e+02
4.535035035035035023e+00 1.254120351097015629e+02
4.549549549549549710e+00 1.254320281878409418e+02
4.564064064064064397e+00 1.254520086355442601e+02
4.578578578578579084e+00 1.254719763779543484e+02
4.593093093093092882e+00 1.254919313403625551e+02
4.607607607607607569e+00 1.255118734482091867e+02
4.622122122122122256e+00 1.255318026270835361e+02
4.636636636636636943e+00 1.255517188027241957e+02
4.651151151151151630e+00 1.255716219010191850e+02
4.665665665665666317e+00 1.255915118480061636e+02
4.680180180180180116e+00 1.256113885698725881e+02
4.694694694694694803e+00 1.256312519929559670e+02
4.709209209209209490e+00 1.256511020437439612e+02
4.723723723723724177e+00 1.256709386488746389e+02
4.738238238238238864e+00 1.256907617351365758e+02
4.752752752752752663e+00 1.257105712294690676e+02
4.767267267267267350e+00 1.257303670589623152e+02
4.781781781781782037e+00 1.257501491508575668e+02
4.796296296296296724e+00 1.257699174325472740e+02
4.810810810810811411e+00 1.257896718315752480e+02
4.825325325325325210e+00 1.258094122756369018e+02
4.839839839839839897e+00 1.258291386925792494e+02
4.854354354354354584e+00 1.258488510104011908e+02
4.868868868868869271e+00 1.258685491572536108e+02
4.883383383383383958e+00 1.258882330614395357e+02
4.897897897897897757e+00 1.259079026514142612e+02
4.912412412412412444e+00 1.259275578557854800e+02
4.926926926926927131e+00 1.259471986033134385e+02
4.941441441441441818e+00 1.259668248229111498e+02
4.955955955955956505e+00 1.259864364436443367e+02
4.970470470470470303e+00 1.260060333947317162e+02
4.984984984984984990e+00 1.260256156055451129e+02
4.999499499499499677e+00 1.260451830056095304e+02
5.014014014014014364e+00 1.260647355246032362e+02
5.028528528528529051e+00 1.260842730923579893e+02
5.043043043043042850e+00 1.261037956388590828e+02
5.057557557557557537e+00 1.261233030942455002e+02
5.072072072072072224e+00 1.261427953888099296e+02
5.086586586586586911e+00 1.261622724529989910e+02
5.101101101101101598e+00 1.261817342174132506e+02
5.115615615615616285e+00 1.262011806128073772e+02
5.130130130130130084e+00 1.262206115700901989e+02
5.144644644644644771e+00 1.262400270203248454e+02
5.159159159159159458e+00 1.262594268947288043e+02
5.173673673673674145e+00 1.262788111246739788e+02
5.188188188188188832e+00 1.262981796416868860e+02
5.202702702702702631e+00 1.263175323774485861e+02
5.217217217217217318e+00 1.263368692637949380e+02
5.231731731731732005e+00 1.263561902327165427e+02
5.246246246246246692e+00 1.263754952163588712e+02
5.260760760760761379e+00 1.263947841470223068e+02
5.275275275275275177e+00 1.264140569571623161e+02
5.289789789789789864e+00 1.264333135793893774e+02
5.304304304304304551e+00 1.264525539464691377e+02
5.318818818818819238e+00 1.264717779913224973e+02
5.333333333333333925e+00 1.264909856470255392e+02
5.347847847847847724e+00 1.265101768468097561e+02
5.362362362362362411e+00 1.265293515240619797e+02
5.376876876876877098e+00 1.265485096123245228e+02
5.391391391391391785e+00 1.265676510452951362e+02
5.405905905905906472e+00 1.265867757568271372e+02
5.420420420420420271e+00 1.266058836809294377e+02
5.434934934934934958e+00 1.266249747517665867e+02
5.449449449449449645e+00 1.266440489036587138e+02
5.463963963963964332e+00 1.266631060710818133e+02
5.478478478478479019e+00 1.266821461886674598e+02
5.492992992992992818e+00 1.267011691912031210e+02
5.507507507507507505e+00 1.267201750136320157e+02
5.522022022022022192e+00 1.267391635910531988e+02
5.536536536536536879e+00 1.267581348587216610e+02
5.551051051051051566e+00 1.267770887520481722e+02
5.565565565565566253e+00 1.267960252065994666e+02
5.580080080080080052e+00 1.268149441580982142e+02
5.594594594594594739e+00 1.268338455424230204e+02
5.609109109109109426e+00 1.268527292956084409e+02
5.623623623623624113e+00 1.268715953538450094e+02
5.638138138138138800e+00 1.268904436534792524e+02
5.652652652652652598e+00 1.269092741310136745e+02
5.667167167167167285e+00 1.269280867231067731e+02
5.681681681681681972e+00 1.269468813665730380e+02
5.696196196196196659e+00 1.269656579983829516e+02
5.710710710710711346e+00 1.269844165556630315e+02
5.725225225225225145e+00 1.270031569756957452e+02
5.739739739739739832e+00 1.270218791959195670e+02
5.754254254254254519e+00 1.270405831539289352e+02
5.768768768768769206e+00 1.270592687874742523e+02
5.783283283283283893e+00 1.270779360344618993e+02
5.797797797797797692e+00 1.270965848329541785e+02
5.812312312312312379e+00 1.271152151211693138e+02
5.826826826826827066e+00 1.271338268374814220e+02
5.841341341341341753e+00 1.271524199204205416e+02
5.855855855855856440e+00 1.271709943086725332e+02
5.870370370370370239e+00 1.271895499410790649e+02
5.884884884884884926e+00 1.272080867566376554e+02
5.899399399399399613e+00 1.272266046945016029e+02
5.913913913913914300e+00 1.272451036939798996e+02
5.928428428428428987e+00 1.272635836945372603e+02
5.942942942942942786e+00 1.272820446357940654e+02
5.957457457457457473e+00 1.273004864575263753e+02
5.971971971971972160e+00 1.273189090996657740e+02
5.986486486486486847e+00 1.273373125022994401e+02
6.001001001001001534e+00 1.273556966056700333e+02
6.015515515515516221e+00 1.273740613501756513e+02
6.030030030030030019e+00 1.273924066763698590e+02
6.044544544544544706e+00 1.274107325249615172e+02
6.059059059059059393e+00 1.274290388368148115e+02
6.073573573573574080e+00 1.274473255529492093e+02
6.088088088088088767e+00 1.274655926145393181e+02
6.102602602602602566e+00 1.274838399629149137e+02
6.117117117117117253e+00 1.275020675395608549e+02
6.131631631631631940e+00 1.275202752861169415e+02
6.146146146146146627e+00 1.275384631443780279e+02
6.160660660660661314e+00 1.275566310562937389e+02
6.175175175175175113e+00 1.275747789639686118e+02
6.189689689689689800e+00 1.275929068096618408e+02
6.204204204204204487e+00 1.276110145357873336e+02
6.218718718718719174e+00 1.276291020849135975e+02
6.233233233233233861e+00 1.276471693997636407e+02
6.247747747747747660e+00 1.276652164232148721e+02
6.262262262262262347e+00 1.276832430982991724e+02
6.276776776776777034e+00 1.277012493682026246e+02
6.291291291291291721e+00 1.277192351762654852e+02
6.305805805805806408e+00 1.277372004659822124e+02
6.320320320320320207e+00 1.277551451810011827e+02
6.334834834834834894e+00 1.277730692651248035e+02
6.349349349349349581e+00 1.277909726623092439e+02
6.363863863863864268e+00 1.278088553166645198e+02
6.378378378378378954e+00 1.278267171724542237e+02
6.392892892892892753e+00 1.278445581740955816e+02
6.407407407407407440e+00 1.278623782661592116e+02
6.421921921921922127e+00 1.278801773933691663e+02
6.436436436436436814e+00 1.278979555006027198e+02
6.450950950950951501e+00 1.279157125328903390e+02
6.465465465465466188e+00 1.279334484354155563e+02
6.479979979979979987e+00 1.279511631535148126e+02
6.494494494494494674e+00 1.279688566326774435e+02
6.509009009009009361e+00 1.279865288185455086e+02
6.523523523523524048e+00 1.280041796569136636e+02
6.538038038038038735e+00 1.280218090937291606e+02
6.552552552552552534e+00 1.280394170750915350e+02
6.567067067067067221e+00 1.280570035472526911e+02
6.581581581581581908e+00 1.280745684566166744e+02
6.596096096096096595e+00 1.280921117497396153e+02
6.610610610610611282e+00 1.281096333733294443e+02
6.625125125125125081e+00 1.281271332742460629e+02
6.639639639639639768e+00 1.281446113995010023e+02
6.654154154154154455e+00 1.281620676962572816e+02
6.668668668668669142e+00 1.281795021118293789e+02
6.683183183183183829e+00 1.281969145936831467e+02
6.697697697697697627e+00 1.282143050894355270e+02
6.712212212212212314e+00 1.282316735468544948e+02
6.726726726726727001e+00 1.282490199138590583e+02
6.741241241241241688e+00 1.282663441385188321e+02
6.755755755755756375e+00 1.282836461690541796e+02
6.770270270270270174e+00 1.283009259538359288e+02
6.784784784784784861e+00 1.283181834413852584e+02
6.799299299299299548e+00 1.283354185803736414e+02
6.813813813813814235e+00 1.283526313196225033e+02
6.828328328328328922e+00 1.283698216081033081e+02
6.842842842842843609e+00 1.283869893949372738e+02
6.857357357357357408e+00 1.284041346293953154e+02
6.871871871871872095e+00 1.284212572608978178e+02
6.886386386386386782e+00 1.284383572390144650e+02
6.900900900900901469e+00 1.284554345134642119e+02
6.915415415415416156e+00 1.284724890341150569e+02
6.929929929929929955e+00 1.284895207509838997e+02
6.944444444444444642e+00 1.285065296142363422e+02
6.958958958958959329e+00 1.285235155741866606e+02
6.973473473473474016e+00 1.285404785812974637e+02
6.987987987987988703e+00 1.285574185861797218e+02
7.002502502502502502e+00 1.285743355395924539e+02
7.017017017017017189e+00 1.285912293924427274e+02
7.031531531531531876e+00 1.286081000957852893e+02
7.046046046046046563e+00 1.286249476008226509e+02
7.060560560560561250e+00 1.286417718589046899e+02
7.075075075075075048e+00 1.286585728215286508e+02
7.089589589589589735e+00 1.286753504403388320e+02
7.104104104104104422e+00 1.286921046671265856e+02
7.118618618618619109e+00 1.287088354538300905e+02
7.133133133133133796e+00 1.287255427525340679e+02
7.147647647647647595e+00 1.287422265154697243e+02
7.162162162162162282e+00 1.287588866950146098e+02
7.176676676676676969e+00 1.287755232436922768e+02
7.191191191191191656e+00 1.287921361141723935e+02
7.205705705705706343e+00 1.288087252592702043e+02
7.220220220220220142e+00 1.288252906319466717e+02
7.234734734734734829e+00 1.288418321853081068e+02
7.249249249249249516e+00 1.288583498726060839e+02
7.263763763763764203e+00 1.288748436472371850e+02
7.278278278278278890e+00 1.288913134627429145e+02
7.292792792792793577e+00 1.289077592728094146e+02
7.307307307307307376e+00 1.289241810312673806e+02
7.321821821821822063e+00 1.289405786920917478e+02
7.336336336336336750e+00 1.289569522094017202e+02
7.350850850850851437e+00 1.289733015374602871e+02
7.365365365365366124e+00 1.289896266306743371e+02
7.379879879879879923e+00 1.290059274435942029e+02
7.394394394394394610e+00 1.290222039309137472e+02
7.408908908908909297e+00 1.290384560474699072e+02
7.423423423423423984e+00 1.290546837482426668e+02
7.437937937937938671e+00 1.290708869883547720e+02
7.452452452452452469e+00 1.290870657230716461e+02
7.466966966966967156e+00 1.291032199078011615e+02
7.481481481481481843e+00 1.291193494980932428e+02
7.495995995995996530e+00 1.291354544496400649e+02
7.510510510510511217e+00 1.291515347182754851e+02
7.525025025025025016e+00 1.291675902599750430e+02
7.539539539539539703e+00 1.291836210308557327e+02
7.554054054054054390e+00 1.291996269871757193e+02
7.568568568568569077e+00 1.292156080853342814e+02
7.583083083083083764e+00 1.292315642818715276e+02
7.597597597597597563e+00 1.292474955334681113e+02
7.612112112112112250e+00 1.292634017969452032e+02
7.626626626626626937e+00 1.292792830292641497e+02
7.641141141141141624e+00 1.292951391875263596e+02
7.655655655655656311e+00 1.293109702289729910e+02
7.670170170170170110e+00 1.293267761109848948e+02
7.684684684684684797e+00 1.293425567910822735e+02
7.699199199199199484e+00 1.293583122269245109e+02
7.713713713713714171e+00 1.293740423763100296e+02
7.728228228228228858e+00 1.293897471971759785e+02
7.742742742742743545e+00 1.294054266475980626e+02
7.757257257257257343e+00 1.294210806857904004e+02
7.771771771771772030e+00 1.294367092701052115e+02
7.786286286286286717e+00 1.294523123590326747e+02
7.800800800800801404e+00 1.294678899112006434e+02
7.815315315315316091e+00 1.294834418853745319e+02
7.829829829829829890e+00 1.294989682404570317e+02
7.844344344344344577e+00 1.295144689354878551e+02
7.858858858858859264e+00 1.295299439296436503e+02
7.873373373373373951e+00 1.295453931822376603e+02
7.887887887887888638e+00 1.295608166527195806e+02
7.902402402402402437e+00 1.295762143006753320e+02
7.916916916916917124e+00 1.295915860858268047e+02
7.931431431431431811e+00 1.296069319680316312e+02
7.945945945945946498e+00 1.296222519072830721e+02
7.960460460460461185e+00 1.296375458637096472e+02
7.974974974974974984e+00 1.296528137975751065e+02
7.989489489489489671e+00 1.296680556692779760e+02
8.004004004004004358e+00 1.296832714393514721e+02
8.018518518518519045e+00 1.296984610684633026e+02
8.033033033033033732e+00 1.297136245174154112e+02
8.047547547547548419e+00 1.297287617471437215e+02
8.062062062062061329e+00 1.297438727187179097e+02
8.076576576576577793e+00 1.297589573933412908e+02
8.091091091091090703e+00 1.297740157323504491e+02
8.105605605605607167e+00 1.297890476972150680e+02
8.120120120120120077e+00 1.298040532495377590e+02
8.134634634634634764e+00 1.298190323510538065e+02
8.149149149149149451e+00 1.298339849636308827e+02
8.163663663663664138e+00 1.298489110492688496e+02
8.178178178178178825e+00 1.298638105700995879e+02
8.192692692692693512e+00 1.298786834883867130e+02
8.207207207207208199e+00 1.298935297665253756e+02
8.221721721721721110e+00 1.299083493670420069e+02
8.236236236236237573e+00 1.299231422525941184e+02
8.250750750750750484e+00 1.299379083859700188e+02
8.265265265265266947e+00 1.299526477300886711e+02
8.279779779779779858e+00 1.299673602479993804e+02
8.294294294294294545e+00 1.299820459028816231e+02
8.308808808808809232e+00 1.299967046580447629e+02
8.323323323323323919e+00 1.300113364769279087e+02
8.337837837837838606e+00 1.300259413230995449e+02
8.352352352352351517e+00 1.300405191602574462e+02
8.366866866866867980e+00 1.300550699522283651e+02
8.381381381381380891e+00 1.300695936629677760e+02
8.395895895895897354e+00 1.300840902565597048e+02
8.410410410410410265e+00 1.300985596972164728e+02
8.424924924924924952e+00 1.301130019492784413e+02
8.439439439439439639e+00 1.301274169772138976e+02
8.453953953953954326e+00 1.301418047456186002e+02
8.468468468468469013e+00 1.301561652192156942e+02
8.482982982982983700e+00 1.301704983628555397e+02
8.497497497497498387e+00 1.301848041415152863e+02
8.512012012012013074e+00 1.301990825202988162e+02
8.526526526526527761e+00 1.302133334644364027e+02
8.541041041041040671e+00 1.302275569392845114e+02
8.555555555555555358e+00 1.302417529103256015e+02
8.570070070070070045e+00 1.302559213431677563e+02
8.584584584584584732e+00 1.302700622035447111e+02
8.599099099099099419e+00 1.302841754573153139e+02
8.613613613613614106e+00 1.302982610704634681e+02
8.628128128128128793e+00 1.303123190090978767e+02
8.642642642642643480e+00 1.303263492394517868e+02
8.657157157157158167e+00 1.303403517278827337e+02
8.671671671671672854e+00 1.303543264408723417e+02
8.686186186186185765e+00 1.303682733450260400e+02
8.700700700700700452e+00 1.303821924070729210e+02
8.715215215215215139e+00 1.303960835938654554e+02
8.729729729729729826e+00 1.304099468723791233e+02
8.744244244244244513e+00 1.304237822097124422e+02
8.758758758758759200e+00 1.304375895730864841e+02
8.773273273273273887e+00 1.304513689298447616e+02
8.787787787787788574e+00 1.304651202474530578e+02
8.802302302302303261e+00 1.304788434934989709e+02
8.816816816816817948e+00 1.304925386356919148e+02
8.831331331331332635e+00 1.305062056418627492e+02
8.845845845845845545e+00 1.305198444799634956e+02
8.860360360360360232e+00 1.305334551180673088e+02
8.874874874874874919e+00 1.305470375243680223e+02
8.889389389389389606e+00 1.305605916671800060e+02
8.903903903903904293e+00 1.305741175149379387e+02
8.918418418418418980e+00 1.305876150361965813e+02
8.932932932932933667e+00 1.306010841996304350e+02
8.947447447447448354e+00 1.306145249740336283e+02
8.961961961961963041e+00 1.306279373283196321e+02
8.976476476476477728e+00 1.306413212315210615e+02
8.990990990990990639e+00 1.306546766527893340e+02
9.005505505505505326e+00 1.306680035613945279e+02
9.020020020020020013e+00 1.306813019267251548e+02
9.034534534534534700e+00 1.306945717182878184e+02
9.049049049049049387e+00 1.307078129057071010e+02
9.063563563563564074e+00 1.307210254587252507e+02
9.078078078078078761e+00 1.307342093472019826e+02
9.092592592592593448e+00 1.307473645411142229e+02
9.107107107107108135e+00 1.307604910105558531e+02
9.121621621621622822e+00 1.307735887257375111e+02
9.136136136136135732e+00 1.307866576569863639e+02
9.150650650650650419e+00 1.307996977747457663e+02
9.165165165165165106e+00 1.308127090495752327e+02
9.179679679679679793e+00 1.308256914521499539e+02
9.194194194194194480e+00 1.308386449532607969e+02
9.208708708708709167e+00 1.308515695238138221e+02
9.223223223223223854e+00 1.308644651348302830e+02
9.237737737737738541e+00 1.308773317574462283e+02
9.252252252252253228e+00 1.308901693629123884e+02
9.266766766766767915e+00 1.309029779225937489e+02
9.281281281281282602e+00 1.309157574079695792e+02
9.295795795795795513e+00 1.309285077906330059e+02
9.310310310310310200e+00 1.309412290422907574e+02
9.324824824824824887e+00 1.309539211347631351e+02
9.339339339339339574e+00 1.309665840399835304e+02
9.353853853853854261e+00 1.309792177299983393e+02
9.368368368368368948e+00 1.309918221769666786e+02
9.382882882882883635e+00 1.310043973531602433e+02
9.397397397397398322e+00 1.310169432309628235e+02
9.411911911911913009e+00 1.310294597828703616e+02
9.426426426426427696e+00 1.310419469814905540e+02
9.440940940940940607e+00 1.310544047995426524e+02
9.455455455455455294e+00 1.310668332098572080e+02
9.469969969969969981e+00 1.310792321853759006e+02
9.484484484484484668e+00 1.310916016991511981e+02
9.498998998998999355e+00 1.311039417243462140e+02
9.513513513513514042e+00 1.311162522342344516e+02
9.528028028028028729e+00 1.311285332021994918e+02
9.542542542542543416e+00 1.311407846017349357e+02
9.557057057057058103e+00 1.311530064064439500e+02
9.571571571571572790e+00 1.311651985900391821e+02
9.586086086086085700e+00 1.311773611263424186e+02
9.600600600600600387e+00 1.311894939892845855e+02
9.615115115115115074e+00 1.312015971529050944e+02
9.629629629629629761e+00 1.312136705913520416e+02
9.644144144144144448e+00 1.312257142788816964e+02
9.658658658658659135e+00 1.312377281898583874e+02
9.673173173173173822e+00 1.312497122987542184e+02
9.687687687687688509e+00 1.312616665801488125e+02
9.702202202202203196e+00 1.312735910087291131e+02
9.716716716716717883e+00 1.312854855592892136e+02
9.731231231231232570e+00 1.312973502067300160e+02
9.745745745745745481e+00 1.313091849260589470e+02
9.760260260260260168e+00 1.313209896923899578e+02
9.774774774774774855e+00 1.313327644809430126e+02
9.789289289289289542e+00 1.313445092670440317e+02
9.803803803803804229e+00 1.313562240261245222e+02
9.818318318318318916e+00 1.313679087337215776e+02
9.832832832832833603e+00 1.313795633654773098e+02
9.847347347347348290e+00 1.313911878971388774e+02
9.861861861861862977e+00 1.314027823045581442e+02
9.876376376376377664e+00 1.314143465636913675e+02
9.890890890890890574e+00 1.314258806505991686e+02
9.905405405405405261e+00 1.314373845414460789e+02
9.919919919919919948e+00 1.314488582125004257e+02
9.934434434434434635e+00 1.314603016401340767e+02
9.948948948948949322e+00 1.314717148008221272e+02
9.963463463463464009e+00 1.314830976711427581e+02
9.977977977977978696e+00 1.314944502277769800e+02
9.992492492492493383e+00 1.315057724475082921e+02
1.000700700700700807e+01 1.315170643072225971e+02
1.002152152152152276e+01 1.315283257839078317e+02
1.003603603603603567e+01 1.315395568546538243e+02
1.005055055055055035e+01 1.315507574966519542e+02
1.006506506506506504e+01 1.315619276871949808e+02
1.007957957957957973e+01 1.315730674036767880e+02
1.009409409409409442e+01 1.315841766235921284e+02
1.010860860860860910e+01 1.315952553245363674e+02
1.012312312312312379e+01 1.316063034842053412e+02
1.013763763763763848e+01 1.316173210803949587e+02
1.015215215215215316e+01 1.316283080910010028e+02
1.016666666666666785e+01 1.316392644940189882e+02
1.018118118118118254e+01 1.316501902675437634e+02
1.019569569569569545e+01 1.316610853897694540e+02
1.021021021021021014e+01 1.316719498389889509e+02
1.022472472472472482e+01 1.316827835935939106e+02
1.023923923923923951e+01 1.316935866320744708e+02
1.025375375375375420e+01 1.317043589330187388e+02
1.026826826826826888e+01 1.317151004751129619e+02
1.028278278278278357e+01 1.317258112371409311e+02
1.029729729729729826e+01 1.317364911979838951e+02
1.031181181181181294e+01 1.317471403366203333e+02
1.032632632632632763e+01 1.317577586321255296e+02
1.034084084084084054e+01 1.317683460636715154e+02
1.035535535535535523e+01 1.317789026105267567e+02
1.036986986986986992e+01 1.317894282520557567e+02
1.038438438438438460e+01 1.317999229677190556e+02
1.039889889889889929e+01 1.318103867370728040e+02
1.041341341341341398e+01 1.318208195397685074e+02
1.042792792792792866e+01 1.318312213555528274e+02
1.044244244244244335e+01 1.318415921642672686e+02
1.045695695695695804e+01 1.318519319458480652e+02
1.047147147147147273e+01 1.318622406803256695e+02
1.048598598598598564e+01 1.318725183478246947e+02
1.050050050050050032e+01 1.318827649285636028e+02
1.051501501501501501e+01 1.318929804028543629e+02
1.052952952952952970e+01 1.319031647511023095e+02
1.054404404404404438e+01 1.319133179538057732e+02
1.055855855855855907e+01 1.319234399915559095e+02
1.057307307307307376e+01 1.319335308450363300e+02
1.058758758758758844e+01 1.319435904950229315e+02
1.060210210210210313e+01 1.319536189223835265e+02
1.061661661661661782e+01 1.319636161080777015e+02
1.063113113113113251e+01 1.319735820331563900e+02
1.064564564564564542e+01 1.319835166787617027e+02
1.066016016016016010e+01 1.319934200261267279e+02
1.067467467467467479e+01 1.320032920565749919e+02
1.068918918918918948e+01 1.320131327515205157e+02
1.070370370370370416e+01 1.320229420924672752e+02
1.071821821821821885e+01 1.320327200610090870e+02
1.073273273273273354e+01 1.320424666388292110e+02
1.074724724724724823e+01 1.320521818077000944e+02
1.076176176176176291e+01 1.320618655494832581e+02
1.077627627627627760e+01 1.320715178461287849e+02
1.079079079079079051e+01 1.320811386796750924e+02
1.080530530530530520e+01 1.320907280322487338e+02
1.081981981981981988e+01 1.321002858860640856e+02
1.083433433433433457e+01 1.321098122234229209e+02
1.084884884884884926e+01 1.321193070267144094e+02
1.086336336336336394e+01 1.321287702784144358e+02
1.087787787787787863e+01 1.321382019610857412e+02
1.089239239239239332e+01 1.321476020573772416e+02
1.090690690690690801e+01 1.321569705500239991e+02
1.092142142142142269e+01 1.321663074218468239e+02
1.093593593593593560e+01 1.321756126557519053e+02
1.095045045045045029e+01 1.321848862347306977e+02
1.096496496496496498e+01 1.321941281418594372e+02
1.097947947947947966e+01 1.322033383602990284e+02
1.099399399399399435e+01 1.322125168732944758e+02
1.100850850850850904e+01 1.322216636641748835e+02
1.102302302302302373e+01 1.322307787163528872e+02
1.103753753753753841e+01 1.322398620133245686e+02
1.105205205205205310e+01 1.322489135386690293e+02
1.106656656656656779e+01 1.322579332760480213e+02
1.108108108108108247e+01 1.322669212092058046e+02
1.109559559559559538e+01 1.322758773219686930e+02
1.111011011011011007e+01 1.322848015982448260e+02
1.112462462462462476e+01 1.322936940220238569e+02
1.113913913913913944e+01 1.323025545773765259e+02
1.115365365365365413e+01 1.323113832484544616e+02
1.116816816816816882e+01 1.323201800194898397e+02
1.118268268268268351e+01 1.323289448747950416e+02
1.119719719719719819e+01 1.323376777987623711e+02
1.121171171171171288e+01 1.323463787758636556e+02
1.122622622622622757e+01 1.323550477906499623e+02
1.124074074074074048e+01 1.323636848277513991e+02
1.125525525525525516e+01 1.323722898718766032e+02
1.126976976976976985e+01 1.323808629078124284e+02
1.128428428428428454e+01 1.323894039204237743e+02
1.129879879879879923e+01 1.323979128946531603e+02
1.131331331331331391e+01 1.324063898155203844e+02
1.132782782782782860e+01 1.324148346681221255e+02
1.134234234234234329e+01 1.324232474376318578e+02
1.135685685685685797e+01 1.324316281092992540e+02
1.137137137137137266e+01 1.324399766684499866e+02
1.138588588588588557e+01 1.324482931004853015e+02
1.140040040040040026e+01 1.324565773908818755e+02
1.141491491491491495e+01 1.324648295251912486e+02
1.142942942942942963e+01 1.324730494890395676e+02
1.144394394394394432e+01 1.324812372681274155e+02
1.145845845845845901e+01 1.324893928482291585e+02
1.147297297297297369e+01 1.324975162151928600e+02
1.148748748748748838e+01 1.325056073549398832e+02
1.150200200200200307e+01 1.325136662534644643e+02
1.151651651651651775e+01 1.325216928968335139e+02
1.153103103103103244e+01 1.325296872711861056e+02
1.154554554554554535e+01 1.325376493627332479e+02
1.156006006006006004e+01 1.325455791577575440e+02
1.157457457457457473e+01 1.325534766426128783e+02
1.158908908908908941e+01 1.325613418037238489e+02
1.160360360360360410e+01 1.325691746275857668e+02
1.161811811811811879e+01 1.325769751007640309e+02
1.163263263263263347e+01 1.325847432098939578e+02
1.164714714714714816e+01 1.325924789416802980e+02
1.166166166166166285e+01 1.326001822828970376e+02
1.167617617617617753e+01 1.326078532203869145e+02
1.169069069069069045e+01 1.326154917410611915e+02
1.170520520520520513e+01 1.326230978318992584e+02
1.171971971971971982e+01 1.326306714799482052e+02
1.173423423423423451e+01 1.326382126723226520e+02
1.174874874874874919e+01 1.326457213962042943e+02
1.176326326326326388e+01 1.326531976388415330e+02
1.177777777777777857e+01 1.326606413875492478e+02
1.179229229229229325e+01 1.326680526297083134e+02
1.180680680680680794e+01 1.326754313527653153e+02
1.182132132132132263e+01 1.326827775442323230e+02
1.183583583583583554e+01 1.326900911916863208e+02
1.185035035035035023e+01 1.326973722827690381e+02
1.186486486486486491e+01 1.327046208051866074e+02
1.187937937937937960e+01 1.327118367467090820e+02
1.189389389389389429e+01 1.327190200951702366e+02
1.190840840840840897e+01 1.327261708384671692e+02
1.192292292292292366e+01 1.327332889645600176e+02
1.193743743743743835e+01 1.327403744614715890e+02
1.195195195195195303e+01 1.327474273172869346e+02
1.196646646646646772e+01 1.327544475201531782e+02
1.198098098098098241e+01 1.327614350582791189e+02
1.199549549549549532e+01 1.327683899199348616e+02
1.201001001001001001e+01 1.327753120934514754e+02
1.202452452452452469e+01 1.327822015672207954e+02
1.203903903903903938e+01 1.327890583296949956e+02
1.205355355355355407e+01 1.327958823693861916e+02
1.206806806806806875e+01 1.328026736748662984e+02
1.208258258258258344e+01 1.328094322347666036e+02
1.209709709709709813e+01 1.328161580377774271e+02
1.211161161161161282e+01 1.328228510726478362e+02
1.212612612612612750e+01 1.328295113281853901e+02
1.214064064064064041e+01 1.328361387932557136e+02
1.215515515515515510e+01 1.328427334567822982e+02
1.216966966966966979e+01 1.328492953077461323e+02
1.218418418418418447e+01 1.328558243351853605e+02
1.219869869869869916e+01 1.328623205281951130e+02
1.221321321321321385e+01 1.328687838759270505e+02
1.222772772772772854e+01 1.328752143675891375e+02
1.224224224224224322e+01 1.328816119924453574e+02
1.225675675675675791e+01 1.328879767398155423e+02
1.227127127127127260e+01 1.328943085990747477e+02
1.228578578578578551e+01 1.329006075596532810e+02
1.230030030030030019e+01 1.329068736110363602e+02
1.231481481481481488e+01 1.329131067427637447e+02
1.232932932932932957e+01 1.329193069444294224e+02
1.234384384384384425e+01 1.329254742056815815e+02
1.235835835835835894e+01 1.329316085162220702e+02
1.237287287287287363e+01 1.329377098658063119e+02
1.238738738738738832e+01 1.329437782442429352e+02
1.240190190190190300e+01 1.329498136413935470e+02
1.241641641641641769e+01 1.329558160471725614e+02
1.243093093093093238e+01 1.329617854515468025e+02
1.244544544544544529e+01 1.329677218445353901e+02
1.245995995995995997e+01 1.329736252162094559e+02
1.247447447447447466e+01 1.329794955566918873e+02
1.248898898898898935e+01 1.329853328561570436e+02
1.250350350350350404e+01 1.329911371048306705e+02
1.251801801801801872e+01 1.329969082929895876e+02
1.253253253253253341e+01 1.330026464109614892e+02
1.254704704704704810e+01 1.330083514491246319e+02
1.256156156156156278e+01 1.330140233979078630e+02
1.257607607607607747e+01 1.330196622477901656e+02
1.259059059059059038e+01 1.330252679893005450e+02
1.260510510510510507e+01 1.330308406130179151e+02
1.261961961961961975e+01 1.330363801095708425e+02
1.263413413413413444e+01 1.330418864696373191e+02
1.264864864864864913e+01 1.330473596839446202e+02
1.266316316316316382e+01 1.330527997432691905e+02
1.267767767767767850e+01 1.330582066384364168e+02
1.269219219219219319e+01 1.330635803603204010e+02
1.270670670670670788e+01 1.330689208998439312e+02
1.272122122122122256e+01 1.330742282479782830e+02
1.273573573573573547e+01 1.330795023957429635e+02
1.275025025025025016e+01 1.330847433342058252e+02
1.276476476476476485e+01 1.330899510544825830e+02
1.277927927927927954e+01 1.330951255477370125e+02
1.279379379379379422e+01 1.331002668051806097e+02
1.280830830830830891e+01 1.331053748180725620e+02
1.282282282282282360e+01 1.331104495777196348e+02
1.283733733733733828e+01 1.331154910754760579e+02
1.285185185185185297e+01 1.331204993027433829e+02
1.286636636636636766e+01 1.331254742509704556e+02
1.288088088088088234e+01 1.331304159116533015e+02
1.289539539539539525e+01 1.331353242763349556e+02
1.290990990990990994e+01 1.331401993366055763e+02
1.292442442442442463e+01 1.331450410841022460e+02
1.293893893893893932e+01 1.331498495105088864e+02
1.295345345345345400e+01 1.331546246075562294e+02
1.296796796796796869e+01 1.331593663670218746e+02
1.298248248248248338e+01 1.331640747807300045e+02
1.299699699699699806e+01 1.331687498405516408e+02
1.301151151151151275e+01 1.331733915384043883e+02
1.302602602602602744e+01 1.331779998662524633e+02
1.304054054054054035e+01 1.331825748161067509e+02
1.305505505505505504e+01 1.331871163800246620e+02
1.306956956956956972e+01 1.331916245501102480e+02
1.308408408408408441e+01 1.331960993185141433e+02
1.309859859859859910e+01 1.332005406774336222e+02
1.311311311311311378e+01 1.332049486191124856e+02
1.312762762762762847e+01 1.332093231358412027e+02
1.314214214214214316e+01 1.332136642199568826e+02
1.315665665665665784e+01 1.332179718638433599e+02
1.317117117117117253e+01 1.332222460599311376e+02
1.318568568568568722e+01 1.332264868006975007e+02
1.320020020020020013e+01 1.332306940786665734e+02
1.321471471471471482e+01 1.332348678864093756e+02
1.322922922922922950e+01 1.332390082165437661e+02
1.324374374374374419e+01 1.332431150617346702e+02
1.325825825825825888e+01 1.332471884146941647e+02
1.327277277277277356e+01 1.332512282681813929e+02
1.328728728728728825e+01 1.332552346150027631e+02
1.330180180180180294e+01 1.332592074480120345e+02
1.331631631631631763e+01 1.332631467601104873e+02
1.333083083083083231e+01 1.332670525442468090e+02
1.334534534534534522e+01 1.332709247934174641e+02
1.335985985985985991e+01 1.332747635006667224e+02
1.337437437437437460e+01 1.332785686590866305e+02
1.338888888888888928e+01 1.332823402618173532e+02
1.340340340340340397e+01 1.332860783020472581e+02
1.341791791791791866e+01 1.332897827730129734e+02
1.343243243243243334e+01 1.332934536679996143e+02
1.344694694694694803e+01 1.332970909803408404e+02
1.346146146146146272e+01 1.333006947034191683e+02
1.347597597597597741e+01 1.333042648306660567e+02
1.349049049049049032e+01 1.333078013555619634e+02
1.350500500500500500e+01 1.333113042716366863e+02
1.351951951951951969e+01 1.333147735724694769e+02
1.353403403403403438e+01 1.333182092516892681e+02
1.354854854854854906e+01 1.333216113029746452e+02
1.356306306306306375e+01 1.333249797200544435e+02
1.357757757757757844e+01 1.333283144967076055e+02
1.359209209209209313e+01 1.333316156267634938e+02
1.360660660660660781e+01 1.333348831041020617e+02
1.362112112112112250e+01 1.333381169226541942e+02
1.363563563563563719e+01 1.333413170764017934e+02
1.365015015015015010e+01 1.333444835593780624e+02
1.366466466466466478e+01 1.333476163656676476e+02
1.367917917917917947e+01 1.333507154894070084e+02
1.369369369369369416e+01 1.333537809247845303e+02
1.370820820820820884e+01 1.333568126660407529e+02
1.372272272272272353e+01 1.333598107074687960e+02
1.373723723723723822e+01 1.333627750434143309e+02
1.375175175175175291e+01 1.333657056682760071e+02
1.376626626626626759e+01 1.333686025765057082e+02
1.378078078078078228e+01 1.333714657626086932e+02
1.379529529529529519e+01 1.333742952211439956e+02
1.380980980980980988e+01 1.333770909467245076e+02
1.382432432432432456e+01 1.333798529340173786e+02
1.383883883883883925e+01 1.333825811777442709e+02
1.385335335335335394e+01 1.333852756726815585e+02
1.386786786786786863e+01 1.333879364136606682e+02
1.388238238238238331e+01 1.333905633955683072e+02
1.389689689689689800e+01 1.333931566133467754e+02
1.391141141141141269e+01 1.333957160619941362e+02
1.392592592592592737e+01 1.333982417365646143e+02
1.394044044044044028e+01 1.334007336321689081e+02
1.395495495495495497e+01 1.334031917439742756e+02
1.396946946946946966e+01 1.334056160672049600e+02
1.398398398398398434e+01 1.334080065971425881e+02
1.399849849849849903e+01 1.334103633291261133e+02
1.401301301301301372e+01 1.334126862585524407e+02
1.402752752752752841e+01 1.334149753808765126e+02
1.404204204204204309e+01 1.334172306916116497e+02
1.405655655655655778e+01 1.334194521863299201e+02
1.407107107107107247e+01 1.334216398606622249e+02
1.408558558558558715e+01 1.334237937102988383e+02
1.410010010010010006e+01 1.334259137309894641e+02
1.411461461461461475e+01 1.334279999185436623e+02
1.412912912912912944e+01 1.334300522688311617e+02
1.414364364364364413e+01 1.334320707777819450e+02
1.415815815815815881e+01 1.334340554413867039e+02
1.417267267267267350e+01 1.334360062556971798e+02
1.418718718718718819e+01 1.334379232168262206e+02
1.420170170170170287e+01 1.334398063209482928e+02
1.421621621621621756e+01 1.334416555642996229e+02
1.423073073073073225e+01 1.334434709431784825e+02
1.424524524524524516e+01 1.334452524539455283e+02
1.425975975975975985e+01 1.334470000930240303e+02
1.427427427427427453e+01 1.334487138569001559e+02
1.428878878878878922e+01 1.334503937421232536e+02
1.430330330330330391e+01 1.334520397453061094e+02
1.431781781781781859e+01 1.334536518631252022e+02
1.433233233233233328e+01 1.334552300923209316e+02
1.434684684684684797e+01 1.334567744296979868e+02
1.436136136136136265e+01 1.334582848721255459e+02
1.437587587587587734e+01 1.334597614165374182e+02
1.439039039039039025e+01 1.334612040599325269e+02
1.440490490490490494e+01 1.334626127993749662e+02
1.441941941941941963e+01 1.334639876319942857e+02
1.443393393393393431e+01 1.334653285549858026e+02
1.444844844844844900e+01 1.334666355656107726e+02
1.446296296296296369e+01 1.334679086611965886e+02
1.447747747747747837e+01 1.334691478391371504e+02
1.449199199199199306e+01 1.334703530968929215e+02
1.450650650650650775e+01 1.334715244319912699e+02
1.452102102102102243e+01 1.334726618420265822e+02
1.453553553553553712e+01 1.334737653246605760e+02
1.455005005005005003e+01 1.334748348776224702e+02
1.456456456456456472e+01 1.334758704987091562e+02
1.457907907907907941e+01 1.334768721857853677e+02
1.459359359359359409e+01 1.334778399367840223e+02
1.460810810810810878e+01 1.334787737497062210e+02
1.462262262262262347e+01 1.334796736226215330e+02
1.463713713713713815e+01 1.334805395536682227e+02
1.465165165165165284e+01 1.334813715410532211e+02
1.466616616616616753e+01 1.334821695830524675e+02
1.468068068068068222e+01 1.334829336780111078e+02
1.469519519519519513e+01 1.334836638243434379e+02
1.470970970970970981e+01 1.334843600205331882e+02
1.472422422422422450e+01 1.334850222651337788e+02
1.473873873873873919e+01 1.334856505567681495e+02
1.475325325325325387e+01 1.334862448941291859e+02
1.476776776776776856e+01 1.334868052759796058e+02
1.478228228228228325e+01 1.334873317011523568e+02
1.479679679679679793e+01 1.334878241685503895e+02
1.481131131131131262e+01 1.334882826771470832e+02
1.482582582582582731e+01 1.334887072259860759e+02
1.484034034034034022e+01 1.334890978141815197e+02
1.485485485485485491e+01 1.334894544409181663e+02
1.486936936936936959e+01 1.334897771054513100e+02
1.488388388388388428e+01 1.334900658071070723e+02
1.489839839839839897e+01 1.334903205452821453e+02
1.491291291291291365e+01 1.334905413194442474e+02
1.492742742742742834e+01 1.334907281291318952e+02
1.494194194194194303e+01 1.334908809739545177e+02
1.495645645645645772e+01 1.334909998535924842e+02
1.497097097097097240e+01 1.334910847677972185e+02
1.498548548548548709e+01 1.334911357163910850e+02
1.500000000000000000e+01 1.334911526992675306e+02
