5.000000000000000000e-01 4.977327235671540961e+02
5.070070070070069601e-01 4.981502405307559798e+02
5.140140140140140312e-01 4.985673645385766122e+02
5.210210210210209913e-01 4.989840951581193167e+02
5.280280280280280625e-01 4.994004319591134049e+02
5.350350350350350226e-01 4.998163745135091744e+02
5.420420420420419827e-01 5.002319223954734184e+02
5.490490490490490538e-01 5.006470751813848779e+02
5.560560560560560139e-01 5.010618324498299785e+02
5.630630630630630851e-01 5.014761937815968054e+02
5.700700700700700452e-01 5.018901587596716922e+02
5.770770770770771163e-01 5.023037269692343330e+02
5.840840840840840764e-01 5.027168979976535184e+02
5.910910910910911475e-01 5.031296714344805423e+02
5.980980980980981077e-01 5.035420468714470985e+02
6.051051051051050678e-01 5.039540239024584594e+02
6.121121121121121389e-01 5.043656021235902926e+02
6.191191191191190990e-01 5.047767811330834320e+02
6.261261261261261701e-01 5.051875605313381925e+02
6.331331331331331302e-01 5.055979399209110738e+02
6.401401401401400904e-01 5.060079189065098149e+02
6.471471471471471615e-01 5.064174970949875956e+02
6.541541541541541216e-01 5.068266740953398539e+02
6.611611611611611927e-01 5.072354495186974646e+02
6.681681681681681528e-01 5.076438229783247493e+02
6.751751751751751129e-01 5.080517940896120308e+02
6.821821821821821841e-01 5.084593624700726764e+02
6.891891891891892552e-01 5.088665277393376414e+02
6.961961961961962153e-01 5.092732895191508646e+02
7.032032032032031754e-01 5.096796474333636979e+02
7.102102102102102466e-01 5.100856011079320638e+02
7.172172172172172067e-01 5.104911501709094068e+02
7.242242242242242778e-01 5.108962942524438517e+02
7.312312312312312379e-01 5.113010329847712683e+02
7.382382382382381980e-01 5.117053660022135091e+02
7.452452452452452691e-01 5.121092929411697696e+02
7.522522522522522292e-01 5.125128134401157922e+02
7.592592592592593004e-01 5.129159271395960786e+02
7.662662662662662605e-01 5.133186336822200246e+02
7.732732732732732206e-01 5.137209327126579410e+02
7.802802802802802917e-01 5.141228238776345734e+02
7.872872872872873629e-01 5.145243068259261463e+02
7.942942942942943230e-01 5.149253812083537696e+02
8.013013013013012831e-01 5.153260466777799138e+02
8.083083083083082432e-01 5.157263028891031809e+02
8.153153153153153143e-01 5.161261494992528469e+02
8.223223223223223854e-01 5.165255861671851108e+02
8.293293293293293456e-01 5.169246125538774095e+02
8.363363363363363057e-01 5.173232283223240984e+02
8.433433433433432658e-01 5.177214331375314487e+02
8.503503503503503369e-01 5.181192266665119632e+02
8.573573573573574080e-01 5.185166085782813070e+02
8.643643643643643681e-01 5.189135785438513722e+02
8.713713713713713283e-01 5.193101362362275495e+02
8.783783783783783994e-01 5.197062813304017936e+02
8.853853853853853595e-01 5.201020135033494398e+02
8.923923923923924306e-01 5.204973324340232921e+02
8.993993993993993907e-01 5.208922378033490759e+02
9.064064064064063508e-01 5.212867292942207769e+02
9.134134134134134220e-01 5.216808065914956387e+02
9.204204204204204931e-01 5.220744693819882514e+02
9.274274274274274532e-01 5.224677173544686184e+02
9.344344344344344133e-01 5.228605501996526073e+02
9.414414414414413734e-01 5.232529676102021767e+02
9.484484484484484446e-01 5.236449692807168503e+02
9.554554554554555157e-01 5.240365549077304195e+02
9.624624624624624758e-01 5.244277241897049180e+02
9.694694694694694359e-01 5.248184768270273253e+02
9.764764764764763960e-01 5.252088125220036545e+02
9.834834834834834671e-01 5.255987309788539505e+02
9.904904904904905383e-01 5.259882319037075149e+02
9.974974974974974984e-01 5.263773150045986995e+02
1.004504504504504458e+00 5.267659799914608811e+02
1.011511511511511419e+00 5.271542265761229373e+02
1.018518518518518601e+00 5.275420544723020839e+02
1.025525525525525561e+00 5.279294633956019425e+02
1.032532532532532521e+00 5.283164530635053779e+02
1.039539539539539481e+00 5.287030231953704060e+02
1.046546546546546441e+00 5.290891735124247361e+02
1.053553553553553623e+00 5.294749037377624745e+02
1.060560560560560583e+00 5.298602135963367346e+02
1.067567567567567544e+00 5.302451028149572494e+02
1.074574574574574726e+00 5.306295711222826412e+02
1.081581581581581464e+00 5.310136182488190570e+02
1.088588588588588646e+00 5.313972439269119832e+02
1.095595595595595606e+00 5.317804478907429484e+02
1.102602602602602566e+00 5.321632298763245217e+02
1.109609609609609748e+00 5.325455896214954237e+02
1.116616616616616486e+00 5.329275268659143876e+02
1.123623623623623669e+00 5.333090413510575445e+02
1.130630630630630629e+00 5.336901328202106924e+02
1.137637637637637589e+00 5.340708010184674777e+02
1.144644644644644771e+00 5.344510456927213227e+02
1.151651651651651509e+00 5.348308665916633799e+02
1.158658658658658691e+00 5.352102634657754834e+02
1.165665665665665651e+00 5.355892360673261692e+02
1.172672672672672611e+00 5.359677841503659010e+02
1.179679679679679793e+00 5.363459074707216132e+02
1.186686686686686532e+00 5.367236057859919356e+02
1.193693693693693714e+00 5.371008788555428737e+02
1.200700700700700674e+00 5.374777264405017831e+02
1.207707707707707634e+00 5.378541483037535045e+02
1.214714714714714816e+00 5.382301442099343376e+02
1.221721721721721554e+00 5.386057139254293133e+02
1.228728728728728736e+00 5.389808572183640081e+02
1.235735735735735696e+00 5.393555738586023836e+02
1.242742742742742657e+00 5.397298636177405342e+02
1.249749749749749839e+00 5.401037262691023670e+02
1.256756756756756799e+00 5.404771615877335762e+02
1.263763763763763759e+00 5.408501693503991419e+02
1.270770770770770719e+00 5.412227493355750312e+02
1.277777777777777679e+00 5.415949013234468339e+02
1.284784784784784861e+00 5.419666250959015770e+02
1.291791791791791821e+00 5.423379204365251098e+02
1.298798798798798781e+00 5.427087871305967610e+02
1.305805805805805964e+00 5.430792249650834265e+02
1.312812812812812702e+00 5.434492337286357042e+02
1.319819819819819884e+00 5.438188132115825510e+02
1.326826826826826844e+00 5.441879632059262804e+02
1.333833833833833804e+00 5.445566835053383556e+02
1.340840840840840986e+00 5.449249739051532515e+02
1.347847847847847724e+00 5.452928342023650430e+02
1.354854854854854906e+00 5.456602641956204707e+02
1.361861861861861867e+00 5.460272636852171217e+02
1.368868868868868827e+00 5.463938324730951308e+02
1.375875875875876009e+00 5.467599703628344514e+02
1.382882882882882747e+00 5.471256771596496264e+02
1.389889889889889929e+00 5.474909526703841038e+02
1.396896896896896889e+00 5.478557967035063712e+02
1.403903903903903849e+00 5.482202090691043850e+02
1.410910910910911031e+00 5.485841895788805687e+02
1.417917917917917769e+00 5.489477380461478333e+02
1.424924924924924952e+00 5.493108542858238934e+02
1.431931931931931912e+00 5.496735381144259236e+02
1.438938938938938872e+00 5.500357893500678301e+02
1.445945945945946054e+00 5.503976078124524065e+02
1.452952952952952792e+00 5.507589933228688324e+02
1.459959959959959974e+00 5.511199457041866481e+02
1.466966966966966934e+00 5.514804647808509799e+02
1.473973973973973894e+00 5.518405503788781061e+02
1.480980980980981077e+00 5.522002023258505687e+02
1.487987987987987815e+00 5.525594204509111478e+02
1.494994994994994997e+00 5.529182045847601330e+02
1.502002002002001957e+00 5.532765545596483889e+02
1.509009009009008917e+00 5.536344702093738306e+02
1.516016016016016099e+00 5.539919513692758528e+02
1.523023023023023059e+00 5.543489978762310102e+02
1.530030030030030019e+00 5.547056095686473327e+02
1.537037037037036979e+00 5.550617862864608014e+02
1.544044044044043940e+00 5.554175278711292094e+02
1.551051051051051122e+00 5.557728341656282964e+02
1.558058058058058082e+00 5.561277050144464056e+02
1.565065065065065042e+00 5.564821402635792538e+02
1.572072072072072002e+00 5.568361397605258389e+02
1.579079079079078962e+00 5.571897033542838926e+02
1.586086086086086144e+00 5.575428308953432861e+02
1.593093093093093104e+00 5.578955222356839840e+02
1.600100100100100065e+00 5.582477772287682001e+02
1.607107107107107025e+00 5.585995957295381231e+02
1.614114114114114207e+00 5.589509775944097782e+02
1.621121121121121167e+00 5.593019226812682518e+02
1.628128128128128127e+00 5.596524308494631441e+02
1.635135135135135087e+00 5.600025019598039080e+02
1.642142142142142047e+00 5.603521358745545058e+02
1.649149149149149229e+00 5.607013324574296576e+02
1.656156156156156189e+00 5.610500915735887020e+02
1.663163163163163150e+00 5.613984130896319584e+02
1.670170170170170110e+00 5.617462968735951563e+02
1.677177177177177070e+00 5.620937427949452285e+02
1.684184184184184252e+00 5.624407507245750821e+02
1.691191191191191212e+00 5.627873205347992780e+02
1.698198198198198172e+00 5.631334520993483466e+02
1.705205205205205132e+00 5.634791452933654909e+02
1.712212212212212092e+00 5.638243999934003341e+02
1.719219219219219275e+00 5.641692160774053946e+02
1.726226226226226235e+00 5.645135934247298337e+02
1.733233233233233195e+00 5.648575319161171819e+02
1.740240240240240155e+00 5.652010314336976080e+02
1.747247247247247337e+00 5.655440918609850769e+02
1.754254254254254297e+00 5.658867130828721201e+02
1.761261261261261257e+00 5.662288949856256295e+02
1.768268268268268217e+00 5.665706374568808315e+02
1.775275275275275177e+00 5.669119403856381041e+02
1.782282282282282360e+00 5.672528036622560421e+02
1.789289289289289320e+00 5.675932271784504337e+02
1.796296296296296280e+00 5.679332108272852793e+02
1.803303303303303240e+00 5.682727545031710861e+02
1.810310310310310200e+00 5.686118581018589566e+02
1.817317317317317382e+00 5.689505215204361548e+02
1.824324324324324342e+00 5.692887446573214447e+02
1.831331331331331302e+00 5.696265274122600886e+02
1.838338338338338263e+00 5.699638696863194127e+02
1.845345345345345223e+00 5.703007713818840330e+02
1.852352352352352405e+00 5.706372324026514207e+02
1.859359359359359365e+00 5.709732526536271280e+02
1.866366366366366325e+00 5.713088320411193308e+02
1.873373373373373285e+00 5.716439704727357594e+02
1.880380380380380467e+00 5.719786678573773315e+02
1.887387387387387427e+00 5.723129241052349698e+02
1.894394394394394388e+00 5.726467391277834622e+02
1.901401401401401348e+00 5.729801128377787336e+02
1.908408408408408308e+00 5.733130451492510247e+02
1.915415415415415490e+00 5.736455359775017087e+02
1.922422422422422450e+00 5.739775852390980617e+02
1.929429429429429410e+00 5.743091928518696250e+02
1.936436436436436370e+00 5.746403587349011559e+02
1.943443443443443330e+00 5.749710828085320600e+02
1.950450450450450512e+00 5.753013649943462724e+02
1.957457457457457473e+00 5.756312052151739636e+02
1.964464464464464433e+00 5.759606033950806250e+02
1.971471471471471393e+00 5.762895594593682063e+02
1.978478478478478575e+00 5.766180733345660201e+02
1.985485485485485535e+00 5.769461449484286959e+02
1.992492492492492495e+00 5.772737742299308366e+02
1.999499499499499455e+00 5.776009611092624709e+02
2.006506506506506415e+00 5.779277055178245064e+02
2.013513513513513598e+00 5.782540073882239540e+02
2.020520520520520336e+00 5.785798666542696083e+02
2.027527527527527518e+00 5.789052832509675000e+02
2.034534534534534700e+00 5.792302571145160073e+02
2.041541541541541438e+00 5.795547881823022180e+02
2.048548548548548620e+00 5.798788763928962453e+02
2.055555555555555358e+00 5.802025216860467935e+02
2.062562562562562540e+00 5.805257240026780892e+02
2.069569569569569722e+00 5.808484832848831729e+02
2.076576576576576461e+00 5.811707994759208304e+02
2.083583583583583643e+00 5.814926725202112721e+02
2.090590590590590381e+00 5.818141023633301074e+02
2.097597597597597563e+00 5.821350889520053897e+02
2.104604604604604745e+00 5.824556322341127270e+02
2.111611611611611927e+00 5.827757321586697117e+02
2.118618618618618665e+00 5.830953886758335329e+02
2.125625625625625403e+00 5.834146017368935873e+02
2.132632632632632586e+00 5.837333712942709099e+02
2.139639639639639768e+00 5.840516973015090798e+02
2.146646646646646950e+00 5.843695797132741063e+02
2.153653653653653688e+00 5.846870184853463570e+02
2.160660660660660426e+00 5.850040135746190799e+02
2.167667667667667608e+00 5.853205649390915823e+02
2.174674674674674790e+00 5.856366725378666160e+02
2.181681681681681972e+00 5.859523363311443518e+02
2.188688688688688710e+00 5.862675562802197646e+02
2.195695695695695449e+00 5.865823323474760400e+02
2.202702702702702631e+00 5.868966644963819590e+02
2.209709709709709813e+00 5.872105526914870097e+02
2.216716716716716995e+00 5.875239968984158168e+02
2.223723723723723733e+00 5.878369970838654126e+02
2.230730730730730471e+00 5.881495532156000081e+02
2.237737737737737653e+00 5.884616652624466724e+02
2.244744744744744835e+00 5.887733331942910127e+02
2.251751751751752018e+00 5.890845569820723995e+02
2.258758758758758756e+00 5.893953365977810108e+02
2.265765765765765494e+00 5.897056720144507835e+02
2.272772772772772676e+00 5.900155632061581628e+02
2.279779779779779858e+00 5.903250101480151670e+02
2.286786786786787040e+00 5.906340128161671146e+02
2.293793793793793778e+00 5.909425711877860294e+02
2.300800800800800516e+00 5.912506852410692773e+02
2.307807807807807698e+00 5.915583549552316072e+02
2.314814814814814881e+00 5.918655803105041286e+02
2.321821821821822063e+00 5.921723612881279450e+02
2.328828828828828801e+00 5.924786978703510840e+02
2.335835835835835539e+00 5.927845900404223585e+02
2.342842842842842721e+00 5.930900377825897749e+02
2.349849849849849903e+00 5.933950410820939396e+02
2.356856856856857085e+00 5.936995999251651028e+02
2.363863863863863823e+00 5.940037142990170196e+02
2.370870870870870561e+00 5.943073841918461540e+02
2.377877877877877744e+00 5.946106095928234936e+02
2.384884884884884926e+00 5.949133904920927307e+02
2.391891891891892108e+00 5.952157268807654873e+02
2.398898898898898846e+00 5.955176187509174497e+02
2.405905905905905584e+00 5.958190660955814337e+02
2.412912912912912766e+00 5.961200689087479532e+02
2.419919919919919948e+00 5.964206271853564658e+02
2.426926926926927131e+00 5.967207409212945777e+02
2.433933933933933869e+00 5.970204101133901986e+02
2.440940940940940607e+00 5.973196347594115423e+02
2.447947947947947789e+00 5.976184148580592819e+02
2.454954954954954971e+00 5.979167504089642762e+02
2.461961961961962153e+00 5.982146414126834770e+02
2.468968968968968891e+00 5.985120878706948133e+02
2.475975975975975629e+00 5.988090897853928709e+02
2.482982982982982811e+00 5.991056471600860505e+02
2.489989989989989994e+00 5.994017599989912242e+02
2.496996996996997176e+00 5.996974283072299841e+02
2.504004004004003914e+00 5.999926520908240946e+02
2.511011011011011096e+00 6.002874313566926503e+02
2.518018018018017834e+00 6.005817661126461644e+02
2.525025025025025016e+00 6.008756563673834989e+02
2.532032032032032198e+00 6.011691021304870901e+02
2.539039039039038936e+00 6.014621034124206744e+02
2.546046046046046119e+00 6.017546602245213307e+02
2.553053053053052857e+00 6.020467725790001623e+02
2.560060060060060039e+00 6.023384404889343386e+02
2.567067067067067221e+00 6.026296639682652767e+02
2.574074074074073959e+00 6.029204430317929564e+02
2.581081081081081141e+00 6.032107776951728511e+02
2.588088088088087879e+00 6.035006679749126306e+02
2.595095095095095061e+00 6.037901138883651129e+02
2.602102102102102243e+00 6.040791154537282637e+02
2.609109109109108982e+00 6.043676726900381482e+02
2.616116116116116164e+00 6.046557856171650656e+02
2.623123123123122902e+00 6.049434542558116163e+02
2.630130130130130084e+00 6.052306786275061086e+02
2.637137137137137266e+00 6.055174587546008524e+02
2.644144144144144004e+00 6.058037946602657939e+02
2.651151151151151186e+00 6.060896863684865821e+02
2.658158158158157924e+00 6.063751339040596804e+02
2.665165165165165106e+00 6.066601372925873648e+02
2.672172172172172289e+00 6.069446965604759043e+02
2.679179179179179027e+00 6.072288117349303320e+02
2.686186186186186209e+00 6.075124828439493285e+02
2.693193193193193391e+00 6.077957099163243129e+02
2.700200200200200129e+00 6.080784929816320528e+02
2.707207207207207311e+00 6.083608320702329593e+02
2.714214214214214049e+00 6.086427272132663120e+02
2.721221221221221231e+00 6.089241784426469621e+02
2.728228228228228414e+00 6.092051857910602166e+02
2.735235235235235152e+00 6.094857492919588822e+02
2.742242242242242334e+00 6.097658689795588316e+02
2.749249249249249072e+00 6.100455448888358205e+02
2.756256256256256254e+00 6.103247770555203715e+02
2.763263263263263436e+00 6.106035655160953866e+02
2.770270270270270174e+00 6.108819103077908039e+02
2.777277277277277356e+00 6.111598114685804148e+02
2.784284284284284094e+00 6.114372690371779981e+02
2.791291291291291277e+00 6.117142830530332276e+02
2.798298298298298459e+00 6.119908535563284886e+02
2.805305305305305197e+00 6.122669805879733076e+02
2.812312312312312379e+00 6.125426641896032152e+02
2.819319319319319117e+00 6.128179044035728111e+02
2.826326326326326299e+00 6.130927012729546277e+02
2.833333333333333481e+00 6.133670548415328767e+02
2.840340340340340219e+00 6.136409651538021990e+02
2.847347347347347402e+00 6.139144322549614117e+02
2.854354354354354140e+00 6.141874561909120303e+02
2.861361361361361322e+00 6.144600370082515610e+02
2.868368368368368504e+00 6.147321747542731600e+02
2.875375375375375242e+00 6.150038694769584708e+02
2.882382382382382424e+00 6.152751212249767150e+02
2.889389389389389162e+00 6.155459300476788940e+02
2.896396396396396344e+00 6.158162959950949471e+02
2.903403403403403527e+00 6.160862191179296588e+02
2.910410410410410265e+00 6.163556994675590204e+02
2.917417417417417447e+00 6.166247370960276157e+02
2.924424424424424185e+00 6.168933320560419133e+02
2.931431431431431367e+00 6.171614844009696981e+02
2.938438438438438549e+00 6.174291941848346141e+02
2.945445445445445287e+00 6.176964614623130956e+02
2.952452452452452469e+00 6.179632862887307283e+02
2.959459459459459651e+00 6.182296687200570204e+02
2.966466466466466390e+00 6.184956088129043792e+02
2.973473473473473572e+00 6.187611066245220854e+02
2.980480480480480310e+00 6.190261622127940200e+02
2.987487487487487492e+00 6.192907756362345708e+02
2.994494494494494674e+00 6.195549469539839720e+02
3.001501501501501412e+00 6.198186762258064846e+02
3.008508508508508594e+00 6.200819635120859630e+02
3.015515515515515332e+00 6.203448088738209663e+02
3.022522522522522515e+00 6.206072123726231666e+02
3.029529529529529697e+00 6.208691740707124609e+02
3.036536536536536435e+00 6.211306940309137872e+02
3.043543543543543617e+00 6.213917723166529186e+02
3.050550550550550355e+00 6.216524089919541893e+02
3.057557557557557537e+00 6.219126041214348106e+02
3.064564564564564719e+00 6.221723577703036199e+02
3.071571571571571457e+00 6.224316700043553965e+02
3.078578578578578639e+00 6.226905408899692702e+02
3.085585585585585378e+00 6.229489704941030368e+02
3.092592592592592560e+00 6.232069588842914527e+02
3.099599599599599742e+00 6.234645061286416876e+02
3.106606606606606480e+00 6.237216122958296864e+02
3.113613613613613662e+00 6.239782774550970998e+02
3.120620620620620400e+00 6.242345016762479872e+02
3.127627627627627582e+00 6.244902850296441557e+02
3.134634634634634764e+00 6.247456275862025450e+02
3.141641641641641503e+00 6.250005294173918173e+02
3.148648648648648685e+00 6.252549905952286053e+02
3.155655655655655423e+00 6.255090111922733058e+02
3.162662662662662605e+00 6.257625912816280334e+02
3.169669669669669787e+00 6.260157309369317318e+02
3.176676676676676525e+00 6.262684302323579004e+02
3.183683683683683707e+00 6.265206892426094782e+02
3.190690690690690445e+00 6.267725080429178206e+02
3.197697697697697627e+00 6.270238867090366739e+02
3.204704704704704810e+00 6.272748253172408113e+02
3.211711711711711548e+00 6.275253239443206894e+02
3.218718718718718730e+00 6.277753826675813116e+02
3.225725725725725912e+00 6.280250015648358612e+02
3.232732732732732650e+00 6.282741807144052473e+02
3.239739739739739832e+00 6.285229201951131017e+02
3.246746746746746570e+00 6.287712200862824830e+02
3.253753753753753752e+00 6.290190804677318965e+02
3.260760760760760935e+00 6.292665014197742721e+02
3.267767767767767673e+00 6.295134830232104832e+02
3.274774774774774855e+00 6.297600253593279831e+02
3.281781781781781593e+00 6.300061285098968256e+02
3.288788788788788775e+00 6.302517925571671640e+02
3.295795795795795957e+00 6.304970175838629984e+02
3.302802802802802695e+00 6.307418036731834263e+02
3.309809809809809877e+00 6.309861509087953664e+02
3.316816816816816615e+00 6.312300593748319670e+02
3.323823823823823798e+00 6.314735291558888548e+02
3.330830830830830980e+00 6.317165603370212921e+02
3.337837837837837718e+00 6.319591530037401981e+02
3.344844844844844900e+00 6.322013072420090793e+02
3.351851851851851638e+00 6.324430231382416423e+02
3.358858858858858820e+00 6.326843007792964499e+02
3.365865865865866002e+00 6.329251402524757850e+02
3.372872872872872740e+00 6.331655416455209888e+02
3.379879879879879923e+00 6.334055050466104149e+02
3.386886886886886661e+00 6.336450305443543130e+02
3.393893893893893843e+00 6.338841182277936923e+02
3.400900900900901025e+00 6.341227681863954331e+02
3.407907907907907763e+00 6.343609805100502399e+02
3.414914914914914945e+00 6.345987552890683219e+02
3.421921921921921683e+00 6.348360926141767777e+02
3.428928928928928865e+00 6.350729925765170947e+02
3.435935935935936048e+00 6.353094552676402600e+02
3.442942942942942786e+00 6.355454807795047145e+02
3.449949949949949968e+00 6.357810692044736243e+02
3.456956956956957150e+00 6.360162206353097645e+02
3.463963963963963888e+00 6.362509351651743827e+02
3.470970970970971070e+00 6.364852128876229926e+02
3.477977977977977808e+00 6.367190538966028726e+02
3.484984984984984990e+00 6.369524582864484046e+02
3.491991991991992172e+00 6.371854261518800513e+02
3.498998998998998911e+00 6.374179575879995809e+02
3.506006006006006093e+00 6.376500526902879074e+02
3.513013013013012831e+00 6.378817115546007699e+02
3.520020020020020013e+00 6.381129342771675965e+02
3.527027027027027195e+00 6.383437209545861606e+02
3.534034034034033933e+00 6.385740716838211029e+02
3.541041041041041115e+00 6.388039865621994977e+02
3.548048048048047853e+00 6.390334656874098300e+02
3.555055055055055035e+00 6.392625091574963108e+02
3.562062062062062218e+00 6.394911170708575128e+02
3.569069069069068956e+00 6.397192895262434149e+02
3.576076076076076138e+00 6.399470266227510820e+02
3.583083083083082876e+00 6.401743284598222772e+02
3.590090090090090058e+00 6.404011951372410749e+02
3.597097097097097240e+00 6.406276267551297678e+02
3.604104104104103978e+00 6.408536234139462522e+02
3.611111111111111160e+00 6.410791852144810719e+02
3.618118118118117899e+00 6.413043122578550310e+02
3.625125125125125081e+00 6.415290046455140782e+02
3.632132132132132263e+00 6.417532624792289653e+02
3.639139139139139001e+00 6.419770858610908135e+02
3.646146146146146183e+00 6.422004748935075895e+02
3.653153153153152921e+00 6.424234296792030818e+02
3.660160160160160103e+00 6.426459503212114441e+02
3.667167167167167285e+00 6.428680369228762856e+02
3.674174174174174023e+00 6.430896895878466921e+02
3.681181181181181206e+00 6.433109084200742700e+02
3.688188188188187944e+00 6.435316935238113274e+02
3.695195195195195126e+00 6.437520450036053035e+02
3.702202202202202308e+00 6.439719629642995642e+02
3.709209209209209046e+00 6.441914475110271496e+02
3.716216216216216228e+00 6.444104987492094097e+02
3.723223223223223410e+00 6.446291167845537302e+02
3.730230230230230148e+00 6.448473017230485311e+02
3.737237237237237331e+00 6.450650536709621292e+02
3.744244244244244069e+00 6.452823727348395551e+02
3.751251251251251251e+00 6.454992590214992561e+02
3.758258258258258433e+00 6.457157126380308227e+02
3.765265265265265171e+00 6.459317336917908960e+02
3.772272272272272353e+00 6.461473222904019167e+02
3.779279279279279091e+00 6.463624785417476915e+02
3.786286286286286273e+00 6.465772025539727110e+02
3.793293293293293456e+00 6.467914944354758973e+02
3.800300300300300194e+00 6.470053542949121947e+02
3.807307307307307376e+00 6.472187822411850675e+02
3.814314314314314114e+00 6.474317783834477495e+02
3.821321321321321296e+00 6.476443428310976742e+02
3.828328328328328478e+00 6.478564756937755647e+02
3.835335335335335216e+00 6.480681770813605453e+02
3.842342342342342398e+00 6.482794471039695736e+02
3.849349349349349136e+00 6.484902858719532333e+02
3.856356356356356319e+00 6.487006934958933471e+02
3.863363363363363501e+00 6.489106700866005895e+02
3.870370370370370239e+00 6.491202157551107348e+02
3.877377377377377421e+00 6.493293306126830657e+02
3.884384384384384159e+00 6.495380147707967353e+02
3.891391391391391341e+00 6.497462683411487205e+02
3.898398398398398523e+00 6.499540914356507528e+02
3.905405405405405261e+00 6.501614841664264759e+02
3.912412412412412444e+00 6.503684466458084898e+02
3.919419419419419182e+00 6.505749789863371007e+02
3.926426426426426364e+00 6.507810813007555453e+02
3.933433433433433546e+00 6.509867537020080590e+02
3.940440440440440284e+00 6.511919963032387386e+02
3.947447447447447466e+00 6.513968092177864264e+02
3.954454454454454204e+00 6.516011925591832323e+02
3.961461461461461386e+00 6.518051464411520328e+02
3.968468468468468568e+00 6.520086709776036287e+02
3.975475475475475307e+00 6.522117662826334481e+02
3.982482482482482489e+00 6.524144324705206373e+02
3.989489489489489671e+00 6.526166696557229443e+02
3.996496496496496409e+00 6.528184779528761510e+02
4.003503503503504035e+00 6.530198574767904347e+02
4.010510510510510329e+00 6.532208083424479810e+02
4.017517517517517511e+00 6.534213306650007098e+02
4.024524524524524693e+00 6.536214245597669787e+02
4.031531531531530987e+00 6.538210901422295365e+02
4.038538538538539058e+00 6.540203275280326807e+02
4.045545545545545352e+00 6.542191368329796433e+02
4.052552552552552534e+00 6.544175181730305439e+02
4.059559559559559716e+00 6.546154716642989797e+02
4.066566566566566010e+00 6.548129974230499784e+02
4.073573573573574080e+00 6.550100955656978385e+02
4.080580580580580374e+00 6.552067662088018096e+02
4.087587587587587556e+00 6.554030094690666601e+02
4.094594594594594739e+00 6.555988254633361976e+02
4.101601601601601033e+00 6.557942143085949738e+02
4.108608608608609103e+00 6.559891761219619184e+02
4.115615615615615397e+00 6.561837110206907937e+02
4.122622622622622579e+00 6.563778191221653060e+02
4.129629629629629761e+00 6.565715005438991057e+02
4.136636636636636055e+00 6.567647554035305575e+02
4.143643643643644126e+00 6.569575838188225134e+02
4.150650650650650419e+00 6.571499859076583334e+02
4.157657657657657602e+00 6.573419617880409760e+02
4.164664664664664784e+00 6.575335115780879960e+02
4.171671671671671078e+00 6.577246353960327951e+02
4.178678678678679148e+00 6.579153333602178009e+02
4.185685685685685442e+00 6.581056055890959442e+02
4.192692692692692624e+00 6.582954522012254301e+02
4.199699699699699806e+00 6.584848733152695104e+02
4.206706706706706100e+00 6.586738690499918221e+02
4.213713713713714171e+00 6.588624395242561604e+02
4.220720720720720465e+00 6.590505848570217040e+02
4.227727727727727647e+00 6.592383051673435830e+02
4.234734734734734829e+00 6.594256005743668538e+02
4.241741741741741123e+00 6.596124711973280910e+02
4.248748748748749193e+00 6.597989171555495886e+02
4.255755755755755487e+00 6.599849385684390199e+02
4.262762762762762669e+00 6.601705355554859125e+02
4.269769769769769852e+00 6.603557082362606252e+02
4.276776776776776146e+00 6.605404567304098009e+02
4.283783783783784216e+00 6.607247811576571621e+02
4.290790790790790510e+00 6.609086816377973719e+02
4.297797797797797692e+00 6.610921582906979665e+02
4.304804804804804874e+00 6.612752112362921935e+02
4.311811811811811168e+00 6.614578405945817394e+02
4.318818818818819238e+00 6.616400464856296821e+02
4.325825825825825532e+00 6.618218290295626502e+02
4.332832832832832715e+00 6.620031883465642295e+02
4.339839839839839897e+00 6.621841245568764407e+02
4.346846846846846191e+00 6.623646377807940553e+02
4.353853853853854261e+00 6.625447281386658460e+02
4.360860860860860555e+00 6.627243957508884478e+02
4.367867867867867737e+00 6.629036407379080629e+02
4.374874874874874919e+00 6.630824632202144358e+02
4.381881881881881213e+00 6.632608633183421034e+02
4.388888888888889284e+00 6.634388411528648248e+02
4.395895895895895578e+00 6.636163968443962631e+02
4.402902902902902760e+00 6.637935305135852104e+02
4.409909909909909942e+00 6.639702422811160432e+02
4.416916916916916236e+00 6.641465322677033782e+02
4.423923923923924306e+00 6.643224005940929828e+02
4.430930930930930600e+00 6.644978473810566584e+02
4.437937937937937782e+00 6.646728727493929227e+02
4.444944944944944965e+00 6.648474768199220080e+02
4.451951951951951258e+00 6.650216597134858603e+02
4.458958958958959329e+00 6.651954215509450705e+02
4.465965965965965623e+00 6.653687624531763731e+02
4.472972972972972805e+00 6.655416825410703723e+02
4.479979979979979987e+00 6.657141819355314283e+02
4.486986986986987169e+00 6.658862607574725416e+02
4.493993993993994351e+00 6.660579191278142162e+02
4.501001001001000645e+00 6.662291571674843453e+02
4.508008008008007828e+00 6.663999749974129827e+02
4.515015015015015010e+00 6.665703727385316597e+02
4.522022022022022192e+00 6.667403505117723626e+02
4.529029029029029374e+00 6.669099084380625300e+02
4.536036036036035668e+00 6.670790466383260764e+02
4.543043043043042850e+00 6.672477652334795266e+02
4.550050050050050032e+00 6.674160643444298557e+02
4.557057057057057214e+00 6.675839440920731249e+02
4.564064064064064397e+00 6.677514045972919803e+02
4.571071071071070691e+00 6.679184459809534928e+02
4.578078078078077873e+00 6.680850683639082490e+02
4.585085085085085055e+00 6.682512718669852347e+02
4.592092092092092237e+00 6.684170566109939955e+02
4.599099099099099419e+00 6.685824227167192930e+02
4.606106106106105713e+00 6.687473703049201958e+02
4.613113113113112895e+00 6.689118994963279192e+02
4.620120120120120077e+00 6.690760104116445746e+02
4.627127127127127260e+00 6.692397031715398725e+02
4.634134134134134442e+00 6.694029778966491904e+02
4.641141141141140736e+00 6.695658347075734582e+02
4.648148148148147918e+00 6.697282737248742706e+02
4.655155155155155100e+00 6.698902950690739999e+02
4.662162162162162282e+00 6.700518988606532957e+02
4.669169169169169464e+00 6.702130852200484696e+02
4.676176176176175758e+00 6.703738542676501311e+02
4.683183183183182940e+00 6.705342061238013684e+02
4.690190190190190123e+00 6.706941409087945658e+02
4.697197197197197305e+00 6.708536587428714029e+02
4.704204204204204487e+00 6.710127597462188760e+02
4.711211211211210781e+00 6.711714440389692982e+02
4.718218218218217963e+00 6.713297117411959789e+02
4.725225225225225145e+00 6.714875629729135653e+02
4.732232232232232327e+00 6.716449978540750863e+02
4.739239239239239510e+00 6.718020165045697922e+02
4.746246246246245803e+00 6.719586190442217912e+02
4.753253253253252986e+00 6.721148055927880023e+02
4.760260260260260168e+00 6.722705762699554271e+02
4.767267267267267350e+00 6.724259311953406950e+02
4.774274274274274532e+00 6.725808704884868803e+02
4.781281281281280826e+00 6.727353942688628194e+02
4.788288288288288008e+00 6.728895026558595873e+02
4.795295295295295190e+00 6.730431957687901559e+02
4.802302302302302373e+00 6.731964737268868930e+02
4.809309309309309555e+00 6.733493366492999712e+02
4.816316316316315849e+00 6.735017846550946388e+02
4.823323323323323031e+00 6.736538178632503104e+02
4.830330330330330213e+00 6.738054363926584074e+02
4.837337337337337395e+00 6.739566403621206518e+02
4.844344344344344577e+00 6.741074298903467934e+02
4.851351351351350871e+00 6.742578050959530174e+02
4.858358358358358053e+00 6.744077660974608079e+02
4.865365365365365236e+00 6.745573130132935376e+02
4.872372372372372418e+00 6.747064459617761258e+02
4.879379379379379600e+00 6.748551650611329933e+02
4.886386386386386782e+00 6.750034704294849917e+02
4.893393393393393076e+00 6.751513621848497451e+02
4.900400400400400258e+00 6.752988404451380120e+02
4.907407407407407440e+00 6.754459053281528895e+02
4.914414414414414622e+00 6.755925569515871985e+02
4.921421421421421805e+00 6.757387954330228013e+02
4.928428428428428099e+00 6.758846208899284420e+02
4.935435435435435281e+00 6.760300334396571316e+02
4.942442442442442463e+00 6.761750331994455792e+02
4.949449449449449645e+00 6.763196202864119186e+02
4.956456456456456827e+00 6.764637948175538895e+02
4.963463463463463121e+00 6.766075569097473590e+02
4.970470470470470303e+00 6.767509066797442756e+02
4.977477477477477485e+00 6.768938442441711913e+02
4.984484484484484668e+00 6.770363697195272152e+02
4.991491491491491850e+00 6.771784832221832175e+02
4.998498498498498144e+00 6.773201848683792150e+02
5.005505505505505326e+00 6.774614747742220970e+02
5.012512512512512508e+00 6.776023530556857395e+02
5.019519519519519690e+00 6.777428198286082761e+02
5.026526526526526872e+00 6.778828752086902796e+02
5.033533533533533166e+00 6.780225193114922604e+02
5.040540540540540349e+00 6.781617522524361448e+02
5.047547547547547531e+00 6.783005741467994767e+02
5.054554554554554713e+00 6.784389851097168957e+02
5.061561561561561895e+00 6.785769852561767266e+02
5.068568568568568189e+00 6.787145747010206378e+02
5.075575575575575371e+00 6.788517535589406862e+02
5.082582582582582553e+00 6.789885219444780660e+02
5.089589589589589735e+00 6.791248799720231091e+02
5.096596596596596918e+00 6.792608277558105101e+02
5.103603603603603212e+00 6.793963654099204632e+02
5.110610610610610394e+00 6.795314930482761611e+02
5.117617617617617576e+00 6.796662107846416347e+02
5.124624624624624758e+00 6.798005187326202758e+02
5.131631631631631940e+00 6.799344170056546091e+02
5.138638638638638234e+00 6.800679057170229953e+02
5.145645645645645416e+00 6.802009849798387222e+02
5.152652652652652598e+00 6.803336549070479577e+02
5.159659659659659781e+00 6.804659156114300913e+02
5.166666666666666963e+00 6.805977672055934136e+02
5.173673673673673257e+00 6.807292098019745481e+02
5.180680680680680439e+00 6.808602435128384514e+02
5.187687687687687621e+00 6.809908684502750020e+02
5.194694694694694803e+00 6.811210847261978643e+02
5.201701701701701985e+00 6.812508924523434644e+02
5.208708708708708279e+00 6.813802917402691719e+02
5.215715715715715461e+00 6.815092827013506849e+02
5.222722722722722644e+00 6.816378654467833940e+02
5.229729729729729826e+00 6.817660400875778350e+02
5.236736736736737008e+00 6.818938067345593481e+02
5.243743743743743302e+00 6.820211654983670542e+02
5.250750750750750484e+00 6.821481164894520361e+02
5.257757757757757666e+00 6.822746598180749515e+02
5.264764764764764848e+00 6.824007955943058050e+02
5.271771771771772030e+00 6.825265239280222431e+02
5.278778778778778324e+00 6.826518449289071668e+02
5.285785785785785507e+00 6.827767587064486179e+02
5.292792792792792689e+00 6.829012653699365956e+02
5.299799799799799871e+00 6.830253650284637388e+02
5.306806806806807053e+00 6.831490577909219155e+02
5.313813813813813347e+00 6.832723437660015406e+02
5.320820820820820529e+00 6.833952230621910076e+02
5.327827827827827711e+00 6.835176957877737323e+02
5.334834834834834894e+00 6.836397620508272439e+02
5.341841841841842076e+00 6.837614219592223890e+02
5.348848848848848370e+00 6.838826756206215123e+02
5.355855855855855552e+00 6.840035231424764106e+02
5.362862862862862734e+00 6.841239646320282191e+02
5.369869869869869916e+00 6.842440001963043414e+02
5.376876876876877098e+00 6.843636299421190188e+02
5.383883883883884280e+00 6.844828539760694639e+02
5.390890890890890574e+00 6.846016724045377941e+02
5.397897897897897757e+00 6.847200853336863702e+02
5.404904904904904939e+00 6.848380928694579097e+02
5.411911911911912121e+00 6.849556951175748054e+02
5.418918918918919303e+00 6.850728921835361689e+02
5.425925925925925597e+00 6.851896841726176035e+02
5.432932932932932779e+00 6.853060711898694990e+02
5.439939939939939961e+00 6.854220533401154398e+02
5.446946946946947143e+00 6.855376307279516368e+02
5.453953953953954326e+00 6.856528034577443123e+02
5.460960960960960620e+00 6.857675716336300411e+02
5.467967967967967802e+00 6.858819353595126813e+02
5.474974974974974984e+00 6.859958947390631465e+02
5.481981981981982166e+00 6.861094498757174733e+02
5.488988988988989348e+00 6.862226008726771624e+02
5.495995995995995642e+00 6.863353478329047448e+02
5.503003003003002824e+00 6.864476908591251458e+02
5.510010010010010006e+00 6.865596300538238665e+02
5.517017017017017189e+00 6.866711655192450507e+02
5.524024024024024371e+00 6.867822973573898935e+02
5.531031031031030665e+00 6.868930256700168684e+02
5.538038038038037847e+00 6.870033505586391129e+02
5.545045045045045029e+00 6.871132721245234052e+02
5.552052052052052211e+00 6.872227904686891407e+02
5.559059059059059393e+00 6.873319056919079912e+02
5.566066066066065687e+00 6.874406178947002672e+02
5.573073073073072869e+00 6.875489271773355995e+02
5.580080080080080052e+00 6.876568336398314614e+02
5.587087087087087234e+00 6.877643373819518047e+02
5.594094094094094416e+00 6.878714385032046721e+02
5.601101101101100710e+00 6.879781371028427657e+02
5.608108108108107892e+00 6.880844332798612868e+02
5.615115115115115074e+00 6.881903271329966856e+02
5.622122122122122256e+00 6.882958187607255240e+02
5.629129129129129439e+00 6.884009082612641350e+02
5.636136136136135732e+00 6.885055957325650979e+02
5.643143143143142915e+00 6.886098812723193987e+02
5.650150150150150097e+00 6.887137649779523372e+02
5.657157157157157279e+00 6.888172469466232997e+02
5.664164164164164461e+00 6.889203272752247358e+02
5.671171171171170755e+00 6.890230060603820448e+02
5.678178178178177937e+00 6.891252833984497101e+02
5.685185185185185119e+00 6.892271593855128913e+02
5.692192192192192302e+00 6.893286341173846949e+02
5.699199199199199484e+00 6.894297076896053795e+02
5.706206206206205778e+00 6.895303801974409907e+02
5.713213213213212960e+00 6.896306517358832480e+02
5.720220220220220142e+00 6.897305223996469294e+02
5.727227227227227324e+00 6.898299922831696449e+02
5.734234234234234506e+00 6.899290614806100166e+02
5.741241241241240800e+00 6.900277300858482477e+02
5.748248248248247982e+00 6.901259981924827116e+02
5.755255255255255165e+00 6.902238658938300659e+02
5.762262262262262347e+00 6.903213332829242290e+02
5.769269269269269529e+00 6.904184004525151295e+02
5.776276276276275823e+00 6.905150674950672283e+02
5.783283283283283005e+00 6.906113345027588366e+02
5.790290290290290187e+00 6.907072015674807517e+02
5.797297297297297369e+00 6.908026687808354609e+02
5.804304304304304551e+00 6.908977362341356638e+02
5.811311311311310845e+00 6.909924040184035903e+02
5.818318318318318028e+00 6.910866722243700906e+02
5.825325325325325210e+00 6.911805409424729305e+02
5.832332332332332392e+00 6.912740102628558816e+02
5.839339339339339574e+00 6.913670802753683802e+02
5.846346346346345868e+00 6.914597510695633673e+02
5.853353353353353050e+00 6.915520227346971751e+02
5.860360360360360232e+00 6.916438953597281625e+02
5.867367367367367414e+00 6.917353690333154645e+02
5.874374374374374597e+00 6.918264438438180832e+02
5.881381381381380891e+00 6.919171198792940913e+02
5.888388388388388073e+00 6.920073972274996095e+02
5.895395395395395255e+00 6.920972759758869870e+02
5.902402402402402437e+00 6.921867562116049157e+02
5.909409409409409619e+00 6.922758380214972931e+02
5.916416416416416801e+00 6.923645214921011757e+02
5.923423423423423095e+00 6.924528067096465520e+02
5.930430430430430278e+00 6.925406937600556603e+02
5.937437437437437460e+00 6.926281827289413968e+02
5.944444444444444642e+00 6.927152737016060655e+02
5.951451451451451824e+00 6.928019667630421736e+02
5.958458458458458118e+00 6.928882619979287938e+02
5.965465465465465300e+00 6.929741594906328146e+02
5.972472472472472482e+00 6.930596593252066668e+02
5.979479479479479664e+00 6.931447615853880961e+02
5.986486486486486847e+00 6.932294663545987987e+02
5.993493493493493141e+00 6.933137737159439666e+02
6.000500500500500323e+00 6.933976837522105825e+02
6.007507507507507505e+00 6.934811965458673058e+02
6.014514514514514687e+00 6.935643121790623127e+02
6.021521521521521869e+00 6.936470307336242058e+02
6.028528528528528163e+00 6.937293522910599677e+02
6.035535535535535345e+00 6.938112769325532554e+02
6.042542542542542527e+00 6.938928047389651965e+02
6.049549549549549710e+00 6.939739357908326838e+02
6.056556556556556892e+00 6.940546701683668971e+02
6.063563563563563186e+00 6.941350079514533036e+02
6.070570570570570368e+00 6.942149492196508618e+02
6.077577577577577550e+00 6.942944940521895205e+02
6.084584584584584732e+00 6.943736425279714695e+02
6.091591591591591914e+00 6.944523947255689791e+02
6.098598598598598208e+00 6.945307507232247417e+02
6.105605605605605390e+00 6.946087105988476651e+02
6.112612612612612573e+00 6.946862744300173063e+02
6.119619619619619755e+00 6.947634422939780734e+02
6.126626626626626937e+00 6.948402142676419544e+02
6.133633633633633231e+00 6.949165904275841967e+02
6.140640640640640413e+00 6.949925708500470591e+02
6.147647647647647595e+00 6.950681556109341273e+02
6.154654654654654777e+00 6.951433447858127010e+02
6.161661661661661959e+00 6.952181384499108390e+02
6.168668668668668253e+00 6.952925366781198591e+02
6.175675675675675436e+00 6.953665395449883135e+02
6.182682682682682618e+00 6.954401471247267636e+02
6.189689689689689800e+00 6.955133594912025501e+02
6.196696696696696982e+00 6.955861767179420667e+02
6.203703703703703276e+00 6.956585988781273500e+02
6.210710710710710458e+00 6.957306260445978978e+02
6.217717717717717640e+00 6.958022582898477140e+02
6.224724724724724823e+00 6.958734956860250804e+02
6.231731731731732005e+00 6.959443383049332397e+02
6.238738738738738299e+00 6.960147862180275524e+02
6.245745745745745481e+00 6.960848394964152703e+02
6.252752752752752663e+00 6.961544982108562181e+02
6.259759759759759845e+00 6.962237624317599511e+02
6.266766766766767027e+00 6.962926322291865517e+02
6.273773773773773321e+00 6.963611076728437865e+02
6.280780780780780503e+00 6.964291888320905173e+02
6.287787787787787686e+00 6.964968757759306754e+02
6.294794794794794868e+00 6.965641685730164454e+02
6.301801801801802050e+00 6.966310672916455360e+02
6.308808808808808344e+00 6.966975719997620899e+02
6.315815815815815526e+00 6.967636827649531597e+02
6.322822822822822708e+00 6.968293996544516631e+02
6.329829829829829890e+00 6.968947227351325182e+02
6.336836836836837072e+00 6.969596520735136664e+02
6.343843843843843366e+00 6.970241877357543672e+02
6.350850850850850549e+00 6.970883297876563347e+02
6.357857857857857731e+00 6.971520782946596455e+02
6.364864864864864913e+00 6.972154333218456941e+02
6.371871871871872095e+00 6.972783949339340097e+02
6.378878878878878389e+00 6.973409631952831660e+02
6.385885885885885571e+00 6.974031381698881660e+02
6.392892892892892753e+00 6.974649199213826023e+02
6.399899899899899935e+00 6.975263085130349054e+02
6.406906906906907118e+00 6.975873040077498217e+02
6.413913913913914300e+00 6.976479064680664806e+02
6.420920920920920594e+00 6.977081159561590766e+02
6.427927927927927776e+00 6.977679325338347098e+02
6.434934934934934958e+00 6.978273562625338400e+02
6.441941941941942140e+00 6.978863872033286953e+02
6.448948948948949322e+00 6.979450254169241816e+02
6.455955955955955616e+00 6.980032709636550408e+02
6.462962962962962798e+00 6.980611239034865321e+02
6.469969969969969981e+00 6.981185842960151149e+02
6.476976976976977163e+00 6.981756522004643557e+02
6.483983983983984345e+00 6.982323276756873156e+02
6.490990990990990639e+00 6.982886107801652997e+02
6.497997997997997821e+00 6.983445015720058109e+02
6.505005005005005003e+00 6.984000001089439138e+02
6.512012012012012185e+00 6.984551064483398477e+02
6.519019019019019368e+00 6.985098206471811864e+02
6.526026026026025662e+00 6.985641427620774948e+02
6.533033033033032844e+00 6.986180728492645358e+02
6.540040040040040026e+00 6.986716109646016548e+02
6.547047047047047208e+00 6.987247571635706436e+02
6.554054054054054390e+00 6.987775115012756260e+02
6.561061061061060684e+00 6.988298740324437404e+02
6.568068068068067866e+00 6.988818448114228659e+02
6.575075075075075048e+00 6.989334238921807128e+02
6.582082082082082231e+00 6.989846113283066416e+02
6.589089089089089413e+00 6.990354071730096166e+02
6.596096096096095707e+00 6.990858114791163871e+02
6.603103103103102889e+00 6.991358242990737608e+02
6.610110110110110071e+00 6.991854456849457620e+02
6.617117117117117253e+00 6.992346756884138586e+02
6.624124124124124435e+00 6.992835143607768487e+02
6.631131131131130729e+00 6.993319617529499510e+02
6.638138138138137911e+00 6.993800179154640091e+02
6.645145145145145094e+00 6.994276828984653775e+02
6.652152152152152276e+00 6.994749567517152400e+02
6.659159159159159458e+00 6.995218395245891543e+02
6.666166166166165752e+00 6.995683312660761430e+02
6.673173173173172934e+00 6.996144320247789210e+02
6.680180180180180116e+00 6.996601418489134403e+02
6.687187187187187298e+00 6.997054607863071851e+02
6.694194194194194480e+00 6.997503888843999675e+02
6.701201201201200774e+00 6.997949261902424496e+02
6.708208208208207957e+00 6.998390727504972801e+02
6.715215215215215139e+00 6.998828286114356843e+02
6.722222222222222321e+00 6.999261938189404191e+02
6.729229229229229503e+00 6.999691684185030454e+02
6.736236236236235797e+00 7.000117524552242685e+02
6.743243243243242979e+00 7.000539459738130290e+02
6.750250250250250161e+00 7.000957490185865026e+02
6.757257257257257343e+00 7.001371616334698729e+02
6.764264264264264526e+00 7.001781838619940572e+02
6.771271271271270820e+00 7.002188157472985495e+02
6.778278278278278002e+00 7.002590573321280090e+02
6.785285285285285184e+00 7.002989086588332839e+02
6.792292292292292366e+00 7.003383697693702743e+02
6.799299299299299548e+00 7.003774407053008417e+02
6.806306306306305842e+00 7.004161215077897396e+02
6.813313313313313024e+00 7.004544122176067731e+02
6.820320320320320207e+00 7.004923128751264585e+02
6.827327327327327389e+00 7.005298235203249533e+02
6.834334334334334571e+00 7.005669441927819889e+02
6.841341341341340865e+00 7.006036749316798478e+02
6.848348348348348047e+00 7.006400157758038176e+02
6.855355355355355229e+00 7.006759667635382129e+02
6.862362362362362411e+00 7.007115279328719453e+02
6.869369369369369593e+00 7.007466993213927253e+02
6.876376376376375887e+00 7.007814809662897915e+02
6.883383383383383070e+00 7.008158729043517496e+02
6.890390390390390252e+00 7.008498751719679376e+02
6.897397397397397434e+00 7.008834878051263786e+02
6.904404404404404616e+00 7.009167108394148045e+02
6.911411411411411798e+00 7.009495443100194052e+02
6.918418418418418092e+00 7.009819882517246015e+02
6.925425425425425274e+00 7.010140426989124762e+02
6.932432432432432456e+00 7.010457076855637979e+02
6.939439439439439639e+00 7.010769832452562014e+02
6.946446446446446821e+00 7.011078694111636196e+02
6.953453453453453115e+00 7.011383662160577614e+02
6.960460460460460297e+00 7.011684736923057244e+02
6.967467467467467479e+00 7.011981918718715860e+02
6.974474474474474661e+00 7.012275207863139030e+02
6.981481481481481843e+00 7.012564604667874164e+02
6.988488488488488137e+00 7.012850109440419146e+02
6.995495495495495319e+00 7.013131722484213242e+02
7.002502502502502502e+00 7.013409444098649601e+02
7.009509509509509684e+00 7.013683274579053659e+02
7.016516516516516866e+00 7.013953214216693368e+02
7.023523523523523160e+00 7.014219263298775786e+02
7.030530530530530342e+00 7.014481422108432298e+02
7.037537537537537524e+00 7.014739690924728848e+02
7.044544544544544706e+00 7.014994070022655706e+02
7.051551551551551889e+00 7.015244559673136564e+02
7.058558558558558182e+00 7.015491160143002389e+02
7.065565565565565365e+00 7.015733871695013022e+02
7.072572572572572547e+00 7.015972694587842398e+02
7.079579579579579729e+00 7.016207629076075136e+02
7.086586586586586911e+00 7.016438675410212227e+02
7.093593593593593205e+00 7.016665833836657384e+02
7.100600600600600387e+00 7.016889104597725009e+02
7.107607607607607569e+00 7.017108487931632226e+02
7.114614614614614752e+00 7.017323984072496614e+02
7.121621621621621934e+00 7.017535593250335069e+02
7.128628628628628228e+00 7.017743315691058115e+02
7.135635635635635410e+00 7.017947151616477868e+02
7.142642642642642592e+00 7.018147101244297801e+02
7.149649649649649774e+00 7.018343164788099102e+02
7.156656656656656956e+00 7.018535342457365687e+02
7.163663663663663250e+00 7.018723634457461458e+02
7.170670670670670432e+00 7.018908040989635992e+02
7.177677677677677615e+00 7.019088562251017720e+02
7.184684684684684797e+00 7.019265198434619606e+02
7.191691691691691979e+00 7.019437949729326647e+02
7.198698698698698273e+00 7.019606816319900418e+02
7.205705705705705455e+00 7.019771798386983619e+02
7.212712712712712637e+00 7.019932896107089846e+02
7.219719719719719819e+00 7.020090109652592218e+02
7.226726726726727001e+00 7.020243439191749530e+02
7.233733733733733295e+00 7.020392884888676690e+02
7.240740740740740478e+00 7.020538446903356089e+02
7.247747747747747660e+00 7.020680125391636466e+02
7.254754754754754842e+00 7.020817920505228358e+02
7.261761761761762024e+00 7.020951832391704102e+02
7.268768768768768318e+00 7.021081861194495559e+02
7.275775775775775500e+00 7.021208007052888433e+02
7.282782782782782682e+00 7.021330270102032500e+02
7.289789789789789864e+00 7.021448650472926829e+02
7.296796796796797047e+00 7.021563148292431151e+02
7.303803803803803341e+00 7.021673763683246534e+02
7.310810810810810523e+00 7.021780496763946076e+02
7.317817817817817705e+00 7.021883347648928293e+02
7.324824824824824887e+00 7.021982316448458050e+02
7.331831831831832069e+00 7.022077403268647231e+02
7.338838838838838363e+00 7.022168608211449055e+02
7.345845845845845545e+00 7.022255931374666034e+02
7.352852852852852727e+00 7.022339372851945427e+02
7.359859859859859910e+00 7.022418932732781514e+02
7.366866866866867092e+00 7.022494611102507633e+02
7.373873873873873386e+00 7.022566408042299599e+02
7.380880880880880568e+00 7.022634323629182518e+02
7.387887887887887750e+00 7.022698357936014872e+02
7.394894894894894932e+00 7.022758511031498756e+02
7.401901901901902114e+00 7.022814782980175323e+02
7.408908908908908408e+00 7.022867173842420243e+02
7.415915915915915591e+00 7.022915683674457341e+02
7.422922922922922773e+00 7.022960312528342683e+02
7.429929929929929955e+00 7.023001060451969124e+02
7.436936936936937137e+00 7.023037927489064032e+02
7.443943943943944319e+00 7.023070913679201794e+02
7.450950950950950613e+00 7.023100019057779946e+02
7.457957957957957795e+00 7.023125243656040766e+02
7.464964964964964977e+00 7.023146587501057638e+02
7.471971971971972160e+00 7.023164050615736187e+02
7.478978978978979342e+00 7.023177633018826782e+02
7.485985985985985636e+00 7.023187334724906350e+02
7.492992992992992818e+00 7.023193155744388605e+02
7.500000000000000000e+00 7.023195096083522913e+02
