5.000000000000000000e-01 1.518693273874490387e+03
5.070070070070069601e-01 1.519674999285055492e+03
5.140140140140140312e-01 1.520658324995639987e+03
5.210210210210209913e-01 1.521643251305789818e+03
5.280280280280280625e-01 1.522629778498554060e+03
5.350350350350350226e-01 1.523617906840440355e+03
5.420420420420419827e-01 1.524607636581373981e+03
5.490490490490490538e-01 1.525598967954652153e+03
5.560560560560560139e-01 1.526591901176900365e+03
5.630630630630630851e-01 1.527586436448030327e+03
5.700700700700700452e-01 1.528582573951193581e+03
5.770770770770771163e-01 1.529580313852740119e+03
5.840840840840840764e-01 1.530579656302174726e+03
5.910910910910911475e-01 1.531580601432108779e+03
5.980980980980981077e-01 1.532583149358222272e+03
6.051051051051050678e-01 1.533587300179215617e+03
6.121121121121121389e-01 1.534593053976766441e+03
6.191191191191190990e-01 1.535600410815487749e+03
6.261261261261261701e-01 1.536609370742879491e+03
6.331331331331331302e-01 1.537619933789289917e+03
6.401401401401400904e-01 1.538632099967865997e+03
6.471471471471471615e-01 1.539645869274513643e+03
6.541541541541541216e-01 1.540661241687852225e+03
6.611611611611611927e-01 1.541678217169168420e+03
6.681681681681681528e-01 1.542696795662376189e+03
6.751751751751751129e-01 1.543716977093968580e+03
6.821821821821821841e-01 1.544738761372976569e+03
6.891891891891892552e-01 1.545762148390924722e+03
6.961961961961962153e-01 1.546787138021785950e+03
7.032032032032031754e-01 1.547813730121937624e+03
7.102102102102102466e-01 1.548841924530119968e+03
7.172172172172172067e-01 1.549871721067388535e+03
7.242242242242242778e-01 1.550903119537074645e+03
7.312312312312312379e-01 1.551936119724737182e+03
7.382382382382381980e-01 1.552970721398123715e+03
7.452452452452452691e-01 1.554006924307121380e+03
7.522522522522522292e-01 1.555044728183718689e+03
7.592592592592593004e-01 1.556084132741957774e+03
7.662662662662662605e-01 1.557125137677893463e+03
7.732732732732732206e-01 1.558167742669549398e+03
7.802802802802802917e-01 1.559211947376873695e+03
7.872872872872873629e-01 1.560257751441696655e+03
7.942942942942943230e-01 1.561305154487687560e+03
8.013013013013012831e-01 1.562354156120311700e+03
8.083083083083082432e-01 1.563404755926786493e+03
8.153153153153153143e-01 1.564456953476039416e+03
8.223223223223223854e-01 1.565510748318665492e+03
8.293293293293293456e-01 1.566566139986884082e+03
8.363363363363363057e-01 1.567623127994495235e+03
8.433433433433432658e-01 1.568681711836839440e+03
8.503503503503503369e-01 1.569741890990753518e+03
8.573573573573574080e-01 1.570803664914529236e+03
8.643643643643643681e-01 1.571867033047869654e+03
8.713713713713713283e-01 1.572931994811849336e+03
8.783783783783783994e-01 1.573998549608870690e+03
8.853853853853853595e-01 1.575066696822623044e+03
8.923923923923924306e-01 1.576136435818038535e+03
8.993993993993993907e-01 1.577207765941255730e+03
9.064064064064063508e-01 1.578280686519570963e+03
9.134134134134134220e-01 1.579355196861404693e+03
9.204204204204204931e-01 1.580431296256253063e+03
9.274274274274274532e-01 1.581508983974652210e+03
9.344344344344344133e-01 1.582588259268133925e+03
9.414414414414413734e-01 1.583669121369187678e+03
9.484484484484484446e-01 1.584751569491216969e+03
9.554554554554555157e-01 1.585835602828500214e+03
9.624624624624624758e-01 1.586921220556151638e+03
9.694694694694694359e-01 1.588008421830077850e+03
9.764764764764763960e-01 1.589097205786940549e+03
9.834834834834834671e-01 1.590187571544115372e+03
9.904904904904905383e-01 1.591279518199651193e+03
9.974974974974974984e-01 1.592373044832233063e+03
1.004504504504504458e+00 1.593468150501139689e+03
1.011511511511511419e+00 1.594564834246205237e+03
1.018518518518518601e+00 1.595663095087782267e+03
1.025525525525525561e+00 1.596762932026698081e+03
1.032532532532532521e+00 1.597864344044219479e+03
1.039539539539539481e+00 1.598967330102014103e+03
1.046546546546546441e+00 1.600071889142108375e+03
1.053553553553553623e+00 1.601178020086853849e+03
1.060560560560560583e+00 1.602285721838884456e+03
1.067567567567567544e+00 1.603394993281082634e+03
1.074574574574574726e+00 1.604505833276536805e+03
1.081581581581581464e+00 1.605618240668508633e+03
1.088588588588588646e+00 1.606732214280391872e+03
1.095595595595595606e+00 1.607847752915676210e+03
1.102602602602602566e+00 1.608964855357909983e+03
1.109609609609609748e+00 1.610083520370663564e+03
1.116616616616616486e+00 1.611203746697491852e+03
1.123623623623623669e+00 1.612325533061898113e+03
1.130630630630630629e+00 1.613448878167297380e+03
1.137637637637637589e+00 1.614573780696980521e+03
1.144644644644644771e+00 1.615700239314076498e+03
1.151651651651651509e+00 1.616828252661519400e+03
1.158658658658658691e+00 1.617957819362010468e+03
1.165665665665665651e+00 1.619088938017983310e+03
1.172672672672672611e+00 1.620221607211567971e+03
1.179679679679679793e+00 1.621355825504557515e+03
1.186686686686686532e+00 1.622491591438370506e+03
1.193693693693693714e+00 1.623628903534019173e+03
1.200700700700700674e+00 1.624767760292072580e+03
1.207707707707707634e+00 1.625908160192623882e+03
1.214714714714714816e+00 1.627050101695254398e+03
1.221721721721721554e+00 1.628193583239001782e+03
1.228728728728728736e+00 1.629338603242326371e+03
1.235735735735735696e+00 1.630485160103073895e+03
1.242742742742742657e+00 1.631633252198446826e+03
1.249749749749749839e+00 1.632782877884970731e+03
1.256756756756756799e+00 1.633934035498456979e+03
1.263763763763763759e+00 1.635086723353976140e+03
1.270770770770770719e+00 1.636240939745821606e+03
1.277777777777777679e+00 1.637396682947478439e+03
1.284784784784784861e+00 1.638553951211591539e+03
1.291791791791791821e+00 1.639712742769933357e+03
1.298798798798798781e+00 1.640873055833374110e+03
1.305805805805805964e+00 1.642034888591848130e+03
1.312812812812812702e+00 1.643198239214323394e+03
1.319819819819819884e+00 1.644363105848772193e+03
1.326826826826826844e+00 1.645529486622138165e+03
1.333833833833833804e+00 1.646697379640307418e+03
1.340840840840840986e+00 1.647866782988078057e+03
1.347847847847847724e+00 1.649037694729130180e+03
1.354854854854854906e+00 1.650210112905995402e+03
1.361861861861861867e+00 1.651384035540029117e+03
1.368868868868868827e+00 1.652559460631379579e+03
1.375875875875876009e+00 1.653736386158958794e+03
1.382882882882882747e+00 1.654914810080415464e+03
1.389889889889889929e+00 1.656094730332104973e+03
1.396896896896896889e+00 1.657276144829061423e+03
1.403903903903903849e+00 1.658459051464969662e+03
1.410910910910911031e+00 1.659643448112136866e+03
1.417917917917917769e+00 1.660829332621467074e+03
1.424924924924924952e+00 1.662016702822430261e+03
1.431931931931931912e+00 1.663205556523038467e+03
1.438938938938938872e+00 1.664395891509818284e+03
1.445945945945946054e+00 1.665587705547782207e+03
1.452952952952952792e+00 1.666780996380404304e+03
1.459959959959959974e+00 1.667975761729595888e+03
1.466966966966966934e+00 1.669171999295673913e+03
1.473973973973973894e+00 1.670369706757341646e+03
1.480980980980981077e+00 1.671568881771658653e+03
1.487987987987987815e+00 1.672769521974019653e+03
1.494994994994994997e+00 1.673971624978126329e+03
1.502002002002001957e+00 1.675175188375964353e+03
1.509009009009008917e+00 1.676380209737780660e+03
1.516016016016016099e+00 1.677586686612054564e+03
1.523023023023023059e+00 1.678794616525480023e+03
1.530030030030030019e+00 1.680003996982937451e+03
1.537037037037036979e+00 1.681214825467473020e+03
1.544044044044043940e+00 1.682427099440275470e+03
1.551051051051051122e+00 1.683640816340651327e+03
1.558058058058058082e+00 1.684855973586005348e+03
1.565065065065065042e+00 1.686072568571816191e+03
1.572072072072072002e+00 1.687290598671615498e+03
1.579079079079078962e+00 1.688510061236966976e+03
1.586086086086086144e+00 1.689730953597442749e+03
1.593093093093093104e+00 1.690953273060604715e+03
1.600100100100100065e+00 1.692177016911981582e+03
1.607107107107107025e+00 1.693402182415050675e+03
1.614114114114114207e+00 1.694628766811216792e+03
1.621121121121121167e+00 1.695856767319789924e+03
1.628128128128128127e+00 1.697086181137969334e+03
1.635135135135135087e+00 1.698317005440821504e+03
1.642142142142142047e+00 1.699549237381262174e+03
1.649149149149149229e+00 1.700782874090037467e+03
1.656156156156156189e+00 1.702017912675704338e+03
1.663163163163163150e+00 1.703254350224613745e+03
1.670170170170170110e+00 1.704492183800891326e+03
1.677177177177177070e+00 1.705731410446420341e+03
1.684184184184184252e+00 1.706972027180825307e+03
1.691191191191191212e+00 1.708214031001451986e+03
1.698198198198198172e+00 1.709457418883353739e+03
1.705205205205205132e+00 1.710702187779272663e+03
1.712212212212212092e+00 1.711948334619624802e+03
1.719219219219219275e+00 1.713195856312483784e+03
1.726226226226226235e+00 1.714444749743564216e+03
1.733233233233233195e+00 1.715695011776208503e+03
1.740240240240240155e+00 1.716946639251369106e+03
1.747247247247247337e+00 1.718199628987596043e+03
1.754254254254254297e+00 1.719453977781020058e+03
1.761261261261261257e+00 1.720709682405341482e+03
1.768268268268268217e+00 1.721966739611814774e+03
1.775275275275275177e+00 1.723225146129233281e+03
1.782282282282282360e+00 1.724484898663918784e+03
1.789289289289289320e+00 1.725745993899707855e+03
1.796296296296296280e+00 1.727008428497937075e+03
1.803303303303303240e+00 1.728272199097434395e+03
1.810310310310310200e+00 1.729537302314503449e+03
1.817317317317317382e+00 1.730803734742914457e+03
1.824324324324324342e+00 1.732071492953890811e+03
1.831331331331331302e+00 1.733340573496099523e+03
1.838338338338338263e+00 1.734610972895640771e+03
1.845345345345345223e+00 1.735882687656034932e+03
1.852352352352352405e+00 1.737155714258213948e+03
1.859359359359359365e+00 1.738430049160514045e+03
1.866366366366366325e+00 1.739705688798659821e+03
1.873373373373373285e+00 1.740982629585761970e+03
1.880380380380380467e+00 1.742260867912303638e+03
1.887387387387387427e+00 1.743540400146134516e+03
1.894394394394394388e+00 1.744821222632460376e+03
1.901401401401401348e+00 1.746103331693836481e+03
1.908408408408408308e+00 1.747386723630161441e+03
1.915415415415415490e+00 1.748671394718665397e+03
1.922422422422422450e+00 1.749957341213908421e+03
1.929429429429429410e+00 1.751244559347769609e+03
1.936436436436436370e+00 1.752533045329443212e+03
1.943443443443443330e+00 1.753822795345432041e+03
1.950450450450450512e+00 1.755113805559540197e+03
1.957457457457457473e+00 1.756406072112871016e+03
1.964464464464464433e+00 1.757699591123818209e+03
1.971471471471471393e+00 1.758994358688065176e+03
1.978478478478478575e+00 1.760290370878577960e+03
1.985485485485485535e+00 1.761587623745600013e+03
1.992492492492492495e+00 1.762886113316652427e+03
1.999499499499499455e+00 1.764185835596528250e+03
2.006506506506506415e+00 1.765486786567288163e+03
2.013513513513513598e+00 1.766788962188260939e+03
2.020520520520520336e+00 1.768092358396038208e+03
2.027527527527527518e+00 1.769396971104474915e+03
2.034534534534534700e+00 1.770702796204684773e+03
2.041541541541541438e+00 1.772009829565040945e+03
2.048548548548548620e+00 1.773318067031176270e+03
2.055555555555555358e+00 1.774627504425978714e+03
2.062562562562562540e+00 1.775938137549594330e+03
2.069569569569569722e+00 1.777249962179425438e+03
2.076576576576576461e+00 1.778562974070132896e+03
2.083583583583583643e+00 1.779877168953633827e+03
2.090590590590590381e+00 1.781192542539105943e+03
2.097597597597597563e+00 1.782509090512986859e+03
2.104604604604604745e+00 1.783826808538976593e+03
2.111611611611611927e+00 1.785145692258038707e+03
2.118618618618618665e+00 1.786465737288404625e+03
2.125625625625625403e+00 1.787786939225573860e+03
2.132632632632632586e+00 1.789109293642319699e+03
2.139639639639639768e+00 1.790432796088690338e+03
2.146646646646646950e+00 1.791757442092015481e+03
2.153653653653653688e+00 1.793083227156906332e+03
2.160660660660660426e+00 1.794410146765264926e+03
2.167667667667667608e+00 1.795738196376286396e+03
2.174674674674674790e+00 1.797067371426462387e+03
2.181681681681681972e+00 1.798397667329591741e+03
2.188688688688688710e+00 1.799729079476781862e+03
2.195695695695695449e+00 1.801061603236456449e+03
2.202702702702702631e+00 1.802395233954362084e+03
2.209709709709709813e+00 1.803729966953577787e+03
2.216716716716716995e+00 1.805065797534516378e+03
2.223723723723723733e+00 1.806402720974938347e+03
2.230730730730730471e+00 1.807740732529955949e+03
2.237737737737737653e+00 1.809079827432045477e+03
2.244744744744744835e+00 1.810420000891050449e+03
2.251751751751752018e+00 1.811761248094196617e+03
2.258758758758758756e+00 1.813103564206097417e+03
2.265765765765765494e+00 1.814446944368765799e+03
2.272772772772772676e+00 1.815791383701624454e+03
2.279779779779779858e+00 1.817136877301515142e+03
2.286786786786787040e+00 1.818483420242710963e+03
2.293793793793793778e+00 1.819831007576925913e+03
2.300800800800800516e+00 1.821179634333329432e+03
2.307807807807807698e+00 1.822529295518557319e+03
2.314814814814814881e+00 1.823879986116721057e+03
2.321821821821822063e+00 1.825231701089426451e+03
2.328828828828828801e+00 1.826584435375781595e+03
2.335835835835835539e+00 1.827938183892413008e+03
2.342842842842842721e+00 1.829292941533478825e+03
2.349849849849849903e+00 1.830648703170683802e+03
2.356856856856857085e+00 1.832005463653292509e+03
2.363863863863863823e+00 1.833363217808145464e+03
2.370870870870870561e+00 1.834721960439675058e+03
2.377877877877877744e+00 1.836081686329919876e+03
2.384884884884884926e+00 1.837442390238540838e+03
2.391891891891892108e+00 1.838804066902838940e+03
2.398898898898898846e+00 1.840166711037772984e+03
2.405905905905905584e+00 1.841530317335972086e+03
2.412912912912912766e+00 1.842894880467758867e+03
2.419919919919919948e+00 1.844260395081165370e+03
2.426926926926927131e+00 1.845626855801950569e+03
2.433933933933933869e+00 1.846994257233618555e+03
2.440940940940940607e+00 1.848362593957440822e+03
2.447947947947947789e+00 1.849731860532473092e+03
2.454954954954954971e+00 1.851102051495575324e+03
2.461961961961962153e+00 1.852473161361433540e+03
2.468968968968968891e+00 1.853845184622579382e+03
2.475975975975975629e+00 1.855218115749410117e+03
2.482982982982982811e+00 1.856591949190212290e+03
2.489989989989989994e+00 1.857966679371181954e+03
2.496996996996997176e+00 1.859342300696447182e+03
2.504004004004003914e+00 1.860718807548090354e+03
2.511011011011011096e+00 1.862096194286172249e+03
2.518018018018017834e+00 1.863474455248754111e+03
2.525025025025025016e+00 1.864853584751919698e+03
2.532032032032032198e+00 1.866233577089805067e+03
2.539039039039038936e+00 1.867614426534616541e+03
2.546046046046046119e+00 1.868996127336658219e+03
2.553053053053052857e+00 1.870378673724358578e+03
2.560060060060060039e+00 1.871762059904293892e+03
2.567067067067067221e+00 1.873146280061215748e+03
2.574074074074073959e+00 1.874531328358074461e+03
2.581081081081081141e+00 1.875917198936050909e+03
2.588088088088087879e+00 1.877303885914578586e+03
2.595095095095095061e+00 1.878691383391375211e+03
2.602102102102102243e+00 1.880079685442466598e+03
2.609109109109108982e+00 1.881468786122218717e+03
2.616116116116116164e+00 1.882858679463364297e+03
2.623123123123122902e+00 1.884249359477031703e+03
2.630130130130130084e+00 1.885640820152775632e+03
2.637137137137137266e+00 1.887033055458606668e+03
2.644144144144144004e+00 1.888426059341019482e+03
2.651151151151151186e+00 1.889819825725026249e+03
2.658158158158157924e+00 1.891214348514187805e+03
2.665165165165165106e+00 1.892609621590640018e+03
2.672172172172172289e+00 1.894005638815133125e+03
2.679179179179179027e+00 1.895402394027058108e+03
2.686186186186186209e+00 1.896799881044481026e+03
2.693193193193193391e+00 1.898198093664177577e+03
2.700200200200200129e+00 1.899597025661662201e+03
2.707207207207207311e+00 1.900996670791227643e+03
2.714214214214214049e+00 1.902397022785973149e+03
2.721221221221221231e+00 1.903798075357844482e+03
2.728228228228228414e+00 1.905199822197663707e+03
2.735235235235235152e+00 1.906602256975168075e+03
2.742242242242242334e+00 1.908005373339044127e+03
2.749249249249249072e+00 1.909409164916964983e+03
2.756256256256256254e+00 1.910813625315623767e+03
2.763263263263263436e+00 1.912218748120775217e+03
2.770270270270270174e+00 1.913624526897267970e+03
2.777277277277277356e+00 1.915030955189086853e+03
2.784284284284284094e+00 1.916438026519385176e+03
2.791291291291291277e+00 1.917845734390529742e+03
2.798298298298298459e+00 1.919254072284136555e+03
2.805305305305305197e+00 1.920663033661105601e+03
2.812312312312312379e+00 1.922072611961670191e+03
2.819319319319319117e+00 1.923482800605427656e+03
2.826326326326326299e+00 1.924893592991384821e+03
2.833333333333333481e+00 1.926304982497997571e+03
2.840340340340340219e+00 1.927716962483211319e+03
2.847347347347347402e+00 1.929129526284503299e+03
2.854354354354354140e+00 1.930542667218924635e+03
2.861361361361361322e+00 1.931956378583141941e+03
2.868368368368368504e+00 1.933370653653481213e+03
2.875375375375375242e+00 1.934785485685968524e+03
2.882382382382382424e+00 1.936200867916376410e+03
2.889389389389389162e+00 1.937616793560266387e+03
2.896396396396396344e+00 1.939033255813032838e+03
2.903403403403403527e+00 1.940450247849949164e+03
2.910410410410410265e+00 1.941867762826210310e+03
2.917417417417417447e+00 1.943285793876981643e+03
2.924424424424424185e+00 1.944704334117441249e+03
2.931431431431431367e+00 1.946123376642829498e+03
2.938438438438438549e+00 1.947542914528493384e+03
2.945445445445445287e+00 1.948962940829932904e+03
2.952452452452452469e+00 1.950383448582852907e+03
2.959459459459459651e+00 1.951804430803205378e+03
2.966466466466466390e+00 1.953225880487240829e+03
2.973473473473473572e+00 1.954647790611556275e+03
2.980480480480480310e+00 1.956070154133143433e+03
2.987487487487487492e+00 1.957492963989440113e+03
2.994494494494494674e+00 1.958916213098377511e+03
3.001501501501501412e+00 1.960339894358431820e+03
3.008508508508508594e+00 1.961764000648675847e+03
3.015515515515515332e+00 1.963188524828825166e+03
3.022522522522522515e+00 1.964613459739296559e+03
3.029529529529529697e+00 1.966038798201254394e+03
3.036536536536536435e+00 1.967464533016664063e+03
3.043543543543543617e+00 1.968890656968346320e+03
3.050550550550550355e+00 1.970317162820026169e+03
3.057557557557557537e+00 1.971744043316391526e+03
3.064564564564564719e+00 1.973171291183141875e+03
3.071571571571571457e+00 1.974598899127045570e+03
3.078578578578578639e+00 1.976026859835993491e+03
3.085585585585585378e+00 1.977455165979052026e+03
3.092592592592592560e+00 1.978883810206521275e+03
3.099599599599599742e+00 1.980312785149989168e+03
3.106606606606606480e+00 1.981742083422386713e+03
3.113613613613613662e+00 1.983171697618045982e+03
3.120620620620620400e+00 1.984601620312755585e+03
3.127627627627627582e+00 1.986031844063819335e+03
3.134634634634634764e+00 1.987462361410111043e+03
3.141641641641641503e+00 1.988893164872136140e+03
3.148648648648648685e+00 1.990324246952087833e+03
3.155655655655655423e+00 1.991755600133904636e+03
3.162662662662662605e+00 1.993187216883332439e+03
3.169669669669669787e+00 1.994619089647982491e+03
3.176676676676676525e+00 1.996051210857389833e+03
3.183683683683683707e+00 1.997483572923076281e+03
3.190690690690690445e+00 1.998916168238609771e+03
3.197697697697697627e+00 2.000348989179664841e+03
3.204704704704704810e+00 2.001782028104083338e+03
3.211711711711711548e+00 2.003215277351940586e+03
3.218718718718718730e+00 2.004648729245601771e+03
3.225725725725725912e+00 2.006082376089786976e+03
3.232732732732732650e+00 2.007516210171636430e+03
3.239739739739739832e+00 2.008950223760770768e+03
3.246746746746746570e+00 2.010384409109352873e+03
3.253753753753753752e+00 2.011818758452158818e+03
3.260760760760760935e+00 2.013253264006634254e+03
3.267767767767767673e+00 2.014687917972966488e+03
3.274774774774774855e+00 2.016122712534144739e+03
3.281781781781781593e+00 2.017557639856026526e+03
3.288788788788788775e+00 2.018992692087406795e+03
3.295795795795795957e+00 2.020427861360078850e+03
3.302802802802802695e+00 2.021863139788906437e+03
3.309809809809809877e+00 2.023298519471887630e+03
3.316816816816816615e+00 2.024733992490222818e+03
3.323823823823823798e+00 2.026169550908384736e+03
3.330830830830830980e+00 2.027605186774181448e+03
3.337837837837837718e+00 2.029040892118832289e+03
3.344844844844844900e+00 2.030476658957029031e+03
3.351851851851851638e+00 2.031912479287012047e+03
3.358858858858858820e+00 2.033348345090636712e+03
3.365865865865866002e+00 2.034784248333441838e+03
3.372872872872872740e+00 2.036220180964724022e+03
3.379879879879879923e+00 2.037656134917606096e+03
3.386886886886886661e+00 2.039092102109108282e+03
3.393893893893893843e+00 2.040528074440221644e+03
3.400900900900901025e+00 2.041964043795975613e+03
3.407907907907907763e+00 2.043400002045517567e+03
3.414914914914914945e+00 2.044835941042177637e+03
3.421921921921921683e+00 2.046271852623546692e+03
3.428928928928928865e+00 2.047707728611550465e+03
3.435935935935936048e+00 2.049143560812516625e+03
3.442942942942942786e+00 2.050579341017257775e+03
3.449949949949949968e+00 2.052015061001139657e+03
3.456956956956957150e+00 2.053450712524158916e+03
3.463963963963963888e+00 2.054886287331016320e+03
3.470970970970971070e+00 2.056321777151194055e+03
3.477977977977977808e+00 2.057757173699032592e+03
3.484984984984984990e+00 2.059192468673802978e+03
3.491991991991992172e+00 2.060627653759787336e+03
3.498998998998998911e+00 2.062062720626355258e+03
3.506006006006006093e+00 2.063497660928038385e+03
3.513013013013012831e+00 2.064932466304612262e+03
3.520020020020020013e+00 2.066367128381171369e+03
3.527027027027027195e+00 2.067801638768208704e+03
3.534034034034033933e+00 2.069235989061694909e+03
3.541041041041041115e+00 2.070670170843156029e+03
3.548048048048047853e+00 2.072104175679755826e+03
3.555055055055055035e+00 2.073537995124371264e+03
3.562062062062062218e+00 2.074971620715676636e+03
3.569069069069068956e+00 2.076405043978224057e+03
3.576076076076076138e+00 2.077838256422519862e+03
3.583083083083082876e+00 2.079271249545112369e+03
3.590090090090090058e+00 2.080704014828668278e+03
3.597097097097097240e+00 2.082136543742056347e+03
3.604104104104103978e+00 2.083568827740430152e+03
3.611111111111111160e+00 2.085000858265311308e+03
3.618118118118117899e+00 2.086432626744670870e+03
3.625125125125125081e+00 2.087864124593013457e+03
3.632132132132132263e+00 2.089295343211460477e+03
3.639139139139139001e+00 2.090726273987835611e+03
3.646146146146146183e+00 2.092156908296745769e+03
3.653153153153152921e+00 2.093587237499671119e+03
3.660160160160160103e+00 2.095017252945045584e+03
3.667167167167167285e+00 2.096446945968342789e+03
3.674174174174174023e+00 2.097876307892164277e+03
3.681181181181181206e+00 2.099305330026323190e+03
3.688188188188187944e+00 2.100734003667930665e+03
3.695195195195195126e+00 2.102162320101485420e+03
3.702202202202202308e+00 2.103590270598956522e+03
3.709209209209209046e+00 2.105017846419874786e+03
3.716216216216216228e+00 2.106445038811415088e+03
3.723223223223223410e+00 2.107871839008493680e+03
3.730230230230230148e+00 2.109298238233845041e+03
3.737237237237237331e+00 2.110724227698120103e+03
3.744244244244244069e+00 2.112149798599969472e+03
3.751251251251251251e+00 2.113574942126134829e+03
3.758258258258258433e+00 2.114999649451540790e+03
3.765265265265265171e+00 2.116423911739378582e+03
3.772272272272272353e+00 2.117847720141204718e+03
3.779279279279279091e+00 2.119271065797024221e+03
3.786286286286286273e+00 2.120693939835385208e+03
3.793293293293293456e+00 2.122116333373472116e+03
3.800300300300300194e+00 2.123538237517190282e+03
3.807307307307307376e+00 2.124959643361265535e+03
3.814314314314314114e+00 2.126380541989332869e+03
3.821321321321321296e+00 2.127800924474028307e+03
3.828328328328328478e+00 2.129220781877082572e+03
3.835335335335335216e+00 2.130640105249416138e+03
3.842342342342342398e+00 2.132058885631229259e+03
3.849349349349349136e+00 2.133477114052097932e+03
3.856356356356356319e+00 2.134894781531066656e+03
3.863363363363363501e+00 2.136311879076745299e+03
3.870370370370370239e+00 2.137728397687400957e+03
3.877377377377377421e+00 2.139144328351053900e+03
3.884384384384384159e+00 2.140559662045573077e+03
3.891391391391391341e+00 2.141974389738772061e+03
3.898398398398398523e+00 2.143388502388505458e+03
3.905405405405405261e+00 2.144801990942762131e+03
3.912412412412412444e+00 2.146214846339764790e+03
3.919419419419419182e+00 2.147627059508065940e+03
3.926426426426426364e+00 2.149038621366643838e+03
3.933433433433433546e+00 2.150449522825002532e+03
3.940440440440440284e+00 2.151859754783265998e+03
3.947447447447447466e+00 2.153269308132279093e+03
3.954454454454454204e+00 2.154678173753703504e+03
3.961461461461461386e+00 2.156086342520117341e+03
3.968468468468468568e+00 2.157493805295116090e+03
3.975475475475475307e+00 2.158900552933406743e+03
3.982482482482482489e+00 2.160306576280911941e+03
3.989489489489489671e+00 2.161711866174867737e+03
3.996496496496496409e+00 2.163116413443921829e+03
4.003503503503504035e+00 2.164520208908237692e+03
4.010510510510510329e+00 2.165923243379590531e+03
4.017517517517517511e+00 2.167325507661474148e+03
4.024524524524524693e+00 2.168726992549194620e+03
4.031531531531530987e+00 2.170127688829977160e+03
4.038538538538539058e+00 2.171527587283065259e+03
4.045545545545545352e+00 2.172926678679824818e+03
4.052552552552552534e+00 2.174324953783841920e+03
4.059559559559559716e+00 2.175722403351031517e+03
4.066566566566566010e+00 2.177119018129732922e+03
4.073573573573574080e+00 2.178514788860819408e+03
4.080580580580580374e+00 2.179909706277797341e+03
4.087587587587587556e+00 2.181303761106911679e+03
4.094594594594594739e+00 2.182696944067246477e+03
4.101601601601601033e+00 2.184089245870834475e+03
4.108608608608609103e+00 2.185480657222756690e+03
4.115615615615615397e+00 2.186871168821247466e+03
4.122622622622622579e+00 2.188260771357802241e+03
4.129629629629629761e+00 2.189649455517279875e+03
4.136636636636636055e+00 2.191037211978006781e+03
4.143643643643644126e+00 2.192424031411886972e+03
4.150650650650650419e+00 2.193809904484503477e+03
4.157657657657657602e+00 2.195194821855226110e+03
4.164664664664664784e+00 2.196578774177317882e+03
4.171671671671671078e+00 2.197961752098041870e+03
4.178678678678679148e+00 2.199343746258767169e+03
4.185685685685685442e+00 2.200724747295075304e+03
4.192692692692692624e+00 2.202104745836868005e+03
4.199699699699699806e+00 2.203483732508477260e+03
4.206706706706706100e+00 2.204861697928767626e+03
4.213713713713714171e+00 2.206238632711251284e+03
4.220720720720720465e+00 2.207614527464186722e+03
4.227727727727727647e+00 2.208989372790697416e+03
4.234734734734734829e+00 2.210363159288873703e+03
4.241741741741741123e+00 2.211735877551883277e+03
4.248748748748749193e+00 2.213107518168081697e+03
4.255755755755755487e+00 2.214478071721120159e+03
4.262762762762762669e+00 2.215847528790054639e+03
4.269769769769769852e+00 2.217215879949458213e+03
4.276776776776776146e+00 2.218583115769527922e+03
4.283783783783784216e+00 2.219949226816197097e+03
4.290790790790790510e+00 2.221314203651244952e+03
4.297797797797797692e+00 2.222678036832407543e+03
4.304804804804804874e+00 2.224040716913486904e+03
4.311811811811811168e+00 2.225402234444466558e+03
4.318818818818819238e+00 2.226762579971617470e+03
4.325825825825825532e+00 2.228121744037612189e+03
4.332832832832832715e+00 2.229479717181636715e+03
4.339839839839839897e+00 2.230836489939502371e+03
4.346846846846846191e+00 2.232192052843755391e+03
4.353853853853854261e+00 2.233546396423793794e+03
4.360860860860860555e+00 2.234899511205975614e+03
4.367867867867867737e+00 2.236251387713733038e+03
4.374874874874874919e+00 2.237602016467686553e+03
4.381881881881881213e+00 2.238951387985755446e+03
4.388888888888889284e+00 2.240299492783275582e+03
4.395895895895895578e+00 2.241646321373104911e+03
4.402902902902902760e+00 2.242991864265747154e+03
4.409909909909909942e+00 2.244336111969457761e+03
4.416916916916916236e+00 2.245679054990359418e+03
4.423923923923924306e+00 2.247020683832561190e+03
4.430930930930930600e+00 2.248360988998265839e+03
4.437937937937937782e+00 2.249699960987888062e+03
4.444944944944944965e+00 2.251037590300170905e+03
4.451951951951951258e+00 2.252373867432297175e+03
4.458958958958959329e+00 2.253708782880005856e+03
4.465965965965965623e+00 2.255042327137707161e+03
4.472972972972972805e+00 2.256374490698598947e+03
4.479979979979979987e+00 2.257705264054781765e+03
4.486986986986987169e+00 2.259034637697373000e+03
4.493993993993994351e+00 2.260362602116625567e+03
4.501001001001000645e+00 2.261689147802042044e+03
4.508008008008007828e+00 2.263014265242491547e+03
4.515015015015015010e+00 2.264337944926326145e+03
4.522022022022022192e+00 2.265660177341496365e+03
4.529029029029029374e+00 2.266980952975670334e+03
4.536036036036035668e+00 2.268300262316347926e+03
4.543043043043042850e+00 2.269618095850978989e+03
4.550050050050050032e+00 2.270934444067082040e+03
4.557057057057057214e+00 2.272249297452358405e+03
4.564064064064064397e+00 2.273562646494809997e+03
4.571071071071070691e+00 2.274874481682861642e+03
4.578078078078077873e+00 2.276184793505472499e+03
4.585085085085085055e+00 2.277493572452257922e+03
4.592092092092092237e+00 2.278800809013604976e+03
4.599099099099099419e+00 2.280106493680794756e+03
4.606106106106105713e+00 2.281410616946113350e+03
4.613113113113112895e+00 2.282713169302979168e+03
4.620120120120120077e+00 2.284014141246053441e+03
4.627127127127127260e+00 2.285313523271364829e+03
4.634134134134134442e+00 2.286611305876423557e+03
4.641141141141140736e+00 2.287907479560344200e+03
4.648148148148147918e+00 2.289202034823963004e+03
4.655155155155155100e+00 2.290494962169954761e+03
4.662162162162162282e+00 2.291786252102957405e+03
4.669169169169169464e+00 2.293075895129687069e+03
4.676176176176175758e+00 2.294363881759057676e+03
4.683183183183182940e+00 2.295650202502302363e+03
4.690190190190190123e+00 2.296934847873094441e+03
4.697197197197197305e+00 2.298217808387661989e+03
4.704204204204204487e+00 2.299499074564912462e+03
4.711211211211210781e+00 2.300778636926551826e+03
4.718218218218217963e+00 2.302056485997204163e+03
4.725225225225225145e+00 2.303332612304529903e+03
4.732232232232232327e+00 2.304607006379349968e+03
4.739239239239239510e+00 2.305879658755764922e+03
4.746246246246245803e+00 2.307150559971272287e+03
4.753253253253252986e+00 2.308419700566890697e+03
4.760260260260260168e+00 2.309687071087280401e+03
4.767267267267267350e+00 2.310952662080863320e+03
4.774274274274274532e+00 2.312216464099940367e+03
4.781281281281280826e+00 2.313478467700820602e+03
4.788288288288288008e+00 2.314738663443934001e+03
4.795295295295295190e+00 2.315997041893956975e+03
4.802302302302302373e+00 2.317253593619932417e+03
4.809309309309309555e+00 2.318508309195390666e+03
4.816316316316315849e+00 2.319761179198470472e+03
4.823323323323323031e+00 2.321012194212042687e+03
4.830330330330330213e+00 2.322261344823828495e+03
4.837337337337337395e+00 2.323508621626523563e+03
4.844344344344344577e+00 2.324754015217916276e+03
4.851351351351350871e+00 2.325997516201013696e+03
4.858358358358358053e+00 2.327239115184160710e+03
4.865365365365365236e+00 2.328478802781160539e+03
4.872372372372372418e+00 2.329716569611399336e+03
4.879379379379379600e+00 2.330952406299968516e+03
4.886386386386386782e+00 2.332186303477781166e+03
4.893393393393393076e+00 2.333418251781698473e+03
4.900400400400400258e+00 2.334648241854654316e+03
4.907407407407407440e+00 2.335876264345771688e+03
4.914414414414414622e+00 2.337102309910484564e+03
4.921421421421421805e+00 2.338326369210666144e+03
4.928428428428428099e+00 2.339548432914746172e+03
4.935435435435435281e+00 2.340768491697833269e+03
4.942442442442442463e+00 2.341986536241838166e+03
4.949449449449449645e+00 2.343202557235597851e+03
4.956456456456456827e+00 2.344416545374993348e+03
4.963463463463463121e+00 2.345628491363073863e+03
4.970470470470470303e+00 2.346838385910184115e+03
4.977477477477477485e+00 2.348046219734078022e+03
4.984484484484484668e+00 2.349251983560045574e+03
4.991491491491491850e+00 2.350455668121037434e+03
4.998498498498498144e+00 2.351657264157783175e+03
5.005505505505505326e+00 2.352856762418914514e+03
5.012512512512512508e+00 2.354054153661089458e+03
5.019519519519519690e+00 2.355249428649114179e+03
5.026526526526526872e+00 2.356442578156063519e+03
5.033533533533533166e+00 2.357633592963406045e+03
5.040540540540540349e+00 2.358822463861125470e+03
5.047547547547547531e+00 2.360009181647842070e+03
5.054554554554554713e+00 2.361193737130935006e+03
5.061561561561561895e+00 2.362376121126667840e+03
5.068568568568568189e+00 2.363556324460307678e+03
5.075575575575575371e+00 2.364734337966247949e+03
5.082582582582582553e+00 2.365910152488132098e+03
5.089589589589589735e+00 2.367083758878976823e+03
5.096596596596596918e+00 2.368255148001289399e+03
5.103603603603603212e+00 2.369424310727194552e+03
5.110610610610610394e+00 2.370591237938558606e+03
5.117617617617617576e+00 2.371755920527105445e+03
5.124624624624624758e+00 2.372918349394543384e+03
5.131631631631631940e+00 2.374078515452686133e+03
5.138638638638638234e+00 2.375236409623576037e+03
5.145645645645645416e+00 2.376392022839602305e+03
5.152652652652652598e+00 2.377545346043628342e+03
5.159659659659659781e+00 2.378696370189112713e+03
5.166666666666666963e+00 2.379845086240227374e+03
5.173673673673673257e+00 2.380991485171982731e+03
5.180680680680680439e+00 2.382135557970350874e+03
5.187687687687687621e+00 2.383277295632383812e+03
5.194694694694694803e+00 2.384416689166338529e+03
5.201701701701701985e+00 2.385553729591797037e+03
5.208708708708708279e+00 2.386688407939790068e+03
5.215715715715715461e+00 2.387820715252915306e+03
5.222722722722722644e+00 2.388950642585461992e+03
5.229729729729729826e+00 2.390078181003532791e+03
5.236736736736737008e+00 2.391203321585162939e+03
5.243743743743743302e+00 2.392326055420442117e+03
5.250750750750750484e+00 2.393446373611639046e+03
5.257757757757757666e+00 2.394564267273319274e+03
5.264764764764764848e+00 2.395679727532466586e+03
5.271771771771772030e+00 2.396792745528605792e+03
5.278778778778778324e+00 2.397903312413925505e+03
5.285785785785785507e+00 2.399011419353393194e+03
5.292792792792792689e+00 2.400117057524882057e+03
5.299799799799799871e+00 2.401220218119289257e+03
5.306806806806807053e+00 2.402320892340657792e+03
5.313813813813813347e+00 2.403419071406293824e+03
5.320820820820820529e+00 2.404514746546893093e+03
5.327827827827827711e+00 2.405607909006657337e+03
5.334834834834834894e+00 2.406698550043414798e+03
5.341841841841842076e+00 2.407786660928741640e+03
5.348848848848848370e+00 2.408872232948082910e+03
5.355855855855855552e+00 2.409955257400868959e+03
5.362862862862862734e+00 2.411035725600641399e+03
5.369869869869869916e+00 2.412113628875169525e+03
5.376876876876877098e+00 2.413188958566567635e+03
5.383883883883884280e+00 2.414261706031417816e+03
5.390890890890890574e+00 2.415331862640893178e+03
5.397897897897897757e+00 2.416399419780867447e+03
5.404904904904904939e+00 2.417464368852044117e+03
5.411911911911912121e+00 2.418526701270071044e+03
5.418918918918919303e+00 2.419586408465659133e+03
5.425925925925925597e+00 2.420643481884703306e+03
5.432932932932932779e+00 2.421697912988398002e+03
5.439939939939939961e+00 2.422749693253362693e+03
5.446946946946947143e+00 2.423798814171752383e+03
5.453953953953954326e+00 2.424845267251379937e+03
5.460960960960960620e+00 2.425889044015837044e+03
5.467967967967967802e+00 2.426930136004606084e+03
5.474974974974974984e+00 2.427968534773184729e+03
5.481981981981982166e+00 2.429004231893197357e+03
5.488988988988989348e+00 2.430037218952520107e+03
5.495995995995995642e+00 2.431067487555391835e+03
5.503003003003002824e+00 2.432095029322534629e+03
5.510010010010010006e+00 2.433119835891272942e+03
5.517017017017017189e+00 2.434141898915645470e+03
5.524024024024024371e+00 2.435161210066526564e+03
5.531031031031030665e+00 2.436177761031743103e+03
5.538038038038037847e+00 2.437191543516189540e+03
5.545045045045045029e+00 2.438202549241942052e+03
5.552052052052052211e+00 2.439210769948380857e+03
5.559059059059059393e+00 2.440216197392302547e+03
5.566066066066065687e+00 2.441218823348035130e+03
5.573073073073072869e+00 2.442218639607556270e+03
5.580080080080080052e+00 2.443215637980609245e+03
5.587087087087087234e+00 2.444209810294815270e+03
5.594094094094094416e+00 2.445201148395792643e+03
5.601101101101100710e+00 2.446189644147268609e+03
5.608108108108107892e+00 2.447175289431196234e+03
5.615115115115115074e+00 2.448158076147870361e+03
5.622122122122122256e+00 2.449137996216038573e+03
5.629129129129129439e+00 2.450115041573018061e+03
5.636136136136135732e+00 2.451089204174808856e+03
5.643143143143142915e+00 2.452060475996209334e+03
5.650150150150150097e+00 2.453028849030928086e+03
5.657157157157157279e+00 2.453994315291700332e+03
5.664164164164164461e+00 2.454956866810396150e+03
5.671171171171170755e+00 2.455916495638138713e+03
5.678178178178177937e+00 2.456873193845416154e+03
5.685185185185185119e+00 2.457826953522192071e+03
5.692192192192192302e+00 2.458777766778020577e+03
5.699199199199199484e+00 2.459725625742158627e+03
5.706206206206205778e+00 2.460670522563675604e+03
5.713213213213212960e+00 2.461612449411567923e+03
5.720220220220220142e+00 2.462551398474870439e+03
5.727227227227227324e+00 2.463487361962765590e+03
5.734234234234234506e+00 2.464420332104697536e+03
5.741241241241240800e+00 2.465350301150482210e+03
5.748248248248247982e+00 2.466277261370417818e+03
5.755255255255255165e+00 2.467201205055395349e+03
5.762262262262262347e+00 2.468122124517007251e+03
5.769269269269269529e+00 2.469040012087664309e+03
5.776276276276275823e+00 2.469954860120696139e+03
5.783283283283283005e+00 2.470866660990467153e+03
5.790290290290290187e+00 2.471775407092484329e+03
5.797297297297297369e+00 2.472681090843504990e+03
5.804304304304304551e+00 2.473583704681648214e+03
5.811311311311310845e+00 2.474483241066501705e+03
5.818318318318318028e+00 2.475379692479230926e+03
5.825325325325325210e+00 2.476273051422686876e+03
5.832332332332332392e+00 2.477163310421514780e+03
5.839339339339339574e+00 2.478050462022260490e+03
5.846346346346345868e+00 2.478934498793477360e+03
5.853353353353353050e+00 2.479815413325837198e+03
5.860360360360360232e+00 2.480693198232232589e+03
5.867367367367367414e+00 2.481567846147887849e+03
5.874374374374374597e+00 2.482439349730457707e+03
5.881381381381380891e+00 2.483307701660145085e+03
5.888388388388388073e+00 2.484172894639796596e+03
5.895395395395395255e+00 2.485034921395011679e+03
5.902402402402402437e+00 2.485893774674249016e+03
5.909409409409409619e+00 2.486749447248932483e+03
5.916416416416416801e+00 2.487601931913551653e+03
5.923423423423423095e+00 2.488451221485766382e+03
5.930430430430430278e+00 2.489297308806519140e+03
5.937437437437437460e+00 2.490140186740127774e+03
5.944444444444444642e+00 2.490979848174396011e+03
5.951451451451451824e+00 2.491816286020712596e+03
5.958458458458458118e+00 2.492649493214159975e+03
5.965465465465465300e+00 2.493479462713611156e+03
5.972472472472472482e+00 2.494306187501835666e+03
5.979479479479479664e+00 2.495129660585599140e+03
5.986486486486486847e+00 2.495949874995765185e+03
5.993493493493493141e+00 2.496766823787401790e+03
6.000500500500500323e+00 2.497580500039875460e+03
6.007507507507507505e+00 2.498390896856958079e+03
6.014514514514514687e+00 2.499198007366921047e+03
6.021521521521521869e+00 2.500001824722642596e+03
6.028528528528528163e+00 2.500802342101703289e+03
6.035535535535535345e+00 2.501599552706484701e+03
6.042542542542542527e+00 2.502393449764275374e+03
6.049549549549549710e+00 2.503184026527361766e+03
6.056556556556556892e+00 2.503971276273129206e+03
6.063563563563563186e+00 2.504755192304165575e+03
6.070570570570570368e+00 2.505535767948351804e+03
6.077577577577577550e+00 2.506312996558964187e+03
6.084584584584584732e+00 2.507086871514769427e+03
6.091591591591591914e+00 2.507857386220125136e+03
6.098598598598598208e+00 2.508624534105071234e+03
6.105605605605605390e+00 2.509388308625431364e+03
6.112612612612612573e+00 2.510148703262905201e+03
6.119619619619619755e+00 2.510905711525167590e+03
6.126626626626626937e+00 2.511659326945959947e+03
6.133633633633633231e+00 2.512409543085188034e+03
6.140640640640640413e+00 2.513156353529017451e+03
6.147647647647647595e+00 2.513899751889965046e+03
6.154654654654654777e+00 2.514639731806993495e+03
6.161661661661661959e+00 2.515376286945607262e+03
6.168668668668668253e+00 2.516109410997944906e+03
6.175675675675675436e+00 2.516839097682869124e+03
6.182682682682682618e+00 2.517565340746062702e+03
6.189689689689689800e+00 2.518288133960120376e+03
6.196696696696696982e+00 2.519007471124640233e+03
6.203703703703703276e+00 2.519723346066312388e+03
6.210710710710710458e+00 2.520435752639014481e+03
6.217717717717717640e+00 2.521144684723901719e+03
6.224724724724724823e+00 2.521850136229493728e+03
6.231731731731732005e+00 2.522552101091767781e+03
6.238738738738738299e+00 2.523250573274248836e+03
6.245745745745745481e+00 2.523945546768095028e+03
6.252752752752752663e+00 2.524637015592191801e+03
6.259759759759759845e+00 2.525324973793236950e+03
6.266766766766767027e+00 2.526009415445827926e+03
6.273773773773773321e+00 2.526690334652553247e+03
6.280780780780780503e+00 2.527367725544077530e+03
6.287787787787787686e+00 2.528041582279227441e+03
6.294794794794794868e+00 2.528711899045081736e+03
6.301801801801802050e+00 2.529378670057054023e+03
6.308808808808808344e+00 2.530041889558981438e+03
6.315815815815815526e+00 2.530701551823207410e+03
6.322822822822822708e+00 2.531357651150667607e+03
6.329829829829829890e+00 2.532010181870975885e+03
6.336836836836837072e+00 2.532659138342508413e+03
6.343843843843843366e+00 2.533304514952485533e+03
6.350850850850850549e+00 2.533946306117056338e+03
6.357857857857857731e+00 2.534584506281383710e+03
6.364864864864864913e+00 2.535219109919721632e+03
6.371871871871872095e+00 2.535850111535505221e+03
6.378878878878878389e+00 2.536477505661425766e+03
6.385885885885885571e+00 2.537101286859514857e+03
6.392892892892892753e+00 2.537721449721225781e+03
6.399899899899899935e+00 2.538337988867513104e+03
6.406906906906907118e+00 2.538950898948915892e+03
6.413913913913914300e+00 2.539560174645630923e+03
6.420920920920920594e+00 2.540165810667598635e+03
6.427927927927927776e+00 2.540767801754580432e+03
6.434934934934934958e+00 2.541366142676234176e+03
6.441941941941942140e+00 2.541960828232195581e+03
6.448948948948949322e+00 2.542551853252156889e+03
6.455955955955955616e+00 2.543139212595938261e+03
6.462962962962962798e+00 2.543722901153570547e+03
6.469969969969969981e+00 2.544302913845371677e+03
6.476976976976977163e+00 2.544879245622017606e+03
6.483983983983984345e+00 2.545451891464620985e+03
6.490990990990990639e+00 2.546020846384808010e+03
6.497997997997997821e+00 2.546586105424790276e+03
6.505005005005005003e+00 2.547147663657440262e+03
6.512012012012012185e+00 2.547705516186364548e+03
6.519019019019019368e+00 2.548259658145979301e+03
6.526026026026025662e+00 2.548810084701578035e+03
6.533033033033032844e+00 2.549356791049411640e+03
6.540040040040040026e+00 2.549899772416754331e+03
6.547047047047047208e+00 2.550439024061977307e+03
6.554054054054054390e+00 2.550974541274618787e+03
6.561061061061060684e+00 2.551506319375458588e+03
6.568068068068067866e+00 2.552034353716584974e+03
6.575075075075075048e+00 2.552558639681461955e+03
6.582082082082082231e+00 2.553079172685006142e+03
6.589089089089089413e+00 2.553595948173649049e+03
6.596096096096095707e+00 2.554108961625408938e+03
6.603103103103102889e+00 2.554618208549956307e+03
6.610110110110110071e+00 2.555123684488684376e+03
6.617117117117117253e+00 2.555625385014774110e+03
6.624124124124124435e+00 2.556123305733261532e+03
6.631131131131130729e+00 2.556617442281102285e+03
6.638138138138137911e+00 2.557107790327242128e+03
6.645145145145145094e+00 2.557594345572675138e+03
6.652152152152152276e+00 2.558077103750513743e+03
6.659159159159159458e+00 2.558556060626052385e+03
6.666166166166165752e+00 2.559031211996829370e+03
6.673173173173172934e+00 2.559502553692690981e+03
6.680180180180180116e+00 2.559970081575855602e+03
6.687187187187187298e+00 2.560433791540974198e+03
6.694194194194194480e+00 2.560893679515193526e+03
6.701201201201200774e+00 2.561349741458217522e+03
6.708208208208207957e+00 2.561801973362368244e+03
6.715215215215215139e+00 2.562250371252645891e+03
6.722222222222222321e+00 2.562694931186787926e+03
6.729229229229229503e+00 2.563135649255332737e+03
6.736236236236235797e+00 2.563572521581673300e+03
6.743243243243242979e+00 2.564005544322119022e+03
6.750250250250250161e+00 2.564434713665953495e+03
6.757257257257257343e+00 2.564860025835491342e+03
6.764264264264264526e+00 2.565281477086135055e+03
6.771271271271270820e+00 2.565699063706434117e+03
6.778278278278278002e+00 2.566112782018136841e+03
6.785285285285285184e+00 2.566522628376249486e+03
6.792292292292292366e+00 2.566928599169091740e+03
6.799299299299299548e+00 2.567330690818349012e+03
6.806306306306305842e+00 2.567728899779127005e+03
6.813313313313313024e+00 2.568123222540007646e+03
6.820320320320320207e+00 2.568513655623099567e+03
6.827327327327327389e+00 2.568900195584091762e+03
6.834334334334334571e+00 2.569282839012306340e+03
6.841341341341340865e+00 2.569661582530751275e+03
6.848348348348348047e+00 2.570036422796166789e+03
6.855355355355355229e+00 2.570407356499083107e+03
6.862362362362362411e+00 2.570774380363864566e+03
6.869369369369369593e+00 2.571137491148762365e+03
6.876376376376375887e+00 2.571496685645963680e+03
6.883383383383383070e+00 2.571851960681638957e+03
6.890390390390390252e+00 2.572203313115991023e+03
6.897397397397397434e+00 2.572550739843303290e+03
6.904404404404404616e+00 2.572894237791983414e+03
6.911411411411411798e+00 2.573233803924617405e+03
6.918418418418418092e+00 2.573569435238007372e+03
6.925425425425425274e+00 2.573901128763222005e+03
6.932432432432432456e+00 2.574228881565640677e+03
6.939439439439439639e+00 2.574552690744998017e+03
6.946446446446446821e+00 2.574872553435427562e+03
6.953453453453453115e+00 2.575188466805504049e+03
6.960460460460460297e+00 2.575500428058291163e+03
6.967467467467467479e+00 2.575808434431378828e+03
6.974474474474474661e+00 2.576112483196927769e+03
6.981481481481481843e+00 2.576412571661709990e+03
6.988488488488488137e+00 2.576708697167151968e+03
6.995495495495495319e+00 2.577000857089371948e+03
7.002502502502502502e+00 2.577289048839221323e+03
7.009509509509509684e+00 2.577573269862323741e+03
7.016516516516516866e+00 2.577853517639116490e+03
7.023523523523523160e+00 2.578129789684884145e+03
7.030530530530530342e+00 2.578402083549799045e+03
7.037537537537537524e+00 2.578670396818961763e+03
7.044544544544544706e+00 2.578934727112431119e+03
7.051551551551551889e+00 2.579195072085264201e+03
7.058558558558558182e+00 2.579451429427552739e+03
7.065565565565565365e+00 2.579703796864458127e+03
7.072572572572572547e+00 2.579952172156243250e+03
7.079579579579579729e+00 2.580196553098311142e+03
7.086586586586586911e+00 2.580436937521233631e+03
7.093593593593593205e+00 2.580673323290788630e+03
7.100600600600600387e+00 2.580905708307990153e+03
7.107607607607607569e+00 2.581134090509120597e+03
7.114614614614614752e+00 2.581358467865764851e+03
7.121621621621621934e+00 2.581578838384837127e+03
7.128628628628628228e+00 2.581795200108613699e+03
7.135635635635635410e+00 2.582007551114762464e+03
7.142642642642642592e+00 2.582215889516372954e+03
7.149649649649649774e+00 2.582420213461983622e+03
7.156656656656656956e+00 2.582620521135610488e+03
7.163663663663663250e+00 2.582816810756776704e+03
7.170670670670670432e+00 2.583009080580536647e+03
7.177677677677677615e+00 2.583197328897504576e+03
7.184684684684684797e+00 2.583381554033881457e+03
7.191691691691691979e+00 2.583561754351476793e+03
7.198698698698698273e+00 2.583737928247739092e+03
7.205705705705705455e+00 2.583910074155775874e+03
7.212712712712712637e+00 2.584078190544379595e+03
7.219719719719719819e+00 2.584242275918049472e+03
7.226726726726727001e+00 2.584402328817017860e+03
7.233733733733733295e+00 2.584558347817267077e+03
7.240740740740740478e+00 2.584710331530557141e+03
7.247747747747747660e+00 2.584858278604442148e+03
7.254754754754754842e+00 2.585002187722293911e+03
7.261761761761762024e+00 2.585142057603319699e+03
7.268768768768768318e+00 2.585277887002584521e+03
7.275775775775775500e+00 2.585409674711028401e+03
7.282782782782782682e+00 2.585537419555484576e+03
7.289789789789789864e+00 2.585661120398698586e+03
7.296796796796797047e+00 2.585780776139345107e+03
7.303803803803803341e+00 2.585896385712044776e+03
7.310810810810810523e+00 2.586007948087380100e+03
7.317817817817817705e+00 2.586115462271911838e+03
7.324824824824824887e+00 2.586218927308193543e+03
7.331831831831832069e+00 2.586318342274789302e+03
7.338838838838838363e+00 2.586413706286280103e+03
7.345845845845845545e+00 2.586505018493287480e+03
7.352852852852852727e+00 2.586592278082476241e+03
7.359859859859859910e+00 2.586675484276578572e+03
7.366866866866867092e+00 2.586754636334393126e+03
7.373873873873873386e+00 2.586829733550805940e+03
7.380880880880880568e+00 2.586900775256798170e+03
7.387887887887887750e+00 2.586967760819454725e+03
7.394894894894894932e+00 2.587030689641975187e+03
7.401901901901902114e+00 2.587089561163684721e+03
7.408908908908908408e+00 2.587144374860039534e+03
7.415915915915915591e+00 2.587195130242636878e+03
7.422922922922922773e+00 2.587241826859222328e+03
7.429929929929929955e+00 2.587284464293694782e+03
7.436936936936937137e+00 2.587323042166117375e+03
7.443943943943944319e+00 2.587357560132717936e+03
7.450950950950950613e+00 2.587388017885896716e+03
7.457957957957957795e+00 2.587414415154232756e+03
7.464964964964964977e+00 2.587436751702483889e+03
7.471971971971972160e+00 2.587455027331594920e+03
7.478978978978979342e+00 2.587469241878697630e+03
7.485985985985985636e+00 2.587479395217114416e+03
7.492992992992992818e+00 2.587485487256358738e+03
7.500000000000000000e+00 2.587487517942139220e+03
