5.000000000000000000e-01 1.560907438715416447e+03
5.082582582582582109e-01 1.562054716687347764e+03
5.165165165165165329e-01 1.563203418432655326e+03
5.247747747747747438e-01 1.564353542709326348e+03
5.330330330330330657e-01 1.565505088259561035e+03
5.412912912912912766e-01 1.566658053809764397e+03
5.495495495495494875e-01 1.567812438070544431e+03
5.578078078078078095e-01 1.568968239736701435e+03
5.660660660660660204e-01 1.570125457487225049e+03
5.743243243243243423e-01 1.571284089985283572e+03
5.825825825825825532e-01 1.572444135878220095e+03
5.908408408408408752e-01 1.573605593797540223e+03
5.990990990990990861e-01 1.574768462358906390e+03
6.073573573573574080e-01 1.575932740162128539e+03
6.156156156156156189e-01 1.577098425791154114e+03
6.238738738738738299e-01 1.578265517814058285e+03
6.321321321321321518e-01 1.579434014783036673e+03
6.403903903903903627e-01 1.580603915234391252e+03
6.486486486486486847e-01 1.581775217688523071e+03
6.569069069069068956e-01 1.582947920649919524e+03
6.651651651651651065e-01 1.584122022607145027e+03
6.734234234234234284e-01 1.585297522032829647e+03
6.816816816816816393e-01 1.586474417383655918e+03
6.899399399399399613e-01 1.587652707100349289e+03
6.981981981981981722e-01 1.588832389607665391e+03
7.064564564564563831e-01 1.590013463314378896e+03
7.147147147147147050e-01 1.591195926613268966e+03
7.229729729729730270e-01 1.592379777881112204e+03
7.312312312312312379e-01 1.593565015478664009e+03
7.394894894894894488e-01 1.594751637750650389e+03
7.477477477477477708e-01 1.595939643025753412e+03
7.560060060060059817e-01 1.597129029616598473e+03
7.642642642642643036e-01 1.598319795819742922e+03
7.725225225225225145e-01 1.599511939915662424e+03
7.807807807807807254e-01 1.600705460168736863e+03
7.890390390390390474e-01 1.601900354827238971e+03
7.972972972972972583e-01 1.603096622123319094e+03
8.055555555555555802e-01 1.604294260272994507e+03
8.138138138138137911e-01 1.605493267476134633e+03
8.220720720720720021e-01 1.606693641916448769e+03
8.303303303303303240e-01 1.607895381761471299e+03
8.385885885885886459e-01 1.609098485162550560e+03
8.468468468468468568e-01 1.610302950254833149e+03
8.551051051051050678e-01 1.611508775157252103e+03
8.633633633633632787e-01 1.612715957972514616e+03
8.716216216216216006e-01 1.613924496787086355e+03
8.798798798798799226e-01 1.615134389671178951e+03
8.881381381381381335e-01 1.616345634678737952e+03
8.963963963963963444e-01 1.617558229847428947e+03
9.046546546546545553e-01 1.618772173198622795e+03
9.129129129129128772e-01 1.619987462737386068e+03
9.211711711711711992e-01 1.621204096452464455e+03
9.294294294294294101e-01 1.622422072316270487e+03
9.376876876876876210e-01 1.623641388284872164e+03
9.459459459459459429e-01 1.624862042297978633e+03
9.542042042042041539e-01 1.626084032278926543e+03
9.624624624624624758e-01 1.627307356134670272e+03
9.707207207207206867e-01 1.628532011755765780e+03
9.789789789789788976e-01 1.629757997016358786e+03
9.872372372372372196e-01 1.630985309774174539e+03
9.954954954954955415e-01 1.632213947870501443e+03
1.003753753753753752e+00 1.633443909130181510e+03
1.012012012012011963e+00 1.634675191361598536e+03
1.020270270270270174e+00 1.635907792356661503e+03
1.028528528528528607e+00 1.637141709890799120e+03
1.036786786786786596e+00 1.638376941722940501e+03
1.045045045045045029e+00 1.639613485595508109e+03
1.053303303303303240e+00 1.640851339234406623e+03
1.061561561561561451e+00 1.642090500349006106e+03
1.069819819819819884e+00 1.643330966632135642e+03
1.078078078078078095e+00 1.644572735760067644e+03
1.086336336336336306e+00 1.645815805392511265e+03
1.094594594594594517e+00 1.647060173172595341e+03
1.102852852852852727e+00 1.648305836726863163e+03
1.111111111111111160e+00 1.649552793665256104e+03
1.119369369369369371e+00 1.650801041581107256e+03
1.127627627627627582e+00 1.652050578051126877e+03
1.135885885885885793e+00 1.653301400635395339e+03
1.144144144144144004e+00 1.654553506877347900e+03
1.152402402402402437e+00 1.655806894303771514e+03
1.160660660660660648e+00 1.657061560424787331e+03
1.168918918918918859e+00 1.658317502733843867e+03
1.177177177177177292e+00 1.659574718707707916e+03
1.185435435435435281e+00 1.660833205806452952e+03
1.193693693693693714e+00 1.662092961473450487e+03
1.201951951951951925e+00 1.663353983135361204e+03
1.210210210210210136e+00 1.664616268202123592e+03
1.218468468468468568e+00 1.665879814066946210e+03
1.226726726726726557e+00 1.667144618106298594e+03
1.234984984984984990e+00 1.668410677679901937e+03
1.243243243243243201e+00 1.669677990130721355e+03
1.251501501501501412e+00 1.670946552784955657e+03
1.259759759759759845e+00 1.672216362952029840e+03
1.268018018018017834e+00 1.673487417924587589e+03
1.276276276276276267e+00 1.674759714978481497e+03
1.284534534534534478e+00 1.676033251372766244e+03
1.292792792792792689e+00 1.677308024349692460e+03
1.301051051051051122e+00 1.678584031134695124e+03
1.309309309309309111e+00 1.679861268936389024e+03
1.317567567567567544e+00 1.681139734946561248e+03
1.325825825825825754e+00 1.682419426340163454e+03
1.334084084084083965e+00 1.683700340275304370e+03
1.342342342342342398e+00 1.684982473893246606e+03
1.350600600600600387e+00 1.686265824318394607e+03
1.358858858858858820e+00 1.687550388658291922e+03
1.367117117117117031e+00 1.688836164003614613e+03
1.375375375375375242e+00 1.690123147428164202e+03
1.383633633633633675e+00 1.691411335988862447e+03
1.391891891891891886e+00 1.692700726725745881e+03
1.400150150150150097e+00 1.693991316661959445e+03
1.408408408408408308e+00 1.695283102803752172e+03
1.416666666666666519e+00 1.696576082140471044e+03
1.424924924924924952e+00 1.697870251644557129e+03
1.433183183183183163e+00 1.699165608271540577e+03
1.441441441441441373e+00 1.700462148960034938e+03
1.449699699699699806e+00 1.701759870631733520e+03
1.457957957957957795e+00 1.703058770191405983e+03
1.466216216216216228e+00 1.704358844526892653e+03
1.474474474474474439e+00 1.705660090509102019e+03
1.482732732732732650e+00 1.706962504992006870e+03
1.490990990990991083e+00 1.708266084812640656e+03
1.499249249249249072e+00 1.709570826791093396e+03
1.507507507507507505e+00 1.710876727730510083e+03
1.515765765765765716e+00 1.712183784417086372e+03
1.524024024024023927e+00 1.713491993620067888e+03
1.532282282282282138e+00 1.714801352091745002e+03
1.540540540540540571e+00 1.716111856567453287e+03
1.548798798798798781e+00 1.717423503765568512e+03
1.557057057057056992e+00 1.718736290387507779e+03
1.565315315315315203e+00 1.720050213117726344e+03
1.573573573573573414e+00 1.721365268623714883e+03
1.581831831831831847e+00 1.722681453555999724e+03
1.590090090090090058e+00 1.723998764548142390e+03
1.598348348348348269e+00 1.725317198216737324e+03
1.606606606606606480e+00 1.726636751161409848e+03
1.614864864864864691e+00 1.727957419964820701e+03
1.623123123123123124e+00 1.729279201192658547e+03
1.631381381381381335e+00 1.730602091393646106e+03
1.639639639639639546e+00 1.731926087099537199e+03
1.647897897897897757e+00 1.733251184825117207e+03
1.656156156156156189e+00 1.734577381068203749e+03
1.664414414414414400e+00 1.735904672309648959e+03
1.672672672672672611e+00 1.737233055013337435e+03
1.680930930930930822e+00 1.738562525626189426e+03
1.689189189189189033e+00 1.739893080578162426e+03
1.697447447447447466e+00 1.741224716282250938e+03
1.705705705705705677e+00 1.742557429134488984e+03
1.713963963963963888e+00 1.743891215513952375e+03
1.722222222222222099e+00 1.745226071782762347e+03
1.730480480480480310e+00 1.746561994286083518e+03
1.738738738738738743e+00 1.747898979352130937e+03
1.746996996996996954e+00 1.749237023292169852e+03
1.755255255255255165e+00 1.750576122400521399e+03
1.763513513513513375e+00 1.751916272954562828e+03
1.771771771771771586e+00 1.753257471214732959e+03
1.780030030030030019e+00 1.754599713424535821e+03
1.788288288288288230e+00 1.755942995810542925e+03
1.796546546546546441e+00 1.757287314582397812e+03
1.804804804804804652e+00 1.758632665932821737e+03
1.813063063063063085e+00 1.759979046037616627e+03
1.821321321321321296e+00 1.761326451055669622e+03
1.829579579579579507e+00 1.762674877128959906e+03
1.837837837837837718e+00 1.764024320382561427e+03
1.846096096096095929e+00 1.765374776924648586e+03
1.854354354354354362e+00 1.766726242846503737e+03
1.862612612612612573e+00 1.768078714222520830e+03
1.870870870870870784e+00 1.769432187110211999e+03
1.879129129129128994e+00 1.770786657550214386e+03
1.887387387387387205e+00 1.772142121566295828e+03
1.895645645645645638e+00 1.773498575165361217e+03
1.903903903903903849e+00 1.774856014337460238e+03
1.912162162162162060e+00 1.776214435055793274e+03
1.920420420420420271e+00 1.777573833276720507e+03
1.928678678678678482e+00 1.778934204939767596e+03
1.936936936936936915e+00 1.780295545967632961e+03
1.945195195195195126e+00 1.781657852266198688e+03
1.953453453453453337e+00 1.783021119724535083e+03
1.961711711711711548e+00 1.784385344214911584e+03
1.969969969969969981e+00 1.785750521592804489e+03
1.978228228228228192e+00 1.787116647696906057e+03
1.986486486486486402e+00 1.788483718349131323e+03
1.994744744744744613e+00 1.789851729354631516e+03
2.003003003003002824e+00 1.791220676501799971e+03
2.011261261261261257e+00 1.792590555562283498e+03
2.019519519519519690e+00 1.793961362290992383e+03
2.027777777777777679e+00 1.795333092426109033e+03
2.036036036036035668e+00 1.796705741689099796e+03
2.044294294294294101e+00 1.798079305784725420e+03
2.052552552552552534e+00 1.799453780401050608e+03
2.060810810810810523e+00 1.800829161209457880e+03
2.069069069069068956e+00 1.802205443864655308e+03
2.077327327327327389e+00 1.803582624004690160e+03
2.085585585585585378e+00 1.804960697250959811e+03
2.093843843843843811e+00 1.806339659208224930e+03
2.102102102102102243e+00 1.807719505464619488e+03
2.110360360360360232e+00 1.809100231591665761e+03
2.118618618618618221e+00 1.810481833144283655e+03
2.126876876876877098e+00 1.811864305660807531e+03
2.135135135135135087e+00 1.813247644662995299e+03
2.143393393393393076e+00 1.814631845656045243e+03
2.151651651651651509e+00 1.816016904128606711e+03
2.159909909909909942e+00 1.817402815552796255e+03
2.168168168168167931e+00 1.818789575384209456e+03
2.176426426426426364e+00 1.820177179061935703e+03
2.184684684684684797e+00 1.821565622008574792e+03
2.192942942942942786e+00 1.822954899630247837e+03
2.201201201201200774e+00 1.824345007316615920e+03
2.209459459459459651e+00 1.825735940440892591e+03
2.217717717717717640e+00 1.827127694359860470e+03
2.225975975975975629e+00 1.828520264413886025e+03
2.234234234234234062e+00 1.829913645926936169e+03
2.242492492492492495e+00 1.831307834206593725e+03
2.250750750750750484e+00 1.832702824544074701e+03
2.259009009009008917e+00 1.834098612214243531e+03
2.267267267267267350e+00 1.835495192475630120e+03
2.275525525525525339e+00 1.836892560570447131e+03
2.283783783783783772e+00 1.838290711724608627e+03
2.292042042042042205e+00 1.839689641147743259e+03
2.300300300300300194e+00 1.841089344033217003e+03
2.308558558558558182e+00 1.842489815558148166e+03
2.316816816816816615e+00 1.843891050883425123e+03
2.325075075075075048e+00 1.845293045153726780e+03
2.333333333333333037e+00 1.846695793497539626e+03
2.341591591591591470e+00 1.848099291027177060e+03
2.349849849849849903e+00 1.849503532838798492e+03
2.358108108108107892e+00 1.850908514012427986e+03
2.366366366366366325e+00 1.852314229611974497e+03
2.374624624624624758e+00 1.853720674685252106e+03
2.382882882882882747e+00 1.855127844263998668e+03
2.391141141141140736e+00 1.856535733363897634e+03
2.399399399399399613e+00 1.857944336984596930e+03
2.407657657657657602e+00 1.859353650109730097e+03
2.415915915915915591e+00 1.860763667706937667e+03
2.424174174174174023e+00 1.862174384727889446e+03
2.432432432432432456e+00 1.863585796108302929e+03
2.440690690690690445e+00 1.864997896767967632e+03
2.448948948948948878e+00 1.866410681610765550e+03
2.457207207207207311e+00 1.867824145524694131e+03
2.465465465465465300e+00 1.869238283381887413e+03
2.473723723723723289e+00 1.870653090038639675e+03
2.481981981981982166e+00 1.872068560335429311e+03
2.490240240240240155e+00 1.873484689096938837e+03
2.498498498498498144e+00 1.874901471132079905e+03
2.506756756756756577e+00 1.876318901234017176e+03
2.515015015015015010e+00 1.877736974180193101e+03
2.523273273273272999e+00 1.879155684732347936e+03
2.531531531531531432e+00 1.880575027636547929e+03
2.539789789789789864e+00 1.881994997623208747e+03
2.548048048048047853e+00 1.883415589407119114e+03
2.556306306306306286e+00 1.884836797687466287e+03
2.564564564564564275e+00 1.886258617147862424e+03
2.572822822822822708e+00 1.887681042456366868e+03
2.581081081081081141e+00 1.889104068265517071e+03
2.589339339339339130e+00 1.890527689212348832e+03
2.597597597597597563e+00 1.891951899918425624e+03
2.605855855855855552e+00 1.893376694989863154e+03
2.614114114114113985e+00 1.894802069017358917e+03
2.622372372372372418e+00 1.896228016576216305e+03
2.630630630630630407e+00 1.897654532226372112e+03
2.638888888888888840e+00 1.899081610512424504e+03
2.647147147147146828e+00 1.900509245963659851e+03
2.655405405405405261e+00 1.901937433094081371e+03
2.663663663663663694e+00 1.903366166402436647e+03
2.671921921921921683e+00 1.904795440372245594e+03
2.680180180180180116e+00 1.906225249471830011e+03
2.688438438438438105e+00 1.907655588154339966e+03
2.696696696696696538e+00 1.909086450857785849e+03
2.704954954954954971e+00 1.910517832005066111e+03
2.713213213213212960e+00 1.911949726003995238e+03
2.721471471471471393e+00 1.913382127247336030e+03
2.729729729729729382e+00 1.914815030112828481e+03
2.737987987987987815e+00 1.916248428963218430e+03
2.746246246246246248e+00 1.917682318146289845e+03
2.754504504504504236e+00 1.919116691994895746e+03
2.762762762762762669e+00 1.920551544826987083e+03
2.771021021021021102e+00 1.921986870945645023e+03
2.779279279279279091e+00 1.923422664639113464e+03
2.787537537537537524e+00 1.924858920180827226e+03
2.795795795795795513e+00 1.926295631829446847e+03
2.804054054054053946e+00 1.927732793828890635e+03
2.812312312312312379e+00 1.929170400408364230e+03
2.820570570570570368e+00 1.930608445782396984e+03
2.828828828828828801e+00 1.932046924150869927e+03
2.837087087087086790e+00 1.933485829699054193e+03
2.845345345345345223e+00 1.934925156597639671e+03
2.853603603603603656e+00 1.936364899002771381e+03
2.861861861861861644e+00 1.937805051056080174e+03
2.870120120120120077e+00 1.939245606884721610e+03
2.878378378378378066e+00 1.940686560601403926e+03
2.886636636636636499e+00 1.942127906304428052e+03
2.894894894894894932e+00 1.943569638077717627e+03
2.903153153153152921e+00 1.945011749990857425e+03
2.911411411411411354e+00 1.946454236099126547e+03
2.919669669669669343e+00 1.947897090443535035e+03
2.927927927927927776e+00 1.949340307050857064e+03
2.936186186186186209e+00 1.950783879933669596e+03
2.944444444444444198e+00 1.952227803090386715e+03
2.952702702702702631e+00 1.953672070505296460e+03
2.960960960960960620e+00 1.955116676148597435e+03
2.969219219219219053e+00 1.956561613976435638e+03
2.977477477477477485e+00 1.958006877930939936e+03
2.985735735735735474e+00 1.959452461940262310e+03
2.993993993993993907e+00 1.960898359918612414e+03
3.002252252252251896e+00 1.962344565766296000e+03
3.010510510510510329e+00 1.963791073369755168e+03
3.018768768768768762e+00 1.965237876601602920e+03
3.027027027027026751e+00 1.966684969320662958e+03
3.035285285285285184e+00 1.968132345372009695e+03
3.043543543543543173e+00 1.969579998587005775e+03
3.051801801801801606e+00 1.971027922783341182e+03
3.060060060060060039e+00 1.972476111765073256e+03
3.068318318318318028e+00 1.973924559322664663e+03
3.076576576576576461e+00 1.975373259233024328e+03
3.084834834834834894e+00 1.976822205259550174e+03
3.093093093093092882e+00 1.978271391152162323e+03
3.101351351351351315e+00 1.979720810647351300e+03
3.109609609609609304e+00 1.981170457468213499e+03
3.117867867867867737e+00 1.982620325324495298e+03
3.126126126126126170e+00 1.984070407912630799e+03
3.134384384384384159e+00 1.985520698915788216e+03
3.142642642642642592e+00 1.986971192003906253e+03
3.150900900900900581e+00 1.988421880833740261e+03
3.159159159159159014e+00 1.989872759048900662e+03
3.167417417417417447e+00 1.991323820279898428e+03
3.175675675675675436e+00 1.992775058144185095e+03
3.183933933933933869e+00 1.994226466246198925e+03
3.192192192192191857e+00 1.995678038177402868e+03
3.200450450450450290e+00 1.997129767516333231e+03
3.208708708708708723e+00 1.998581647828639234e+03
3.216966966966966712e+00 2.000033672667128712e+03
3.225225225225225145e+00 2.001485835571811776e+03
3.233483483483483134e+00 2.002938130069942872e+03
3.241741741741741567e+00 2.004390549676070123e+03
3.250000000000000000e+00 2.005843087892074436e+03
3.258258258258257989e+00 2.007295738207217255e+03
3.266516516516516422e+00 2.008748494098185347e+03
3.274774774774774411e+00 2.010201349029136054e+03
3.283033033033032844e+00 2.011654296451742084e+03
3.291291291291291277e+00 2.013107329805239033e+03
3.299549549549549265e+00 2.014560442516469038e+03
3.307807807807807698e+00 2.016013627999928758e+03
3.316066066066065687e+00 2.017466879657813479e+03
3.324324324324324120e+00 2.018920190880069185e+03
3.332582582582582553e+00 2.020373555044432578e+03
3.340840840840840542e+00 2.021826965516482232e+03
3.349099099099098975e+00 2.023280415649685438e+03
3.357357357357356964e+00 2.024733898785444580e+03
3.365615615615615397e+00 2.026187408253147169e+03
3.373873873873873830e+00 2.027640937370210395e+03
3.382132132132131819e+00 2.029094479442132752e+03
3.390390390390390252e+00 2.030548027762541551e+03
3.398648648648648685e+00 2.032001575613239311e+03
3.406906906906906674e+00 2.033455116264255139e+03
3.415165165165165106e+00 2.034908642973894985e+03
3.423423423423423095e+00 2.036362148988786430e+03
3.431681681681681528e+00 2.037815627543933260e+03
3.439939939939939961e+00 2.039269071862760939e+03
3.448198198198197950e+00 2.040722475157170265e+03
3.456456456456456383e+00 2.042175830627584446e+03
3.464714714714714372e+00 2.043629131463002977e+03
3.472972972972972805e+00 2.045082370841047805e+03
3.481231231231231238e+00 2.046535541928019484e+03
3.489489489489489227e+00 2.047988637878943791e+03
3.497747747747747660e+00 2.049441651837624704e+03
3.506006006006005649e+00 2.050894576936696012e+03
3.514264264264264082e+00 2.052347406297674752e+03
3.522522522522522515e+00 2.053800133031008045e+03
3.530780780780780503e+00 2.055252750236132215e+03
3.539039039039038936e+00 2.056705251001520082e+03
3.547297297297296925e+00 2.058157628404733714e+03
3.555555555555555358e+00 2.059609875512480812e+03
3.563813813813813791e+00 2.061061985380664282e+03
3.572072072072071780e+00 2.062513951054436347e+03
3.580330330330330213e+00 2.063965765568254483e+03
3.588588588588588202e+00 2.065417421945930528e+03
3.596846846846846635e+00 2.066868913200688439e+03
3.605105105105105068e+00 2.068320232335215678e+03
3.613363363363363057e+00 2.069771372341720053e+03
3.621621621621621490e+00 2.071222326201983378e+03
3.629879879879879478e+00 2.072673086887413774e+03
3.638138138138137911e+00 2.074123647359104325e+03
3.646396396396396344e+00 2.075574000567884923e+03
3.654654654654654333e+00 2.077024139454381384e+03
3.662912912912912766e+00 2.078474056949066380e+03
3.671171171171170755e+00 2.079923745972319466e+03
3.679429429429429188e+00 2.081373199434480739e+03
3.687687687687687621e+00 2.082822410235907228e+03
3.695945945945945610e+00 2.084271371267028826e+03
3.704204204204204043e+00 2.085720075408406956e+03
3.712462462462462476e+00 2.087168515530788682e+03
3.720720720720720465e+00 2.088616684495167647e+03
3.728978978978978898e+00 2.090064575152834095e+03
3.737237237237236887e+00 2.091512180345441266e+03
3.745495495495495319e+00 2.092959492905055868e+03
3.753753753753753752e+00 2.094406505654219927e+03
3.762012012012011741e+00 2.095853211406006722e+03
3.770270270270270174e+00 2.097299602964080805e+03
3.778528528528528163e+00 2.098745673122753487e+03
3.786786786786786596e+00 2.100191414667044683e+03
3.795045045045045029e+00 2.101636820372740658e+03
3.803303303303303018e+00 2.103081883006451335e+03
3.811561561561561451e+00 2.104526595325672588e+03
3.819819819819819440e+00 2.105970950078843089e+03
3.828078078078077873e+00 2.107414940005403423e+03
3.836336336336336306e+00 2.108858557835860211e+03
3.844594594594594295e+00 2.110301796291841129e+03
3.852852852852852727e+00 2.111744648086157667e+03
3.861111111111110716e+00 2.113187105922865157e+03
3.869369369369369149e+00 2.114629162497322795e+03
3.877627627627627582e+00 2.116070810496255035e+03
3.885885885885885571e+00 2.117512042597811615e+03
3.894144144144144004e+00 2.118952851471631675e+03
3.902402402402401993e+00 2.120393229778900150e+03
3.910660660660660426e+00 2.121833170172414157e+03
3.918918918918918859e+00 2.123272665296641208e+03
3.927177177177176848e+00 2.124711707787782416e+03
3.935435435435435281e+00 2.126150290273836617e+03
3.943693693693693270e+00 2.127588405374658578e+03
3.951951951951951703e+00 2.129026045702025840e+03
3.960210210210210136e+00 2.130463203859696932e+03
3.968468468468468124e+00 2.131899872443478671e+03
3.976726726726726557e+00 2.133336044041285277e+03
3.984984984984984990e+00 2.134771711233204769e+03
3.993243243243242979e+00 2.136206866591560811e+03
4.001501501501500968e+00 2.137641502680976373e+03
4.009759759759759845e+00 2.139075612058437400e+03
4.018018018018017834e+00 2.140509187273357838e+03
4.026276276276275823e+00 2.141942220867642391e+03
4.034534534534534700e+00 2.143374705375751546e+03
4.042792792792792689e+00 2.144806633324766608e+03
4.051051051051050678e+00 2.146237997234453360e+03
4.059309309309309555e+00 2.147668789617327548e+03
4.067567567567567544e+00 2.149099002978719909e+03
4.075825825825825532e+00 2.150528629816840294e+03
4.084084084084084409e+00 2.151957662622845874e+03
4.092342342342341510e+00 2.153386093880902990e+03
4.100600600600600387e+00 2.154813916068256731e+03
4.108858858858859264e+00 2.156241121655293682e+03
4.117117117117116365e+00 2.157667703105609235e+03
4.125375375375375242e+00 2.159093652876074884e+03
4.133633633633633231e+00 2.160518963416902807e+03
4.141891891891891220e+00 2.161943627171714070e+03
4.150150150150150097e+00 2.163367636577604571e+03
4.158408408408408086e+00 2.164790984065212342e+03
4.166666666666666075e+00 2.166213662058783029e+03
4.174924924924924952e+00 2.167635662976242202e+03
4.183183183183182940e+00 2.169056979229255376e+03
4.191441441441440929e+00 2.170477603223302594e+03
4.199699699699699806e+00 2.171897527357742092e+03
4.207957957957957795e+00 2.173316744025878506e+03
4.216216216216215784e+00 2.174735245615033364e+03
4.224474474474474661e+00 2.176153024506611928e+03
4.232732732732732650e+00 2.177570073076170502e+03
4.240990990990990639e+00 2.178986383693487824e+03
4.249249249249249516e+00 2.180401948722631005e+03
4.257507507507506617e+00 2.181816760522026016e+03
4.265765765765765494e+00 2.183230811444526807e+03
4.274024024024024371e+00 2.184644093837484434e+03
4.282282282282281471e+00 2.186056600042815717e+03
4.290540540540540349e+00 2.187468322397073734e+03
4.298798798798799226e+00 2.188879253231517851e+03
4.307057057057056326e+00 2.190289384872182836e+03
4.315315315315315203e+00 2.191698709639947992e+03
4.323573573573573192e+00 2.193107219850609454e+03
4.331831831831831181e+00 2.194514907814950675e+03
4.340090090090090058e+00 2.195921765838810188e+03
4.348348348348348047e+00 2.197327786223154362e+03
4.356606606606606036e+00 2.198732961264146979e+03
4.364864864864864913e+00 2.200137283253223814e+03
4.373123123123122902e+00 2.201540744477158114e+03
4.381381381381380891e+00 2.202943337218135639e+03
4.389639639639639768e+00 2.204345053753825596e+03
4.397897897897897757e+00 2.205745886357452036e+03
4.406156156156155745e+00 2.207145827297862979e+03
4.414414414414414622e+00 2.208544868839607716e+03
4.422672672672672611e+00 2.209943003243002750e+03
4.430930930930930600e+00 2.211340222764210466e+03
4.439189189189189477e+00 2.212736519655304164e+03
4.447447447447446578e+00 2.214131886164345360e+03
4.455705705705705455e+00 2.215526314535455640e+03
4.463963963963964332e+00 2.216919797008887599e+03
4.472222222222221433e+00 2.218312325821100785e+03
4.480480480480480310e+00 2.219703893204831729e+03
4.488738738738738299e+00 2.221094491389167615e+03
4.496996996996996288e+00 2.222484112599619948e+03
4.505255255255255165e+00 2.223872749058199588e+03
4.513513513513513153e+00 2.225260392983486781e+03
4.521771771771771142e+00 2.226647036590708467e+03
4.530030030030030019e+00 2.228032672091809673e+03
4.538288288288288008e+00 2.229417291695527638e+03
4.546546546546545997e+00 2.230800887607466393e+03
4.554804804804804874e+00 2.232183452030171338e+03
4.563063063063062863e+00 2.233564977163202911e+03
4.571321321321320852e+00 2.234945455203212077e+03
4.579579579579579729e+00 2.236324878344012177e+03
4.587837837837837718e+00 2.237703238776657145e+03
4.596096096096095707e+00 2.239080528689512903e+03
4.604354354354353696e+00 2.240456740268336034e+03
4.612612612612612573e+00 2.241831865696346085e+03
4.620870870870870561e+00 2.243205897154301056e+03
4.629129129129128550e+00 2.244578826820572885e+03
4.637387387387387427e+00 2.245950646871224762e+03
4.645645645645645416e+00 2.247321349480082972e+03
4.653903903903903405e+00 2.248690926818816024e+03
4.662162162162162282e+00 2.250059371057010139e+03
4.670420420420420271e+00 2.251426674362241101e+03
4.678678678678678260e+00 2.252792828900154745e+03
4.686936936936936249e+00 2.254157826834541993e+03
4.695195195195195126e+00 2.255521660327414793e+03
4.703453453453453115e+00 2.256884321539081157e+03
4.711711711711711104e+00 2.258245802628223373e+03
4.719969969969969981e+00 2.259606095751975317e+03
4.728228228228227970e+00 2.260965193065995209e+03
4.736486486486485958e+00 2.262323086724547466e+03
4.744744744744744835e+00 2.263679768880576830e+03
4.753003003003002824e+00 2.265035231685782946e+03
4.761261261261260813e+00 2.266389467290704488e+03
4.769519519519519690e+00 2.267742467844789644e+03
4.777777777777777679e+00 2.269094225496475246e+03
4.786036036036035668e+00 2.270444732393267259e+03
4.794294294294293657e+00 2.271793980681813537e+03
4.802552552552552534e+00 2.273141962507985681e+03
4.810810810810810523e+00 2.274488670016953620e+03
4.819069069069068512e+00 2.275834095353265639e+03
4.827327327327327389e+00 2.277178230660924783e+03
4.835585585585585378e+00 2.278521068083466616e+03
4.843843843843843366e+00 2.279862599764039715e+03
4.852102102102102243e+00 2.281202817845482969e+03
4.860360360360360232e+00 2.282541714470400166e+03
4.868618618618618221e+00 2.283879281781245027e+03
4.876876876876876210e+00 2.285215511920392146e+03
4.885135135135135087e+00 2.286550397030223394e+03
4.893393393393393076e+00 2.287883929253200222e+03
4.901651651651651065e+00 2.289216100731945971e+03
4.909909909909909942e+00 2.290546903609323181e+03
4.918168168168167931e+00 2.291876330028514076e+03
4.926426426426425920e+00 2.293204372133095148e+03
4.934684684684684797e+00 2.294531022067123558e+03
4.942942942942942786e+00 2.295856271975209893e+03
4.951201201201200774e+00 2.297180114002600476e+03
4.959459459459458763e+00 2.298502540295256040e+03
4.967717717717717640e+00 2.299823542999930396e+03
4.975975975975975629e+00 2.301143114264250926e+03
4.984234234234233618e+00 2.302461246236799070e+03
4.992492492492492495e+00 2.303777931067187637e+03
5.000750750750750484e+00 2.305093160906141293e+03
5.009009009009008473e+00 2.306406927905577504e+03
5.017267267267267350e+00 2.307719224218684303e+03
5.025525525525525339e+00 2.309030042000002595e+03
5.033783783783783328e+00 2.310339373405505285e+03
5.042042042042042205e+00 2.311647210592676856e+03
5.050300300300300194e+00 2.312953545720592956e+03
5.058558558558558182e+00 2.314258370950001790e+03
5.066816816816816171e+00 2.315561678443404162e+03
5.075075075075075048e+00 2.316863460365134870e+03
5.083333333333333037e+00 2.318163708881438652e+03
5.091591591591591026e+00 2.319462416160558405e+03
5.099849849849849903e+00 2.320759574372806583e+03
5.108108108108107892e+00 2.322055175690653414e+03
5.116366366366365881e+00 2.323349212288803756e+03
5.124624624624624758e+00 2.324641676344278039e+03
5.132882882882882747e+00 2.325932560036494579e+03
5.141141141141140736e+00 2.327221855547348696e+03
5.149399399399398725e+00 2.328509555061293668e+03
5.157657657657657602e+00 2.329795650765423488e+03
5.165915915915915591e+00 2.331080134849551996e+03
5.174174174174173579e+00 2.332362999506293363e+03
5.182432432432432456e+00 2.333644236931147589e+03
5.190690690690690445e+00 2.334923839322574622e+03
5.198948948948948434e+00 2.336201798882081675e+03
5.207207207207207311e+00 2.337478107814300529e+03
5.215465465465465300e+00 2.338752758327071206e+03
5.223723723723723289e+00 2.340025742631521553e+03
5.231981981981981278e+00 2.341297052942151367e+03
5.240240240240240155e+00 2.342566681476909253e+03
5.248498498498498144e+00 2.343834620457278106e+03
5.256756756756756133e+00 2.345100862108355159e+03
5.265015015015015010e+00 2.346365398658932008e+03
5.273273273273272999e+00 2.347628222341580113e+03
5.281531531531530987e+00 2.348889325392729006e+03
5.289789789789789864e+00 2.350148700052746790e+03
5.298048048048047853e+00 2.351406338566026079e+03
5.306306306306305842e+00 2.352662233181061765e+03
5.314564564564563831e+00 2.353916376150536507e+03
5.322822822822822708e+00 2.355168759731398495e+03
5.331081081081080697e+00 2.356419376184946941e+03
5.339339339339338686e+00 2.357668217776908932e+03
5.347597597597597563e+00 2.358915276777528106e+03
5.355855855855855552e+00 2.360160545461638776e+03
5.364114114114113541e+00 2.361404016108755968e+03
5.372372372372372418e+00 2.362645681003150912e+03
5.380630630630630407e+00 2.363885532433935623e+03
5.388888888888888395e+00 2.365123562695144301e+03
5.397147147147147273e+00 2.366359764085814732e+03
5.405405405405405261e+00 2.367594128910073323e+03
5.413663663663663250e+00 2.368826649477212413e+03
5.421921921921921239e+00 2.370057318101776673e+03
5.430180180180180116e+00 2.371286127103641320e+03
5.438438438438438105e+00 2.372513068808097614e+03
5.446696696696696094e+00 2.373738135545931073e+03
5.454954954954954971e+00 2.374961319653508781e+03
5.463213213213212960e+00 2.376182613472857156e+03
5.471471471471470949e+00 2.377402009351744709e+03
5.479729729729729826e+00 2.378619499643765266e+03
5.487987987987987815e+00 2.379835076708420274e+03
5.496246246246245803e+00 2.381048732911199295e+03
5.504504504504503792e+00 2.382260460623663221e+03
5.512762762762762669e+00 2.383470252223527496e+03
5.521021021021020658e+00 2.384678100094742149e+03
5.529279279279278647e+00 2.385883996627574106e+03
5.537537537537537524e+00 2.387087934218691316e+03
5.545795795795795513e+00 2.388289905271241423e+03
5.554054054054053502e+00 2.389489902194939077e+03
5.562312312312312379e+00 2.390687917406143697e+03
5.570570570570570368e+00 2.391883943327941324e+03
5.578828828828828357e+00 2.393077972390229661e+03
5.587087087087086346e+00 2.394269997029799015e+03
5.595345345345345223e+00 2.395460009690413699e+03
5.603603603603603212e+00 2.396648002822893886e+03
5.611861861861861200e+00 2.397833968885200193e+03
5.620120120120120077e+00 2.399017900342511439e+03
5.628378378378378066e+00 2.400199789667311506e+03
5.636636636636636055e+00 2.401379629339466192e+03
5.644894894894894932e+00 2.402557411846310515e+03
5.653153153153152921e+00 2.403733129682727395e+03
5.661411411411410910e+00 2.404906775351228589e+03
5.669669669669669787e+00 2.406078341362041556e+03
5.677927927927927776e+00 2.407247820233185848e+03
5.686186186186185765e+00 2.408415204490557699e+03
5.694444444444443754e+00 2.409580486668012782e+03
5.702702702702702631e+00 2.410743659307446251e+03
5.710960960960960620e+00 2.411904714958874138e+03
5.719219219219218608e+00 2.413063646180518390e+03
5.727477477477477485e+00 2.414220445538883723e+03
5.735735735735735474e+00 2.415375105608844478e+03
5.743993993993993463e+00 2.416527618973722383e+03
5.752252252252252340e+00 2.417677978225371135e+03
5.760510510510510329e+00 2.418826175964255071e+03
5.768768768768768318e+00 2.419972204799534211e+03
5.777027027027026307e+00 2.421116057349141101e+03
5.785285285285285184e+00 2.422257726239869044e+03
5.793543543543543173e+00 2.423397204107446669e+03
5.801801801801801162e+00 2.424534483596623886e+03
5.810060060060060039e+00 2.425669557361251918e+03
5.818318318318318028e+00 2.426802418064363792e+03
5.826576576576576016e+00 2.427933058378257101e+03
5.834834834834834894e+00 2.429061470984575408e+03
5.843093093093092882e+00 2.430187648574386458e+03
5.851351351351350871e+00 2.431311583848268128e+03
5.859609609609608860e+00 2.432433269516386645e+03
5.867867867867867737e+00 2.433552698298577070e+03
5.876126126126125726e+00 2.434669862924424706e+03
5.884384384384383715e+00 2.435784756133348765e+03
5.892642642642642592e+00 2.436897370674681042e+03
5.900900900900900581e+00 2.438007699307746407e+03
5.909159159159158570e+00 2.439115734801943745e+03
5.917417417417417447e+00 2.440221469936826452e+03
5.925675675675675436e+00 2.441324897502186559e+03
5.933933933933933424e+00 2.442426010298130677e+03
5.942192192192192302e+00 2.443524801135163671e+03
5.950450450450450290e+00 2.444621262834266872e+03
5.958708708708708279e+00 2.445715388226979940e+03
5.966966966966966268e+00 2.446807170155482254e+03
5.975225225225225145e+00 2.447896601472671591e+03
5.983483483483483134e+00 2.448983675042242339e+03
5.991741741741741123e+00 2.450068383738772809e+03
6.000000000000000000e+00 2.451150720447797084e+03
6.008258258258257989e+00 2.452230678065889151e+03
6.016516516516515978e+00 2.453308249500743386e+03
6.024774774774774855e+00 2.454383427671253685e+03
6.033033033033032844e+00 2.455456205507590312e+03
6.041291291291290833e+00 2.456526575951286759e+03
6.049549549549548821e+00 2.457594531955311140e+03
6.057807807807807698e+00 2.458660066484152139e+03
6.066066066066065687e+00 2.459723172513893587e+03
6.074324324324323676e+00 2.460783843032298591e+03
6.082582582582582553e+00 2.461842071038886843e+03
6.090840840840840542e+00 2.462897849545011468e+03
6.099099099099098531e+00 2.463951171573942247e+03
6.107357357357357408e+00 2.465002030160941558e+03
6.115615615615615397e+00 2.466050418353345322e+03
6.123873873873873386e+00 2.467096329210642125e+03
6.132132132132131375e+00 2.468139755804549168e+03
6.140390390390390252e+00 2.469180691219095479e+03
6.148648648648648241e+00 2.470219128550695586e+03
6.156906906906906229e+00 2.471255060908231371e+03
6.165165165165165106e+00 2.472288481413131649e+03
6.173423423423423095e+00 2.473319383199445838e+03
6.181681681681681084e+00 2.474347759413926269e+03
6.189939939939939961e+00 2.475373603216105039e+03
6.198198198198197950e+00 2.476396907778372224e+03
6.206456456456455939e+00 2.477417666286052281e+03
6.214714714714713928e+00 2.478435871937485445e+03
6.222972972972972805e+00 2.479451517944101397e+03
6.231231231231230794e+00 2.480464597530500214e+03
6.239489489489488783e+00 2.481475103934528306e+03
6.247747747747747660e+00 2.482483030407355272e+03
6.256006006006005649e+00 2.483488370213553026e+03
6.264264264264263637e+00 2.484491116631170826e+03
6.272522522522522515e+00 2.485491262951815315e+03
6.280780780780780503e+00 2.486488802480724644e+03
6.289039039039038492e+00 2.487483728536846684e+03
6.297297297297297369e+00 2.488476034452914973e+03
6.305555555555555358e+00 2.489465713575526934e+03
6.313813813813813347e+00 2.490452759265219356e+03
6.322072072072071336e+00 2.491437164896544346e+03
6.330330330330330213e+00 2.492418923858147991e+03
6.338588588588588202e+00 2.493398029552841308e+03
6.346846846846846191e+00 2.494374475397683000e+03
6.355105105105105068e+00 2.495348254824050400e+03
6.363363363363363057e+00 2.496319361277716780e+03
6.371621621621621046e+00 2.497287788218930018e+03
6.379879879879879923e+00 2.498253529122480813e+03
6.388138138138137911e+00 2.499216577477786359e+03
6.396396396396395900e+00 2.500176926788960827e+03
6.404654654654653889e+00 2.501134570574890859e+03
6.412912912912912766e+00 2.502089502369312413e+03
6.421171171171170755e+00 2.503041715720884895e+03
6.429429429429428744e+00 2.503991204193264821e+03
6.437687687687687621e+00 2.504937961365181309e+03
6.445945945945945610e+00 2.505881980830510201e+03
6.454204204204203599e+00 2.506823256198350009e+03
6.462462462462462476e+00 2.507761781093095578e+03
6.470720720720720465e+00 2.508697549154509034e+03
6.478978978978978454e+00 2.509630554037797992e+03
6.487237237237236442e+00 2.510560789413686507e+03
6.495495495495495319e+00 2.511488248968491007e+03
6.503753753753753308e+00 2.512412926404192604e+03
6.512012012012011297e+00 2.513334815438507576e+03
6.520270270270270174e+00 2.514253909804967861e+03
6.528528528528528163e+00 2.515170203252986539e+03
6.536786786786786152e+00 2.516083689547934682e+03
6.545045045045045029e+00 2.516994362471213663e+03
6.553303303303303018e+00 2.517902215820327456e+03
6.561561561561561007e+00 2.518807243408955401e+03
6.569819819819819884e+00 2.519709439067023141e+03
6.578078078078077873e+00 2.520608796640777200e+03
6.586336336336335862e+00 2.521505309992853199e+03
6.594594594594593850e+00 2.522398973002353614e+03
6.602852852852852727e+00 2.523289779564914625e+03
6.611111111111110716e+00 2.524177723592777966e+03
6.619369369369368705e+00 2.525062799014863231e+03
6.627627627627627582e+00 2.525944999776841087e+03
6.635885885885885571e+00 2.526824319841199667e+03
6.644144144144143560e+00 2.527700753187320970e+03
6.652402402402402437e+00 2.528574293811546795e+03
6.660660660660660426e+00 2.529444935727252414e+03
6.668918918918918415e+00 2.530312672964914327e+03
6.677177177177176404e+00 2.531177499572183478e+03
6.685435435435435281e+00 2.532039409613952557e+03
6.693693693693693270e+00 2.532898397172426485e+03
6.701951951951951258e+00 2.533754456347195173e+03
6.710210210210210136e+00 2.534607581255297646e+03
6.718468468468468124e+00 2.535457766031295705e+03
6.726726726726726113e+00 2.536305004827340781e+03
6.734984984984984990e+00 2.537149291813244872e+03
6.743243243243242979e+00 2.537990621176545574e+03
6.751501501501500968e+00 2.538828987122582021e+03
6.759759759759758957e+00 2.539664383874553096e+03
6.768018018018017834e+00 2.540496805673596100e+03
6.776276276276275823e+00 2.541326246778845871e+03
6.784534534534533812e+00 2.542152701467510269e+03
6.792792792792792689e+00 2.542976164034932026e+03
6.801051051051050678e+00 2.543796628794660137e+03
6.809309309309308667e+00 2.544614090078514437e+03
6.817567567567567544e+00 2.545428542236655176e+03
6.825825825825825532e+00 2.546239979637646229e+03
6.834084084084083521e+00 2.547048396668529222e+03
6.842342342342341510e+00 2.547853787734881280e+03
6.850600600600600387e+00 2.548656147260886883e+03
6.858858858858858376e+00 2.549455469689402435e+03
6.867117117117116365e+00 2.550251749482022660e+03
6.875375375375375242e+00 2.551044981119146996e+03
6.883633633633633231e+00 2.551835159100041892e+03
6.891891891891891220e+00 2.552622277942912206e+03
6.900150150150150097e+00 2.553406332184960775e+03
6.908408408408408086e+00 2.554187316382455720e+03
6.916666666666666075e+00 2.554965225110795018e+03
6.924924924924924952e+00 2.555740052964572897e+03
6.933183183183182940e+00 2.556511794557640314e+03
6.941441441441440929e+00 2.557280444523172719e+03
6.949699699699698918e+00 2.558045997513732345e+03
6.957957957957957795e+00 2.558808448201333249e+03
6.966216216216215784e+00 2.559567791277501328e+03
6.974474474474473773e+00 2.560324021453343903e+03
6.982732732732732650e+00 2.561077133459607012e+03
6.990990990990990639e+00 2.561827122046741351e+03
6.999249249249248628e+00 2.562573981984964121e+03
7.007507507507507505e+00 2.563317708064321778e+03
7.015765765765765494e+00 2.564058295094753248e+03
7.024024024024023483e+00 2.564795737906148588e+03
7.032282282282281471e+00 2.565530031348417197e+03
7.040540540540540349e+00 2.566261170291541930e+03
7.048798798798798337e+00 2.566989149625646405e+03
7.057057057057056326e+00 2.567713964261052752e+03
7.065315315315315203e+00 2.568435609128344822e+03
7.073573573573573192e+00 2.569154079178428674e+03
7.081831831831831181e+00 2.569869369382591231e+03
7.090090090090090058e+00 2.570581474732561674e+03
7.098348348348348047e+00 2.571290390240572378e+03
7.106606606606606036e+00 2.571996110939419395e+03
7.114864864864864025e+00 2.572698631882518839e+03
7.123123123123122902e+00 2.573397948143969188e+03
7.131381381381380891e+00 2.574094054818611312e+03
7.139639639639638879e+00 2.574786947022082131e+03
7.147897897897897757e+00 2.575476619890880556e+03
7.156156156156155745e+00 2.576163068582419783e+03
7.164414414414413734e+00 2.576846288275090956e+03
7.172672672672672611e+00 2.577526274168317286e+03
7.180930930930930600e+00 2.578203021482611803e+03
7.189189189189188589e+00 2.578876525459639197e+03
7.197447447447447466e+00 2.579546781362266756e+03
7.205705705705705455e+00 2.580213784474626664e+03
7.213963963963963444e+00 2.580877530102172841e+03
7.222222222222221433e+00 2.581538013571731426e+03
7.230480480480480310e+00 2.582195230231566256e+03
7.238738738738738299e+00 2.582849175451427527e+03
7.246996996996996288e+00 2.583499844622611363e+03
7.255255255255255165e+00 2.584147233158013933e+03
7.263513513513513153e+00 2.584791336492188748e+03
7.271771771771771142e+00 2.585432150081399413e+03
7.280030030030030019e+00 2.586069669403677381e+03
7.288288288288288008e+00 2.586703889958872878e+03
7.296546546546545997e+00 2.587334807268713121e+03
7.304804804804803986e+00 2.587962416876853695e+03
7.313063063063062863e+00 2.588586714348936312e+03
7.321321321321320852e+00 2.589207695272636101e+03
7.329579579579578841e+00 2.589825355257721185e+03
7.337837837837837718e+00 2.590439689936102241e+03
7.346096096096095707e+00 2.591050694961887984e+03
7.354354354354353696e+00 2.591658366011435191e+03
7.362612612612612573e+00 2.592262698783404630e+03
7.370870870870870561e+00 2.592863688998807902e+03
7.379129129129128550e+00 2.593461332401064737e+03
7.387387387387386539e+00 2.594055624756051202e+03
7.395645645645645416e+00 2.594646561852153809e+03
7.403903903903903405e+00 2.595234139500317724e+03
7.412162162162161394e+00 2.595818353534099970e+03
7.420420420420420271e+00 2.596399199809718539e+03
7.428678678678678260e+00 2.596976674206103326e+03
7.436936936936936249e+00 2.597550772624946603e+03
7.445195195195195126e+00 2.598121490990752591e+03
7.453453453453453115e+00 2.598688825250886111e+03
7.461711711711711104e+00 2.599252771375623979e+03
7.469969969969969981e+00 2.599813325358202292e+03
7.478228228228227970e+00 2.600370483214864635e+03
7.486486486486485958e+00 2.600924240984912558e+03
7.494744744744743947e+00 2.601474594730752415e+03
7.503003003003002824e+00 2.602021540537945384e+03
7.511261261261260813e+00 2.602565074515251581e+03
7.519519519519518802e+00 2.603105192794679624e+03
7.527777777777777679e+00 2.603641891531533929e+03
7.536036036036035668e+00 2.604175166904462458e+03
7.544294294294293657e+00 2.604705015115500373e+03
7.552552552552552534e+00 2.605231432390119153e+03
7.560810810810810523e+00 2.605754414977271153e+03
7.569069069069068512e+00 2.606273959149436450e+03
7.577327327327326500e+00 2.606790061202666493e+03
7.585585585585585378e+00 2.607302717456631854e+03
7.593843843843843366e+00 2.607811924254665882e+03
7.602102102102101355e+00 2.608317677963810183e+03
7.610360360360360232e+00 2.608819974974855086e+03
7.618618618618618221e+00 2.609318811702389667e+03
7.626876876876876210e+00 2.609814184584843133e+03
7.635135135135135087e+00 2.610306090084526204e+03
7.643393393393393076e+00 2.610794524687676585e+03
7.651651651651651065e+00 2.611279484904504443e+03
7.659909909909909054e+00 2.611760967269228331e+03
7.668168168168167931e+00 2.612238968340123847e+03
7.676426426426425920e+00 2.612713484699562287e+03
7.684684684684683909e+00 2.613184512954055663e+03
7.692942942942942786e+00 2.613652049734293996e+03
7.701201201201200774e+00 2.614116091695190335e+03
7.709459459459458763e+00 2.614576635515920771e+03
7.717717717717717640e+00 2.615033677899962186e+03
7.725975975975975629e+00 2.615487215575137725e+03
7.734234234234233618e+00 2.615937245293652268e+03
7.742492492492491607e+00 2.616383763832136992e+03
7.750750750750750484e+00 2.616826767991684392e+03
7.759009009009008473e+00 2.617266254597888747e+03
7.767267267267266462e+00 2.617702220500886597e+03
7.775525525525525339e+00 2.618134662575395851e+03
7.783783783783783328e+00 2.618563577720749436e+03
7.792042042042041317e+00 2.618988962860940319e+03
7.800300300300300194e+00 2.619410814944653339e+03
7.808558558558558182e+00 2.619829130945305678e+03
7.816816816816816171e+00 2.620243907861083699e+03
7.825075075075075048e+00 2.620655142714979320e+03
7.833333333333333037e+00 2.621062832554826400e+03
7.841591591591591026e+00 2.621466974453338935e+03
7.849849849849849015e+00 2.621867565508142889e+03
7.858108108108107892e+00 2.622264602841817123e+03
7.866366366366365881e+00 2.622658083601925227e+03
7.874624624624623870e+00 2.623048004961050992e+03
7.882882882882882747e+00 2.623434364116834786e+03
7.891141141141140736e+00 2.623817158292005843e+03
7.899399399399398725e+00 2.624196384734419098e+03
7.907657657657657602e+00 2.624572040717086111e+03
7.915915915915915591e+00 2.624944123538211443e+03
7.924174174174173579e+00 2.625312630521223127e+03
7.932432432432431568e+00 2.625677559014809503e+03
7.940690690690690445e+00 2.626038906392946956e+03
7.948948948948948434e+00 2.626396670054935839e+03
7.957207207207206423e+00 2.626750847425431402e+03
7.965465465465465300e+00 2.627101435954476528e+03
7.973723723723723289e+00 2.627448433117529930e+03
7.981981981981981278e+00 2.627791836415502530e+03
7.990240240240240155e+00 2.628131643374782470e+03
7.998498498498498144e+00 2.628467851547270584e+03
8.006756756756756133e+00 2.628800458510407680e+03
8.015015015015013233e+00 2.629129461867205009e+03
8.023273273273272110e+00 2.629454859246274282e+03
8.031531531531530987e+00 2.629776648301857222e+03
8.039789789789789864e+00 2.630094826713852399e+03
8.048048048048048742e+00 2.630409392187847061e+03
8.056306306306305842e+00 2.630720342455143509e+03
8.064564564564562943e+00 2.631027675272786837e+03
8.072822822822821820e+00 2.631331388423593580e+03
8.081081081081080697e+00 2.631631479716178546e+03
8.089339339339339574e+00 2.631927946984983464e+03
8.097597597597598451e+00 2.632220788090299266e+03
8.105855855855855552e+00 2.632510000918298829e+03
8.114114114114112652e+00 2.632795583381058350e+03
8.122372372372371530e+00 2.633077533416585084e+03
8.130630630630630407e+00 2.633355848988841444e+03
8.138888888888889284e+00 2.633630528087772745e+03
8.147147147147146384e+00 2.633901568729328119e+03
8.155405405405405261e+00 2.634168968955490527e+03
8.163663663663662362e+00 2.634432726834295408e+03
8.171921921921921239e+00 2.634692840459857962e+03
8.180180180180180116e+00 2.634949307952394065e+03
8.188438438438438993e+00 2.635202127458248924e+03
8.196696696696696094e+00 2.635451297149911170e+03
8.204954954954953195e+00 2.635696815226045601e+03
8.213213213213212072e+00 2.635938679911506824e+03
8.221471471471470949e+00 2.636176889457366997e+03
8.229729729729729826e+00 2.636411442140934014e+03
8.237987987987988703e+00 2.636642336265774702e+03
8.246246246246245803e+00 2.636869570161734828e+03
8.254504504504502904e+00 2.637093142184960470e+03
8.262762762762761781e+00 2.637313050717918941e+03
8.271021021021020658e+00 2.637529294169416517e+03
8.279279279279279535e+00 2.637741870974620269e+03
8.287537537537536636e+00 2.637950779595075801e+03
8.295795795795795513e+00 2.638156018518730434e+03
8.304054054054052614e+00 2.638357586259944583e+03
8.312312312312311491e+00 2.638555481359517671e+03
8.320570570570570368e+00 2.638749702384700413e+03
8.328828828828829245e+00 2.638940247929217094e+03
8.337087087087086346e+00 2.639127116613280123e+03
8.345345345345345223e+00 2.639310307083606403e+03
8.353603603603602323e+00 2.639489818013438708e+03
8.361861861861861200e+00 2.639665648102557043e+03
8.370120120120120077e+00 2.639837796077296844e+03
8.378378378378378954e+00 2.640006260690565796e+03
8.386636636636636055e+00 2.640171040721857480e+03
8.394894894894893156e+00 2.640332134977266833e+03
8.403153153153152033e+00 2.640489542289506517e+03
8.411411411411410910e+00 2.640643261517918745e+03
8.419669669669669787e+00 2.640793291548492107e+03
8.427927927927928664e+00 2.640939631293874754e+03
8.436186186186185765e+00 2.641082279693385317e+03
8.444444444444442865e+00 2.641221235713029728e+03
8.452702702702701743e+00 2.641356498345511682e+03
8.460960960960960620e+00 2.641488066610245369e+03
8.469219219219219497e+00 2.641615939553370026e+03
8.477477477477476597e+00 2.641740116247758579e+03
8.485735735735735474e+00 2.641860595793029461e+03
8.493993993993992575e+00 2.641977377315559806e+03
8.502252252252251452e+00 2.642090459968495907e+03
8.510510510510510329e+00 2.642199842931761850e+03
8.518768768768767430e+00 2.642305525412071802e+03
8.527027027027026307e+00 2.642407506642938188e+03
8.535285285285285184e+00 2.642505785884682155e+03
8.543543543543542285e+00 2.642600362424442210e+03
8.551801801801801162e+00 2.642691235576186045e+03
8.560060060060060039e+00 2.642778404680711901e+03
8.568318318318317139e+00 2.642861869105664937e+03
8.576576576576576016e+00 2.642941628245540414e+03
8.584834834834834894e+00 2.643017681521690520e+03
8.593093093093091994e+00 2.643090028382335277e+03
8.601351351351350871e+00 2.643158668302568003e+03
8.609609609609609748e+00 2.643223600784358950e+03
8.617867867867866849e+00 2.643284825356564397e+03
8.626126126126125726e+00 2.643342341574933016e+03
8.634384384384384603e+00 2.643396149022108602e+03
8.642642642642641704e+00 2.643446247307638714e+03
8.650900900900900581e+00 2.643492636067975582e+03
8.659159159159159458e+00 2.643535314966483838e+03
8.667417417417416559e+00 2.643574283693444158e+03
8.675675675675675436e+00 2.643609541966055076e+03
8.683933933933934313e+00 2.643641089528439352e+03
8.692192192192191413e+00 2.643668926151644428e+03
8.700450450450450290e+00 2.643693051633647428e+03
8.708708708708707391e+00 2.643713465799356982e+03
8.716966966966966268e+00 2.643730168500613672e+03
8.725225225225225145e+00 2.643743159616195499e+03
8.733483483483482246e+00 2.643752439051816964e+03
8.741741741741741123e+00 2.643758006740129531e+03
8.750000000000000000e+00 2.643759862640722986e+03
