3.000000000000000000e+01 3.479541111156181366e-02
6.000000000000000000e+01 8.123730999645695228e-02
9.000000000000000000e+01 1.452062605024679875e-01
1.200000000000000000e+02 1.754515341110727267e-01
1.500000000000000000e+02 2.344676922852034773e-01
1.650000000000000000e+02 2.446955387971133655e-01
1.800000000000000000e+02 2.069236788830519647e-01
1.950000000000000000e+02 2.094213872261164733e-01
2.100000000000000000e+02 2.269387616014705289e-01
2.250000000000000000e+02 1.866532536166535805e-01
2.400000000000000000e+02 2.086810787668258449e-01
2.550000000000000000e+02 1.426772721515783826e-01
2.700000000000000000e+02 1.691999649438700737e-01
3.000000000000000000e+02 7.721857848527446944e-02
3.300000000000000000e+02 5.341916632755611127e-02
3.600000000000000000e+02 2.626070061905472208e-02
3.900000000000000000e+02 6.196518537292622364e-02
4.200000000000000000e+02 6.426318018431098622e-02
4.500000000000000000e+02 6.805383010054066872e-02
4.800000000000000000e+02 5.266868968624494052e-02
5.300000000000000000e+02 5.486570875787677437e-02
5.800000000000000000e+02 4.434822003885871555e-02
6.300000000000000000e+02 4.847441201002733457e-02
6.800000000000000000e+02 4.446431060311939465e-02
7.300000000000000000e+02 3.579358509803917676e-02
7.800000000000000000e+02 3.815486106606849614e-02
8.300000000000000000e+02 3.890444644517389305e-02
8.800000000000000000e+02 2.616605434476879100e-02
9.300000000000000000e+02 2.317237468682495360e-02
9.800000000000000000e+02 1.921681744904903122e-02
1.030000000000000000e+03 1.865507409183638637e-02
1.080000000000000000e+03 1.338496083891123345e-02
1.130000000000000000e+03 1.159628163277599128e-02
1.180000000000000000e+03 1.307647387964016444e-02
1.230000000000000000e+03 7.989401139848740369e-03
1.280000000000000000e+03 6.385687297485904967e-03
1.321275050632020111e+03 7.240945158878148852e-03
