5.000000000000000000e-01 6.601590770953129095e+02
5.102602602602602788e-01 6.604790077492765477e+02
5.205205205205205576e-01 6.607992483265594501e+02
5.307807807807807254e-01 6.611197993986911570e+02
5.410410410410410043e-01 6.614406615294699350e+02
5.513013013013012831e-01 6.617618352798269825e+02
5.615615615615615619e-01 6.620833212031676567e+02
5.718218218218218407e-01 6.624051198497342057e+02
5.820820820820821195e-01 6.627272317623312574e+02
5.923423423423423984e-01 6.630496574809842514e+02
6.026026026026025662e-01 6.633723975382532672e+02
6.128628628628628450e-01 6.636954524631073582e+02
6.231231231231231238e-01 6.640188227791106783e+02
6.333833833833834026e-01 6.643425090030401634e+02
6.436436436436436814e-01 6.646665116486316265e+02
6.539039039039038492e-01 6.649908312235162384e+02
6.641641641641641280e-01 6.653154682300341847e+02
6.744244244244244069e-01 6.656404231653768875e+02
6.846846846846846857e-01 6.659656965226471357e+02
6.949449449449449645e-01 6.662912887881677761e+02
7.052052052052051323e-01 6.666172004450614850e+02
7.154654654654655221e-01 6.669434319691035853e+02
7.257257257257256899e-01 6.672699838328688884e+02
7.359859859859859688e-01 6.675968565028136936e+02
7.462462462462462476e-01 6.679240504410714721e+02
7.565065065065064154e-01 6.682515661033862671e+02
7.667667667667668052e-01 6.685794039422801234e+02
7.770270270270269730e-01 6.689075644035045798e+02
7.872872872872872518e-01 6.692360479290940702e+02
7.975475475475475307e-01 6.695648549539138230e+02
8.078078078078078095e-01 6.698939859109601684e+02
8.180680680680680883e-01 6.702234412249820252e+02
8.283283283283282561e-01 6.705532213175665674e+02
8.385885885885886459e-01 6.708833266048882251e+02
8.488488488488488137e-01 6.712137574978801240e+02
8.591091091091090926e-01 6.715445144020346788e+02
8.693693693693693714e-01 6.718755977183916457e+02
8.796296296296295392e-01 6.722070078426952477e+02
8.898898898898899290e-01 6.725387451656093845e+02
9.001501501501500968e-01 6.728708100723694088e+02
9.104104104104103756e-01 6.732032029438228165e+02
9.206706706706706544e-01 6.735359241556211600e+02
9.309309309309309333e-01 6.738689740776045483e+02
9.411911911911912121e-01 6.742023530749886504e+02
9.514514514514513799e-01 6.745360615081705191e+02
9.617117117117117697e-01 6.748700997322462172e+02
9.719719719719719375e-01 6.752044680975450319e+02
9.822322322322322163e-01 6.755391669485882176e+02
9.924924924924924952e-01 6.758741966251252506e+02
1.002752752752752663e+00 6.762095574613555300e+02
1.013013013013012831e+00 6.765452497877774931e+02
1.023273273273273221e+00 6.768812739282547000e+02
1.033533533533533610e+00 6.772176302022365917e+02
1.043793793793793778e+00 6.775543189245516942e+02
1.054054054054053946e+00 6.778913404031886785e+02
1.064314314314314336e+00 6.782286949425836156e+02
1.074574574574574504e+00 6.785663828414536738e+02
1.084834834834834894e+00 6.789044043936960406e+02
1.095095095095095061e+00 6.792427598873321131e+02
1.105355355355355229e+00 6.795814496057033693e+02
1.115615615615615619e+00 6.799204738271813540e+02
1.125875875875876009e+00 6.802598328249874839e+02
1.136136136136136177e+00 6.805995268654731944e+02
1.146396396396396344e+00 6.809395562133183830e+02
1.156656656656656512e+00 6.812799211242224828e+02
1.166916916916916902e+00 6.816206218507963968e+02
1.177177177177177292e+00 6.819616586404683858e+02
1.187437437437437460e+00 6.823030317337394308e+02
1.197697697697697627e+00 6.826447413682778915e+02
1.207957957957957795e+00 6.829867877745662099e+02
1.218218218218218185e+00 6.833291711788223211e+02
1.228478478478478575e+00 6.836718918013666553e+02
1.238738738738738743e+00 6.840149498583296008e+02
1.248998998998998911e+00 6.843583455590323865e+02
1.259259259259259078e+00 6.847020791092471654e+02
1.269519519519519468e+00 6.850461507068043829e+02
1.279779779779779858e+00 6.853905605476682013e+02
1.290040040040040026e+00 6.857353088197044144e+02
1.300300300300300194e+00 6.860803957066091243e+02
1.310560560560560361e+00 6.864258213865208518e+02
1.320820820820820751e+00 6.867715860325595258e+02
1.331081081081081141e+00 6.871176898127574759e+02
1.341341341341341309e+00 6.874641328879828279e+02
1.351601601601601477e+00 6.878109154153834197e+02
1.361861861861861867e+00 6.881580375471032767e+02
1.372122122122122034e+00 6.885054994275079707e+02
1.382382382382382424e+00 6.888533011982018479e+02
1.392642642642642592e+00 6.892014429946736982e+02
1.402902902902902760e+00 6.895499249449480885e+02
1.413163163163163150e+00 6.898987471746394249e+02
1.423423423423423539e+00 6.902479098015701311e+02
1.433683683683683707e+00 6.905974129394611509e+02
1.443943943943943875e+00 6.909472566952789521e+02
1.454204204204204043e+00 6.912974411726875132e+02
1.464464464464464433e+00 6.916479664673559000e+02
1.474724724724724823e+00 6.919988326710627007e+02
1.484984984984984990e+00 6.923500398684024049e+02
1.495245245245245158e+00 6.927015881408144651e+02
1.505505505505505548e+00 6.930534775617276182e+02
1.515765765765765716e+00 6.934057082009239821e+02
1.526026026026025884e+00 6.937582801220828514e+02
1.536286286286286273e+00 6.941111933818107218e+02
1.546546546546546441e+00 6.944644480326197709e+02
1.556806806806806831e+00 6.948180441225192681e+02
1.567067067067066999e+00 6.951719816915441470e+02
1.577327327327327167e+00 6.955262607744997467e+02
1.587587587587587556e+00 6.958808814012892299e+02
1.597847847847847724e+00 6.962358435958974496e+02
1.608108108108108114e+00 6.965911473766818744e+02
1.618368368368368282e+00 6.969467927570286747e+02
1.628628628628628672e+00 6.973027797434815511e+02
1.638888888888888840e+00 6.976591083360470975e+02
1.649149149149149007e+00 6.980157785317513799e+02
1.659409409409409397e+00 6.983727903182561931e+02
1.669669669669669565e+00 6.987301436823050835e+02
1.679929929929929955e+00 6.990878385997667692e+02
1.690190190190190123e+00 6.994458750440384165e+02
1.700450450450450290e+00 6.998042529813678811e+02
1.710710710710710680e+00 7.001629723722278413e+02
1.720970970970970848e+00 7.005220331724394782e+02
1.731231231231231238e+00 7.008814353307237752e+02
1.741491491491491406e+00 7.012411787903924960e+02
1.751751751751751796e+00 7.016012634883264809e+02
1.762012012012011963e+00 7.019616893569020704e+02
1.772272272272272131e+00 7.023224563211531404e+02
1.782532532532532521e+00 7.026835643007777890e+02
1.792792792792792689e+00 7.030450132098391123e+02
1.803053053053053079e+00 7.034068029550790015e+02
1.813313313313313246e+00 7.037689334405052932e+02
1.823573573573573414e+00 7.041314045610101857e+02
1.833833833833833804e+00 7.044942162055608605e+02
1.844094094094093972e+00 7.048573682603847601e+02
1.854354354354354362e+00 7.052208606016780550e+02
1.864614614614614529e+00 7.055846931035185889e+02
1.874874874874874697e+00 7.059488656277385417e+02
1.885135135135135087e+00 7.063133780390479615e+02
1.895395395395395255e+00 7.066782301885483548e+02
1.905655655655655645e+00 7.070434219250810202e+02
1.915915915915915813e+00 7.074089530898720568e+02
1.926176176176176202e+00 7.077748235194655990e+02
1.936436436436436370e+00 7.081410330420059154e+02
1.946696696696696538e+00 7.085075814827666818e+02
1.956956956956956928e+00 7.088744686577557559e+02
1.967217217217217096e+00 7.092416943773101821e+02
1.977477477477477485e+00 7.096092584484910049e+02
1.987737737737737653e+00 7.099771606683665368e+02
1.997997997997997821e+00 7.103454008313713075e+02
2.008258258258257989e+00 7.107139787221141205e+02
2.018518518518518157e+00 7.110828941217332613e+02
2.028778778778778769e+00 7.114521468043443519e+02
2.039039039039038936e+00 7.118217365380595538e+02
2.049299299299299548e+00 7.121916630829390442e+02
2.059559559559559716e+00 7.125619261957056096e+02
2.069819819819819884e+00 7.129325256250547227e+02
2.080080080080080052e+00 7.133034611122627666e+02
2.090340340340340219e+00 7.136747323958634297e+02
2.100600600600600387e+00 7.140463392049108506e+02
2.110860860860860555e+00 7.144182812620241521e+02
2.121121121121120723e+00 7.147905582858437583e+02
2.131381381381381335e+00 7.151631699881996838e+02
2.141641641641641503e+00 7.155361160717158100e+02
2.151901901901902114e+00 7.159093962350873426e+02
2.162162162162162282e+00 7.162830101710632107e+02
2.172422422422422450e+00 7.166569575656498046e+02
2.182682682682682618e+00 7.170312380954597984e+02
2.192942942942942786e+00 7.174058514354509271e+02
2.203203203203202953e+00 7.177807972502216671e+02
2.213463463463463121e+00 7.181560751994495604e+02
2.223723723723723733e+00 7.185316849383516455e+02
2.233983983983983901e+00 7.189076261110632231e+02
2.244244244244244069e+00 7.192838983587257644e+02
2.254504504504504681e+00 7.196605013153707660e+02
2.264764764764764848e+00 7.200374346072048866e+02
2.275025025025025016e+00 7.204146978560011121e+02
2.285285285285285184e+00 7.207922906751089158e+02
2.295545545545545352e+00 7.211702126723544097e+02
2.305805805805805520e+00 7.215484634471963545e+02
2.316066066066065687e+00 7.219270425957427051e+02
2.326326326326326299e+00 7.223059497047684090e+02
2.336586586586586467e+00 7.226851843560200450e+02
2.346846846846847079e+00 7.230647461231935722e+02
2.357107107107107247e+00 7.234446345739570461e+02
2.367367367367367414e+00 7.238248492696905032e+02
2.377627627627627582e+00 7.242053897655168839e+02
2.387887887887887750e+00 7.245862556080926424e+02
2.398148148148147918e+00 7.249674463382697240e+02
2.408408408408408086e+00 7.253489614921492148e+02
2.418668668668668253e+00 7.257308005951688301e+02
2.428928928928928865e+00 7.261129631706071450e+02
2.439189189189189033e+00 7.264954487298405184e+02
2.449449449449449645e+00 7.268782567832222412e+02
2.459709709709709813e+00 7.272613868279979670e+02
2.469969969969969981e+00 7.276448383616749425e+02
2.480230230230230148e+00 7.280286108680977577e+02
2.490490490490490316e+00 7.284127038296210230e+02
2.500750750750750484e+00 7.287971167183142143e+02
2.511011011011011096e+00 7.291818490023289314e+02
2.521271271271271264e+00 7.295669001397070588e+02
2.531531531531531432e+00 7.299522695844302689e+02
2.541791791791791599e+00 7.303379567816753024e+02
2.552052052052051767e+00 7.307239611711261205e+02
2.562312312312312379e+00 7.311102821851229692e+02
2.572572572572572547e+00 7.314969192487527607e+02
2.582832832832832715e+00 7.318838717811132710e+02
2.593093093093092882e+00 7.322711391918548998e+02
2.603353353353353050e+00 7.326587208880556545e+02
2.613613613613613662e+00 7.330466162645523127e+02
2.623873873873873830e+00 7.334348247140194417e+02
2.634134134134133998e+00 7.338233456205541643e+02
2.644394394394394165e+00 7.342121783597731337e+02
2.654654654654654333e+00 7.346013223012274693e+02
2.664914914914914945e+00 7.349907768068012501e+02
2.675175175175175113e+00 7.353805412351053974e+02
2.685435435435435281e+00 7.357706149318654525e+02
2.695695695695695449e+00 7.361609972397344563e+02
2.705955955955956060e+00 7.365516874946953294e+02
2.716216216216216228e+00 7.369426850218620757e+02
2.726476476476476396e+00 7.373339891430318858e+02
2.736736736736736564e+00 7.377255991717352117e+02
2.746996996996996732e+00 7.381175144134606398e+02
2.757257257257257343e+00 7.385097341680926775e+02
2.767517517517517511e+00 7.389022577266647431e+02
2.777777777777777679e+00 7.392950843754565540e+02
2.788038038038037847e+00 7.396882133919937132e+02
2.798298298298298015e+00 7.400816440452788356e+02
2.808558558558558627e+00 7.404753756006704180e+02
2.818818818818818794e+00 7.408694073148603820e+02
2.829079079079078962e+00 7.412637384347856369e+02
2.839339339339339130e+00 7.416583682044292800e+02
2.849599599599599298e+00 7.420532958584467451e+02
2.859859859859859910e+00 7.424485206236490740e+02
2.870120120120120077e+00 7.428440417201064747e+02
2.880380380380380245e+00 7.432398583615330381e+02
2.890640640640640413e+00 7.436359697537913007e+02
2.900900900900900581e+00 7.440323750954759134e+02
2.911161161161161193e+00 7.444290735792379792e+02
2.921421421421421361e+00 7.448260643875792084e+02
2.931681681681681528e+00 7.452233466981559786e+02
2.941941941941941696e+00 7.456209196804054500e+02
2.952202202202201864e+00 7.460187824986131773e+02
2.962462462462462476e+00 7.464169343018556901e+02
2.972722722722722644e+00 7.468153742446514798e+02
2.982982982982982811e+00 7.472141014642616028e+02
2.993243243243242979e+00 7.476131150936857921e+02
3.003503503503503591e+00 7.480124142593035685e+02
3.013763763763763759e+00 7.484119980789442934e+02
3.024024024024023927e+00 7.488118656654501137e+02
3.034284284284284094e+00 7.492120161207421916e+02
3.044544544544544262e+00 7.496124485418741870e+02
3.054804804804804874e+00 7.500131620167244364e+02
3.065065065065065042e+00 7.504141556294163138e+02
3.075325325325325210e+00 7.508154284521018553e+02
3.085585585585585378e+00 7.512169795525072686e+02
3.095845845845845545e+00 7.516188079889179789e+02
3.106106106106106157e+00 7.520209128139813402e+02
3.116366366366366325e+00 7.524232930726044515e+02
3.126626626626626493e+00 7.528259478038519319e+02
3.136886886886886661e+00 7.532288760316430398e+02
3.147147147147146828e+00 7.536320767834301932e+02
3.157407407407407440e+00 7.540355490726575454e+02
3.167667667667667608e+00 7.544392919077976103e+02
3.177927927927927776e+00 7.548433042859522857e+02
3.188188188188187944e+00 7.552475852010004473e+02
3.198448448448448111e+00 7.556521336392985404e+02
3.208708708708708723e+00 7.560569485766451407e+02
3.218968968968968891e+00 7.564620289842512193e+02
3.229229229229229059e+00 7.568673738234213033e+02
3.239489489489489227e+00 7.572729820487261350e+02
3.249749749749749395e+00 7.576788526093064320e+02
3.260010010010010006e+00 7.580849844431201063e+02
3.270270270270270174e+00 7.584913764850944062e+02
3.280530530530530342e+00 7.588980276598388173e+02
3.290790790790790510e+00 7.593049368818408311e+02
3.301051051051051122e+00 7.597121030640932986e+02
3.311311311311311290e+00 7.601195251082658615e+02
3.321571571571571457e+00 7.605272019074579930e+02
3.331831831831831625e+00 7.609351323509279155e+02
3.342092092092091793e+00 7.613433153155783657e+02
3.352352352352352405e+00 7.617517496766316754e+02
3.362612612612612573e+00 7.621604342976562521e+02
3.372872872872872740e+00 7.625693680341796608e+02
3.383133133133132908e+00 7.629785497366877962e+02
3.393393393393393076e+00 7.633879782469688280e+02
3.403653653653653688e+00 7.637976524002693850e+02
3.413913913913913856e+00 7.642075710205613177e+02
3.424174174174174023e+00 7.646177329293907405e+02
3.434434434434434191e+00 7.650281369353974696e+02
3.444694694694694359e+00 7.654387818443352671e+02
3.454954954954954971e+00 7.658496664537460674e+02
3.465215215215215139e+00 7.662607895482741469e+02
3.475475475475475307e+00 7.666721499120304770e+02
3.485735735735735474e+00 7.670837463175104176e+02
3.495995995995995642e+00 7.674955775293187799e+02
3.506256256256256254e+00 7.679076423076552373e+02
3.516516516516516422e+00 7.683199394003853513e+02
3.526776776776776590e+00 7.687324675527286217e+02
3.537037037037036757e+00 7.691452254981155647e+02
3.547297297297296925e+00 7.695582119645209787e+02
3.557557557557557537e+00 7.699714256717268199e+02
3.567817817817817705e+00 7.703848653322460223e+02
3.578078078078077873e+00 7.707985296509677937e+02
3.588338338338338041e+00 7.712124173237912146e+02
3.598598598598598652e+00 7.716265270421631612e+02
3.608858858858858820e+00 7.720408574821875618e+02
3.619119119119118988e+00 7.724554073261609801e+02
3.629379379379379156e+00 7.728701752349046501e+02
3.639639639639639324e+00 7.732851598662997503e+02
3.649899899899899935e+00 7.737003598745903901e+02
3.660160160160160103e+00 7.741157738999137337e+02
3.670420420420420271e+00 7.745314005812351752e+02
3.680680680680680439e+00 7.749472385449544163e+02
3.690940940940940607e+00 7.753632864114580343e+02
3.701201201201201219e+00 7.757795427923193756e+02
3.711461461461461386e+00 7.761960062934853113e+02
3.721721721721721554e+00 7.766126755127511387e+02
3.731981981981981722e+00 7.770295490394680655e+02
3.742242242242241890e+00 7.774466254558948322e+02
3.752502502502502502e+00 7.778639033325877108e+02
3.762762762762762669e+00 7.782813812426956019e+02
3.773023023023022837e+00 7.786990577395029050e+02
3.783283283283283005e+00 7.791169313776911167e+02
3.793543543543543173e+00 7.795350006983774165e+02
3.803803803803803785e+00 7.799532642402590454e+02
3.814064064064063952e+00 7.803717205299218449e+02
3.824324324324324120e+00 7.807903680874529755e+02
3.834584584584584288e+00 7.812092054259431961e+02
3.844844844844844456e+00 7.816282310509724311e+02
3.855105105105105068e+00 7.820474434611791139e+02
3.865365365365365236e+00 7.824668411458007995e+02
3.875625625625625403e+00 7.828864225867482673e+02
3.885885885885885571e+00 7.833061862587319411e+02
3.896146146146146183e+00 7.837261306270835348e+02
3.906406406406406351e+00 7.841462541540686288e+02
3.916666666666666519e+00 7.845665552903002435e+02
3.926926926926926686e+00 7.849870324772151662e+02
3.937187187187186854e+00 7.854076841545497700e+02
3.947447447447447466e+00 7.858285087491784680e+02
3.957707707707707634e+00 7.862495046828793193e+02
3.967967967967967802e+00 7.866706703671819696e+02
3.978228228228227970e+00 7.870920042095002600e+02
3.988488488488488137e+00 7.875135046090742890e+02
3.998748748748748749e+00 7.879351699537711511e+02
4.009009009009009361e+00 7.883569986274842449e+02
4.019269269269269529e+00 7.887789890067078886e+02
4.029529529529529697e+00 7.892011394559264090e+02
4.039789789789789864e+00 7.896234483356962528e+02
4.050050050050050032e+00 7.900459140022888960e+02
4.060310310310310200e+00 7.904685347948390017e+02
4.070570570570570368e+00 7.908913090532780643e+02
4.080830830830830536e+00 7.913142351089861677e+02
4.091091091091090703e+00 7.917373112796677788e+02
4.101351351351350871e+00 7.921605358841876523e+02
4.111611611611611039e+00 7.925839072241137728e+02
4.121871871871871207e+00 7.930074236010494815e+02
4.132132132132131375e+00 7.934310833088597974e+02
4.142392392392391542e+00 7.938548846272998389e+02
4.152652652652652598e+00 7.942788258352841240e+02
4.162912912912912766e+00 7.947029051998923705e+02
4.173173173173172934e+00 7.951271209833142848e+02
4.183433433433433102e+00 7.955514714405791210e+02
4.193693693693694158e+00 7.959759548151675972e+02
4.203953953953954326e+00 7.964005693476333363e+02
4.214214214214214493e+00 7.968253132707136501e+02
4.224474474474474661e+00 7.972501848033915621e+02
4.234734734734734829e+00 7.976751821621686531e+02
4.244994994994994997e+00 7.981003035602874434e+02
4.255255255255255165e+00 7.985255471940670304e+02
4.265515515515515332e+00 7.989509112602650021e+02
4.275775775775775500e+00 7.993763939426445404e+02
4.286036036036035668e+00 7.998019934183413397e+02
4.296296296296295836e+00 8.002277078627409992e+02
4.306556556556556004e+00 8.006535354352619152e+02
4.316816816816816171e+00 8.010794742957148173e+02
4.327077077077076339e+00 8.015055225896165894e+02
4.337337337337336507e+00 8.019316784599709536e+02
4.347597597597597563e+00 8.023579400396143910e+02
4.357857857857857731e+00 8.027843054553214870e+02
4.368118118118117899e+00 8.032107728242677922e+02
4.378378378378378066e+00 8.036373402613057806e+02
4.388638638638638234e+00 8.040640058685944496e+02
4.398898898898899290e+00 8.044907677417404557e+02
4.409159159159159458e+00 8.049176239718267425e+02
4.419419419419419626e+00 8.053445726395653992e+02
4.429679679679679793e+00 8.057716118209084470e+02
4.439939939939939961e+00 8.061987395822521876e+02
4.450200200200200129e+00 8.066259539834890120e+02
4.460460460460460297e+00 8.070532530764271542e+02
4.470720720720720465e+00 8.074806349083628447e+02
4.480980980980980632e+00 8.079080975165716154e+02
4.491241241241240800e+00 8.083356389279294945e+02
4.501501501501500968e+00 8.087632571703223903e+02
4.511761761761761136e+00 8.091909502596533912e+02
4.522022022022022192e+00 8.096187161988850676e+02
4.532282282282282360e+00 8.100465529979612711e+02
4.542542542542542527e+00 8.104744586472932042e+02
4.552802802802802695e+00 8.109024311303505783e+02
4.563063063063062863e+00 8.113304684320133902e+02
4.573323323323323031e+00 8.117585685236480231e+02
4.583583583583583199e+00 8.121867293671806465e+02
4.593843843843843366e+00 8.126149489265235388e+02
4.604104104104103534e+00 8.130432251498270944e+02
4.614364364364364590e+00 8.134715559777630460e+02
4.624624624624624758e+00 8.138999393540368601e+02
4.634884884884884926e+00 8.143283732027666701e+02
4.645145145145145094e+00 8.147568554479662453e+02
4.655405405405405261e+00 8.151853840061453411e+02
4.665665665665665429e+00 8.156139567827152632e+02
4.675925925925925597e+00 8.160425716812409291e+02
4.686186186186185765e+00 8.164712265963154323e+02
4.696446446446445933e+00 8.168999194148141214e+02
4.706706706706706100e+00 8.173286480139712467e+02
4.716966966966967156e+00 8.177574102667915668e+02
4.727227227227227324e+00 8.181862040430482921e+02
4.737487487487487492e+00 8.186150272015348719e+02
4.747747747747747660e+00 8.190438775918607917e+02
4.758008008008007828e+00 8.194727530587379078e+02
4.768268268268267995e+00 8.199016514431394853e+02
4.778528528528528163e+00 8.203305705736433993e+02
4.788788788788788331e+00 8.207595082738083647e+02
4.799049049049048499e+00 8.211884623640784184e+02
4.809309309309308667e+00 8.216174306548226696e+02
4.819569569569569722e+00 8.220464109452873345e+02
4.829829829829829890e+00 8.224754010373961819e+02
4.840090090090090058e+00 8.229043987163836391e+02
4.850350350350350226e+00 8.233334017700825598e+02
4.860610610610610394e+00 8.237624079712644516e+02
4.870870870870870561e+00 8.241914150925792910e+02
4.881131131131130729e+00 8.246204208904580355e+02
4.891391391391390897e+00 8.250494231306468009e+02
4.901651651651651065e+00 8.254784195529075532e+02
4.911911911911912121e+00 8.259074079058419784e+02
4.922172172172172289e+00 8.263363859239506155e+02
4.932432432432432456e+00 8.267653513353908465e+02
4.942692692692692624e+00 8.271943018622735053e+02
4.952952952952952792e+00 8.276232352221848032e+02
4.963213213213212960e+00 8.280521491232971130e+02
4.973473473473473128e+00 8.284810412683162895e+02
4.983733733733733295e+00 8.289099093527051991e+02
4.993993993993993463e+00 8.293387510683684241e+02
5.004254254254253631e+00 8.297675640966688206e+02
5.014514514514514687e+00 8.301963461137793274e+02
5.024774774774774855e+00 8.306250947883513618e+02
5.035035035035035023e+00 8.310538077878348986e+02
5.045295295295295190e+00 8.314824827639996556e+02
5.055555555555555358e+00 8.319111173714105689e+02
5.065815815815815526e+00 8.323397092507761954e+02
5.076076076076075694e+00 8.327682560423972973e+02
5.086336336336335862e+00 8.331967553782862979e+02
5.096596596596596029e+00 8.336252048829902606e+02
5.106856856856856197e+00 8.340536021715684001e+02
5.117117117117117253e+00 8.344819448590466209e+02
5.127377377377377421e+00 8.349102305517275227e+02
5.137637637637637589e+00 8.353384568493584084e+02
5.147897897897897757e+00 8.357666213435026066e+02
5.158158158158157924e+00 8.361947216220695509e+02
5.168418418418418092e+00 8.366227552705614698e+02
5.178678678678678260e+00 8.370507198569721368e+02
5.188938938938938428e+00 8.374786129511520585e+02
5.199199199199198596e+00 8.379064321184964683e+02
5.209459459459459651e+00 8.383341749111534682e+02
5.219719719719719819e+00 8.387618388871641173e+02
5.229979979979979987e+00 8.391894215840952711e+02
5.240240240240240155e+00 8.396169205412277279e+02
5.250500500500500323e+00 8.400443332908089360e+02
5.260760760760760490e+00 8.404716573586226787e+02
5.271021021021020658e+00 8.408988902680446245e+02
5.281281281281280826e+00 8.413260295252415517e+02
5.291541541541540994e+00 8.417530726488154187e+02
5.301801801801801162e+00 8.421800171337531538e+02
5.312062062062062218e+00 8.426068604806180247e+02
5.322322322322322385e+00 8.430336001765207357e+02
5.332582582582582553e+00 8.434602337080754069e+02
5.342842842842842721e+00 8.438867585544901431e+02
5.353103103103102889e+00 8.443131721886517198e+02
5.363363363363363057e+00 8.447394720774362895e+02
5.373623623623623224e+00 8.451656556818587660e+02
5.383883883883883392e+00 8.455917204592029748e+02
5.394144144144143560e+00 8.460176638602501953e+02
5.404404404404403728e+00 8.464434833272923697e+02
5.414664664664664784e+00 8.468691763003774895e+02
5.424924924924924952e+00 8.472947402126332008e+02
5.435185185185185119e+00 8.477201724934027425e+02
5.445445445445445287e+00 8.481454705650349979e+02
5.455705705705705455e+00 8.485706318410203721e+02
5.465965965965965623e+00 8.489956537337487816e+02
5.476226226226225791e+00 8.494205336544347347e+02
5.486486486486485958e+00 8.498452689961005717e+02
5.496746746746746126e+00 8.502698571556002207e+02
5.507007007007007182e+00 8.506942955252517322e+02
5.517267267267267350e+00 8.511185814876818085e+02
5.527527527527527518e+00 8.515427124202407185e+02
5.537787787787787686e+00 8.519666856976224381e+02
5.548048048048047853e+00 8.523904986868381002e+02
5.558308308308308021e+00 8.528141487525836055e+02
5.568568568568568189e+00 8.532376332565436314e+02
5.578828828828828357e+00 8.536609495439746524e+02
5.589089089089088525e+00 8.540840949666344386e+02
5.599349349349348692e+00 8.545070668635063384e+02
5.609609609609609748e+00 8.549298625745083200e+02
5.619869869869869916e+00 8.553524794335955903e+02
5.630130130130130084e+00 8.557749147657506228e+02
5.640390390390390252e+00 8.561971658934902507e+02
5.650650650650650419e+00 8.566192301327633913e+02
5.660910910910910587e+00 8.570411047974426992e+02
5.671171171171170755e+00 8.574627871928115610e+02
5.681431431431430923e+00 8.578842746224692064e+02
5.691691691691691091e+00 8.583055643903127248e+02
5.701951951951951258e+00 8.587266537796198236e+02
5.712212212212212314e+00 8.591475400776516835e+02
5.722472472472472482e+00 8.595682205774567137e+02
5.732732732732732650e+00 8.599886925501994028e+02
5.742992992992992818e+00 8.604089532742131041e+02
5.753253253253252986e+00 8.608290000123095069e+02
5.763513513513513153e+00 8.612488300336478915e+02
5.773773773773773321e+00 8.616684405983176021e+02
5.784034034034033489e+00 8.620878289600077551e+02
5.794294294294293657e+00 8.625069923716331459e+02
5.804554554554554713e+00 8.629259280727956138e+02
5.814814814814814881e+00 8.633446333136072326e+02
5.825075075075075048e+00 8.637631053299066934e+02
5.835335335335335216e+00 8.641813413525453598e+02
5.845595595595595384e+00 8.645993386115048907e+02
5.855855855855855552e+00 8.650170943269424697e+02
5.866116116116115720e+00 8.654346057236801926e+02
5.876376376376375887e+00 8.658518700192236111e+02
5.886636636636636055e+00 8.662688844187832728e+02
5.896896896896896223e+00 8.666856461319556502e+02
5.907157157157157279e+00 8.671021523650100562e+02
5.917417417417417447e+00 8.675184003137151194e+02
5.927677677677677615e+00 8.679343871739737324e+02
5.937937937937937782e+00 8.683501101370534343e+02
5.948198198198197950e+00 8.687655663892695657e+02
5.958458458458458118e+00 8.691807531143520009e+02
5.968718718718718286e+00 8.695956674927904260e+02
5.978978978978978454e+00 8.700103066927481450e+02
5.989239239239238621e+00 8.704246678912425068e+02
5.999499499499498789e+00 8.708387482535518984e+02
6.009759759759759845e+00 8.712525449439035583e+02
6.020020020020020013e+00 8.716660551217246393e+02
6.030280280280280181e+00 8.720792759412415762e+02
6.040540540540540349e+00 8.724922045580365193e+02
6.050800800800800516e+00 8.729048381158974053e+02
6.061061061061060684e+00 8.733171737636780563e+02
6.071321321321320852e+00 8.737292086429515621e+02
6.081581581581581020e+00 8.741409398890654074e+02
6.091841841841841187e+00 8.745523646349944329e+02
6.102102102102102243e+00 8.749634800158211192e+02
6.112362362362362411e+00 8.753742831563224627e+02
6.122622622622622579e+00 8.757847711791338270e+02
6.132882882882882747e+00 8.761949412070458720e+02
6.143143143143142915e+00 8.766047903552494063e+02
6.153403403403403082e+00 8.770143157413770041e+02
6.163663663663663250e+00 8.774235144695823010e+02
6.173923923923923418e+00 8.778323836556689912e+02
6.184184184184183586e+00 8.782409203969998543e+02
6.194444444444443754e+00 8.786491217953742989e+02
6.204704704704704810e+00 8.790569849512445444e+02
6.214964964964964977e+00 8.794645069624316420e+02
6.225225225225225145e+00 8.798716849079011126e+02
6.235485485485485313e+00 8.802785158916118462e+02
6.245745745745745481e+00 8.806849969887621228e+02
6.256006006006005649e+00 8.810911252919207755e+02
6.266266266266265816e+00 8.814968978735421388e+02
6.276526526526525984e+00 8.819023118164257085e+02
6.286786786786786152e+00 8.823073641881379672e+02
6.297047047047046320e+00 8.827120520680564368e+02
6.307307307307307376e+00 8.831163725213316411e+02
6.317567567567567544e+00 8.835203226107373666e+02
6.327827827827827711e+00 8.839238994079238410e+02
6.338088088088087879e+00 8.843270999681891453e+02
6.348348348348348047e+00 8.847299213504128375e+02
6.358608608608608215e+00 8.851323606190341025e+02
6.368868868868868383e+00 8.855344148135882278e+02
6.379129129129128550e+00 8.859360809933444898e+02
6.389389389389388718e+00 8.863373562116688618e+02
6.399649649649649774e+00 8.867382375085920785e+02
6.409909909909909942e+00 8.871387219272526181e+02
6.420170170170170110e+00 8.875388065118422674e+02
6.430430430430430278e+00 8.879384883018767596e+02
6.440690690690690445e+00 8.883377643372965622e+02
6.450950950950950613e+00 8.887366316490748659e+02
6.461211211211210781e+00 8.891350872714388061e+02
6.471471471471470949e+00 8.895331282392122603e+02
6.481731731731731116e+00 8.899307515801231148e+02
6.491991991991991284e+00 8.903279543202667128e+02
6.502252252252252340e+00 8.907247334808307642e+02
6.512512512512512508e+00 8.911210860951523500e+02
6.522772772772772676e+00 8.915170091759350726e+02
6.533033033033032844e+00 8.919124997451787067e+02
6.543293293293293011e+00 8.923075548279570057e+02
6.553553553553553179e+00 8.927021714275741715e+02
6.563813813813813347e+00 8.930963465702988060e+02
6.574074074074073515e+00 8.934900772616847462e+02
6.584334334334333683e+00 8.938833605204473542e+02
6.594594594594593850e+00 8.942761933467892277e+02
6.604854854854854906e+00 8.946685727574429166e+02
6.615115115115115074e+00 8.950604957567535394e+02
6.625375375375375242e+00 8.954519593537750097e+02
6.635635635635635410e+00 8.958429605422192026e+02
6.645895895895895578e+00 8.962334963318230621e+02
6.656156156156155745e+00 8.966235637250421178e+02
6.666416416416415913e+00 8.970131597220768072e+02
6.676676676676676081e+00 8.974022813243274186e+02
6.686936936936936249e+00 8.977909255223987657e+02
6.697197197197197305e+00 8.981790893161893337e+02
6.707457457457457473e+00 8.985667697049372009e+02
6.717717717717717640e+00 8.989539636810183083e+02
6.727977977977977808e+00 8.993406682382195640e+02
6.738238238238237976e+00 8.997268803711344844e+02
6.748498498498498144e+00 9.001125970684338427e+02
6.758758758758758312e+00 9.004978153263529066e+02
6.769019019019018479e+00 9.008825321315104020e+02
6.779279279279278647e+00 9.012667444757450994e+02
6.789539539539538815e+00 9.016504493485554121e+02
6.799799799799799871e+00 9.020336437311850659e+02
6.810060060060060039e+00 9.024163246168271826e+02
6.820320320320320207e+00 9.027984889984394385e+02
6.830580580580580374e+00 9.031801338531133752e+02
6.840840840840840542e+00 9.035612561748333746e+02
6.851101101101100710e+00 9.039418529430251965e+02
6.861361361361360878e+00 9.043219211464059981e+02
6.871621621621621046e+00 9.047014577713615608e+02
6.881881881881881213e+00 9.050804597987133775e+02
6.892142142142141381e+00 9.054589242160573122e+02
6.902402402402402437e+00 9.058368480088739716e+02
6.912662662662662605e+00 9.062142281598330555e+02
6.922922922922922773e+00 9.065910616488357618e+02
6.933183183183182940e+00 9.069673454729183959e+02
6.943443443443443108e+00 9.073430765992707165e+02
6.953703703703703276e+00 9.077182520242590726e+02
6.963963963963963444e+00 9.080928687238199473e+02
6.974224224224223612e+00 9.084669236933521006e+02
6.984484484484483779e+00 9.088404139045331931e+02
6.994744744744744835e+00 9.092133363537452624e+02
7.005005005005005003e+00 9.095856880189180629e+02
7.015265265265265171e+00 9.099574658879259914e+02
7.025525525525525339e+00 9.103286669428773621e+02
7.035785785785785507e+00 9.106992881776479862e+02
7.046046046046045674e+00 9.110693265747967189e+02
7.056306306306305842e+00 9.114387791208414455e+02
7.066566566566566010e+00 9.118076428052638676e+02
7.076826826826826178e+00 9.121759146105360969e+02
7.087087087087086346e+00 9.125435915352321672e+02
7.097347347347347402e+00 9.129106705642674342e+02
7.107607607607607569e+00 9.132771486855032208e+02
7.117867867867867737e+00 9.136430228926673180e+02
7.128128128128127905e+00 9.140082901784486467e+02
7.138388388388388073e+00 9.143729475380179110e+02
7.148648648648648241e+00 9.147369919633579229e+02
7.158908908908908408e+00 9.151004204501597314e+02
7.169169169169168576e+00 9.154632299912709641e+02
7.179429429429428744e+00 9.158254175879720833e+02
7.189689689689688912e+00 9.161869802358538664e+02
7.199949949949949968e+00 9.165479149357215647e+02
7.210210210210210136e+00 9.169082186893692779e+02
7.220470470470470303e+00 9.172678884974636730e+02
7.230730730730730471e+00 9.176269213615012177e+02
7.240990990990990639e+00 9.179853142918590265e+02
7.251251251251250807e+00 9.183430642844098202e+02
7.261511511511510975e+00 9.187001683579169367e+02
7.271771771771771142e+00 9.190566235181667025e+02
7.282032032032031310e+00 9.194124267735584226e+02
7.292292292292292366e+00 9.197675751333243852e+02
7.302552552552552534e+00 9.201220656251311993e+02
7.312812812812812702e+00 9.204758952521644915e+02
7.323073073073072869e+00 9.208290610339836348e+02
7.333333333333333037e+00 9.211815599912059724e+02
7.343593593593593205e+00 9.215333891449054136e+02
7.353853853853853373e+00 9.218845455199145817e+02
7.364114114114113541e+00 9.222350261384152645e+02
7.374374374374373708e+00 9.225848280360161198e+02
7.384634634634633876e+00 9.229339482309845835e+02
7.394894894894894932e+00 9.232823837563520328e+02
7.405155155155155100e+00 9.236301316520944056e+02
7.415415415415415268e+00 9.239771889488991974e+02
7.425675675675675436e+00 9.243235526875392907e+02
7.435935935935935603e+00 9.246692199058302322e+02
7.446196196196195771e+00 9.250141876459907735e+02
7.456456456456455939e+00 9.253584529614790881e+02
7.466716716716716107e+00 9.257020128885137638e+02
7.476976976976976275e+00 9.260448644821821063e+02
7.487237237237236442e+00 9.263870047951935476e+02
7.497497497497497498e+00 9.267284308829341626e+02
7.507757757757757666e+00 9.270691398049498275e+02
7.518018018018017834e+00 9.274091286175533924e+02
7.528278278278278002e+00 9.277483943881054529e+02
7.538538538538538170e+00 9.280869341800195116e+02
7.548798798798798337e+00 9.284247450615611115e+02
7.559059059059058505e+00 9.287618241135090784e+02
7.569319319319318673e+00 9.290981684036501065e+02
7.579579579579578841e+00 9.294337750043081314e+02
7.589839839839839897e+00 9.297686410080447104e+02
7.600100100100100065e+00 9.301027634948928835e+02
7.610360360360360232e+00 9.304361395469883291e+02
7.620620620620620400e+00 9.307687662644002557e+02
7.630880880880880568e+00 9.311006407277853896e+02
7.641141141141140736e+00 9.314317600476646248e+02
7.651401401401400904e+00 9.317621213178712196e+02
7.661661661661661071e+00 9.320917216426344112e+02
7.671921921921921239e+00 9.324205581307103330e+02
7.682182182182181407e+00 9.327486278916566107e+02
7.692442442442442463e+00 9.330759280406407470e+02
7.702702702702702631e+00 9.334024556983210914e+02
7.712962962962962798e+00 9.337282079775811781e+02
7.723223223223222966e+00 9.340531820124496107e+02
7.733483483483483134e+00 9.343773749296509550e+02
7.743743743743743302e+00 9.347007838625845579e+02
7.754004004004003470e+00 9.350234059454526232e+02
7.764264264264263637e+00 9.353452383229645193e+02
7.774524524524523805e+00 9.356662781360429335e+02
7.784784784784783973e+00 9.359865225338871824e+02
7.795045045045045029e+00 9.363059686680239793e+02
7.805305305305305197e+00 9.366246137006974095e+02
7.815565565565565365e+00 9.369424547865618251e+02
7.825825825825825532e+00 9.372594890948912507e+02
7.836086086086085700e+00 9.375757137983954408e+02
7.846346346346345868e+00 9.378911260618930328e+02
7.856606606606606036e+00 9.382057230669030332e+02
7.866866866866866204e+00 9.385195020001226567e+02
7.877127127127126371e+00 9.388324600419141461e+02
7.887387387387387427e+00 9.391445943919089814e+02
7.897647647647647595e+00 9.394559022346498978e+02
7.907907907907907763e+00 9.397663807816553572e+02
7.918168168168167931e+00 9.400760272334405272e+02
7.928428428428428099e+00 9.403848388020368247e+02
7.938688688688688266e+00 9.406928126959099927e+02
7.948948948948948434e+00 9.409999461411679249e+02
7.959209209209208602e+00 9.413062363627143441e+02
7.969469469469468770e+00 9.416116805837590391e+02
7.979729729729728938e+00 9.419162760406587722e+02
7.989989989989989994e+00 9.422200199755930043e+02
8.000250250250250161e+00 9.425229096327152547e+02
8.010510510510510329e+00 9.428249422544154186e+02
8.020770770770770497e+00 9.431261151012010941e+02
8.031031031031030665e+00 9.434264254403859695e+02
8.041291291291290833e+00 9.437258705180640845e+02
8.051551551551551000e+00 9.440244476180408810e+02
8.061811811811811168e+00 9.443221540130465428e+02
8.072072072072071336e+00 9.446189869815306110e+02
8.082332332332331504e+00 9.449149438090689728e+02
8.092592592592591672e+00 9.452100217940800349e+02
8.102852852852851839e+00 9.455042182293232145e+02
8.113113113113112007e+00 9.457975304177984981e+02
8.123373373373372175e+00 9.460899556652079809e+02
8.133633633633632343e+00 9.463814912914940578e+02
8.143893893893892511e+00 9.466721346153952936e+02
8.154154154154152678e+00 9.469618829543342144e+02
8.164414414414412846e+00 9.472507336547955674e+02
8.174674674674673014e+00 9.475386840412414813e+02
8.184934934934934958e+00 9.478257314614810412e+02
8.195195195195195126e+00 9.481118732661946069e+02
8.205455455455455294e+00 9.483971068100464663e+02
8.215715715715715461e+00 9.486814294552497131e+02
8.225975975975975629e+00 9.489648385700786548e+02
8.236236236236235797e+00 9.492473315224328871e+02
8.246496496496495965e+00 9.495289056956758031e+02
8.256756756756756133e+00 9.498095584764027990e+02
8.267017017017016300e+00 9.500892872586124440e+02
8.277277277277276468e+00 9.503680894416291949e+02
8.287537537537538412e+00 9.506459624215036683e+02
8.297797797797798580e+00 9.509229036211949051e+02
8.308058058058058748e+00 9.511989104505576051e+02
8.318318318318318916e+00 9.514739803397982314e+02
8.328578578578579084e+00 9.517481107182298956e+02
8.338838838838839251e+00 9.520212990264560631e+02
8.349099099099099419e+00 9.522935427002356619e+02
8.359359359359359587e+00 9.525648392052809186e+02
8.369619619619619755e+00 9.528351859845284935e+02
8.379879879879879923e+00 9.531045805102781969e+02
8.390140140140140090e+00 9.533730202566596290e+02
8.400400400400400258e+00 9.536405026946997623e+02
8.410660660660660426e+00 9.539070253201588230e+02
8.420920920920920594e+00 9.541725856177051810e+02
8.431181181181180762e+00 9.544371810903966207e+02
8.441441441441440929e+00 9.547008092418005845e+02
8.451701701701701097e+00 9.549634675872957814e+02
8.461961961961961265e+00 9.552251536538386745e+02
8.472222222222221433e+00 9.554858649625016369e+02
8.482482482482481601e+00 9.557455990481315666e+02
8.492742742742741768e+00 9.560043534604058095e+02
8.503003003003001936e+00 9.562621257462922131e+02
8.513263263263262104e+00 9.565189134619332663e+02
8.523523523523522272e+00 9.567747141707937999e+02
8.533783783783784216e+00 9.570295254580474875e+02
8.544044044044044384e+00 9.572833448885634198e+02
8.554304304304304551e+00 9.575361700536456055e+02
8.564564564564564719e+00 9.577879985546190937e+02
8.574824824824824887e+00 9.580388279911401241e+02
8.585085085085085055e+00 9.582886559807748199e+02
8.595345345345345223e+00 9.585374801319702556e+02
8.605605605605605390e+00 9.587852980766294877e+02
8.615865865865865558e+00 9.590321074513394706e+02
8.626126126126125726e+00 9.592779058935999501e+02
8.636386386386385894e+00 9.595226910532639977e+02
8.646646646646646062e+00 9.597664605951716794e+02
8.656906906906906229e+00 9.600092121791612954e+02
8.667167167167166397e+00 9.602509434859766770e+02
8.677427427427426565e+00 9.604916521902218847e+02
8.687687687687686733e+00 9.607313359866291194e+02
8.697947947947946901e+00 9.609699925840561718e+02
8.708208208208207068e+00 9.612076196729207140e+02
8.718468468468467236e+00 9.614442149748339261e+02
8.728728728728729180e+00 9.616797762234655238e+02
8.738988988988989348e+00 9.619143011406189316e+02
8.749249249249249516e+00 9.621477874689564942e+02
8.759509509509509684e+00 9.623802329618293925e+02
8.769769769769769852e+00 9.626116353698803323e+02
8.780030030030030019e+00 9.628419924645329502e+02
8.790290290290290187e+00 9.630713020196543539e+02
8.800550550550550355e+00 9.632995618242644014e+02
8.810810810810810523e+00 9.635267696595386724e+02
8.821071071071070691e+00 9.637529233364249421e+02
8.831331331331330858e+00 9.639780206588094416e+02
8.841591591591591026e+00 9.642020594499679191e+02
8.851851851851851194e+00 9.644250375360549015e+02
8.862112112112111362e+00 9.646469527516919698e+02
8.872372372372371530e+00 9.648678029439976171e+02
8.882632632632631697e+00 9.650875859621104382e+02
8.892892892892891865e+00 9.653062996814495591e+02
8.903153153153152033e+00 9.655239419619989576e+02
8.913413413413412201e+00 9.657405106932587842e+02
8.923673673673672369e+00 9.659560037638493668e+02
8.933933933933934313e+00 9.661704190713410298e+02
8.944194194194194480e+00 9.663837545256812973e+02
8.954454454454454648e+00 9.665960080524578188e+02
8.964714714714714816e+00 9.668071775697894736e+02
8.974974974974974984e+00 9.670172610149911634e+02
8.985235235235235152e+00 9.672262563419644721e+02
8.995495495495495319e+00 9.674341614997731540e+02
9.005755755755755487e+00 9.676409744605352898e+02
9.016016016016015655e+00 9.678466931989357818e+02
9.026276276276275823e+00 9.680513156855405441e+02
9.036536536536535991e+00 9.682548399299499806e+02
9.046796796796796158e+00 9.684572639301509298e+02
9.057057057057056326e+00 9.686585856979512528e+02
9.067317317317316494e+00 9.688588032596053381e+02
9.077577577577576662e+00 9.690579146511274757e+02
9.087837837837836830e+00 9.692559179071399740e+02
9.098098098098096997e+00 9.694528110797709815e+02
9.108358358358357165e+00 9.696485922356578158e+02
9.118618618618617333e+00 9.698432594503431119e+02
9.128878878878879277e+00 9.700368107968201912e+02
9.139139139139139445e+00 9.702292443777736253e+02
9.149399399399399613e+00 9.704205582819336087e+02
9.159659659659659781e+00 9.706107506285857198e+02
9.169919919919919948e+00 9.707998195434151967e+02
9.180180180180180116e+00 9.709877631599379129e+02
9.190440440440440284e+00 9.711745796064742535e+02
9.200700700700700452e+00 9.713602670438787072e+02
9.210960960960960620e+00 9.715448236446751480e+02
9.221221221221220787e+00 9.717282475676217928e+02
9.231481481481480955e+00 9.719105370016300185e+02
9.241741741741741123e+00 9.720916901361856617e+02
9.252002002002001291e+00 9.722717051850779626e+02
9.262262262262261459e+00 9.724505803550631526e+02
9.272522522522521626e+00 9.726283138729307893e+02
9.282782782782781794e+00 9.728049039651136809e+02
9.293043043043041962e+00 9.729803488942997092e+02
9.303303303303302130e+00 9.731546469090935716e+02
9.313563563563562298e+00 9.733277962700105945e+02
9.323823823823824242e+00 9.734997952648823230e+02
9.334084084084084409e+00 9.736706421727728866e+02
9.344344344344344577e+00 9.738403352976256429e+02
9.354604604604604745e+00 9.740088729529994680e+02
9.364864864864864913e+00 9.741762534486339291e+02
9.375125125125125081e+00 9.743424751217499988e+02
9.385385385385385248e+00 9.745075363156350932e+02
9.395645645645645416e+00 9.746714353798652155e+02
9.405905905905905584e+00 9.748341706759345016e+02
9.416166166166165752e+00 9.749957405823520276e+02
9.426426426426425920e+00 9.751561434868449396e+02
9.436686686686686087e+00 9.753153777767123529e+02
9.446946946946946255e+00 9.754734418631668404e+02
9.457207207207206423e+00 9.756303341677953540e+02
9.467467467467466591e+00 9.757860531245827360e+02
9.477727727727726759e+00 9.759405971632766068e+02
9.487987987987986926e+00 9.760939647353305872e+02
9.498248248248247094e+00 9.762461543075286272e+02
9.508508508508507262e+00 9.763971643549872397e+02
9.518768768768767430e+00 9.765469933623522820e+02
9.529029029029029374e+00 9.766956398295001236e+02
9.539289289289289542e+00 9.768431022514598681e+02
9.549549549549549710e+00 9.769893791644140038e+02
9.559809809809809877e+00 9.771344690838682254e+02
9.570070070070070045e+00 9.772783705541913832e+02
9.580330330330330213e+00 9.774210821343591533e+02
9.590590590590590381e+00 9.775626023862682814e+02
9.600850850850850549e+00 9.777029298869231297e+02
9.611111111111110716e+00 9.778420632164711606e+02
9.621371371371370884e+00 9.779800009809011954e+02
9.631631631631631052e+00 9.781167417920784146e+02
9.641891891891891220e+00 9.782522842637491749e+02
9.652152152152151388e+00 9.783866270312295228e+02
9.662412412412411555e+00 9.785197687489728651e+02
9.672672672672671723e+00 9.786517080625104654e+02
9.682932932932931891e+00 9.787824436431490085e+02
9.693193193193192059e+00 9.789119741775620014e+02
9.703453453453452227e+00 9.790402983456484662e+02
9.713713713713712394e+00 9.791674148621043514e+02
9.723973973973974338e+00 9.792933224379306694e+02
9.734234234234234506e+00 9.794180198022766035e+02
9.744494494494494674e+00 9.795415056855589455e+02
9.754754754754754842e+00 9.796637788423150823e+02
9.765015015015015010e+00 9.797848380387448515e+02
9.775275275275275177e+00 9.799046820491082599e+02
9.785535535535535345e+00 9.800233096534086599e+02
9.795795795795795513e+00 9.801407196628007341e+02
9.806056056056055681e+00 9.802569108729344407e+02
9.816316316316315849e+00 9.803718821202965046e+02
9.826576576576576016e+00 9.804856322223699863e+02
9.836836836836836184e+00 9.805981600349221026e+02
9.847097097097096352e+00 9.807094644190539157e+02
9.857357357357356520e+00 9.808195442416127889e+02
9.867617617617616688e+00 9.809283983813066925e+02
9.877877877877876855e+00 9.810360257455589590e+02
9.888138138138137023e+00 9.811424252233076686e+02
9.898398398398397191e+00 9.812475957479074395e+02
9.908658658658657359e+00 9.813515362415273557e+02
9.918918918918919303e+00 9.814542456533606583e+02
9.929179179179179471e+00 9.815557229310140883e+02
9.939439439439439639e+00 9.816559670560504856e+02
9.949699699699699806e+00 9.817549769922367204e+02
9.959959959959959974e+00 9.818527517480661118e+02
9.970220220220220142e+00 9.819492903123287988e+02
9.980480480480480310e+00 9.820445917152693482e+02
9.990740740740740478e+00 9.821386549812915518e+02
1.000100100100100065e+01 9.822314791501169111e+02
1.001126126126126081e+01 9.823230632785995340e+02
1.002152152152152098e+01 9.824134064263125765e+02
1.003178178178178115e+01 9.825025076850848791e+02
1.004204204204204132e+01 9.825903661342650821e+02
1.005230230230230148e+01 9.826769808908408095e+02
1.006256256256256165e+01 9.827623510520959371e+02
1.007282282282282182e+01 9.828464757706220780e+02
1.008308308308308199e+01 9.829293541681528268e+02
1.009334334334334216e+01 9.830109854052926721e+02
1.010360360360360232e+01 9.830913686511941023e+02
1.011386386386386249e+01 9.831705030825985432e+02
1.012412412412412444e+01 9.832483878879846770e+02
1.013438438438438460e+01 9.833250222742350388e+02
1.014464464464464477e+01 9.834004054630720475e+02
1.015490490490490494e+01 9.834745366772531270e+02
1.016516516516516511e+01 9.835474151582333207e+02
1.017542542542542527e+01 9.836190401684624476e+02
1.018568568568568544e+01 9.836894109674888114e+02
1.019594594594594561e+01 9.837585268410545041e+02
1.020620620620620578e+01 9.838263870790162855e+02
1.021646646646646595e+01 9.838929909873127144e+02
1.022672672672672611e+01 9.839583378877841824e+02
1.023698698698698628e+01 9.840224271006918570e+02
1.024724724724724645e+01 9.840852579858217268e+02
1.025750750750750662e+01 9.841468298877111920e+02
1.026776776776776678e+01 9.842071421805619593e+02
1.027802802802802695e+01 9.842661942454003565e+02
1.028828828828828712e+01 9.843239854735854806e+02
1.029854854854854729e+01 9.843805152829236249e+02
1.030880880880880746e+01 9.844357830841380519e+02
1.031906906906906940e+01 9.844897883174074877e+02
1.032932932932932957e+01 9.845425304188815971e+02
1.033958958958958974e+01 9.845940088682559690e+02
1.034984984984984990e+01 9.846442231190275152e+02
1.036011011011011007e+01 9.846931726560266043e+02
1.037037037037037024e+01 9.847408569920462469e+02
1.038063063063063041e+01 9.847872756262969460e+02
1.039089089089089057e+01 9.848324280806263005e+02
1.040115115115115074e+01 9.848763138977732297e+02
1.041141141141141091e+01 9.849189326304076531e+02
1.042167167167167108e+01 9.849602838369653455e+02
1.043193193193193125e+01 9.850003670870667065e+02
1.044219219219219141e+01 9.850391819829301312e+02
1.045245245245245158e+01 9.850767281134326367e+02
1.046271271271271175e+01 9.851130050978308645e+02
1.047297297297297192e+01 9.851480125717222336e+02
1.048323323323323208e+01 9.851817501609889405e+02
1.049349349349349225e+01 9.852142175229897703e+02
1.050375375375375242e+01 9.852454143287682200e+02
1.051401401401401436e+01 9.852753402631811923e+02
1.052427427427427453e+01 9.853039950022309768e+02
1.053453453453453470e+01 9.853313782643518834e+02
1.054479479479479487e+01 9.853574897698482573e+02
1.055505505505505504e+01 9.853823292454906095e+02
1.056531531531531520e+01 9.854058964313509250e+02
1.057557557557557537e+01 9.854281910938462943e+02
1.058583583583583554e+01 9.854492130042840472e+02
1.059609609609609571e+01 9.854689619309804129e+02
1.060635635635635587e+01 9.854874376903599114e+02
1.061661661661661604e+01 9.855046400853693740e+02
1.062687687687687621e+01 9.855205689341883044e+02
1.063713713713713638e+01 9.855352240835828752e+02
1.064739739739739655e+01 9.855486053703918969e+02
1.065765765765765671e+01 9.855607126685852108e+02
1.066791791791791688e+01 9.855715458502086221e+02
1.067817817817817705e+01 9.855811047920460624e+02
1.068843843843843722e+01 9.855893894160617492e+02
1.069869869869869738e+01 9.855963996278020431e+02
1.070895895895895755e+01 9.856021353465207540e+02
1.071921921921921950e+01 9.856065965277722398e+02
1.072947947947947966e+01 9.856097831163650653e+02
1.073973973973973983e+01 9.856116950832222301e+02
1.075000000000000000e+01 9.856123324068391867e+02
