15.0 275.0 0.3620035862945792 0.3432863746594603 0.6342474393980239 0.015301896209744174 2421.1966697596067 18.9740615777111 1.691284079094198 0.026492185015246243 0.0 0 1314.046461292982 19.801116828678598
17.5 210.0 0.15079870666647066 0.21972532728770713 0.5466853281678243 0.004671812213219701 2450.4220702449065 6.832007427891626 1.6295895290812834 0.011279282220410873 0.0 0 1144.0277963714423 7.177087579790405
21.5 160.0 1.5174145507165728 0.286644897693526 0.5679163501877896 0.012369937393624091 1682.4366006630664 9.438511175403042 1.7727823798332794 0.02046689988839563 0.0 0 902.7172704142849 9.48472776692448
25.0 120.0 0.10314209006402414 1.1679096505482485 0.5832460079787297 0.016220559696605442 1144.8417312428421 8.752809931313498 1.8410298623261987 0.027608867388161717 0.0 0 601.4476866954288 8.996183108364693
27.5 110.0 0.6522806872938219 0.0724208419278465 0.5460120552813281 0.002624702551545863 1035.1926801054146 1.2901180273694952 1.7044120645126677 0.007254835329918996 0.0 0 332.08283354535575 1.30758787197583
30.0 100.0 1.1636512975216813 0.24062639975161493 0.5108571055539152 0.00790796691860591 736.6007137589081 2.8800744842359776 1.7924232207114312 0.018101154214901955 0.0 0 308.4804208384384 2.90393026338643
32.5 90.0 0.5188768737460918 0.1016078365065562 0.5446768337961512 0.0020600318597292244 638.2052941302857 0.6167813725944803 1.8954854783943742 0.006820678672193244 0.0 0 182.93138255494168 0.6119227814244314
35.0 80.0 0.9688121180139747 0.09433976674507309 0.5434579040131893 0.002947924943074269 467.86156476418483 0.6294761863777096 1.8216234627908725 0.007672193247498939 0.0 0 175.48647175074817 0.6315555907883685
37.5 75.0 1.1814984362282395 0.08683802043306701 0.534959958984008 0.002145591980366646 408.9921839737398 0.3910586924422075 1.8108024897427057 0.008250288533934868 0.0 0 103.76236712136 0.3938162709907836
40.0 70.0 0.10053163258361468 0.6225718645465272 0.5215424202684262 0.009464574701188631 296.43059140734783 1.2369343946540832 1.6771050533747893 0.028233674621116825 0.0 0 100.37512269771842 1.2355384604002417
40.0 70.0 1.8662847181031785 29411596094.213943 0.3961441826647768 126994610.94935203 4.807265696626928e-09 7.1852644365726634 2.047 0 0.0 0 1162 0
21.5 160.0 2.693459134306204 3.225065546703461 0.8211235355961235 0.07984445901014613 1501.786898151022 27.748664076701388 2.047 0 0.0 0 1162 0
21.5 160.0 2.736664648776616 3.1551687718480776 0.820198725373779 0.07899126723116702 1501.8706969781874 27.72923033157264 2.047 0 0.0 0 1162 0
21.5 160.0 2.736605731793571 3.1542712489121314 0.8202062096019093 0.07898547256123753 1501.8738306770724 27.728436453407717 2.047 0 0.0 0 1162 0
21.5 160.0 9.999999999721439 1.4209645964682445 0.57 0 1495.59407434062 27.251825066332287 2.047 0 0.0 0 1162 0
21.5 160.0 12.96996873450452 3.7312799755939534 0.57 0 1515.8004227229987 27.07041356900809 2.047 0 0.0 0 1162 0
21.5 160.0 2.7366551794238307 3.155265040258451 0.8201985139910875 0.07899310922511105 1501.8704629145952 27.728880092409746 2.047 0 0.0 0 1162 0
21.5 160.0 1.6005095548425359 2.3790870214856885 0.811578978058138 0.05815622201496233 1489.0123919604398 24.676742356108964 2.246675947224007 0.045840711342660954 0.0 0 1162 0
21.5 160.0 1.3875869160861238 0.4913894113833593 0.6370614471874847 0.02427488834150373 1607.1047400858379 13.403257079196125 2.047 0 0.0 0 995.4016533980048 10.935866607772928
21.5 160.0 1.4029066774328935 0.49895397310773226 0.6414741501199612 0.021782947455849872 1603.986967239263 10.825329832910187 2.047 0 0.0 0 1000 0
21.5 160.0 1.1043019583517948 0.7319143067105077 0.6335556439749203 0.029145917774442327 1594.636560930532 15.18068341510963 2.2 0 0.0 0 1000 0
21.5 160.0 1.1917086846466671 0.840030213339559 0.6744710985266248 0.03546347051673731 1568.699706336979 17.532355355337884 2.2 0 0.0 0 1040.718501667729 15.379476597973216
