1.500000000000000000e+01 4.111206071727122047e-02
1.596096096096096062e+01 4.616525568354237774e-02
1.692192192192192124e+01 5.143834675329056472e-02
1.788288288288288186e+01 5.691590755613709640e-02
1.884384384384384248e+01 6.258202737910062430e-02
1.980480480480480310e+01 6.842037280205884309e-02
2.076576576576576372e+01 7.441425033277429546e-02
2.172672672672672789e+01 8.054666972713958595e-02
2.268768768768768851e+01 8.680040768096454473e-02
2.364864864864864913e+01 9.315807158221468820e-02
2.460960960960960975e+01 9.960216301710506093e-02
2.557057057057057037e+01 1.061151407297752369e-01
2.653153153153153099e+01 1.126794827433444807e-01
2.749249249249249161e+01 1.192777473599033050e-01
2.845345345345345578e+01 1.258926327683074220e-01
2.941441441441441640e+01 1.325070350014338483e-01
3.037537537537537702e+01 1.391041039986821715e-01
3.133633633633633764e+01 1.456672975448519702e-01
3.229729729729729826e+01 1.521804328729730038e-01
3.325825825825825888e+01 1.586277357360425244e-01
3.421921921921921950e+01 1.649938867708289070e-01
3.518018018018018012e+01 1.712640649957545003e-01
3.614114114114114074e+01 1.774239883042548205e-01
3.710210210210210136e+01 1.834599508347514174e-01
3.806306306306306197e+01 1.893588571183575375e-01
3.902402402402402259e+01 1.951082529254873910e-01
3.998498498498498321e+01 2.006963527525303659e-01
4.094594594594595094e+01 2.061120639095664897e-01
4.190690690690691156e+01 2.113450071895623394e-01
4.286786786786787218e+01 2.163855341185173531e-01
4.382882882882883280e+01 2.212247408044932251e-01
4.478978978978979342e+01 2.258544784212370704e-01
4.575075075075075404e+01 2.302673603791167145e-01
4.671171171171171466e+01 2.344567662522270002e-01
4.767267267267267528e+01 2.384168425457099394e-01
4.863363363363363590e+01 2.421425004014973181e-01
4.959459459459459651e+01 2.456294103537717821e-01
5.055555555555555713e+01 2.488739942573794939e-01
5.151651651651651775e+01 2.518734145232076616e-01
5.247747747747747837e+01 2.546255608040977059e-01
5.343843843843843899e+01 2.571290342832088793e-01
5.439939939939939961e+01 2.593831297238439193e-01
5.536036036036036023e+01 2.613878154456145131e-01
5.632132132132132085e+01 2.631437113964639751e-01
5.728228228228228147e+01 2.646520654934872430e-01
5.824324324324324209e+01 2.659147284077371109e-01
5.920420420420420271e+01 2.669341269692915297e-01
6.016516516516516333e+01 2.677132363688546901e-01
6.112612612612612395e+01 2.682555513310777018e-01
6.208708708708708457e+01 2.685650564327157208e-01
6.304804804804804519e+01 2.686461957357020869e-01
6.400900900900900581e+01 2.685038419013155986e-01
6.496996996996996643e+01 2.681432649468833418e-01
6.593093093093092705e+01 2.675701008009901960e-01
6.689189189189190188e+01 2.667903198070151749e-01
6.785285285285286250e+01 2.658101953180673771e-01
6.881381381381382312e+01 2.646362725191163667e-01
6.977477477477478374e+01 2.632753376043895366e-01
7.073573573573574436e+01 2.617343874300044337e-01
7.169669669669670498e+01 2.600205997534036362e-01
7.265765765765766560e+01 2.581413041625219007e-01
7.361861861861862621e+01 2.561039537888227247e-01
7.457957957957958683e+01 2.539160978894543508e-01
7.554054054054054745e+01 2.515853553748556015e-01
7.650150150150150807e+01 2.491193893492607003e-01
7.746246246246246869e+01 2.465258827227572447e-01
7.842342342342342931e+01 2.438125149448980289e-01
7.938438438438438993e+01 2.409869399014149816e-01
8.034534534534535055e+01 2.380567650073551200e-01
8.130630630630631117e+01 2.350295315220248260e-01
8.226726726726727179e+01 2.319126961034951862e-01
8.322822822822823241e+01 2.287136136131465436e-01
8.418918918918919303e+01 2.254395211738184912e-01
8.515015015015015365e+01 2.220975234786251584e-01
8.611111111111111427e+01 2.186945793413997974e-01
8.707207207207207489e+01 2.152374894740661515e-01
8.803303303303303551e+01 2.117328854710073816e-01
8.899399399399399613e+01 2.081872199757232034e-01
8.995495495495495675e+01 2.046067580007332465e-01
9.091591591591591737e+01 2.009975693677961694e-01
9.187687687687687799e+01 1.973655222320763181e-01
9.283783783783783861e+01 1.937162776508776219e-01
9.379879879879879923e+01 1.900552851549870415e-01
9.475975975975975985e+01 1.863877792785026966e-01
9.572072072072072046e+01 1.827187770012519696e-01
9.668168168168168108e+01 1.790530760565237078e-01
9.764264264264264170e+01 1.753952540558144091e-01
9.860360360360360232e+01 1.717496683816190362e-01
9.956456456456456294e+01 1.681204567989431631e-01
1.005255255255255236e+02 1.645115387361696935e-01
1.014864864864864842e+02 1.609266171861513106e-01
1.024474474474474448e+02 1.573691811788890949e-01
1.034084084084084054e+02 1.538425087778964029e-01
1.043693693693693660e+02 1.503496705532862965e-01
1.053303303303303267e+02 1.468935334857638386e-01
1.062912912912912873e+02 1.434767652570050900e-01
1.072522522522522479e+02 1.401018388833641659e-01
1.082132132132132085e+02 1.367710376514268411e-01
1.091741741741741691e+02 1.334864603156207807e-01
1.101351351351351298e+02 1.302500265198637264e-01
1.110960960960960904e+02 1.270634824070794866e-01
1.120570570570570510e+02 1.239284063823027637e-01
1.130180180180180116e+02 1.208462149970302713e-01
1.139789789789789722e+02 1.178181689244216374e-01
1.149399399399399329e+02 1.148453789969138689e-01
1.159009009009008935e+02 1.119288122797631457e-01
1.168618618618618541e+02 1.090692981559583524e-01
1.178228228228228289e+02 1.062675343998538136e-01
1.187837837837837895e+02 1.035240932187328627e-01
1.197447447447447502e+02 1.008394272433292271e-01
1.207057057057057108e+02 9.821387545009702125e-02
1.216666666666666714e+02 9.564766899972108882e-02
1.226276276276276320e+02 9.314093697799608051e-02
1.235885885885885926e+02 9.069371202676715371e-02
1.245495495495495533e+02 8.830593585412040147e-02
1.255105105105105139e+02 8.597746461442482002e-02
1.264714714714714745e+02 8.370807415016810749e-02
1.274324324324324351e+02 8.149746508878862039e-02
1.283933933933934100e+02 7.934526778888498222e-02
1.293543543543543706e+02 7.725104713128985723e-02
1.303153153153153312e+02 7.521430715151342095e-02
1.312762762762762918e+02 7.323449551101382515e-02
1.322372372372372524e+02 7.131100780561940022e-02
1.331981981981982130e+02 6.944319171022733661e-02
1.341591591591591737e+02 6.763035095963040866e-02
1.351201201201201343e+02 6.587174916598143026e-02
1.360810810810810949e+02 6.416661347400084980e-02
1.370420420420420555e+02 6.251413805555985914e-02
1.380030030030030161e+02 6.091348744574748980e-02
1.389639639639639768e+02 5.936379972294203444e-02
1.399249249249249374e+02 5.786418953577292246e-02
1.408858858858858980e+02 5.641375098016931239e-02
1.418468468468468586e+02 5.501156032996195461e-02
1.428078078078078192e+02 5.365667862472633942e-02
1.437687687687687799e+02 5.234815411874178814e-02
1.447297297297297405e+02 5.108502459508718063e-02
1.456906906906907011e+02 4.986631954901065561e-02
1.466516516516516617e+02 4.869106224479267941e-02
1.476126126126126223e+02 4.755827165037987414e-02
1.485735735735735830e+02 4.646696425409672926e-02
1.495345345345345436e+02 4.541615576775365204e-02
1.504954954954955042e+02 4.440486272045666982e-02
1.514564564564564648e+02 4.343210394739675101e-02
1.524174174174174254e+02 4.249690197785302437e-02
1.533783783783783861e+02 4.159828432658590341e-02
1.543393393393393467e+02 4.073528469272748309e-02
1.553003003003003073e+02 3.990694407019829831e-02
1.562612612612612679e+02 3.911231177359060507e-02
1.572222222222222285e+02 3.835044638336652933e-02
1.581831831831831892e+02 3.762041661411790611e-02
1.591441441441441498e+02 3.692130210953210867e-02
1.601051051051051104e+02 3.625219416759960234e-02
1.610660660660660710e+02 3.561219639949134153e-02
1.620270270270270316e+02 3.500042532542101126e-02
1.629879879879879923e+02 3.441601091069754897e-02
1.639489489489489529e+02 3.385809704506019535e-02
1.649099099099099135e+02 3.332584196827802908e-02
1.658708708708708741e+02 3.281841864488616728e-02
1.668318318318318347e+02 3.233501509082104680e-02
1.677927927927927954e+02 3.187483465461192489e-02
1.687537537537537560e+02 3.143709625568012062e-02
1.697147147147147166e+02 3.102103458219558629e-02
1.706756756756756772e+02 3.062590025084097056e-02
1.716366366366366378e+02 3.025095993073542364e-02
1.725975975975975985e+02 2.989549643367753889e-02
1.735585585585585591e+02 2.955880877277447527e-02
1.745195195195195197e+02 2.924021219143567787e-02
1.754804804804804803e+02 2.893903816462548712e-02
1.764414414414414409e+02 2.865463437418490009e-02
1.774024024024024015e+02 2.838636465995383884e-02
1.783633633633633622e+02 2.813360894834840767e-02
1.793243243243243228e+02 2.789576315997319145e-02
1.802852852852852834e+02 2.767223909777834223e-02
1.812462462462462440e+02 2.746246431720138909e-02
1.822072072072072046e+02 2.726588197966835908e-02
1.831681681681681653e+02 2.708195069076563960e-02
1.841291291291291259e+02 2.691014432433198530e-02
1.850900900900900865e+02 2.674995183366189050e-02
1.860510510510510471e+02 2.660087705095515523e-02
1.870120120120120077e+02 2.646243847609257988e-02
1.879729729729729684e+02 2.633416905576592762e-02
1.889339339339339290e+02 2.621561595393897409e-02
1.898948948948948896e+02 2.610634031457016030e-02
1.908558558558558502e+02 2.600591701747761650e-02
1.918168168168168108e+02 2.591393442818529583e-02
1.927777777777777715e+02 2.582999414254426307e-02
1.937387387387387321e+02 2.575371072688167895e-02
1.946996996996996927e+02 2.568471145439039580e-02
1.956606606606606533e+02 2.562263603843312199e-02
1.966216216216216139e+02 2.556713636339811441e-02
1.975825825825825746e+02 2.551787621370739390e-02
1.985435435435435352e+02 2.547453100154415881e-02
1.995045045045044958e+02 2.543678749383269933e-02
2.004654654654654564e+02 2.540434353897209202e-02
2.014264264264264170e+02 2.537690779379439890e-02
2.023873873873873777e+02 2.535419945118790735e-02
2.033483483483483383e+02 2.533594796879802200e-02
2.043093093093092989e+02 2.532189279919037916e-02
2.052702702702702595e+02 2.531178312183452600e-02
2.062312312312312201e+02 2.530537757724127951e-02
2.071921921921921808e+02 2.530244400356197396e-02
2.081531531531531414e+02 2.530275917593476434e-02
2.091141141141141020e+02 2.530610854884044955e-02
2.100750750750750626e+02 2.531228600170863305e-02
2.110360360360360232e+02 2.532109358799411458e-02
2.119969969969969839e+02 2.533234128792426210e-02
2.129579579579579445e+02 2.534584676509807344e-02
2.139189189189189051e+02 2.536143512710028677e-02
2.148798798798798657e+02 2.537893869027624261e-02
2.158408408408408263e+02 2.539819674879652961e-02
2.168018018018017870e+02 2.541905534812480966e-02
2.177627627627627476e+02 2.544136706298699008e-02
2.187237237237237082e+02 2.546499077992608537e-02
2.196846846846846688e+02 2.548979148451260140e-02
2.206456456456456579e+02 2.551564005326856580e-02
2.216066066066066185e+02 2.554241305034996024e-02
2.225675675675675791e+02 2.556999252902191280e-02
2.235285285285285397e+02 2.559826583794894139e-02
2.244894894894895003e+02 2.562712543231329340e-02
2.254504504504504609e+02 2.565646868976444173e-02
2.264114114114114216e+02 2.568619773119314512e-02
2.273723723723723822e+02 2.571621924631604938e-02
2.283333333333333428e+02 2.574644432404836134e-02
2.292942942942943034e+02 2.577678828763428284e-02
2.302552552552552640e+02 2.580717053449907775e-02
2.312162162162162247e+02 2.583751438077945550e-02
2.321771771771771853e+02 2.586774691048336974e-02
2.331381381381381459e+02 2.589779882922508408e-02
2.340990990990991065e+02 2.592760432247598334e-02
2.350600600600600671e+02 2.595710091826790994e-02
2.360210210210210278e+02 2.598622935428051423e-02
2.369819819819819884e+02 2.601493344924171724e-02
2.379429429429429490e+02 2.604315997856601270e-02
2.389039039039039096e+02 2.607085855415303480e-02
2.398648648648648702e+02 2.609798150826601881e-02
2.408258258258258309e+02 2.612448378140732122e-02
2.417867867867867915e+02 2.615032281410669540e-02
2.427477477477477521e+02 2.617545844253572895e-02
2.437087087087087127e+02 2.619985279786115479e-02
2.446696696696696733e+02 2.622347020924812797e-02
2.456306306306306340e+02 2.624627711042387679e-02
2.465915915915915946e+02 2.626824194971193183e-02
2.475525525525525552e+02 2.628933510344573510e-02
2.485135135135135158e+02 2.630952879267159719e-02
2.494744744744744764e+02 2.632879700304997100e-02
2.504354354354354371e+02 2.634711540786463177e-02
2.513963963963963977e+02 2.636446129404968267e-02
2.523573573573573583e+02 2.638081349114496099e-02
2.533183183183183189e+02 2.639615230309092647e-02
2.542792792792792795e+02 2.641045944277493895e-02
2.552402402402402402e+02 2.642371796924219279e-02
2.562012012012012292e+02 2.643591222748487013e-02
2.571621621621621898e+02 2.644702779072518467e-02
2.581231231231231504e+02 2.645705140510844211e-02
2.590840840840841111e+02 2.646597093672409598e-02
2.600450450450450717e+02 2.647377532087407531e-02
2.610060060060060323e+02 2.648045451350902399e-02
2.619669669669669929e+02 2.648599944475498250e-02
2.629279279279279535e+02 2.649040197445399689e-02
2.638888888888889142e+02 2.649365484964498821e-02
2.648498498498498748e+02 2.649575166391134051e-02
2.658108108108108354e+02 2.649668681852484359e-02
2.667717717717717960e+02 2.649645548531638639e-02
2.677327327327327566e+02 2.649505357120618063e-02
2.686936936936937173e+02 2.649247768432757416e-02
2.696546546546546779e+02 2.648872510168085934e-02
2.706156156156156385e+02 2.648379373825484120e-02
2.715765765765765991e+02 2.647768211755576612e-02
2.725375375375375597e+02 2.647038934348541414e-02
2.734984984984985203e+02 2.646191507351137312e-02
2.744594594594594810e+02 2.645225949307474303e-02
2.754204204204204416e+02 2.644142329118210830e-02
2.763813813813814022e+02 2.642940763713011107e-02
2.773423423423423628e+02 2.641621415831333156e-02
2.783033033033033234e+02 2.640184491906713560e-02
2.792642642642642841e+02 2.638630240049930423e-02
2.802252252252252447e+02 2.636958948126577953e-02
2.811861861861862053e+02 2.635170941924743979e-02
2.821471471471471659e+02 2.633266583408636410e-02
2.831081081081081265e+02 2.631246269054184420e-02
2.840690690690690872e+02 2.629110428262756982e-02
2.850300300300300478e+02 2.626859521849317716e-02
2.859909909909910084e+02 2.624494040601461908e-02
2.869519519519519690e+02 2.622014503905960997e-02
2.879129129129129296e+02 2.619421458439498071e-02
2.888738738738738903e+02 2.616715476920505185e-02
2.898348348348348509e+02 2.613897156919099338e-02
2.907957957957958115e+02 2.610967119722215624e-02
2.917567567567567721e+02 2.607926009251223046e-02
2.927177177177177327e+02 2.604774491029351186e-02
2.936786786786786934e+02 2.601513251196471699e-02
2.946396396396396540e+02 2.598142995568763006e-02
2.956006006006006146e+02 2.594664448741015525e-02
2.965615615615615752e+02 2.591078353229368803e-02
2.975225225225225358e+02 2.587385468652383252e-02
2.984834834834834965e+02 2.583586570948477948e-02
2.994444444444444571e+02 2.579682451627820367e-02
3.004054054054054177e+02 2.575673917056857040e-02
3.013663663663663783e+02 2.571561787773790977e-02
3.023273273273273389e+02 2.567346897833342259e-02
3.032882882882882996e+02 2.563030094179256577e-02
3.042492492492492602e+02 2.558612236043069504e-02
3.052102102102102208e+02 2.554094194367743237e-02
3.061711711711711814e+02 2.549476851254824442e-02
3.071321321321321420e+02 2.544761099433872839e-02
3.080930930930931027e+02 2.539947841752947938e-02
3.090540540540540633e+02 2.535037990689050641e-02
3.100150150150150239e+02 2.530032467877401867e-02
3.109759759759759845e+02 2.524932203658577720e-02
3.119369369369369451e+02 2.519738136642506177e-02
3.128978978978979058e+02 2.514451213288451323e-02
3.138588588588588664e+02 2.509072387500089693e-02
3.148198198198198270e+02 2.503602620234885931e-02
3.157807807807807876e+02 2.498042879126994437e-02
3.167417417417417482e+02 2.492394138122951130e-02
3.177027027027027088e+02 2.486657377129514526e-02
3.186636636636636695e+02 2.480833581672933774e-02
3.196246246246246301e+02 2.474923742569130197e-02
3.205855855855855907e+02 2.468928855604135553e-02
3.215465465465465513e+02 2.462849921224313093e-02
3.225075075075075119e+02 2.456687944235819848e-02
3.234684684684684726e+02 2.450443933512834460e-02
3.244294294294294332e+02 2.444118901714123146e-02
3.253903903903903938e+02 2.437713865007518077e-02
3.263513513513513544e+02 2.431229842801878316e-02
3.273123123123123150e+02 2.424667857486232161e-02
3.282732732732732757e+02 2.418028934175680406e-02
3.292342342342342363e+02 2.411314100463785720e-02
3.301951951951951969e+02 2.404524386181124129e-02
3.311561561561561575e+02 2.397660823159704011e-02
3.321171171171171181e+02 2.390724445003011844e-02
3.330780780780780788e+02 2.383716286861394321e-02
3.340390390390390394e+02 2.376637385212604023e-02
3.350000000000000000e+02 2.369488777647213093e-02
3.359609609609609606e+02 2.362271502658752631e-02
3.369219219219219212e+02 2.354986599438364109e-02
3.378828828828828819e+02 2.347635107673781349e-02
3.388438438438438425e+02 2.340218067352483819e-02
3.398048048048048031e+02 2.332736518568864076e-02
3.407657657657657637e+02 2.325191501335261562e-02
3.417267267267267243e+02 2.317584055396746529e-02
3.426876876876876850e+02 2.309915220049494483e-02
3.436486486486486456e+02 2.302186033962671380e-02
3.446096096096096062e+02 2.294397535003706370e-02
3.455705705705705668e+02 2.286550760066835206e-02
3.465315315315315274e+02 2.278646744904846977e-02
3.474924924924924881e+02 2.270686523963943299e-02
3.484534534534534487e+02 2.262671130221608276e-02
3.494144144144144093e+02 2.254601595027432015e-02
3.503753753753753699e+02 2.246478947946819668e-02
3.513363363363363305e+02 2.238304216607515593e-02
3.522972972972972912e+02 2.230078426548870105e-02
3.532582582582582518e+02 2.221802601073828709e-02
3.542192192192192124e+02 2.213477761103543190e-02
3.551801801801801730e+02 2.205104925034602481e-02
3.561411411411411336e+02 2.196685108598810110e-02
3.571021021021020942e+02 2.188219324725476644e-02
3.580630630630630549e+02 2.179708583406186548e-02
3.590240240240240155e+02 2.171153891562006832e-02
3.599849849849849761e+02 2.162556252913093793e-02
3.609459459459459367e+02 2.153916667850684988e-02
3.619069069069068973e+02 2.145236133311438642e-02
3.628678678678678580e+02 2.136515642654069139e-02
3.638288288288288186e+02 2.127756185538307726e-02
3.647897897897897792e+02 2.118958747806107615e-02
3.657507507507507398e+02 2.110124311365113928e-02
3.667117117117117004e+02 2.101253854074345770e-02
3.676726726726726611e+02 2.092348349632095275e-02
3.686336336336336217e+02 2.083408767466014486e-02
3.695945945945945823e+02 2.074436072625366820e-02
3.705555555555555429e+02 2.065431225675435842e-02
3.715165165165165035e+02 2.056395182594073986e-02
3.724774774774774642e+02 2.047328894670376320e-02
3.734384384384384248e+02 2.038233308405449154e-02
3.743993993993993854e+02 2.029109365415298141e-02
3.753603603603603460e+02 2.019958002335763697e-02
3.763213213213213066e+02 2.010780150729557514e-02
3.772822822822822673e+02 2.001576736995334602e-02
3.782432432432432279e+02 1.992348682278809180e-02
3.792042042042041885e+02 1.983096902385909216e-02
3.801651651651651491e+02 1.973822307697940467e-02
3.811261261261261097e+02 1.964525803088763498e-02
3.820870870870870704e+02 1.955208287843967704e-02
3.830480480480480310e+02 1.945870655582015302e-02
3.840090090090089916e+02 1.936513794177380232e-02
3.849699699699699522e+02 1.927138585685622338e-02
3.859309309309309128e+02 1.917745906270433565e-02
3.868918918918918735e+02 1.908336626132605199e-02
3.878528528528528341e+02 1.898911609440934872e-02
3.888138138138137947e+02 1.889471714265036212e-02
3.897747747747747553e+02 1.880017792510061889e-02
3.907357357357357159e+02 1.870550689853316129e-02
3.916966966966966766e+02 1.861071245682741418e-02
3.926576576576576372e+02 1.851580293037282526e-02
3.936186186186185978e+02 1.842078658549100439e-02
3.945795795795795584e+02 1.832567162387631690e-02
3.955405405405405190e+02 1.823046618205483027e-02
3.965015015015014797e+02 1.813517833086137829e-02
3.974624624624624403e+02 1.803981607493480507e-02
3.984234234234234009e+02 1.794438735223107331e-02
3.993843843843843615e+02 1.784890003355413604e-02
4.003453453453453221e+02 1.775336192210466915e-02
4.013063063063062827e+02 1.765778075304613726e-02
4.022672672672672434e+02 1.756216419308846005e-02
4.032282282282282040e+02 1.746651984008883163e-02
4.041891891891891646e+02 1.737085522266976212e-02
4.051501501501501252e+02 1.727517779985401902e-02
4.061111111111110858e+02 1.717949496071659310e-02
4.070720720720720465e+02 1.708381402405325170e-02
4.080330330330330071e+02 1.698814223806567950e-02
4.089939939939939677e+02 1.689248678006314425e-02
4.099549549549549283e+02 1.679685475618028501e-02
4.109159159159158889e+02 1.670125320111118944e-02
4.118768768768768496e+02 1.660568907785936812e-02
4.128378378378378102e+02 1.651016927750354954e-02
4.137987987987987708e+02 1.641470061897921939e-02
4.147597597597597314e+02 1.631928984887553308e-02
4.157207207207206920e+02 1.622394364124780594e-02
4.166816816816816527e+02 1.612866859744499504e-02
4.176426426426426133e+02 1.603347124595233888e-02
4.186036036036035739e+02 1.593835804224883607e-02
4.195645645645645345e+02 1.584333536867950365e-02
4.205255255255254951e+02 1.574840953434206506e-02
4.214864864864864558e+02 1.565358677498817491e-02
4.224474474474474164e+02 1.555887325293871248e-02
4.234084084084083770e+02 1.546427505701334672e-02
4.243693693693693376e+02 1.536979820247366853e-02
4.253303303303303551e+02 1.527544863098041251e-02
4.262912912912913157e+02 1.518123221056389902e-02
4.272522522522522763e+02 1.508715473560807291e-02
4.282132132132132369e+02 1.499322192684764132e-02
4.291741741741741976e+02 1.489943943137829636e-02
4.301351351351351582e+02 1.480581282267969152e-02
4.310960960960961188e+02 1.471234760065131750e-02
4.320570570570570794e+02 1.461904919166059566e-02
4.330180180180180400e+02 1.452592294860358992e-02
4.339789789789790007e+02 1.443297415097765345e-02
4.349399399399399613e+02 1.434020800496624108e-02
4.359009009009009219e+02 1.424762964353535818e-02
4.368618618618618825e+02 1.415524412654173975e-02
4.378228228228228431e+02 1.406305644085251334e-02
4.387837837837838038e+02 1.397107150047600076e-02
4.397447447447447644e+02 1.387929414670375540e-02
4.407057057057057250e+02 1.378772914826342441e-02
4.416666666666666856e+02 1.369638120148239900e-02
4.426276276276276462e+02 1.360525493046202405e-02
4.435885885885886069e+02 1.351435488726212414e-02
4.445495495495495675e+02 1.342368555209585805e-02
4.455105105105105281e+02 1.333325133353448731e-02
4.464714714714714887e+02 1.324305656872204993e-02
4.474324324324324493e+02 1.315310552359970873e-02
4.483933933933934100e+02 1.306340239313951747e-02
4.493543543543543706e+02 1.297395130158767590e-02
4.503153153153153312e+02 1.288475630271669441e-02
4.512762762762762918e+02 1.279582138008672140e-02
4.522372372372372524e+02 1.270715044731554090e-02
4.531981981981982130e+02 1.261874734835724370e-02
4.541591591591591737e+02 1.253061585778926859e-02
4.551201201201201343e+02 1.244275968110778591e-02
4.560810810810810949e+02 1.235518245503113531e-02
4.570420420420420555e+02 1.226788774781111500e-02
4.580030030030030161e+02 1.218087905955213615e-02
4.589639639639639768e+02 1.209415982253781927e-02
4.599249249249249374e+02 1.200773340156506899e-02
4.608858858858858980e+02 1.192160309428538442e-02
4.618468468468468586e+02 1.183577213155311697e-02
4.628078078078078192e+02 1.175024367778075562e-02
4.637687687687687799e+02 1.166502083130085271e-02
4.647297297297297405e+02 1.158010662473448783e-02
4.656906906906907011e+02 1.149550402536617458e-02
4.666516516516516617e+02 1.141121593552493589e-02
4.676126126126126223e+02 1.132724519297145620e-02
4.685735735735735830e+02 1.124359457129110382e-02
4.695345345345345436e+02 1.116026678029275777e-02
4.704954954954955042e+02 1.107726446641304867e-02
4.714564564564564648e+02 1.099459021312617843e-02
4.724174174174174254e+02 1.091224654135885576e-02
4.733783783783783861e+02 1.083023590991040279e-02
4.743393393393393467e+02 1.074856071587773458e-02
4.753003003003003073e+02 1.066722329508515942e-02
4.762612612612612679e+02 1.058622592251877784e-02
4.772222222222222285e+02 1.050557081276534167e-02
4.781831831831831892e+02 1.042526012045544639e-02
4.791441441441441498e+02 1.034529594071089548e-02
4.801051051051051104e+02 1.026568030959603382e-02
4.810660660660660710e+02 1.018641520457299297e-02
4.820270270270270316e+02 1.010750254496067813e-02
4.829879879879879923e+02 1.002894419239722286e-02
4.839489489489489529e+02 9.950741951306019129e-03
4.849099099099099135e+02 9.872897569364897513e-03
4.858708708708708741e+02 9.795412737978563544e-03
4.868318318318318347e+02 9.718289092753972652e-03
4.877927927927927954e+02 9.641528213978583020e-03
4.887537537537537560e+02 9.565131627101382261e-03
4.897147147147147166e+02 9.489100803216438118e-03
4.906756756756756772e+02 9.413437159548978389e-03
4.916366366366366378e+02 9.338142059943748546e-03
4.925975975975975985e+02 9.263216815355588066e-03
4.935585585585585591e+02 9.188662684342093628e-03
4.945195195195195197e+02 9.114480873558187049e-03
4.954804804804804803e+02 9.040672538252490786e-03
4.964414414414414409e+02 8.967238782765438176e-03
4.974024024024024015e+02 8.894180661028927570e-03
4.983633633633633622e+02 8.821499177067372924e-03
4.993243243243243228e+02 8.749195285500149105e-03
5.002852852852852834e+02 8.677269892045202937e-03
5.012462462462462440e+02 8.605723854023746705e-03
5.022072072072072046e+02 8.534557980865931787e-03
5.031681681681681653e+02 8.463773034617391375e-03
5.041291291291291259e+02 8.393369730446496174e-03
5.050900900900900865e+02 8.323348737152264087e-03
5.060510510510510471e+02 8.253710677672814605e-03
5.070120120120120077e+02 8.184456129594204835e-03
5.079729729729729684e+02 8.115585625659558697e-03
5.089339339339339290e+02 8.047099654278482353e-03
5.098948948948948896e+02 7.978998660036523000e-03
5.108558558558558502e+02 7.911283044204596437e-03
5.118168168168168108e+02 7.843953165248419845e-03
5.127777777777778283e+02 7.777009339337653988e-03
5.137387387387386752e+02 7.710451840854837258e-03
5.146996996996997495e+02 7.644280902903784550e-03
5.156606606606605965e+02 7.578496717817752824e-03
5.166216216216216708e+02 7.513099437666759250e-03
5.175825825825825177e+02 7.448089174764493427e-03
5.185435435435435920e+02 7.383466002174219993e-03
5.195045045045044390e+02 7.319229954214128732e-03
5.204654654654655133e+02 7.255381026961494652e-03
5.214264264264263602e+02 7.191919178756060044e-03
5.223873873873874345e+02 7.128844330702112896e-03
5.233483483483482814e+02 7.066156367169656310e-03
5.243093093093093557e+02 7.003855136294005398e-03
5.252702702702702027e+02 6.941940450474443948e-03
5.262312312312312770e+02 6.880412086871083056e-03
5.271921921921922376e+02 6.819269787900597395e-03
5.281531531531531982e+02 6.758513261730167768e-03
5.291141141141141588e+02 6.698142182769933548e-03
5.300750750750751195e+02 6.638156192163720791e-03
5.310360360360360801e+02 6.578554898277998338e-03
5.319969969969970407e+02 6.519337877189054081e-03
5.329579579579580013e+02 6.460504673168256107e-03
5.339189189189189619e+02 6.402054799165346650e-03
5.348798798798799226e+02 6.343987737289772354e-03
5.358408408408408832e+02 6.286302939289899888e-03
5.368018018018018438e+02 6.228999827030094402e-03
5.377627627627628044e+02 6.172077792965672063e-03
5.387237237237237650e+02 6.115536200615516796e-03
5.396846846846847257e+02 6.059374385032447081e-03
5.406456456456456863e+02 6.003591653271219200e-03
5.416066066066066469e+02 5.948187284854148695e-03
5.425675675675676075e+02 5.893160532234201741e-03
5.435285285285285681e+02 5.838510621255669185e-03
5.444894894894895288e+02 5.784236751612202056e-03
5.454504504504504894e+02 5.730338097302323068e-03
5.464114114114114500e+02 5.676813807082237151e-03
5.473723723723724106e+02 5.623663004915964436e-03
5.483333333333333712e+02 5.570884790422761003e-03
5.492942942942943318e+02 5.518478239321725903e-03
5.502552552552552925e+02 5.466442403873648243e-03
5.512162162162162531e+02 5.414776313319952933e-03
5.521771771771772137e+02 5.363478974318768543e-03
5.531381381381381743e+02 5.312549371378101626e-03
5.540990990990991349e+02 5.261986467286007378e-03
5.550600600600600956e+02 5.211789203537776569e-03
5.560210210210210562e+02 5.161956500760131808e-03
5.569819819819820168e+02 5.112487259132314325e-03
5.579429429429429774e+02 5.063380358804108958e-03
5.589039039039039380e+02 5.014634660310755311e-03
5.598648648648648987e+02 4.966249004984731215e-03
5.608258258258258593e+02 4.918222215364299182e-03
5.617867867867868199e+02 4.870553095598957258e-03
5.627477477477477805e+02 4.823240431851570469e-03
5.637087087087087411e+02 4.776282992697337276e-03
5.646696696696697018e+02 4.729679529519445307e-03
5.656306306306306624e+02 4.683428776901477943e-03
5.665915915915916230e+02 4.637529453016455555e-03
5.675525525525525836e+02 4.591980260012634533e-03
5.685135135135135442e+02 4.546779884395896719e-03
5.694744744744745049e+02 4.501926997408819443e-03
5.704354354354354655e+02 4.457420255406343776e-03
5.713963963963964261e+02 4.413258300228087815e-03
5.723573573573573867e+02 4.369439759567241705e-03
5.733183183183183473e+02 4.325963247336019231e-03
5.742792792792793080e+02 4.282827364027732772e-03
5.752402402402402686e+02 4.240030697075414419e-03
5.762012012012012292e+02 4.197571821206958972e-03
5.771621621621621898e+02 4.155449298796856476e-03
5.781231231231231504e+02 4.113661680214438822e-03
5.790840840840841111e+02 4.072207504168639559e-03
5.800450450450450717e+02 4.031085298049325027e-03
5.810060060060060323e+02 3.990293578265082311e-03
5.819669669669669929e+02 3.949830850577551629e-03
5.829279279279279535e+02 3.909695610432290143e-03
5.838888888888889142e+02 3.869886343286089991e-03
5.848498498498498748e+02 3.830401524930836851e-03
5.858108108108108354e+02 3.791239621813853513e-03
5.867717717717717960e+02 3.752399091354774018e-03
5.877327327327327566e+02 3.713878382258871142e-03
5.886936936936937173e+02 3.675675934826911836e-03
5.896546546546546779e+02 3.637790181261556666e-03
5.906156156156156385e+02 3.600219545970196992e-03
5.915765765765765991e+02 3.562962445864321405e-03
5.925375375375375597e+02 3.526017290655442202e-03
5.934984984984985203e+02 3.489382483147491706e-03
5.944594594594594810e+02 3.453056419525740023e-03
5.954204204204204416e+02 3.417037489642279786e-03
5.963813813813814022e+02 3.381324077298011530e-03
5.973423423423423628e+02 3.345914560521175661e-03
5.983033033033033234e+02 3.310807311842460087e-03
5.992642642642642841e+02 3.276000698566631023e-03
6.002252252252252447e+02 3.241493083040748562e-03
6.011861861861862053e+02 3.207282822918962242e-03
6.021471471471471659e+02 3.173368271423881396e-03
6.031081081081081265e+02 3.139747777604535040e-03
6.040690690690690872e+02 3.106419686590966827e-03
6.050300300300300478e+02 3.073382339845421706e-03
6.059909909909910084e+02 3.040634075410178494e-03
6.069519519519519690e+02 3.008173228151994096e-03
6.079129129129129296e+02 2.975998130003266930e-03
6.088738738738738903e+02 2.944107110199806372e-03
6.098348348348348509e+02 2.912498495515298842e-03
6.107957957957958115e+02 2.881170610492512184e-03
6.117567567567567721e+02 2.850121777671155068e-03
6.127177177177177327e+02 2.819350317812502858e-03
6.136786786786786934e+02 2.788854550120735756e-03
6.146396396396396540e+02 2.758632792461078106e-03
6.156006006006006146e+02 2.728683361574657344e-03
6.165615615615615752e+02 2.699004573290210082e-03
6.175225225225225358e+02 2.669594742732543831e-03
6.184834834834834965e+02 2.640452184527860170e-03
6.194444444444444571e+02 2.611575213005919421e-03
6.204054054054054177e+02 2.582962142399057668e-03
6.213663663663663783e+02 2.554611287038056986e-03
6.223273273273273389e+02 2.526520961544984241e-03
6.232882882882882996e+02 2.498689481022870525e-03
6.242492492492492602e+02 2.471115161242384319e-03
6.252102102102102208e+02 2.443796318825419440e-03
6.261711711711711814e+02 2.416731271425691472e-03
6.271321321321321420e+02 2.389918337906319669e-03
6.280930930930931027e+02 2.363355838514406490e-03
6.290540540540540633e+02 2.337042095052681116e-03
6.300150150150150239e+02 2.310975431048197838e-03
6.309759759759759845e+02 2.285154171918094956e-03
6.319369369369369451e+02 2.259576645132453654e-03
6.328978978978979058e+02 2.234241180374318871e-03
6.338588588588588664e+02 2.209146109696806699e-03
6.348198198198198270e+02 2.184289767677415842e-03
6.357807807807807876e+02 2.159670491569512345e-03
6.367417417417417482e+02 2.135286621451018812e-03
6.377027027027027088e+02 2.111136500370348022e-03
6.386636636636636695e+02 2.087218474489577463e-03
6.396246246246246301e+02 2.063530893224902081e-03
6.405855855855855907e+02 2.040072109384401255e-03
6.415465465465465513e+02 2.016840479303099159e-03
6.425075075075075119e+02 1.993834362975404825e-03
6.434684684684684726e+02 1.971052124184879441e-03
6.444294294294294332e+02 1.948492130631431906e-03
6.453903903903903938e+02 1.926152754055909929e-03
6.463513513513513544e+02 1.904032370362132619e-03
6.473123123123123150e+02 1.882129359736369563e-03
6.482732732732732757e+02 1.860442106764343372e-03
6.492342342342342363e+02 1.838969000545691290e-03
6.501951951951951969e+02 1.817708434805997107e-03
6.511561561561561575e+02 1.796658808006352387e-03
6.521171171171171181e+02 1.775818523450517061e-03
6.530780780780780788e+02 1.755185989389669403e-03
6.540390390390390394e+02 1.734759619124786375e-03
6.550000000000000000e+02 1.714537831106673202e-03
6.559609609609609606e+02 1.694519049033675357e-03
6.569219219219219212e+02 1.674701701947079466e-03
6.578828828828828819e+02 1.655084224324228272e-03
6.588438438438438425e+02 1.635665056169414511e-03
6.598048048048048031e+02 1.616442643102506630e-03
6.607657657657657637e+02 1.597415436445385941e-03
6.617267267267267243e+02 1.578581893306201054e-03
6.626876876876876850e+02 1.559940476661467136e-03
6.636486486486486456e+02 1.541489655436023651e-03
6.646096096096096062e+02 1.523227904580873576e-03
6.655705705705705668e+02 1.505153705148960666e-03
6.665315315315315274e+02 1.487265544368859653e-03
6.674924924924924881e+02 1.469561915716431156e-03
6.684534534534534487e+02 1.452041318984474520e-03
6.694144144144144093e+02 1.434702260350367940e-03
6.703753753753753699e+02 1.417543252441755058e-03
6.713363363363363305e+02 1.400562814400283917e-03
6.722972972972972912e+02 1.383759471943414934e-03
6.732582582582582518e+02 1.367131757424330666e-03
6.742192192192192124e+02 1.350678209889993094e-03
6.751801801801801730e+02 1.334397375137318749e-03
6.761411411411411336e+02 1.318287805767533009e-03
6.771021021021020942e+02 1.302348061238736568e-03
6.780630630630630549e+02 1.286576707916667122e-03
6.790240240240240155e+02 1.270972319123708349e-03
6.799849849849849761e+02 1.255533475186161553e-03
6.809459459459459367e+02 1.240258763479811866e-03
6.819069069069068973e+02 1.225146778473783140e-03
6.828678678678678580e+02 1.210196121772739650e-03
6.838288288288288186e+02 1.195405402157431783e-03
6.847897897897897792e+02 1.180773235623628443e-03
6.857507507507507398e+02 1.166298245419423790e-03
6.867117117117117004e+02 1.151979062080994883e-03
6.876726726726726611e+02 1.137814323466771610e-03
6.886336336336336217e+02 1.123802674790084404e-03
6.895945945945945823e+02 1.109942768650299489e-03
6.905555555555555429e+02 1.096233265062452082e-03
6.915165165165165035e+02 1.082672831485407888e-03
6.924774774774774642e+02 1.069260142848579365e-03
6.934384384384384248e+02 1.055993881577218206e-03
6.943993993993993854e+02 1.042872737616272125e-03
6.953603603603603460e+02 1.029895408452892892e-03
6.963213213213213066e+02 1.017060599137547270e-03
6.972822822822822673e+02 1.004367022303792427e-03
6.982432432432432279e+02 9.918133981867312265e-04
6.992042042042041885e+02 9.793984546401532463e-04
7.001651651651651491e+02 9.671209271523957887e-04
7.011261261261261097e+02 9.549795588609399531e-04
7.020870870870870704e+02 9.429731005657587904e-04
7.030480480480480310e+02 9.311003107414478992e-04
7.040090090090089916e+02 9.193599555481394387e-04
7.049699699699699522e+02 9.077508088412432515e-04
7.059309309309309128e+02 8.962716521800095665e-04
7.068918918918918735e+02 8.849212748349531829e-04
7.078528528528528341e+02 8.736984737941462867e-04
7.088138138138137947e+02 8.626020537684028896e-04
7.097747747747747553e+02 8.516308271953680056e-04
7.107357357357357159e+02 8.407836142425461528e-04
7.116966966966966766e+02 8.300592428092659278e-04
7.126576576576576372e+02 8.194565485276126366e-04
7.136186186186185978e+02 8.089743747623464373e-04
7.145795795795795584e+02 7.986115726098217153e-04
7.155405405405405190e+02 7.883670008959208116e-04
7.165015015015014797e+02 7.782395261730262791e-04
7.174624624624624403e+02 7.682280227160550885e-04
7.184234234234234009e+02 7.583313725175496855e-04
7.193843843843843615e+02 7.485484652818702456e-04
7.203453453453453221e+02 7.388781984184851969e-04
7.213063063063062827e+02 7.293194770343915632e-04
7.222672672672672434e+02 7.198712139256644750e-04
7.232282282282282040e+02 7.105323295681736885e-04
7.241891891891891646e+02 7.013017521074629921e-04
7.251501501501501252e+02 6.921784173478228580e-04
7.261111111111110858e+02 6.831612687405689156e-04
7.270720720720720465e+02 6.742492573715388234e-04
7.280330330330330071e+02 6.654413419478182740e-04
7.289939939939939677e+02 6.567364887837353780e-04
7.299549549549549283e+02 6.481336717861091185e-04
7.309159159159158889e+02 6.396318724387781108e-04
7.318768768768768496e+02 6.312300797864418703e-04
7.328378378378378102e+02 6.229272904177982160e-04
7.337987987987987708e+02 6.147225084480174677e-04
7.347597597597597314e+02 6.066147455005540872e-04
7.357207207207206920e+02 5.986030206883202667e-04
7.366816816816816527e+02 5.906863605942218971e-04
7.376426426426426133e+02 5.828637992510861919e-04
7.386036036036035739e+02 5.751343781209832407e-04
7.395645645645645345e+02 5.674971460739645880e-04
7.405255255255254951e+02 5.599511593662246907e-04
7.414864864864864558e+02 5.524954816177030364e-04
7.424474474474474164e+02 5.451291837891380880e-04
7.434084084084083770e+02 5.378513441585886694e-04
7.443693693693693376e+02 5.306610482974384027e-04
7.453303303303302982e+02 5.235573890458833065e-04
7.462912912912912589e+02 5.165394664879293350e-04
7.472522522522522195e+02 5.096063879259103745e-04
7.482132132132131801e+02 5.027572678545321177e-04
7.491741741741741407e+02 4.959912279344532013e-04
7.501351351351351013e+02 4.893073969654339632e-04
7.510960960960960620e+02 4.827049108590372620e-04
7.520570570570570226e+02 4.761829126109150766e-04
7.530180180180179832e+02 4.697405522726797486e-04
7.539789789789789438e+02 4.633769869233843146e-04
7.549399399399399044e+02 4.570913806406040700e-04
7.559009009009008651e+02 4.508829044711513468e-04
7.568618618618618257e+02 4.447507364014173796e-04
7.578228228228227863e+02 4.386940613273659808e-04
7.587837837837837469e+02 4.327120710241792951e-04
7.597447447447447075e+02 4.268039641155715706e-04
7.607057057057056682e+02 4.209689460427801645e-04
7.616666666666666288e+02 4.152062290332441340e-04
7.626276276276275894e+02 4.095150320689810411e-04
7.635885885885885500e+02 4.038945808546729735e-04
7.645495495495495106e+02 3.983441077854640053e-04
7.655105105105104712e+02 3.928628519144934921e-04
7.664714714714714319e+02 3.874500589201636280e-04
7.674324324324323925e+02 3.821049810731466309e-04
7.683933933933933531e+02 3.768268772031613733e-04
7.693543543543543137e+02 3.716150126655022178e-04
7.703153153153152743e+02 3.664686593073498196e-04
7.712762762762762350e+02 3.613870954338598853e-04
7.722372372372371956e+02 3.563696057740515155e-04
7.731981981981981562e+02 3.514154814464855387e-04
7.741591591591591168e+02 3.465240199247616743e-04
7.751201201201200774e+02 3.416945250028273701e-04
7.760810810810810381e+02 3.369263067601141427e-04
7.770420420420419987e+02 3.322186815265079814e-04
7.780030030030029593e+02 3.275709718471641685e-04
7.789639639639639199e+02 3.229825064471658126e-04
7.799249249249248805e+02 3.184526201960446870e-04
7.808858858858858412e+02 3.139806540721694719e-04
7.818468468468468018e+02 3.095659551270013967e-04
7.828078078078077624e+02 3.052078764492311097e-04
7.837687687687687230e+02 3.009057771288072892e-04
7.847297297297296836e+02 2.966590222208573767e-04
7.856906906906906443e+02 2.924669827095065580e-04
7.866516516516516049e+02 2.883290354716124470e-04
7.876126126126125655e+02 2.842445632404091310e-04
7.885735735735735261e+02 2.802129545690762967e-04
7.895345345345344867e+02 2.762336037942377215e-04
7.904954954954954474e+02 2.723059109993920010e-04
7.914564564564564080e+02 2.684292819782868448e-04
7.924174174174173686e+02 2.646031281982433358e-04
7.933783783783783292e+02 2.608268667634294487e-04
7.943393393393392898e+02 2.570999203780956221e-04
7.953003003003002505e+02 2.534217173097788340e-04
7.962612612612612111e+02 2.497916913524743138e-04
7.972222222222221717e+02 2.462092817897867090e-04
7.981831831831831323e+02 2.426739333580637690e-04
7.991441441441440929e+02 2.391850962095193767e-04
8.001051051051050536e+02 2.357422258753498847e-04
8.010660660660660142e+02 2.323447832288479857e-04
8.020270270270269748e+02 2.289922344485251205e-04
8.029879879879879354e+02 2.256840509812387918e-04
8.039489489489488960e+02 2.224197095053363044e-04
8.049099099099098567e+02 2.191986918938203244e-04
8.058708708708708173e+02 2.160204851775338183e-04
8.068318318318317779e+02 2.128845815083759742e-04
8.077927927927927385e+02 2.097904781225544153e-04
8.087537537537536991e+02 2.067376773038711603e-04
8.097147147147146597e+02 2.037256863470522227e-04
8.106756756756756204e+02 2.007540175211261610e-04
8.116366366366365810e+02 1.978221880328507145e-04
8.125975975975975416e+02 1.949297199901972263e-04
8.135585585585585022e+02 1.920761403658903879e-04
8.145195195195194628e+02 1.892609809610172101e-04
8.154804804804804235e+02 1.864837783686975497e-04
8.164414414414413841e+02 1.837440739378279006e-04
8.174024024024023447e+02 1.810414137368995889e-04
8.183633633633633053e+02 1.783753485178965752e-04
8.193243243243242659e+02 1.757454336802724310e-04
8.202852852852852266e+02 1.731512292350152976e-04
8.212462462462461872e+02 1.705922997687987417e-04
8.222072072072071478e+02 1.680682144082285890e-04
8.231681681681681084e+02 1.655785467841808863e-04
8.241291291291290690e+02 1.631228749962428072e-04
8.250900900900900297e+02 1.607007815772492395e-04
8.260510510510509903e+02 1.583118534579301510e-04
8.270120120120119509e+02 1.559556819316626616e-04
8.279729729729729115e+02 1.536318626193318611e-04
8.289339339339338721e+02 1.513399954343085585e-04
8.298948948948948328e+02 1.490796845475404926e-04
8.308558558558557934e+02 1.468505383527620193e-04
8.318168168168167540e+02 1.446521694318269908e-04
8.327777777777777146e+02 1.424841945201634722e-04
8.337387387387386752e+02 1.403462344723557169e-04
8.346996996996996359e+02 1.382379142278532366e-04
8.356606606606607102e+02 1.361588627768130395e-04
8.366216216216216708e+02 1.341087131260746822e-04
8.375825825825826314e+02 1.320871022652665109e-04
8.385435435435435920e+02 1.300936711330561823e-04
8.395045045045045526e+02 1.281280645835357617e-04
8.404654654654655133e+02 1.261899313527491487e-04
8.414264264264264739e+02 1.242789240253652208e-04
8.423873873873874345e+02 1.223946990014950398e-04
8.433483483483483951e+02 1.205369164636536499e-04
8.443093093093093557e+02 1.187052403438765513e-04
8.452702702702703164e+02 1.168993382909816735e-04
8.462312312312312770e+02 1.151188816379862675e-04
8.471921921921922376e+02 1.133635453696779579e-04
8.481531531531531982e+02 1.116330080903399553e-04
8.491141141141141588e+02 1.099269519916338031e-04
8.500750750750751195e+02 1.082450628206418680e-04
8.510360360360360801e+02 1.065870298480675002e-04
8.519969969969970407e+02 1.049525458365986109e-04
8.529579579579580013e+02 1.033413070094317646e-04
8.539189189189189619e+02 1.017530130189618035e-04
8.548798798798799226e+02 1.001873669156350767e-04
8.558408408408408832e+02 9.864407511696928485e-05
8.568018018018018438e+02 9.712284737674103724e-05
8.577627627627628044e+02 9.562339675434059264e-05
8.587237237237237650e+02 9.414543958429607477e-05
8.596846846846847257e+02 9.268869544596900509e-05
8.606456456456456863e+02 9.125288713342000115e-05
8.616066066066066469e+02 8.983774062544590093e-05
8.625675675675676075e+02 8.844298505579094218e-05
8.635285285285285681e+02 8.706835268353130578e-05
8.644894894894895288e+02 8.571357886363325336e-05
8.654504504504504894e+02 8.437840201768727160e-05
8.664114114114114500e+02 8.306256360481678667e-05
8.673723723723724106e+02 8.176580809276498595e-05
8.683333333333333712e+02 8.048788292915702298e-05
8.692942942942943318e+02 7.922853851294032980e-05
8.702552552552552925e+02 7.798752816600276543e-05
8.712162162162162531e+02 7.676460810496975274e-05
8.721771771771772137e+02 7.555953741317982062e-05
8.731381381381381743e+02 7.437207801283973079e-05
8.740990990990991349e+02 7.320199463735871479e-05
8.750600600600600956e+02 7.204905480386404376e-05
8.760210210210210562e+02 7.091302878589591174e-05
8.769819819819820168e+02 6.979368958628270306e-05
8.779429429429429774e+02 6.869081291019824313e-05
8.789039039039039380e+02 6.760417713839927067e-05
8.798648648648648987e+02 6.653356330064401239e-05
8.808258258258258593e+02 6.547875504929297143e-05
8.817867867867868199e+02 6.443953863309049288e-05
8.827477477477477805e+02 6.341570287112764865e-05
8.837087087087087411e+02 6.240703912698786454e-05
8.846696696696697018e+02 6.141334128307359558e-05
8.856306306306306624e+02 6.043440571511375815e-05
8.865915915915916230e+02 5.947003126685454819e-05
8.875525525525525836e+02 5.852001922493058923e-05
8.885135135135135442e+02 5.758417329391795546e-05
8.894744744744745049e+02 5.666229957156813447e-05
8.904354354354354655e+02 5.575420652422478657e-05
8.913963963963964261e+02 5.485970496241941100e-05
8.923573573573573867e+02 5.397860801664928679e-05
8.933183183183183473e+02 5.311073111333650256e-05
8.942792792792793080e+02 5.225589195096616427e-05
8.952402402402402686e+02 5.141391047640571214e-05
8.962012012012012292e+02 5.058460886140462171e-05
8.971621621621621898e+02 4.976781147927244266e-05
8.981231231231231504e+02 4.896334488173778409e-05
8.990840840840841111e+02 4.817103777598503452e-05
9.000450450450450717e+02 4.739072100187067318e-05
9.010060060060060323e+02 4.662222750931758011e-05
9.019669669669669929e+02 4.586539233588727074e-05
9.029279279279279535e+02 4.512005258452934323e-05
9.038888888888889142e+02 4.438604740150887729e-05
9.048498498498498748e+02 4.366321795450956182e-05
9.058108108108108354e+02 4.295140741091362213e-05
9.067717717717717960e+02 4.225046091625692021e-05
9.077327327327327566e+02 4.156022557285992628e-05
9.086936936936937173e+02 4.088055041863285379e-05
9.096546546546546779e+02 4.021128640605504603e-05
9.106156156156156385e+02 3.955228638132805201e-05
9.115765765765765991e+02 3.890340506370195772e-05
9.125375375375375597e+02 3.826449902497388206e-05
9.134984984984985203e+02 3.763542666915821705e-05
9.144594594594594810e+02 3.701604821232900552e-05
9.154204204204204416e+02 3.640622566263196938e-05
9.163813813813814022e+02 3.580582280046698112e-05
9.173423423423423628e+02 3.521470515884032827e-05
9.183033033033033234e+02 3.463274000388517145e-05
9.192642642642642841e+02 3.405979631555008762e-05
9.202252252252252447e+02 3.349574476845577990e-05
9.211861861861862053e+02 3.294045771291735181e-05
9.221471471471471659e+02 3.239380915613342669e-05
9.231081081081081265e+02 3.185567474354041820e-05
9.240690690690690872e+02 3.132593174033111168e-05
9.250300300300300478e+02 3.080445901313721751e-05
9.259909909909910084e+02 3.029113701187528327e-05
9.269519519519519690e+02 2.978584775175471442e-05
9.279129129129129296e+02 2.928847479544719208e-05
9.288738738738738903e+02 2.879890323541727773e-05
9.298348348348348509e+02 2.831701967641300893e-05
9.307957957957958115e+02 2.784271221811564234e-05
9.317567567567567721e+02 2.737587043794780883e-05
9.327177177177177327e+02 2.691638537403946073e-05
9.336786786786786934e+02 2.646414950835070302e-05
9.346396396396396540e+02 2.601905674995069894e-05
9.356006006006006146e+02 2.558100241845122000e-05
9.365615615615615752e+02 2.514988322759573162e-05
9.375225225225225358e+02 2.472559726900083963e-05
9.384834834834834965e+02 2.430804399605132762e-05
9.394444444444444571e+02 2.389712420794633878e-05
9.404054054054054177e+02 2.349274003389728173e-05
9.413663663663663783e+02 2.309479491747544428e-05
9.423273273273273389e+02 2.270319360110891545e-05
9.432882882882882996e+02 2.231784211072792114e-05
9.442492492492492602e+02 2.193864774055815349e-05
9.452102102102102208e+02 2.156551903806007778e-05
9.461711711711711814e+02 2.119836578901463384e-05
9.471321321321321420e+02 2.083709900275325827e-05
9.480930930930931027e+02 2.048163089753263409e-05
9.490540540540540633e+02 2.013187488605198925e-05
9.500150150150150239e+02 1.978774556111274419e-05
9.509759759759759845e+02 1.944915868141977640e-05
9.519369369369369451e+02 1.911603115752286228e-05
9.528978978978979058e+02 1.878828103789749652e-05
9.538588588588588664e+02 1.846582749516480104e-05
9.548198198198198270e+02 1.814859081244888034e-05
9.557807807807807876e+02 1.783649236987063381e-05
9.567417417417417482e+02 1.752945463117827239e-05
9.577027027027027088e+02 1.722740113051206962e-05
9.586636636636636695e+02 1.693025645930344537e-05
9.596246246246246301e+02 1.663794625330735220e-05
9.605855855855855907e+02 1.635039717976665314e-05
9.615465465465465513e+02 1.606753692470778286e-05
9.625075075075075119e+02 1.578929418036707891e-05
9.634684684684684726e+02 1.551559863274634303e-05
9.644294294294294332e+02 1.524638094929689910e-05
9.653903903903903938e+02 1.498157276673151242e-05
9.663513513513513544e+02 1.472110667896276078e-05
9.673123123123123150e+02 1.446491622516742207e-05
9.682732732732732757e+02 1.421293587797548414e-05
9.692342342342342363e+02 1.396510103178325513e-05
9.701951951951951969e+02 1.372134799118943082e-05
9.711561561561561575e+02 1.348161395955328546e-05
9.721171171171171181e+02 1.324583702767396468e-05
9.730780780780780788e+02 1.301395616259009085e-05
9.740390390390390394e+02 1.278591119649869680e-05
9.750000000000000000e+02 1.256164281579264763e-05
