5.000000000000000000e-01 1.525085429921591924e+02
5.182682682682682174e-01 1.526557886342538666e+02
5.365365365365365458e-01 1.528033444029266832e+02
5.548048048048047631e-01 1.529512104500839200e+02
5.730730730730730915e-01 1.530993869247067209e+02
5.913413413413413089e-01 1.532478739728517496e+02
6.096096096096096373e-01 1.533966717376514737e+02
6.278778778778778547e-01 1.535457803593131700e+02
6.461461461461461830e-01 1.536951999751168501e+02
6.644144144144144004e-01 1.538449307194132984e+02
6.826826826826827288e-01 1.539949727236203216e+02
7.009509509509509462e-01 1.541453261162195076e+02
7.192192192192192746e-01 1.542959910227513092e+02
7.374874874874874919e-01 1.544469675658105530e+02
7.557557557557557093e-01 1.545982558650408691e+02
7.740240240240240377e-01 1.547498560371287795e+02
7.922922922922923661e-01 1.549017681957977288e+02
8.105605605605605835e-01 1.550539924518012640e+02
8.288288288288288008e-01 1.552065289129162409e+02
8.470970970970971292e-01 1.553593776839357474e+02
8.653653653653654576e-01 1.555125388666611741e+02
8.836336336336336750e-01 1.556660125598950515e+02
9.019019019019018923e-01 1.558197988594324954e+02
9.201701701701702207e-01 1.559738978580535900e+02
9.384384384384384381e-01 1.561283096455145483e+02
9.567067067067067665e-01 1.562830343085394134e+02
9.749749749749749839e-01 1.564380719308115886e+02
9.932432432432432012e-01 1.565934225929642878e+02
1.011511511511511419e+00 1.567490863725724353e+02
1.029779779779779858e+00 1.569050633441428317e+02
1.048048048048048075e+00 1.570613535791056279e+02
1.066316316316316293e+00 1.572179571458047462e+02
1.084584584584584732e+00 1.573748741094881893e+02
1.102852852852852727e+00 1.575321045322993143e+02
1.121121121121121167e+00 1.576896484732667432e+02
1.139389389389389384e+00 1.578475059882951541e+02
1.157657657657657602e+00 1.580056771301555330e+02
1.175925925925926041e+00 1.581641619484753960e+02
1.194194194194194258e+00 1.583229604897293825e+02
1.212462462462462476e+00 1.584820727972291650e+02
1.230730730730730915e+00 1.586414989111140983e+02
1.248998998998998911e+00 1.588012388683409881e+02
1.267267267267267350e+00 1.589612927026745979e+02
1.285535535535535567e+00 1.591216604446778149e+02
1.303803803803803785e+00 1.592823421217013333e+02
1.322072072072072224e+00 1.594433377578746445e+02
1.340340340340340441e+00 1.596046473740951797e+02
1.358608608608608659e+00 1.597662709880192438e+02
1.376876876876876876e+00 1.599282086140519255e+02
1.395145145145145094e+00 1.600904602633366380e+02
1.413413413413413533e+00 1.602530259437462519e+02
1.431681681681681750e+00 1.604159056598723225e+02
1.449949949949949968e+00 1.605790994130157685e+02
1.468218218218218407e+00 1.607426072011766678e+02
1.486486486486486402e+00 1.609064290190447082e+02
1.504754754754754842e+00 1.610705648579891829e+02
1.523023023023023059e+00 1.612350147060489576e+02
1.541291291291291277e+00 1.613997785479230913e+02
1.559559559559559716e+00 1.615648563649605194e+02
1.577827827827827933e+00 1.617302481351508163e+02
1.596096096096096151e+00 1.618959538331139356e+02
1.614364364364364368e+00 1.620619734300906600e+02
1.632632632632632808e+00 1.622283068939328530e+02
1.650900900900901025e+00 1.623949541890935961e+02
1.669169169169169242e+00 1.625619152766177535e+02
1.687437437437437460e+00 1.627291901141321659e+02
1.705705705705705677e+00 1.628967786558357318e+02
1.723973973973974116e+00 1.630646808524900564e+02
1.742242242242242334e+00 1.632328966514098170e+02
1.760510510510510551e+00 1.634014259964530993e+02
1.778778778778778769e+00 1.635702688280116490e+02
1.797047047047047208e+00 1.637394250830016631e+02
1.815315315315315425e+00 1.639088946948541263e+02
1.833583583583583643e+00 1.640786775935050628e+02
1.851851851851851860e+00 1.642487737053865260e+02
1.870120120120120299e+00 1.644191829534165947e+02
1.888388388388388517e+00 1.645899052569905336e+02
1.906656656656656734e+00 1.647609405319709595e+02
1.924924924924924952e+00 1.649322886906786323e+02
1.943193193193193391e+00 1.651039496418831902e+02
1.961461461461461608e+00 1.652759232907936280e+02
1.979729729729729826e+00 1.654482095390491736e+02
1.997997997997998043e+00 1.656208082847101366e+02
2.016266266266266260e+00 1.657937194222483868e+02
2.034534534534534700e+00 1.659669428425384012e+02
2.052802802802802695e+00 1.661404784328479707e+02
2.071071071071071135e+00 1.663143260768291611e+02
2.089339339339339574e+00 1.664884856545090202e+02
2.107607607607607569e+00 1.666629570422808229e+02
2.125875875875876009e+00 1.668377401128949202e+02
2.144144144144144448e+00 1.670128347354493030e+02
2.162412412412412444e+00 1.671882407753814448e+02
2.180680680680680883e+00 1.673639580944584964e+02
2.198948948948949322e+00 1.675399865507690436e+02
2.217217217217217318e+00 1.677163259987138701e+02
2.235485485485485313e+00 1.678929762889972324e+02
2.253753753753753752e+00 1.680699372686180766e+02
2.272022022022022192e+00 1.682472087808610581e+02
2.290290290290290187e+00 1.684247906652881284e+02
2.308558558558558627e+00 1.686026827577296388e+02
2.326826826826827066e+00 1.687808848902755301e+02
2.345095095095095061e+00 1.689593968912671471e+02
2.363363363363363501e+00 1.691382185852879729e+02
2.381631631631631940e+00 1.693173497931558416e+02
2.399899899899899935e+00 1.694967903319135871e+02
2.418168168168168375e+00 1.696765400148213416e+02
2.436436436436436814e+00 1.698565986513475821e+02
2.454704704704704810e+00 1.700369660471607176e+02
2.472972972972972805e+00 1.702176420041211031e+02
2.491241241241241688e+00 1.703986263202721148e+02
2.509509509509509684e+00 1.705799187898325044e+02
2.527777777777778123e+00 1.707615192031873903e+02
2.546046046046046119e+00 1.709434273468807817e+02
2.564314314314314558e+00 1.711256430036070242e+02
2.582582582582582553e+00 1.713081659522023870e+02
2.600850850850850993e+00 1.714909959676375308e+02
2.619119119119119432e+00 1.716741328210088682e+02
2.637387387387387427e+00 1.718575762795310879e+02
2.655655655655655867e+00 1.720413261065287998e+02
2.673923923923923862e+00 1.722253820614284621e+02
2.692192192192192302e+00 1.724097438997510494e+02
2.710460460460460741e+00 1.725944113731034406e+02
2.728728728728728736e+00 1.727793842291712565e+02
2.746996996996997176e+00 1.729646622117107313e+02
2.765265265265265615e+00 1.731502450605408683e+02
2.783533533533533610e+00 1.733361325115361069e+02
2.801801801801802050e+00 1.735223242966183648e+02
2.820070070070070045e+00 1.737088201437495627e+02
2.838338338338338485e+00 1.738956197769238656e+02
2.856606606606606924e+00 1.740827229161605771e+02
2.874874874874874919e+00 1.742701292774962099e+02
2.893143143143143359e+00 1.744578385729771526e+02
2.911411411411411354e+00 1.746458505106525649e+02
2.929679679679679793e+00 1.748341647945664192e+02
2.947947947947948233e+00 1.750227811247509635e+02
2.966216216216216228e+00 1.752116991972189624e+02
2.984484484484484668e+00 1.754009187039563642e+02
3.002752752752753107e+00 1.755904393329157074e+02
3.021021021021021102e+00 1.757802607680082474e+02
3.039289289289289542e+00 1.759703826890976472e+02
3.057557557557557537e+00 1.761608047719924173e+02
3.075825825825825977e+00 1.763515266884389234e+02
3.094094094094094416e+00 1.765425481061148787e+02
3.112362362362362411e+00 1.767338686886219250e+02
3.130630630630630851e+00 1.769254880954793521e+02
3.148898898898898846e+00 1.771174059821165656e+02
3.167167167167167285e+00 1.773096219998671472e+02
3.185435435435435725e+00 1.775021357959616353e+02
3.203703703703703720e+00 1.776949470135209026e+02
3.221971971971972160e+00 1.778880552915498470e+02
3.240240240240240599e+00 1.780814602649304561e+02
3.258508508508508594e+00 1.782751615644156686e+02
3.276776776776777034e+00 1.784691588166226666e+02
3.295045045045045029e+00 1.786634516440264520e+02
3.313313313313313468e+00 1.788580396649539068e+02
3.331581581581581908e+00 1.790529224935766877e+02
3.349849849849849903e+00 1.792480997399059106e+02
3.368118118118118343e+00 1.794435710097853303e+02
3.386386386386386782e+00 1.796393359048851153e+02
3.404654654654654777e+00 1.798353940226964767e+02
3.422922922922923217e+00 1.800317449565246193e+02
3.441191191191191212e+00 1.802283882954835974e+02
3.459459459459459651e+00 1.804253236244898631e+02
3.477727727727728091e+00 1.806225505242565532e+02
3.495995995995996086e+00 1.808200685712878055e+02
3.514264264264264526e+00 1.810178773378724770e+02
3.532532532532532521e+00 1.812159763920790567e+02
3.550800800800800960e+00 1.814143652977494128e+02
3.569069069069069400e+00 1.816130436144936766e+02
3.587337337337337395e+00 1.818120108976841038e+02
3.605605605605605835e+00 1.820112666984501288e+02
3.623873873873874274e+00 1.822108105636726805e+02
3.642142142142142269e+00 1.824106420359784124e+02
3.660410410410410709e+00 1.826107606537350705e+02
3.678678678678678704e+00 1.828111659510454103e+02
3.696946946946947143e+00 1.830118574577426500e+02
3.715215215215215583e+00 1.832128346993849846e+02
3.733483483483483578e+00 1.834140971972502143e+02
3.751751751751752018e+00 1.836156444683311406e+02
3.770020020020020013e+00 1.838174760253301656e+02
3.788288288288288452e+00 1.840195913766546028e+02
3.806556556556556892e+00 1.842219900264117882e+02
3.824824824824824887e+00 1.844246714744037092e+02
3.843093093093093326e+00 1.846276352161230818e+02
3.861361361361361766e+00 1.848308807427477234e+02
3.879629629629629761e+00 1.850344075411368294e+02
3.897897897897898201e+00 1.852382150938252892e+02
3.916166166166166196e+00 1.854423028790201045e+02
3.934434434434434635e+00 1.856466703705954728e+02
3.952702702702703075e+00 1.858513170380880695e+02
3.970970970970971070e+00 1.860562423466932955e+02
3.989239239239239510e+00 1.862614457572603328e+02
4.007507507507507505e+00 1.864669267262884489e+02
4.025775775775775500e+00 1.866726847059225634e+02
4.044044044044044384e+00 1.868787191439487287e+02
4.062312312312312379e+00 1.870850294837908905e+02
4.080580580580580374e+00 1.872916151645060268e+02
4.098848848848849258e+00 1.874984756207806811e+02
4.117117117117117253e+00 1.877056102829271822e+02
4.135385385385385248e+00 1.879130185768792387e+02
4.153653653653654132e+00 1.881206999241888127e+02
4.171921921921922127e+00 1.883286537420218565e+02
4.190190190190190123e+00 1.885368794431551862e+02
4.208458458458459006e+00 1.887453764359724744e+02
4.226726726726727001e+00 1.889541441244609814e+02
4.244994994994994997e+00 1.891631819082082302e+02
4.263263263263263880e+00 1.893724891823978567e+02
4.281531531531531876e+00 1.895820653378075349e+02
4.299799799799799871e+00 1.897919097608044012e+02
4.318068068068068754e+00 1.900020218333429227e+02
4.336336336336336750e+00 1.902124009329610033e+02
4.354604604604604745e+00 1.904230464327773404e+02
4.372872872872873629e+00 1.906339577014884128e+02
4.391141141141140736e+00 1.908451341033650976e+02
4.409409409409409619e+00 1.910565749982503689e+02
4.427677677677678503e+00 1.912682797415561993e+02
4.445945945945945610e+00 1.914802476842607746e+02
4.464214214214214493e+00 1.916924781729059362e+02
4.482482482482483377e+00 1.919049705495943385e+02
4.500750750750751372e+00 1.921177241519874883e+02
4.519019019019019368e+00 1.923307383133023052e+02
4.537287287287287363e+00 1.925440123623096156e+02
4.555555555555556246e+00 1.927575456233314526e+02
4.573823823823824242e+00 1.929713374162384696e+02
4.592092092092092237e+00 1.931853870564484055e+02
4.610360360360360232e+00 1.933996938549231288e+02
4.628628628628629116e+00 1.936142571181674157e+02
4.646896896896897111e+00 1.938290761482261075e+02
4.665165165165165106e+00 1.940441502426828038e+02
4.683433433433433990e+00 1.942594786946578438e+02
4.701701701701701985e+00 1.944750607928060333e+02
4.719969969969969981e+00 1.946908958213156495e+02
4.738238238238238864e+00 1.949069830599063096e+02
4.756506506506506859e+00 1.951233217838272935e+02
4.774774774774774855e+00 1.953399112638564645e+02
4.793043043043043738e+00 1.955567507662982507e+02
4.811311311311311734e+00 1.957738395529829347e+02
4.829579579579579729e+00 1.959911768812644937e+02
4.847847847847847724e+00 1.962087620040200591e+02
4.866116116116116608e+00 1.964265941696485811e+02
4.884384384384384603e+00 1.966446726220692938e+02
4.902652652652652598e+00 1.968629966007214023e+02
4.920920920920921482e+00 1.970815653405622641e+02
4.939189189189189477e+00 1.973003780720675024e+02
4.957457457457457473e+00 1.975194340212290740e+02
4.975725725725726356e+00 1.977387324095554391e+02
4.993993993993994351e+00 1.979582724540705101e+02
5.012262262262262347e+00 1.981780533673127991e+02
5.030530530530531230e+00 1.983980743573355028e+02
5.048798798798799226e+00 1.986183346277052522e+02
5.067067067067067221e+00 1.988388333775025671e+02
5.085335335335335216e+00 1.990595698013209471e+02
5.103603603603604100e+00 1.992805430892666436e+02
5.121871871871872095e+00 1.995017524269589728e+02
5.140140140140140090e+00 1.997231969955295199e+02
5.158408408408408974e+00 1.999448759716228210e+02
5.176676676676676969e+00 2.001667885273960508e+02
5.194944944944944965e+00 2.003889338305187948e+02
5.213213213213213848e+00 2.006113110441741583e+02
5.231481481481481843e+00 2.008339193270581120e+02
5.249749749749749839e+00 2.010567578333805443e+02
5.268018018018018722e+00 2.012798257128649766e+02
5.286286286286286717e+00 2.015031221107499277e+02
5.304554554554554713e+00 2.017266461677888287e+02
5.322822822822822708e+00 2.019503970202506196e+02
5.341091091091091592e+00 2.021743737999211135e+02
5.359359359359359587e+00 2.023985756341030537e+02
5.377627627627627582e+00 2.026230016456175633e+02
5.395895895895896466e+00 2.028476509528048553e+02
5.414164164164164461e+00 2.030725226695249148e+02
5.432432432432432456e+00 2.032976159051594891e+02
5.450700700700701340e+00 2.035229297646121722e+02
5.468968968968969335e+00 2.037484633483105654e+02
5.487237237237237331e+00 2.039742157522072716e+02
5.505505505505506214e+00 2.042001860677810612e+02
5.523773773773774209e+00 2.044263733820386051e+02
5.542042042042042205e+00 2.046527767775161806e+02
5.560310310310310200e+00 2.048793953322810069e+02
5.578578578578579084e+00 2.051062281199331210e+02
5.596846846846847079e+00 2.053332742096071968e+02
5.615115115115115074e+00 2.055605326659742218e+02
5.633383383383383958e+00 2.057880025492436857e+02
5.651651651651651953e+00 2.060156829151656268e+02
5.669919919919919948e+00 2.062435728150324223e+02
5.688188188188188832e+00 2.064716712956812330e+02
5.706456456456456827e+00 2.066999773994962766e+02
5.724724724724724823e+00 2.069284901644109880e+02
5.742992992992993706e+00 2.071572086239107193e+02
5.761261261261261701e+00 2.073861318070347579e+02
5.779529529529529697e+00 2.076152587383795662e+02
5.797797797797797692e+00 2.078445884381009421e+02
5.816066066066066576e+00 2.080741199219168607e+02
5.834334334334334571e+00 2.083038522011103737e+02
5.852602602602602566e+00 2.085337842825323946e+02
5.870870870870871450e+00 2.087639151686049104e+02
5.889139139139139445e+00 2.089942438573236529e+02
5.907407407407407440e+00 2.092247693422615953e+02
5.925675675675676324e+00 2.094554906125720208e+02
5.943943943943944319e+00 2.096864066529915931e+02
5.962212212212212314e+00 2.099175164438443630e+02
5.980480480480481198e+00 2.101488189610444692e+02
5.998748748748749193e+00 2.103803131761000884e+02
6.017017017017017189e+00 2.106119980561171019e+02
6.035285285285286072e+00 2.108438725638025915e+02
6.053553553553554067e+00 2.110759356574687331e+02
6.071821821821822063e+00 2.113081862910364919e+02
6.090090090090090058e+00 2.115406234140400272e+02
6.108358358358358942e+00 2.117732459716300184e+02
6.126626626626626937e+00 2.120060529045782971e+02
6.144894894894894932e+00 2.122390431492819118e+02
6.163163163163163816e+00 2.124722156377672491e+02
6.181431431431431811e+00 2.127055692976945807e+02
6.199699699699699806e+00 2.129391030523623556e+02
6.217967967967968690e+00 2.131728158207117190e+02
6.236236236236236685e+00 2.134067065173311732e+02
6.254504504504504681e+00 2.136407740524611540e+02
6.272772772772773564e+00 2.138750173319990608e+02
6.291041041041041559e+00 2.141094352575036055e+02
6.309309309309309555e+00 2.143440267262001555e+02
6.327577577577577550e+00 2.145787906309856794e+02
6.345845845845846434e+00 2.148137258604336353e+02
6.364114114114114429e+00 2.150488312987992288e+02
6.382382382382382424e+00 2.152841058260247564e+02
6.400650650650651308e+00 2.155195483177450342e+02
6.418918918918919303e+00 2.157551576452923143e+02
6.437187187187187298e+00 2.159909326757024814e+02
6.455455455455456182e+00 2.162268722717200831e+02
6.473723723723724177e+00 2.164629752918041561e+02
6.491991991991992172e+00 2.166992405901342522e+02
6.510260260260261056e+00 2.169356670166158381e+02
6.528528528528529051e+00 2.171722534168864627e+02
6.546796796796797047e+00 2.174089986323217261e+02
6.565065065065065042e+00 2.176459015000412762e+02
6.583333333333333925e+00 2.178829608529152324e+02
6.601601601601601921e+00 2.181201755195699548e+02
6.619869869869869916e+00 2.183575443243949223e+02
6.638138138138138800e+00 2.185950660875487301e+02
6.656406406406406795e+00 2.188327396249658534e+02
6.674674674674674790e+00 2.190705637483630710e+02
6.692942942942943674e+00 2.193085372652461160e+02
6.711211211211211669e+00 2.195466589789168665e+02
6.729479479479479664e+00 2.197849276884793426e+02
6.747747747747748548e+00 2.200233421888473231e+02
6.766016016016016543e+00 2.202619012707512525e+02
6.784284284284284539e+00 2.205006037207449197e+02
6.802552552552552534e+00 2.207394483212131604e+02
6.820820820820821417e+00 2.209784338503788490e+02
6.839089089089089413e+00 2.212175590823101459e+02
6.857357357357357408e+00 2.214568227869281145e+02
6.875625625625626292e+00 2.216962237300141396e+02
6.893893893893894287e+00 2.219357606732174304e+02
6.912162162162162282e+00 2.221754323740629502e+02
6.930430430430431166e+00 2.224152375859589768e+02
6.948698698698699161e+00 2.226551750582049465e+02
6.966966966966967156e+00 2.228952435359995548e+02
6.985235235235236040e+00 2.231354417604484865e+02
7.003503503503504035e+00 2.233757684685727440e+02
7.021771771771772030e+00 2.236162223933169457e+02
7.040040040040040026e+00 2.238568022635571140e+02
7.058308308308308909e+00 2.240975068041095426e+02
7.076576576576576905e+00 2.243383347357389255e+02
7.094844844844844900e+00 2.245792847751669399e+02
7.113113113113113783e+00 2.248203556350811141e+02
7.131381381381381779e+00 2.250615460241428991e+02
7.149649649649649774e+00 2.253028546469971900e+02
7.167917917917918658e+00 2.255442802042807386e+02
7.186186186186186653e+00 2.257858213926309929e+02
7.204454454454454648e+00 2.260274769046955328e+02
7.222722722722723532e+00 2.262692454291408808e+02
7.240990990990991527e+00 2.265111256506618247e+02
7.259259259259259522e+00 2.267531162499906827e+02
7.277527527527527518e+00 2.269952159039065691e+02
7.295795795795796401e+00 2.272374232852450007e+02
7.314064064064064397e+00 2.274797370629073043e+02
7.332332332332332392e+00 2.277221559018702806e+02
7.350600600600601275e+00 2.279646784631960941e+02
7.368868868868869271e+00 2.282073034040416246e+02
7.387137137137137266e+00 2.284500293776687840e+02
7.405405405405406150e+00 2.286928550334542365e+02
7.423673673673674145e+00 2.289357790168994029e+02
7.441941941941942140e+00 2.291787999696408633e+02
7.460210210210211024e+00 2.294219165294603044e+02
7.478478478478479019e+00 2.296651273302948653e+02
7.496746746746747014e+00 2.299084310022476529e+02
7.515015015015015010e+00 2.301518261715978610e+02
7.533283283283283893e+00 2.303953114608118256e+02
7.551551551551551889e+00 2.306388854885532567e+02
7.569819819819819884e+00 2.308825468696940959e+02
7.588088088088088767e+00 2.311262942153253732e+02
7.606356356356356763e+00 2.313701261327678935e+02
7.624624624624624758e+00 2.316140412255834065e+02
7.642892892892893641e+00 2.318580380935857477e+02
7.661161161161161637e+00 2.321021153328514401e+02
7.679429429429429632e+00 2.323462715357316881e+02
7.697697697697698516e+00 2.325905052908630068e+02
7.715965965965966511e+00 2.328348151831791029e+02
7.734234234234234506e+00 2.330791997939218732e+02
7.752502502502503390e+00 2.333236577006533423e+02
7.770770770770771385e+00 2.335681874772672586e+02
7.789039039039039380e+00 2.338127876940007468e+02
7.807307307307307376e+00 2.340574569174457906e+02
7.825575575575576259e+00 2.343021937105617383e+02
7.843843843843844255e+00 2.345469966326867848e+02
7.862112112112112250e+00 2.347918642395504207e+02
7.880380380380381133e+00 2.350367950832851704e+02
7.898648648648649129e+00 2.352817877124389554e+02
7.916916916916917124e+00 2.355268406719876282e+02
7.935185185185186008e+00 2.357719525033469665e+02
7.953453453453454003e+00 2.360171217443854914e+02
7.971721721721721998e+00 2.362623469294367737e+02
7.989989989989990882e+00 2.365076265893123377e+02
8.008258258258258877e+00 2.367529592513140813e+02
8.026526526526527761e+00 2.369983434392472077e+02
8.044794794794794868e+00 2.372437776734331294e+02
8.063063063063063751e+00 2.374892604707223711e+02
8.081331331331330858e+00 2.377347903445078146e+02
8.099599599599599742e+00 2.379803658047375166e+02
8.117867867867868625e+00 2.382259853579280389e+02
8.136136136136137509e+00 2.384716475071779769e+02
8.154404404404404616e+00 2.387173507521808631e+02
8.172672672672673500e+00 2.389630935892392927e+02
8.190940940940940607e+00 2.392088745112775996e+02
8.209209209209209490e+00 2.394546920078562380e+02
8.227477477477478374e+00 2.397005445651850835e+02
8.245745745745747257e+00 2.399464306661373598e+02
8.264014014014014364e+00 2.401923487902634804e+02
8.282282282282281471e+00 2.404382974138047757e+02
8.300550550550550355e+00 2.406842750097081023e+02
8.318818818818819238e+00 2.409302800476392576e+02
8.337087087087088122e+00 2.411763109939975038e+02
8.355355355355357005e+00 2.414223663119297782e+02
8.373623623623624113e+00 2.416684444613451888e+02
8.391891891891891220e+00 2.419145438989292529e+02
8.410160160160160103e+00 2.421606630781585636e+02
8.428428428428428987e+00 2.424068004493149999e+02
8.446696696696697870e+00 2.426529544595009327e+02
8.464964964964966754e+00 2.428991235526536911e+02
8.483233233233233861e+00 2.431453061695603708e+02
8.501501501501502744e+00 2.433915007478725272e+02
8.519769769769769852e+00 2.436377057221219502e+02
8.538038038038038735e+00 2.438839195237347894e+02
8.556306306306307619e+00 2.441301405810472147e+02
8.574574574574574726e+00 2.443763673193205364e+02
8.592842842842843609e+00 2.446225981607562687e+02
8.611111111111112493e+00 2.448688315245123022e+02
8.629379379379379600e+00 2.451150658267170286e+02
8.647647647647648483e+00 2.453612994804863092e+02
8.665915915915915591e+00 2.456075308959379981e+02
8.684184184184184474e+00 2.458537584802082279e+02
8.702452452452453358e+00 2.460999806374670698e+02
8.720720720720720465e+00 2.463461957689339954e+02
8.738988988988989348e+00 2.465924022728944180e+02
8.757257257257258232e+00 2.468385985447154098e+02
8.775525525525525339e+00 2.470847829768614474e+02
8.793793793793794222e+00 2.473309539589113797e+02
8.812062062062063106e+00 2.475771098775735766e+02
8.830330330330330213e+00 2.478232491167032947e+02
8.848598598598599096e+00 2.480693700573182241e+02
8.866866866866867980e+00 2.483154710776157117e+02
8.885135135135135087e+00 2.485615505529884501e+02
8.903403403403403971e+00 2.488076068560417866e+02
8.921671671671672854e+00 2.490536383566102643e+02
8.939939939939939961e+00 2.492996434217739647e+02
8.958208208208208845e+00 2.495456204158758453e+02
8.976476476476477728e+00 2.497915677005385362e+02
8.994744744744744835e+00 2.500374836346808820e+02
9.013013013013013719e+00 2.502833665745359042e+02
9.031281281281282602e+00 2.505292148736669446e+02
9.049549549549549710e+00 2.507750268829855997e+02
9.067817817817818593e+00 2.510208009507685460e+02
9.086086086086087477e+00 2.512665354226753038e+02
9.104354354354354584e+00 2.515122286417652901e+02
9.122622622622623467e+00 2.517578789485154118e+02
9.140890890890890574e+00 2.520034846808379712e+02
9.159159159159159458e+00 2.522490441740977474e+02
9.177427427427428341e+00 2.524945557611302434e+02
9.195695695695695449e+00 2.527400177722591934e+02
9.213963963963964332e+00 2.529854285353144121e+02
9.232232232232233216e+00 2.532307863756500126e+02
9.250500500500500323e+00 2.534760896161618575e+02
9.268768768768769206e+00 2.537213365773065448e+02
9.287037037037038090e+00 2.539665255771184036e+02
9.305305305305305197e+00 2.542116549312286793e+02
9.323573573573574080e+00 2.544567229528835242e+02
9.341841841841842964e+00 2.547017279529620737e+02
9.360110110110110071e+00 2.549466682399953186e+02
9.378378378378378954e+00 2.551915421201842094e+02
9.396646646646647838e+00 2.554363478974185853e+02
9.414914914914914945e+00 2.556810838732956199e+02
9.433183183183183829e+00 2.559257483471383807e+02
9.451451451451452712e+00 2.561703396160152124e+02
9.469719719719719819e+00 2.564148559747577565e+02
9.487987987987988703e+00 2.566592957159804769e+02
9.506256256256257586e+00 2.569036571300994183e+02
9.524524524524524693e+00 2.571479385053513624e+02
9.542792792792793577e+00 2.573921381278127569e+02
9.561061061061062460e+00 2.576362542814190419e+02
9.579329329329329568e+00 2.578802852479840340e+02
9.597597597597598451e+00 2.581242293072189113e+02
9.615865865865865558e+00 2.583680847367518822e+02
9.634134134134134442e+00 2.586118498121478524e+02
9.652402402402403325e+00 2.588555228069269560e+02
9.670670670670670432e+00 2.590991019925854744e+02
9.688938938938939316e+00 2.593425856386145938e+02
9.707207207207208199e+00 2.595859720125204149e+02
9.725475475475475307e+00 2.598292593798436769e+02
9.743743743743744190e+00 2.600724460041795965e+02
9.762012012012013074e+00 2.603155301471981034e+02
9.780280280280280181e+00 2.605585100686629403e+02
9.798548548548549064e+00 2.608013840264528653e+02
9.816816816816817948e+00 2.610441502765809219e+02
9.835085085085085055e+00 2.612868070732147316e+02
9.853353353353353938e+00 2.615293526686972427e+02
9.871621621621622822e+00 2.617717853135661130e+02
9.889889889889889929e+00 2.620141032565750265e+02
9.908158158158158813e+00 2.622563047447134750e+02
9.926426426426427696e+00 2.624983880232273350e+02
9.944694694694694803e+00 2.627403513356396161e+02
9.962962962962963687e+00 2.629821929237709242e+02
9.981231231231232570e+00 2.632239110277602094e+02
9.999499499499499677e+00 2.634655038860850595e+02
1.001776776776776856e+01 2.637069697355833569e+02
1.003603603603603744e+01 2.639483068114731168e+02
1.005430430430430455e+01 2.641895133473742021e+02
1.007257257257257343e+01 2.644305875753287864e+02
1.009084084084084232e+01 2.646715277258224432e+02
1.010910910910910943e+01 2.649123320278056326e+02
1.012737737737737831e+01 2.651529987087141080e+02
1.014564564564564542e+01 2.653935259944906306e+02
1.016391391391391430e+01 2.656339121096065128e+02
1.018218218218218318e+01 2.658741552770817407e+02
1.020045045045045029e+01 2.661142537185078822e+02
1.021871871871871917e+01 2.663542056540680960e+02
1.023698698698698806e+01 2.665940093025598117e+02
1.025525525525525516e+01 2.668336628814151368e+02
1.027352352352352405e+01 2.670731646067233669e+02
1.029179179179179293e+01 2.673125126932523017e+02
1.031006006006006004e+01 2.675517053544696182e+02
1.032832832832832892e+01 2.677907408025652103e+02
1.034659659659659781e+01 2.680296172484723911e+02
1.036486486486486491e+01 2.682683329018902327e+02
1.038313313313313380e+01 2.685068859713054508e+02
1.040140140140140268e+01 2.687452746640138912e+02
1.041966966966966979e+01 2.689834971861430404e+02
1.043793793793793867e+01 2.692215517426739098e+02
1.045620620620620755e+01 2.694594365374633185e+02
1.047447447447447466e+01 2.696971497732657781e+02
1.049274274274274354e+01 2.699346896517557752e+02
1.051101101101101243e+01 2.701720543735505657e+02
1.052927927927927954e+01 2.704092421382314910e+02
1.054754754754754842e+01 2.706462511443674543e+02
1.056581581581581730e+01 2.708830795895365213e+02
1.058408408408408441e+01 2.711197256703489415e+02
1.060235235235235329e+01 2.713561875824693743e+02
1.062062062062062040e+01 2.715924635206392850e+02
1.063888888888888928e+01 2.718285516787002507e+02
1.065715715715715817e+01 2.720644502496160158e+02
1.067542542542542527e+01 2.723001574254952288e+02
1.069369369369369416e+01 2.725356713976147489e+02
1.071196196196196304e+01 2.727709903564415868e+02
1.073023023023023015e+01 2.730061124916566087e+02
1.074849849849849903e+01 2.732410359921771033e+02
1.076676676676676792e+01 2.734757590461795758e+02
1.078503503503503502e+01 2.737102798411228832e+02
1.080330330330330391e+01 2.739445965637713698e+02
1.082157157157157279e+01 2.741787074002178883e+02
1.083983983983983990e+01 2.744126105359066514e+02
1.085810810810810878e+01 2.746463041556571625e+02
1.087637637637637766e+01 2.748797864436863279e+02
1.089464464464464477e+01 2.751130555836326721e+02
1.091291291291291365e+01 2.753461097585792459e+02
1.093118118118118254e+01 2.755789471510767612e+02
1.094944944944944965e+01 2.758115659431675795e+02
1.096771771771771853e+01 2.760439643164085055e+02
1.098598598598598741e+01 2.762761404518947188e+02
1.100425425425425452e+01 2.765080925302827950e+02
1.102252252252252340e+01 2.767398187318146938e+02
1.104079079079079229e+01 2.769713172363415197e+02
1.105905905905905939e+01 2.772025862233462021e+02
1.107732732732732828e+01 2.774336238719682228e+02
1.109559559559559538e+01 2.776644283610268076e+02
1.111386386386386427e+01 2.778949978690445164e+02
1.113213213213213315e+01 2.781253305742716293e+02
1.115040040040040026e+01 2.783554246547091111e+02
1.116866866866866914e+01 2.785852782881333383e+02
1.118693693693693803e+01 2.788148896521194047e+02
1.120520520520520513e+01 2.790442569240649391e+02
1.122347347347347402e+01 2.792733782812151730e+02
1.124174174174174290e+01 2.795022519006850530e+02
1.126001001001001001e+01 2.797308759594851608e+02
1.127827827827827889e+01 2.799592486345444513e+02
1.129654654654654777e+01 2.801873681027350926e+02
1.131481481481481488e+01 2.804152325408961701e+02
1.133308308308308376e+01 2.806428401258582426e+02
1.135135135135135265e+01 2.808701890344672165e+02
1.136961961961961975e+01 2.810972774436085047e+02
1.138788788788788864e+01 2.813241035302316959e+02
1.140615615615615752e+01 2.815506654713746002e+02
1.142442442442442463e+01 2.817769614441874637e+02
1.144269269269269351e+01 2.820029896259575821e+02
1.146096096096096240e+01 2.822287481941332317e+02
1.147922922922922950e+01 2.824542353263489076e+02
1.149749749749749839e+01 2.826794492004486301e+02
1.151576576576576727e+01 2.829043879945116373e+02
1.153403403403403438e+01 2.831290498868758050e+02
1.155230230230230326e+01 2.833534330561628281e+02
1.157057057057057214e+01 2.835775356813026065e+02
1.158883883883883925e+01 2.838013559415576310e+02
1.160710710710710813e+01 2.840248920165479944e+02
1.162537537537537524e+01 2.842481420862756067e+02
1.164364364364364413e+01 2.844711043311489789e+02
1.166191191191191301e+01 2.846937769320082339e+02
1.168018018018018012e+01 2.849161580701491516e+02
1.169844844844844900e+01 2.851382459273485779e+02
1.171671671671671788e+01 2.853600386858886395e+02
1.173498498498498499e+01 2.855815345285817557e+02
1.175325325325325387e+01 2.858027316387957626e+02
1.177152152152152276e+01 2.860236282004780151e+02
1.178978978978978986e+01 2.862442223981806819e+02
1.180805805805805875e+01 2.864645124170855865e+02
1.182632632632632763e+01 2.866844964430292180e+02
1.184459459459459474e+01 2.869041726625270030e+02
1.186286286286286362e+01 2.871235392627991132e+02
1.188113113113113251e+01 2.873425944317948506e+02
1.189939939939939961e+01 2.875613363582176021e+02
1.191766766766766850e+01 2.877797632315500778e+02
1.193593593593593738e+01 2.879978732420791516e+02
1.195420420420420449e+01 2.882156645809208726e+02
1.197247247247247337e+01 2.884331354400455893e+02
1.199074074074074225e+01 2.886502840123027909e+02
1.200900900900900936e+01 2.888671084914464586e+02
1.202727727727727824e+01 2.890836070721599071e+02
1.204554554554554713e+01 2.892997779500809656e+02
1.206381381381381424e+01 2.895156193218273302e+02
1.208208208208208312e+01 2.897311293850210632e+02
1.210035035035035023e+01 2.899463063383145141e+02
1.211861861861861911e+01 2.901611483814147050e+02
1.213688688688688799e+01 2.903756537151090242e+02
1.215515515515515510e+01 2.905898205412902939e+02
1.217342342342342398e+01 2.908036470629817245e+02
1.219169169169169287e+01 2.910171314843626647e+02
1.220995995995995997e+01 2.912302720107927598e+02
1.222822822822822886e+01 2.914430668488385550e+02
1.224649649649649774e+01 2.916555142062975960e+02
1.226476476476476485e+01 2.918676122922240666e+02
1.228303303303303373e+01 2.920793593169543101e+02
1.230130130130130262e+01 2.922907534921314436e+02
1.231956956956956972e+01 2.925017930307314487e+02
1.233783783783783861e+01 2.927124761470875001e+02
1.235610610610610749e+01 2.929228010569161142e+02
1.237437437437437460e+01 2.931327659773418759e+02
1.239264264264264348e+01 2.933423691269227902e+02
1.241091091091091236e+01 2.935516087256760329e+02
1.242917917917917947e+01 2.937604829951022793e+02
1.244744744744744835e+01 2.939689901582123639e+02
1.246571571571571724e+01 2.941771284395512112e+02
1.248398398398398434e+01 2.943848960652242113e+02
1.250225225225225323e+01 2.945922912629218899e+02
1.252052052052052211e+01 2.947993122619452606e+02
1.253878878878878922e+01 2.950059572932317451e+02
1.255705705705705810e+01 2.952122245893797299e+02
1.257532532532532521e+01 2.954181123846742025e+02
1.259359359359359409e+01 2.956236189151123881e+02
1.261186186186186298e+01 2.958287424184283054e+02
1.263013013013013008e+01 2.960334811341188583e+02
1.264839839839839897e+01 2.962378333034687330e+02
1.266666666666666785e+01 2.964417971695756933e+02
1.268493493493493496e+01 2.966453709773763308e+02
1.270320320320320384e+01 2.968485529736705644e+02
1.272147147147147273e+01 2.970513414071479019e+02
1.273973973973973983e+01 2.972537345284120534e+02
1.275800800800800872e+01 2.974557305900063966e+02
1.277627627627627760e+01 2.976573278464394434e+02
1.279454454454454471e+01 2.978585245542097937e+02
1.281281281281281359e+01 2.980593189718321128e+02
1.283108108108108247e+01 2.982597093598612332e+02
1.284934934934934958e+01 2.984596939809188711e+02
1.286761761761761846e+01 2.986592710997175004e+02
1.288588588588588735e+01 2.988584389830865007e+02
1.290415415415415445e+01 2.990571958999972821e+02
1.292242242242242334e+01 2.992555401215880693e+02
1.294069069069069222e+01 2.994534699211898783e+02
1.295895895895895933e+01 2.996509835743507324e+02
1.297722722722722821e+01 2.998480793588619804e+02
1.299549549549549710e+01 3.000447555547826823e+02
1.301376376376376420e+01 3.002410104444649050e+02
1.303203203203203309e+01 3.004368423125795289e+02
1.305030030030030197e+01 3.006322494461405768e+02
1.306856856856856908e+01 3.008272301345307369e+02
1.308683683683683796e+01 3.010217826695266012e+02
1.310510510510510507e+01 3.012159053453236766e+02
1.312337337337337395e+01 3.014095964585613956e+02
1.314164164164164283e+01 3.016028543083482418e+02
1.315990990990990994e+01 3.017956771962871017e+02
1.317817817817817883e+01 3.019880634264998776e+02
1.319644644644644771e+01 3.021800113056529540e+02
1.321471471471471482e+01 3.023715191429818674e+02
1.323298298298298370e+01 3.025625852503165447e+02
1.325125125125125258e+01 3.027532079421063145e+02
1.326951951951951969e+01 3.029433855354445200e+02
1.328778778778778857e+01 3.031331163500940420e+02
1.330605605605605746e+01 3.033223987085119120e+02
1.332432432432432456e+01 3.035112309358739822e+02
1.334259259259259345e+01 3.036996113601004481e+02
1.336086086086086233e+01 3.038875383118800073e+02
1.337912912912912944e+01 3.040750101246954387e+02
1.339739739739739832e+01 3.042620251348475904e+02
1.341566566566566721e+01 3.044485816814813006e+02
1.343393393393393431e+01 3.046346781066088738e+02
1.345220220220220320e+01 3.048203127551357738e+02
1.347047047047047208e+01 3.050054839748853510e+02
1.348873873873873919e+01 3.051901901166227162e+02
1.350700700700700807e+01 3.053744295340804342e+02
1.352527527527527695e+01 3.055582005839827389e+02
1.354354354354354406e+01 3.057415016260698053e+02
1.356181181181181294e+01 3.059243310231233295e+02
1.358008008008008005e+01 3.061066871409898340e+02
1.359834834834834894e+01 3.062885683486063613e+02
1.361661661661661782e+01 3.064699730180243478e+02
1.363488488488488493e+01 3.066508995244341804e+02
1.365315315315315381e+01 3.068313462461901509e+02
1.367142142142142269e+01 3.070113115648339885e+02
1.368968968968968980e+01 3.071907938651203835e+02
1.370795795795795868e+01 3.073697915350401786e+02
1.372622622622622757e+01 3.075483029658457212e+02
1.374449449449449467e+01 3.077263265520747950e+02
1.376276276276276356e+01 3.079038606915743230e+02
1.378103103103103244e+01 3.080809037855258907e+02
1.379929929929929955e+01 3.082574542384685969e+02
1.381756756756756843e+01 3.084335104583242355e+02
1.383583583583583732e+01 3.086090708564208285e+02
1.385410410410410442e+01 3.087841338475171824e+02
1.387237237237237331e+01 3.089586978498265921e+02
1.389064064064064219e+01 3.091327612850409992e+02
1.390890890890890930e+01 3.093063225783552070e+02
1.392717717717717818e+01 3.094793801584904713e+02
1.394544544544544706e+01 3.096519324577187149e+02
1.396371371371371417e+01 3.098239779118862884e+02
1.398198198198198305e+01 3.099955149604378448e+02
1.400025025025025194e+01 3.101665420464402700e+02
1.401851851851851904e+01 3.103370576166061028e+02
1.403678678678678793e+01 3.105070601213177497e+02
1.405505505505505504e+01 3.106765480146508480e+02
1.407332332332332392e+01 3.108455197543980830e+02
1.409159159159159280e+01 3.110139738020924938e+02
1.410985985985985991e+01 3.111819086230312337e+02
1.412812812812812879e+01 3.113493226862996153e+02
1.414639639639639768e+01 3.115162144647936771e+02
1.416466466466466478e+01 3.116825824352440009e+02
1.418293293293293367e+01 3.118484250782394724e+02
1.420120120120120255e+01 3.120137408782499051e+02
1.421946946946946966e+01 3.121785283236501414e+02
1.423773773773773854e+01 3.123427859067426198e+02
1.425600600600600742e+01 3.125065121237810786e+02
1.427427427427427453e+01 3.126697054749933500e+02
1.429254254254254342e+01 3.128323644646047796e+02
1.431081081081081230e+01 3.129944876008613051e+02
1.432907907907907941e+01 3.131560733960519087e+02
1.434734734734734829e+01 3.133171203665325493e+02
1.436561561561561717e+01 3.134776270327482735e+02
1.438388388388388428e+01 3.136375919192562947e+02
1.440215215215215316e+01 3.137970135547494692e+02
1.442042042042042205e+01 3.139558904720776695e+02
1.443868868868868915e+01 3.141142212082721130e+02
1.445695695695695804e+01 3.142720043045669627e+02
1.447522522522522692e+01 3.144292383064222349e+02
1.449349349349349403e+01 3.145859217635464233e+02
1.451176176176176291e+01 3.147420532299190654e+02
1.453003003003003002e+01 3.148976312638132526e+02
1.454829829829829890e+01 3.150526544278175152e+02
1.456656656656656779e+01 3.152071212888591276e+02
1.458483483483483489e+01 3.153610304182253117e+02
1.460310310310310378e+01 3.155143803915864851e+02
1.462137137137137266e+01 3.156671697890178052e+02
1.463963963963963977e+01 3.158193971950212813e+02
1.465790790790790865e+01 3.159710611985485684e+02
1.467617617617617753e+01 3.161221603930221704e+02
1.469444444444444464e+01 3.162726933763576085e+02
1.471271271271271353e+01 3.164226587509857040e+02
1.473098098098098241e+01 3.165720551238738949e+02
1.474924924924924952e+01 3.167208811065484042e+02
1.476751751751751840e+01 3.168691353151158410e+02
1.478578578578578728e+01 3.170168163702848574e+02
1.480405405405405439e+01 3.171639228973876357e+02
1.482232232232232327e+01 3.173104535264015453e+02
1.484059059059059216e+01 3.174564068919710280e+02
1.485885885885885926e+01 3.176017816334279473e+02
1.487712712712712815e+01 3.177465763948140989e+02
1.489539539539539703e+01 3.178907898249018444e+02
1.491366366366366414e+01 3.180344205772155988e+02
1.493193193193193302e+01 3.181774673100529753e+02
1.495020020020020191e+01 3.183199286865054205e+02
1.496846846846846901e+01 3.184618033744802119e+02
1.498673673673673790e+01 3.186030900467205242e+02
1.500500500500500678e+01 3.187437873808268023e+02
1.502327327327327389e+01 3.188838940592774520e+02
1.504154154154154277e+01 3.190234087694495315e+02
1.505980980980980988e+01 3.191623302036399537e+02
1.507807807807807876e+01 3.193006570590853812e+02
1.509634634634634764e+01 3.194383880379832590e+02
1.511461461461461475e+01 3.195755218475123911e+02
1.513288288288288364e+01 3.197120571998527225e+02
1.515115115115115252e+01 3.198479928122070532e+02
1.516941941941941963e+01 3.199833274068194555e+02
1.518768768768768851e+01 3.201180597109971586e+02
1.520595595595595739e+01 3.202521884571299324e+02
1.522422422422422450e+01 3.203857123827100963e+02
1.524249249249249338e+01 3.205186302303530397e+02
1.526076076076076227e+01 3.206509407478164917e+02
1.527902902902902937e+01 3.207826426880210988e+02
1.529729729729729826e+01 3.209137348090694104e+02
1.531556556556556714e+01 3.210442158742665129e+02
1.533383383383383425e+01 3.211740846521389585e+02
1.535210210210210313e+01 3.213033399164544903e+02
1.537037037037037202e+01 3.214319804462419370e+02
1.538863863863863912e+01 3.215600050258100282e+02
1.540690690690690801e+01 3.216874124447672330e+02
1.542517517517517689e+01 3.218142014980408590e+02
1.544344344344344400e+01 3.219403709858960383e+02
1.546171171171171288e+01 3.220659197139552816e+02
1.547997997997998176e+01 3.221908464932171228e+02
1.549824824824824887e+01 3.223151501400752181e+02
1.551651651651651775e+01 3.224388294763372755e+02
1.553478478478478486e+01 3.225618833292439263e+02
1.555305305305305374e+01 3.226843105314873128e+02
1.557132132132132263e+01 3.228061099212294494e+02
1.558958958958958974e+01 3.229272803421217759e+02
1.560785785785785862e+01 3.230478206433224955e+02
1.562612612612612750e+01 3.231677296795155030e+02
1.564439439439439461e+01 3.232870063109287457e+02
1.566266266266266349e+01 3.234056494033525837e+02
1.568093093093093238e+01 3.235236578281575817e+02
1.569919919919919948e+01 3.236410304623126990e+02
1.571746746746746837e+01 3.237577661884036502e+02
1.573573573573573725e+01 3.238738638946502419e+02
1.575400400400400436e+01 3.239893224749246770e+02
1.577227227227227324e+01 3.241041408287691752e+02
1.579054054054054212e+01 3.242183178614133681e+02
1.580880880880880923e+01 3.243318524837922610e+02
1.582707707707707812e+01 3.244447436125635704e+02
1.584534534534534700e+01 3.245569901701249478e+02
1.586361361361361411e+01 3.246685910846317142e+02
1.588188188188188299e+01 3.247795452900136866e+02
1.590015015015015187e+01 3.248898517259926848e+02
1.591841841841841898e+01 3.249995093380990170e+02
1.593668668668668786e+01 3.251085170776893847e+02
1.595495495495495675e+01 3.252168739019629129e+02
1.597322322322322385e+01 3.253245787739780894e+02
1.599149149149149274e+01 3.254316306626702158e+02
1.600975975975975985e+01 3.255380285428669254e+02
1.602802802802802873e+01 3.256437713953055209e+02
1.604629629629629761e+01 3.257488582066491176e+02
1.606456456456456294e+01 3.258532879695029578e+02
1.608283283283283538e+01 3.259570596824310087e+02
1.610110110110110071e+01 3.260601723499715376e+02
1.611936936936936959e+01 3.261626249826535968e+02
1.613763763763763848e+01 3.262644165970132804e+02
1.615590590590590736e+01 3.263655462156089584e+02
1.617417417417417624e+01 3.264660128670374775e+02
1.619244244244244157e+01 3.265658155859497356e+02
1.621071071071071401e+01 3.266649534130665415e+02
1.622897897897897934e+01 3.267634253951940195e+02
1.624724724724724823e+01 3.268612305852387863e+02
1.626551551551551711e+01 3.269583680422237535e+02
1.628378378378378244e+01 3.270548368313029073e+02
1.630205205205205488e+01 3.271506360237767126e+02
1.632032032032032021e+01 3.272457646971071767e+02
1.633858858858858909e+01 3.273402219349327424e+02
1.635685685685685797e+01 3.274340068270834081e+02
1.637512512512512686e+01 3.275271184695949955e+02
1.639339339339339574e+01 3.276195559647240430e+02
1.641166166166166107e+01 3.277113184209624137e+02
1.642992992992993351e+01 3.278024049530523030e+02
1.644819819819819884e+01 3.278928146819994822e+02
1.646646646646646772e+01 3.279825467350884765e+02
1.648473473473473661e+01 3.280716002458965477e+02
1.650300300300300549e+01 3.281599743543075078e+02
1.652127127127127082e+01 3.282476682065260434e+02
1.653953953953953970e+01 3.283346809550915850e+02
1.655780780780780859e+01 3.284210117588917228e+02
1.657607607607607747e+01 3.285066597831764170e+02
1.659434434434434635e+01 3.285916241995711857e+02
1.661261261261261524e+01 3.286759041860909747e+02
1.663088088088088057e+01 3.287594989271528334e+02
1.664914914914914945e+01 3.288424076135902965e+02
1.666741741741741833e+01 3.289246294426656050e+02
1.668568568568568722e+01 3.290061636180832352e+02
1.670395395395395610e+01 3.290870093500029157e+02
1.672222222222222499e+01 3.291671658550521329e+02
1.674049049049049032e+01 3.292466323563394326e+02
1.675875875875875920e+01 3.293254080834668116e+02
1.677702702702702808e+01 3.294034922725423939e+02
1.679529529529529697e+01 3.294808841661926522e+02
1.681356356356356585e+01 3.295575830135749129e+02
1.683183183183183118e+01 3.296335880703902035e+02
1.685010010010010006e+01 3.297088985988942795e+02
1.686836836836836895e+01 3.297835138679105853e+02
1.688663663663663783e+01 3.298574331528419066e+02
1.690490490490490672e+01 3.299306557356821372e+02
1.692317317317317560e+01 3.300031809050282732e+02
1.694144144144144093e+01 3.300750079560914969e+02
1.695970970970970981e+01 3.301461361907097398e+02
1.697797797797797870e+01 3.302165649173579709e+02
1.699624624624624758e+01 3.302862934511601338e+02
1.701451451451451646e+01 3.303553211139002883e+02
1.703278278278278535e+01 3.304236472340337514e+02
1.705105105105105068e+01 3.304912711466978408e+02
1.706931931931931956e+01 3.305581921937231868e+02
1.708758758758758844e+01 3.306244097236438506e+02
1.710585585585585733e+01 3.306899230917090904e+02
1.712412412412412621e+01 3.307547316598925704e+02
1.714239239239239510e+01 3.308188347969040137e+02
1.716066066066066043e+01 3.308822318781988656e+02
1.717892892892892931e+01 3.309449222859889232e+02
1.719719719719719819e+01 3.310069054092520560e+02
1.721546546546546708e+01 3.310681806437425507e+02
1.723373373373373596e+01 3.311287473920010598e+02
1.725200200200200129e+01 3.311886050633639798e+02
1.727027027027027017e+01 3.312477530739739109e+02
1.728853853853853906e+01 3.313061908467885246e+02
1.730680680680680794e+01 3.313639178115903405e+02
1.732507507507507682e+01 3.314209334049962195e+02
1.734334334334334571e+01 3.314772370704661739e+02
1.736161161161161104e+01 3.315328282583132022e+02
1.737987987987987992e+01 3.315877064257115308e+02
1.739814814814814881e+01 3.316418710367063341e+02
1.741641641641641769e+01 3.316953215622219773e+02
1.743468468468468657e+01 3.317480574800707700e+02
1.745295295295295546e+01 3.318000782749619475e+02
1.747122122122122079e+01 3.318513834385096288e+02
1.748948948948948967e+01 3.319019724692416844e+02
1.750775775775775855e+01 3.319518448726075235e+02
1.752602602602602744e+01 3.320010001609866208e+02
1.754429429429429632e+01 3.320494378536963040e+02
1.756256256256256520e+01 3.320971574769996550e+02
1.758083083083083054e+01 3.321441585641135248e+02
1.759909909909909942e+01 3.321904406552160935e+02
1.761736736736736830e+01 3.322360032974543174e+02
1.763563563563563719e+01 3.322808460449516588e+02
1.765390390390390607e+01 3.323249684588151354e+02
1.767217217217217495e+01 3.323683701071427663e+02
1.769044044044044028e+01 3.324110505650307914e+02
1.770870870870870917e+01 3.324530094145802082e+02
1.772697697697697805e+01 3.324942462449042182e+02
1.774524524524524693e+01 3.325347606521345938e+02
1.776351351351351582e+01 3.325745522394284421e+02
1.778178178178178115e+01 3.326136206169750835e+02
1.780005005005005003e+01 3.326519654020019061e+02
1.781831831831831892e+01 3.326895862187810735e+02
1.783658658658658780e+01 3.327264826986355502e+02
1.785485485485485668e+01 3.327626544799455246e+02
1.787312312312312557e+01 3.327981012081536392e+02
1.789139139139139090e+01 3.328328225357716406e+02
1.790965965965965978e+01 3.328668181223856664e+02
1.792792792792792866e+01 3.329000876346620998e+02
1.794619619619619755e+01 3.329326307463527996e+02
1.796446446446446643e+01 3.329644471383006135e+02
1.798273273273273531e+01 3.329955364984447783e+02
1.800100100100100065e+01 3.330258985218260364e+02
1.801926926926926953e+01 3.330555329105914097e+02
1.803753753753753841e+01 3.330844393739993734e+02
1.805580580580580730e+01 3.331126176284245730e+02
1.807407407407407618e+01 3.331400673973626567e+02
1.809234234234234506e+01 3.331667884114344815e+02
1.811061061061061039e+01 3.331927804083911724e+02
1.812887887887887928e+01 3.332180431331176464e+02
1.814714714714714816e+01 3.332425763376375585e+02
1.816541541541541704e+01 3.332663797811169388e+02
1.818368368368368593e+01 3.332894532298685704e+02
1.820195195195195481e+01 3.333117964573552854e+02
1.822022022022022014e+01 3.333334092441942857e+02
1.823848848848848903e+01 3.333542913781604398e+02
1.825675675675675791e+01 3.333744426541899202e+02
1.827502502502502679e+01 3.333938628743835011e+02
1.829329329329329568e+01 3.334125518480099117e+02
1.831156156156156101e+01 3.334305093915090197e+02
1.832982982982982989e+01 3.334477353284946162e+02
1.834809809809809877e+01 3.334642294897577699e+02
1.836636636636636766e+01 3.334799917132691576e+02
1.838463463463463654e+01 3.334950218441821335e+02
1.840290290290290542e+01 3.335093197348349463e+02
1.842117117117117076e+01 3.335228852447534678e+02
1.843943943943943964e+01 3.335357182406534662e+02
1.845770770770770852e+01 3.335478185964425961e+02
1.847597597597597741e+01 3.335591861932227857e+02
1.849424424424424629e+01 3.335698209192917716e+02
1.851251251251251517e+01 3.335797226701456566e+02
1.853078078078078050e+01 3.335888913484798763e+02
1.854904904904904939e+01 3.335973268641911886e+02
1.856731731731731827e+01 3.336050291343793788e+02
1.858558558558558715e+01 3.336119980833479985e+02
1.860385385385385604e+01 3.336182336426061852e+02
1.862212212212212492e+01 3.336237357508696846e+02
1.864039039039039025e+01 3.336285043540615334e+02
1.865865865865865914e+01 3.336325394053134801e+02
1.867692692692692802e+01 3.336358408649662692e+02
1.869519519519519690e+01 3.336384087005705510e+02
1.871346346346346579e+01 3.336402428868875631e+02
1.873173173173173112e+01 3.336413434058890175e+02
1.875000000000000000e+01 3.336417102467581230e+02
