5.000000000000000000e-01 4.597013706099238561e+02
5.170170170170169666e-01 4.599094609298275600e+02
5.340340340340340441e-01 4.601174885011645301e+02
5.510510510510510107e-01 4.603254530169551231e+02
5.680680680680680883e-01 4.605333541698444719e+02
5.850850850850850549e-01 4.607411916521043622e+02
6.021021021021021324e-01 4.609489651556367562e+02
6.191191191191190990e-01 4.611566743719758961e+02
6.361361361361361766e-01 4.613643189922919419e+02
6.531531531531531432e-01 4.615718987073929611e+02
6.701701701701702207e-01 4.617794132077281120e+02
6.871871871871871873e-01 4.619868621833902580e+02
7.042042042042042649e-01 4.621942453241186968e+02
7.212212212212212314e-01 4.624015623193020588e+02
7.382382382382381980e-01 4.626088128579806380e+02
7.552552552552552756e-01 4.628159966288493479e+02
7.722722722722723532e-01 4.630231133202604497e+02
7.892892892892893197e-01 4.632301626202257694e+02
8.063063063063062863e-01 4.634371442164203359e+02
8.233233233233233639e-01 4.636440577961836880e+02
8.403403403403404415e-01 4.638509030465235128e+02
8.573573573573574080e-01 4.640576796541179192e+02
8.743743743743743746e-01 4.642643873053179391e+02
8.913913913913914522e-01 4.644710256861502558e+02
9.084084084084084187e-01 4.646775944823198188e+02
9.254254254254254963e-01 4.648840933792122314e+02
9.424424424424424629e-01 4.650905220618965927e+02
9.594594594594594295e-01 4.652968802151276577e+02
9.764764764764765070e-01 4.655031675233485657e+02
9.934934934934935846e-01 4.657093836706934553e+02
1.010510510510510551e+00 4.659155283409897947e+02
1.027527527527527518e+00 4.661216012177609400e+02
1.044544544544544706e+00 4.663276019842288633e+02
1.061561561561561451e+00 4.665335303233160857e+02
1.078578578578578639e+00 4.667393859176484625e+02
1.095595595595595606e+00 4.669451684495577410e+02
1.112612612612612573e+00 4.671508776010838346e+02
1.129629629629629761e+00 4.673565130539774373e+02
1.146646646646646728e+00 4.675620744897018426e+02
1.163663663663663694e+00 4.677675615894363546e+02
1.180680680680680883e+00 4.679729740340777084e+02
1.197697697697697627e+00 4.681783115042430268e+02
1.214714714714714816e+00 4.683835736802721499e+02
1.231731731731731783e+00 4.685887602422297391e+02
1.248748748748748749e+00 4.687938708699076642e+02
1.265765765765765938e+00 4.689989052428279592e+02
1.282782782782782904e+00 4.692038630402440731e+02
1.299799799799799871e+00 4.694087439411441665e+02
1.316816816816816837e+00 4.696135476242531013e+02
1.333833833833833804e+00 4.698182737680342598e+02
1.350850850850850993e+00 4.700229220506926140e+02
1.367867867867867959e+00 4.702274921501766585e+02
1.384884884884884926e+00 4.704319837441804566e+02
1.401901901901902114e+00 4.706363965101467670e+02
1.418918918918918859e+00 4.708407301252677826e+02
1.435935935935936048e+00 4.710449842664889957e+02
1.452952952952953014e+00 4.712491586105103352e+02
1.469969969969969981e+00 4.714532528337889516e+02
1.486986986986987169e+00 4.716572666125410933e+02
1.504004004004004136e+00 4.718611996227449481e+02
1.521021021021021102e+00 4.720650515401417806e+02
1.538038038038038069e+00 4.722688220402390016e+02
1.555055055055055258e+00 4.724725107983122143e+02
1.572072072072072224e+00 4.726761174894070336e+02
1.589089089089089191e+00 4.728796417883415870e+02
1.606106106106106157e+00 4.730830833697086746e+02
1.623123123123123124e+00 4.732864419078777019e+02
1.640140140140140312e+00 4.734897170769966124e+02
1.657157157157157279e+00 4.736929085509951278e+02
1.674174174174174246e+00 4.738960160035852596e+02
1.691191191191191212e+00 4.740990391082648330e+02
1.708208208208208401e+00 4.743019775383186243e+02
1.725225225225225367e+00 4.745048309668212596e+02
1.742242242242242334e+00 4.747075990666384087e+02
1.759259259259259300e+00 4.749102815104300248e+02
1.776276276276276489e+00 4.751128779706509704e+02
1.793293293293293456e+00 4.753153881195546546e+02
1.810310310310310422e+00 4.755178116291937158e+02
1.827327327327327389e+00 4.757201481714228635e+02
1.844344344344344577e+00 4.759223974179010384e+02
1.861361361361361544e+00 4.761245590400927767e+02
1.878378378378378510e+00 4.763266327092709389e+02
1.895395395395395477e+00 4.765286180965180165e+02
1.912412412412412444e+00 4.767305148727289179e+02
1.929429429429429632e+00 4.769323227086125598e+02
1.946446446446446599e+00 4.771340412746936863e+02
1.963463463463463565e+00 4.773356702413154835e+02
1.980480480480480532e+00 4.775372092786407165e+02
1.997497497497497720e+00 4.777386580566546854e+02
2.014514514514514687e+00 4.779400162451663050e+02
2.031531531531531876e+00 4.781412835138106630e+02
2.048548548548548620e+00 4.783424595320506114e+02
2.065565565565565809e+00 4.785435439691790407e+02
2.082582582582582553e+00 4.787445364943208688e+02
2.099599599599599742e+00 4.789454367764342351e+02
2.116616616616616930e+00 4.791462444843134563e+02
2.133633633633633675e+00 4.793469592865904474e+02
2.150650650650650864e+00 4.795475808517363703e+02
2.167667667667667608e+00 4.797481088480641347e+02
2.184684684684684797e+00 4.799485429437301605e+02
2.201701701701701985e+00 4.801488828067358554e+02
2.218718718718719174e+00 4.803491281049298323e+02
2.235735735735735918e+00 4.805492785060099550e+02
2.252752752752752663e+00 4.807493336775249873e+02
2.269769769769769852e+00 4.809492932868762409e+02
2.286786786786787040e+00 4.811491570013204750e+02
2.303803803803804229e+00 4.813489244879700664e+02
2.320820820820820973e+00 4.815485954137965336e+02
2.337837837837837718e+00 4.817481694456313903e+02
2.354854854854854906e+00 4.819476462501681340e+02
2.371871871871872095e+00 4.821470254939645201e+02
2.388888888888889284e+00 4.823463068434439265e+02
2.405905905905906028e+00 4.825454899648974560e+02
2.422922922922922773e+00 4.827445745244857562e+02
2.439939939939939961e+00 4.829435601882405535e+02
2.456956956956957150e+00 4.831424466220668137e+02
2.473973973973974338e+00 4.833412334917441058e+02
2.490990990990991083e+00 4.835399204629293308e+02
2.508008008008008272e+00 4.837385072011571765e+02
2.525025025025025016e+00 4.839369933718430730e+02
2.542042042042042205e+00 4.841353786402844435e+02
2.559059059059059393e+00 4.843336626716623527e+02
2.576076076076076138e+00 4.845318451310438945e+02
2.593093093093093326e+00 4.847299256833832715e+02
2.610110110110110515e+00 4.849279039935237279e+02
2.627127127127127260e+00 4.851257797261996529e+02
2.644144144144144448e+00 4.853235525460383997e+02
2.661161161161161193e+00 4.855212221175611376e+02
2.678178178178178381e+00 4.857187881051855811e+02
2.695195195195195570e+00 4.859162501732274109e+02
2.712212212212212314e+00 4.861136079859018082e+02
2.729229229229229503e+00 4.863108612073252743e+02
2.746246246246246248e+00 4.865080095015173924e+02
2.763263263263263436e+00 4.867050525324032151e+02
2.780280280280280625e+00 4.869019899638132074e+02
2.797297297297297369e+00 4.870988214594871124e+02
2.814314314314314558e+00 4.872955466830741216e+02
2.831331331331331747e+00 4.874921652981352054e+02
2.848348348348348491e+00 4.876886769681444775e+02
2.865365365365365680e+00 4.878850813564914688e+02
2.882382382382382424e+00 4.880813781264823774e+02
2.899399399399399613e+00 4.882775669413414334e+02
2.916416416416416801e+00 4.884736474642136272e+02
2.933433433433433546e+00 4.886696193581651073e+02
2.950450450450450735e+00 4.888654822861859088e+02
2.967467467467467479e+00 4.890612359111906926e+02
2.984484484484484668e+00 4.892568798960214735e+02
3.001501501501501856e+00 4.894524139034482459e+02
3.018518518518518601e+00 4.896478375961713709e+02
3.035535535535535789e+00 4.898431506368228270e+02
3.052552552552552978e+00 4.900383526879678016e+02
3.069569569569569722e+00 4.902334434121069080e+02
3.086586586586586911e+00 4.904284224716769813e+02
3.103603603603603656e+00 4.906232895290533520e+02
3.120620620620620844e+00 4.908180442465513806e+02
3.137637637637638033e+00 4.910126862864277086e+02
3.154654654654654777e+00 4.912072153108823613e+02
3.171671671671671966e+00 4.914016309820598281e+02
3.188688688688689155e+00 4.915959329620513927e+02
3.205705705705705899e+00 4.917901209128962137e+02
3.222722722722723088e+00 4.919841944965826315e+02
3.239739739739739832e+00 4.921781533750510107e+02
3.256756756756757021e+00 4.923719972101936264e+02
3.273773773773774209e+00 4.925657256638577337e+02
3.290790790790790954e+00 4.927593383978462498e+02
3.307807807807808143e+00 4.929528350739200278e+02
3.324824824824824887e+00 4.931462153537986524e+02
3.341841841841842076e+00 4.933394788991627138e+02
3.358858858858859264e+00 4.935326253716550582e+02
3.375875875875876009e+00 4.937256544328823225e+02
3.392892892892893197e+00 4.939185657444165827e+02
3.409909909909910386e+00 4.941113589677969458e+02
3.426926926926927131e+00 4.943040337645313684e+02
3.443943943943944319e+00 4.944965897960973962e+02
3.460960960960961064e+00 4.946890267239447212e+02
3.477977977977978252e+00 4.948813442094959782e+02
3.494994994994995441e+00 4.950735419141487910e+02
3.512012012012012185e+00 4.952656194992767951e+02
3.529029029029029374e+00 4.954575766262319121e+02
3.546046046046046119e+00 4.956494129563451452e+02
3.563063063063063307e+00 4.958411281509285118e+02
3.580080080080080496e+00 4.960327218712766921e+02
3.597097097097097240e+00 4.962241937786678818e+02
3.614114114114114429e+00 4.964155435343663498e+02
3.631131131131131617e+00 4.966067707996229501e+02
3.648148148148148362e+00 4.967978752356773953e+02
3.665165165165165551e+00 4.969888565037592798e+02
3.682182182182182295e+00 4.971797142650899559e+02
3.699199199199199484e+00 4.973704481808837272e+02
3.716216216216216672e+00 4.975610579123496109e+02
3.733233233233233417e+00 4.977515431206924177e+02
3.750250250250250605e+00 4.979419034671149120e+02
3.767267267267267350e+00 4.981321386128188351e+02
3.784284284284284539e+00 4.983222482190064966e+02
3.801301301301301727e+00 4.985122319468822525e+02
3.818318318318318472e+00 4.987020894576542105e+02
3.835335335335335660e+00 4.988918204125351394e+02
3.852352352352352849e+00 4.990814244727446862e+02
3.869369369369369593e+00 4.992709012995105695e+02
3.886386386386386782e+00 4.994602505540696029e+02
3.903403403403403527e+00 4.996494718976697413e+02
3.920420420420420715e+00 4.998385649915717295e+02
3.937437437437437904e+00 5.000275294970496134e+02
3.954454454454454648e+00 5.002163650753933553e+02
3.971471471471471837e+00 5.004050713879091177e+02
3.988488488488489025e+00 5.005936480959221626e+02
4.005505505505505326e+00 5.007820948607766240e+02
4.022522522522523403e+00 5.009704113438386912e+02
4.039539539539539703e+00 5.011585972064963244e+02
4.056556556556556892e+00 5.013466521101623812e+02
4.073573573573574080e+00 5.015345757162747873e+02
4.090590590590590381e+00 5.017223676862984121e+02
4.107607607607608458e+00 5.019100276817271151e+02
4.124624624624624758e+00 5.020975553640838029e+02
4.141641641641641947e+00 5.022849503949234418e+02
4.158658658658659135e+00 5.024722124358333417e+02
4.175675675675675436e+00 5.026593411484349190e+02
4.192692692692693512e+00 5.028463361943856285e+02
4.209709709709709813e+00 5.030331972353792480e+02
4.226726726726727001e+00 5.032199239331486069e+02
4.243743743743744190e+00 5.034065159494663249e+02
4.260760760760760490e+00 5.035929729461460056e+02
4.277777777777778567e+00 5.037792945850442266e+02
4.294794794794794868e+00 5.039654805280615619e+02
4.311811811811812056e+00 5.041515304371440607e+02
4.328828828828829245e+00 5.043374439742849518e+02
4.345845845845845545e+00 5.045232208015255537e+02
4.362862862862863622e+00 5.047088605809571504e+02
4.379879879879879923e+00 5.048943629747221848e+02
4.396896896896897111e+00 5.050797276450151685e+02
4.413913913913914300e+00 5.052649542540851826e+02
4.430930930930931488e+00 5.054500424642363328e+02
4.447947947947948677e+00 5.056349919378297955e+02
4.464964964964964977e+00 5.058198023372841590e+02
4.481981981981982166e+00 5.060044733250784930e+02
4.498998998998999355e+00 5.061890045637520075e+02
4.516016016016016543e+00 5.063733957159065540e+02
4.533033033033033732e+00 5.065576464442075348e+02
4.550050050050050032e+00 5.067417564113856088e+02
4.567067067067067221e+00 5.069257252802375433e+02
4.584084084084084409e+00 5.071095527136280907e+02
4.601101101101101598e+00 5.072932383744913523e+02
4.618118118118118787e+00 5.074767819258317445e+02
4.635135135135135087e+00 5.076601830307256478e+02
4.652152152152152276e+00 5.078434413523227704e+02
4.669169169169169464e+00 5.080265565538475130e+02
4.686186186186186653e+00 5.082095282986002758e+02
4.703203203203203842e+00 5.083923562499587661e+02
4.720220220220221030e+00 5.085750400713795329e+02
4.737237237237237331e+00 5.087575794263991611e+02
4.754254254254254519e+00 5.089399739786357486e+02
4.771271271271271708e+00 5.091222233917901576e+02
4.788288288288288896e+00 5.093043273296473217e+02
4.805305305305306085e+00 5.094862854560780647e+02
4.822322322322322385e+00 5.096680974350393853e+02
4.839339339339339574e+00 5.098497629305772421e+02
4.856356356356356763e+00 5.100312816068266102e+02
4.873373373373373951e+00 5.102126531280134714e+02
4.890390390390391140e+00 5.103938771584561209e+02
4.907407407407407440e+00 5.105749533625665890e+02
4.924424424424424629e+00 5.107558814048513227e+02
4.941441441441441818e+00 5.109366609499134029e+02
4.958458458458459006e+00 5.111172916624534537e+02
4.975475475475476195e+00 5.112977732072708932e+02
4.992492492492492495e+00 5.114781052492651270e+02
5.009509509509509684e+00 5.116582874534377652e+02
5.026526526526526872e+00 5.118383194848925086e+02
5.043543543543544061e+00 5.120182010088379911e+02
5.060560560560561250e+00 5.121979316905878932e+02
5.077577577577578438e+00 5.123775111955628745e+02
5.094594594594594739e+00 5.125569391892918247e+02
5.111611611611611927e+00 5.127362153374130003e+02
5.128628628628629116e+00 5.129153393056756158e+02
5.145645645645646304e+00 5.130943107599407540e+02
5.162662662662663493e+00 5.132731293661829568e+02
5.179679679679679793e+00 5.134517947904919311e+02
5.196696696696696982e+00 5.136303066990726620e+02
5.213713713713714171e+00 5.138086647582481419e+02
5.230730730730731359e+00 5.139868686344597108e+02
5.247747747747748548e+00 5.141649179942685350e+02
5.264764764764764848e+00 5.143428125043573118e+02
5.281781781781782037e+00 5.145205518315311792e+02
5.298798798798799226e+00 5.146981356427190804e+02
5.315815815815816414e+00 5.148755636049749000e+02
5.332832832832833603e+00 5.150528353854793977e+02
5.349849849849849903e+00 5.152299506515406620e+02
5.366866866866867092e+00 5.154069090705960434e+02
5.383883883883884280e+00 5.155837103102131778e+02
5.400900900900901469e+00 5.157603540380911227e+02
5.417917917917918658e+00 5.159368399220620631e+02
5.434934934934934958e+00 5.161131676300918798e+02
5.451951951951952147e+00 5.162893368302825365e+02
5.468968968968969335e+00 5.164653471908723077e+02
5.485985985985986524e+00 5.166411983802374834e+02
5.503003003003003712e+00 5.168168900668938477e+02
5.520020020020020901e+00 5.169924219194975876e+02
5.537037037037037202e+00 5.171677936068467716e+02
5.554054054054054390e+00 5.173430047978827133e+02
5.571071071071071579e+00 5.175180551616905404e+02
5.588088088088088767e+00 5.176929443675019229e+02
5.605105105105105956e+00 5.178676720846947319e+02
5.622122122122122256e+00 5.180422379827953137e+02
5.639139139139139445e+00 5.182166417314795126e+02
5.656156156156156634e+00 5.183908830005735808e+02
5.673173173173173822e+00 5.185649614600563382e+02
5.690190190190191011e+00 5.187388767800591722e+02
5.707207207207207311e+00 5.189126286308683120e+02
5.724224224224224500e+00 5.190862166829258513e+02
5.741241241241241688e+00 5.192596406068307715e+02
5.758258258258258877e+00 5.194329000733400790e+02
5.775275275275276066e+00 5.196059947533707373e+02
5.792292292292292366e+00 5.197789243180002359e+02
5.809309309309309555e+00 5.199516884384681816e+02
5.826326326326326743e+00 5.201242867861773220e+02
5.843343343343343932e+00 5.202967190326949094e+02
5.860360360360361121e+00 5.204689848497544062e+02
5.877377377377378309e+00 5.206410839092558263e+02
5.894394394394394610e+00 5.208130158832673260e+02
5.911411411411411798e+00 5.209847804440271375e+02
5.928428428428428987e+00 5.211563772639436820e+02
5.945445445445446175e+00 5.213278060155977300e+02
5.962462462462463364e+00 5.214990663717429697e+02
5.979479479479479664e+00 5.216701580053079397e+02
5.996496496496496853e+00 5.218410805893964834e+02
6.013513513513514042e+00 5.220118337972894551e+02
6.030530530530531230e+00 5.221824173024460833e+02
6.047547547547548419e+00 5.223528307785046536e+02
6.064564564564564719e+00 5.225230738992843271e+02
6.081581581581581908e+00 5.226931463387859367e+02
6.098598598598599096e+00 5.228630477711936919e+02
6.115615615615616285e+00 5.230327778708756341e+02
6.132632632632633474e+00 5.232023363123856825e+02
6.149649649649649774e+00 5.233717227704644301e+02
6.166666666666666963e+00 5.235409369200400533e+02
6.183683683683684151e+00 5.237099784362305854e+02
6.200700700700701340e+00 5.238788469943441442e+02
6.217717717717718529e+00 5.240475422698801822e+02
6.234734734734734829e+00 5.242160639385314198e+02
6.251751751751752018e+00 5.243844116761844134e+02
6.268768768768769206e+00 5.245525851589210333e+02
6.285785785785786395e+00 5.247205840630196008e+02
6.302802802802803583e+00 5.248884080649560246e+02
6.319819819819820772e+00 5.250560568414055069e+02
6.336836836836837072e+00 5.252235300692427700e+02
6.353853853853854261e+00 5.253908274255441029e+02
6.370870870870871450e+00 5.255579485875886121e+02
6.387887887887888638e+00 5.257248932328585624e+02
6.404904904904905827e+00 5.258916610390417645e+02
6.421921921921922127e+00 5.260582516840313474e+02
6.438938938938939316e+00 5.262246648459286007e+02
6.455955955955956505e+00 5.263909002030427473e+02
6.472972972972973693e+00 5.265569574338931034e+02
6.489989989989990882e+00 5.267228362172094194e+02
6.507007007007007182e+00 5.268885362319341539e+02
6.524024024024024371e+00 5.270540571572225872e+02
6.541041041041041559e+00 5.272193986724448678e+02
6.558058058058058748e+00 5.273845604571863532e+02
6.575075075075075937e+00 5.275495421912497704e+02
6.592092092092092237e+00 5.277143435546554429e+02
6.609109109109109426e+00 5.278789642276435643e+02
6.626126126126126614e+00 5.280434038906739715e+02
6.643143143143143803e+00 5.282076622244287591e+02
6.660160160160160991e+00 5.283717389098126205e+02
6.677177177177178180e+00 5.285356336279539846e+02
6.694194194194194480e+00 5.286993460602068353e+02
6.711211211211211669e+00 5.288628758881512795e+02
6.728228228228228858e+00 5.290262227935947976e+02
6.745245245245246046e+00 5.291893864585740630e+02
6.762262262262263235e+00 5.293523665653549415e+02
6.779279279279279535e+00 5.295151627964351064e+02
6.796296296296296724e+00 5.296777748345436976e+02
6.813313313313313913e+00 5.298402023626438222e+02
6.830330330330331101e+00 5.300024450639327824e+02
6.847347347347348290e+00 5.301645026218438943e+02
6.864364364364364590e+00 5.303263747200469425e+02
6.881381381381381779e+00 5.304880610424503402e+02
6.898398398398398967e+00 5.306495612732013569e+02
6.915415415415416156e+00 5.308108750966877096e+02
6.932432432432433345e+00 5.309720021975385862e+02
6.949449449449449645e+00 5.311329422606262369e+02
6.966466466466466834e+00 5.312936949710665431e+02
6.983483483483484022e+00 5.314542600142201536e+02
7.000500500500501211e+00 5.316146370756945316e+02
7.017517517517518399e+00 5.317748258413438407e+02
7.034534534534534700e+00 5.319348259972712185e+02
7.051551551551551889e+00 5.320946372298293454e+02
7.068568568568569077e+00 5.322542592256215812e+02
7.085585585585586266e+00 5.324136916715033294e+02
7.102602602602603454e+00 5.325729342545831742e+02
7.119619619619620643e+00 5.327319866622240170e+02
7.136636636636636943e+00 5.328908485820437591e+02
7.153653653653654132e+00 5.330495197019173474e+02
7.170670670670671321e+00 5.332079997099772299e+02
7.187687687687688509e+00 5.333662882946146055e+02
7.204704704704705698e+00 5.335243851444809025e+02
7.221721721721721998e+00 5.336822899484884601e+02
7.238738738738739187e+00 5.338400023958120073e+02
7.255755755755756375e+00 5.339975221758895714e+02
7.272772772772773564e+00 5.341548489784239564e+02
7.289789789789790753e+00 5.343119824933831978e+02
7.306806806806807053e+00 5.344689224110027226e+02
7.323823823823824242e+00 5.346256684217855764e+02
7.340840840840841430e+00 5.347822202165039016e+02
7.357857857857858619e+00 5.349385774862000744e+02
7.374874874874875808e+00 5.350947399221879550e+02
7.391891891891892108e+00 5.352507072160536836e+02
7.408908908908909297e+00 5.354064790596570447e+02
7.425925925925926485e+00 5.355620551451328311e+02
7.442942942942943674e+00 5.357174351648910715e+02
7.459959959959960862e+00 5.358726188116197591e+02
7.476976976976978051e+00 5.360276057782839416e+02
7.493993993993994351e+00 5.361823957581284503e+02
7.511011011011011540e+00 5.363369884446783544e+02
7.528028028028028729e+00 5.364913835317403255e+02
7.545045045045045917e+00 5.366455807134034330e+02
7.562062062062063106e+00 5.367995796840405092e+02
7.579079079079079406e+00 5.369533801383090577e+02
7.596096096096096595e+00 5.371069817711529595e+02
7.613113113113113783e+00 5.372603842778027001e+02
7.630130130130130972e+00 5.374135873537768475e+02
7.647147147147148161e+00 5.375665906948837574e+02
7.664164164164164461e+00 5.377193939972215730e+02
7.681181181181181650e+00 5.378719969571804995e+02
7.698198198198198838e+00 5.380243992714426895e+02
7.715215215215216027e+00 5.381766006369846309e+02
7.732232232232233216e+00 5.383286007510771469e+02
7.749249249249249516e+00 5.384803993112871012e+02
7.766266266266266705e+00 5.386319960154783075e+02
7.783283283283283893e+00 5.387833905618130075e+02
7.800300300300301082e+00 5.389345826487520981e+02
7.817317317317318270e+00 5.390855719750574053e+02
7.834334334334335459e+00 5.392363582397914570e+02
7.851351351351351759e+00 5.393869411423199836e+02
7.868368368368368948e+00 5.395373203823118047e+02
7.885385385385386137e+00 5.396874956597404207e+02
7.902402402402403325e+00 5.398374666748856043e+02
7.919419419419420514e+00 5.399872331283332869e+02
7.936436436436436814e+00 5.401367947209779459e+02
7.953453453453454003e+00 5.402861511540230595e+02
7.970470470470471192e+00 5.404353021289815615e+02
7.987487487487488380e+00 5.405842473476783425e+02
8.004504504504506457e+00 5.407329865122503634e+02
8.021521521521520981e+00 5.408815193251479059e+02
8.038538538538539058e+00 5.410298454891354822e+02
8.055555555555557135e+00 5.411779647072938815e+02
8.072572572572573435e+00 5.413258766830197146e+02
8.089589589589589735e+00 5.414735811200276885e+02
8.106606606606607812e+00 5.416210777223511741e+02
8.123623623623624113e+00 5.417683661943434572e+02
8.140640640640640413e+00 5.419154462406785342e+02
8.157657657657658490e+00 5.420623175663530446e+02
8.174674674674676567e+00 5.422089798766859303e+02
8.191691691691691091e+00 5.423554328773205953e+02
8.208708708708709167e+00 5.425016762742255878e+02
8.225725725725727244e+00 5.426477097736959649e+02
8.242742742742743545e+00 5.427935330823536333e+02
8.259759759759759845e+00 5.429391459071497366e+02
8.276776776776777922e+00 5.430845479553639734e+02
8.293793793793794222e+00 5.432297389346069849e+02
8.310810810810810523e+00 5.433747185528211503e+02
8.327827827827828600e+00 5.435194865182813828e+02
8.344844844844846676e+00 5.436640425395961529e+02
8.361861861861862977e+00 5.438083863257088524e+02
8.378878878878879277e+00 5.439525175858988177e+02
8.395895895895897354e+00 5.440964360297820122e+02
8.412912912912913654e+00 5.442401413673126171e+02
8.429929929929929955e+00 5.443836333087832600e+02
8.446946946946948032e+00 5.445269115648274010e+02
8.463963963963964332e+00 5.446699758464191063e+02
8.480980980980980632e+00 5.448128258648746396e+02
8.497997997997998709e+00 5.449554613318533711e+02
8.515015015015015010e+00 5.450978819593590288e+02
8.532032032032033086e+00 5.452400874597407210e+02
8.549049049049049387e+00 5.453820775456935053e+02
8.566066066066067464e+00 5.455238519302602072e+02
8.583083083083083764e+00 5.456654103268317613e+02
8.600100100100100065e+00 5.458067524491489166e+02
8.617117117117118141e+00 5.459478780113023504e+02
8.634134134134134442e+00 5.460887867277347141e+02
8.651151151151152519e+00 5.462294783132409748e+02
8.668168168168168819e+00 5.463699524829697793e+02
8.685185185185185119e+00 5.465102089524244775e+02
8.702202202202203196e+00 5.466502474374636904e+02
8.719219219219219497e+00 5.467900676543031295e+02
8.736236236236237573e+00 5.469296693195161652e+02
8.753253253253253874e+00 5.470690521500346222e+02
8.770270270270270174e+00 5.472082158631503717e+02
8.787287287287288251e+00 5.473471601765158994e+02
8.804304304304304551e+00 5.474858848081456699e+02
8.821321321321322628e+00 5.476243894764164679e+02
8.838338338338338929e+00 5.477626739000700127e+02
8.855355355355357005e+00 5.479007377982117077e+02
8.872372372372373306e+00 5.480385808903133693e+02
8.889389389389389606e+00 5.481762028962137947e+02
8.906406406406407683e+00 5.483136035361197855e+02
8.923423423423423984e+00 5.484507825306064888e+02
8.940440440440442060e+00 5.485877396006195568e+02
8.957457457457458361e+00 5.487244744674753747e+02
8.974474474474474661e+00 5.488609868528627658e+02
8.991491491491492738e+00 5.489972764788425366e+02
9.008508508508509038e+00 5.491333430678502054e+02
9.025525525525527115e+00 5.492691863426963437e+02
9.042542542542543416e+00 5.494048060265671438e+02
9.059559559559559716e+00 5.495402018430260114e+02
9.076576576576577793e+00 5.496753735160140195e+02
9.093593593593594093e+00 5.498103207698519554e+02
9.110610610610612170e+00 5.499450433292398657e+02
9.127627627627628470e+00 5.500795409192588750e+02
9.144644644644644771e+00 5.502138132653727780e+02
9.161661661661662848e+00 5.503478600934273572e+02
9.178678678678679148e+00 5.504816811296533388e+02
9.195695695695697225e+00 5.506152761006654828e+02
9.212712712712713525e+00 5.507486447334653121e+02
9.229729729729729826e+00 5.508817867554408849e+02
9.246746746746747903e+00 5.510147018943682724e+02
9.263763763763764203e+00 5.511473898784122412e+02
9.280780780780782280e+00 5.512798504361281857e+02
9.297797797797798580e+00 5.514120832964613328e+02
9.314814814814814881e+00 5.515440881887498108e+02
9.331831831831832957e+00 5.516758648427237404e+02
9.348848848848849258e+00 5.518074129885077355e+02
9.365865865865867335e+00 5.519387323566209034e+02
9.382882882882883635e+00 5.520698226779779816e+02
9.399899899899899935e+00 5.522006836838909294e+02
9.416916916916918012e+00 5.523313151060691553e+02
9.433933933933934313e+00 5.524617166766205401e+02
9.450950950950952389e+00 5.525918881280531423e+02
9.467967967967968690e+00 5.527218291932754255e+02
9.484984984984984990e+00 5.528515396055973952e+02
9.502002002002003067e+00 5.529810190987316219e+02
9.519019019019019368e+00 5.531102674067943781e+02
9.536036036036037444e+00 5.532392842643065478e+02
9.553053053053053745e+00 5.533680694061939676e+02
9.570070070070070045e+00 5.534966225677895864e+02
9.587087087087088122e+00 5.536249434848331248e+02
9.604104104104104422e+00 5.537530318934731213e+02
9.621121121121122499e+00 5.538808875302672732e+02
9.638138138138138800e+00 5.540085101321833463e+02
9.655155155155156876e+00 5.541358994366004254e+02
9.672172172172173177e+00 5.542630551813098236e+02
9.689189189189189477e+00 5.543899771045162197e+02
9.706206206206207554e+00 5.545166649448377711e+02
9.723223223223223854e+00 5.546431184413080473e+02
9.740240240240241931e+00 5.547693373333767113e+02
9.757257257257258232e+00 5.548953213609097475e+02
9.774274274274274532e+00 5.550210702641915077e+02
9.791291291291292609e+00 5.551465837839249389e+02
9.808308308308308909e+00 5.552718616612328333e+02
9.825325325325326986e+00 5.553969036376583972e+02
9.842342342342343287e+00 5.555217094551666150e+02
9.859359359359359587e+00 5.556462788561451589e+02
9.876376376376377664e+00 5.557706115834049569e+02
9.893393393393393964e+00 5.558947073801809893e+02
9.910410410410412041e+00 5.560185659901345616e+02
9.927427427427428341e+00 5.561421871573523958e+02
9.944444444444444642e+00 5.562655706263485627e+02
9.961461461461462719e+00 5.563887161420653911e+02
9.978478478478479019e+00 5.565116234498742642e+02
9.995495495495497096e+00 5.566342922955767563e+02
1.001251251251251340e+01 5.567567224254044049e+02
1.002952952952952970e+01 5.568789135860218948e+02
1.004654654654654777e+01 5.570008655245253522e+02
1.006356356356356407e+01 5.571225779884455278e+02
1.008058058058058215e+01 5.572440507257472291e+02
1.009759759759759845e+01 5.573652834848311386e+02
1.011461461461461475e+01 5.574862760145337006e+02
1.013163163163163283e+01 5.576070280641291674e+02
1.014864864864864913e+01 5.577275393833297130e+02
1.016566566566566721e+01 5.578478097222870247e+02
1.018268268268268351e+01 5.579678388315924167e+02
1.019969969969969981e+01 5.580876264622783083e+02
1.021671671671671788e+01 5.582071723658189057e+02
1.023373373373373418e+01 5.583264762941311119e+02
1.025075075075075226e+01 5.584455379995756630e+02
1.026776776776776856e+01 5.585643572349575834e+02
1.028478478478478486e+01 5.586829337535274362e+02
1.030180180180180294e+01 5.588012673089820055e+02
1.031881881881881924e+01 5.589193576554656602e+02
1.033583583583583732e+01 5.590372045475704681e+02
1.035285285285285362e+01 5.591548077403377874e+02
1.036986986986986992e+01 5.592721669892584941e+02
1.038688688688688799e+01 5.593892820502748009e+02
1.040390390390390429e+01 5.595061526797799161e+02
1.042092092092092237e+01 5.596227786346203175e+02
1.043793793793793867e+01 5.597391596720954112e+02
1.045495495495495675e+01 5.598552955499590098e+02
1.047197197197197305e+01 5.599711860264204688e+02
1.048898898898898935e+01 5.600868308601446870e+02
1.050600600600600742e+01 5.602022298102536979e+02
1.052302302302302373e+01 5.603173826363276930e+02
1.054004004004004180e+01 5.604322890984052492e+02
1.055705705705705810e+01 5.605469489569844654e+02
1.057407407407407440e+01 5.606613619730242135e+02
1.059109109109109248e+01 5.607755279079441380e+02
1.060810810810810878e+01 5.608894465236267024e+02
1.062512512512512686e+01 5.610031175824168486e+02
1.064214214214214316e+01 5.611165408471238152e+02
1.065915915915915946e+01 5.612297160810214791e+02
1.067617617617617753e+01 5.613426430478492648e+02
1.069319319319319384e+01 5.614553215118130538e+02
1.071021021021021191e+01 5.615677512375863216e+02
1.072722722722722821e+01 5.616799319903105925e+02
1.074424424424424451e+01 5.617918635355963488e+02
1.076126126126126259e+01 5.619035456395241681e+02
1.077827827827827889e+01 5.620149780686452914e+02
1.079529529529529697e+01 5.621261605899825327e+02
1.081231231231231327e+01 5.622370929710313021e+02
1.082932932932932957e+01 5.623477749797600609e+02
1.084634634634634764e+01 5.624582063846115716e+02
1.086336336336336394e+01 5.625683869545035805e+02
1.088038038038038202e+01 5.626783164588297268e+02
1.089739739739739832e+01 5.627879946674601115e+02
1.091441441441441462e+01 5.628974213507425475e+02
1.093143143143143270e+01 5.630065962795031282e+02
1.094844844844844900e+01 5.631155192250470236e+02
1.096546546546546708e+01 5.632241899591595029e+02
1.098248248248248338e+01 5.633326082541065034e+02
1.099949949949949968e+01 5.634407738826358809e+02
1.101651651651651775e+01 5.635486866179778644e+02
1.103353353353353405e+01 5.636563462338458521e+02
1.105055055055055213e+01 5.637637525044377753e+02
1.106756756756756843e+01 5.638709052044358714e+02
1.108458458458458473e+01 5.639778041090089573e+02
1.110160160160160281e+01 5.640844489938118613e+02
1.111861861861861911e+01 5.641908396349869008e+02
1.113563563563563719e+01 5.642969758091649055e+02
1.115265265265265349e+01 5.644028572934654449e+02
1.116966966966966979e+01 5.645084838654983059e+02
1.118668668668668786e+01 5.646138553033632661e+02
1.120370370370370416e+01 5.647189713856524804e+02
1.122072072072072224e+01 5.648238318914496858e+02
1.123773773773773854e+01 5.649284366003321338e+02
1.125475475475475662e+01 5.650327852923705905e+02
1.127177177177177292e+01 5.651368777481305870e+02
1.128878878878878922e+01 5.652407137486734428e+02
1.130580580580580730e+01 5.653442930755564930e+02
1.132282282282282360e+01 5.654476155108342255e+02
1.133983983983984167e+01 5.655506808370591898e+02
1.135685685685685797e+01 5.656534888372822252e+02
1.137387387387387427e+01 5.657560392950537107e+02
1.139089089089089235e+01 5.658583319944247023e+02
1.140790790790790865e+01 5.659603667199467054e+02
1.142492492492492673e+01 5.660621432566733802e+02
1.144194194194194303e+01 5.661636613901612236e+02
1.145895895895895933e+01 5.662649209064694560e+02
1.147597597597597741e+01 5.663659215921619534e+02
1.149299299299299371e+01 5.664666632343075889e+02
1.151001001001001178e+01 5.665671456204803462e+02
1.152702702702702808e+01 5.666673685387615933e+02
1.154404404404404438e+01 5.667673317777394004e+02
1.156106106106106246e+01 5.668670351265099043e+02
1.157807807807807876e+01 5.669664783746782177e+02
1.159509509509509684e+01 5.670656613123589977e+02
1.161211211211211314e+01 5.671645837301770143e+02
1.162912912912912944e+01 5.672632454192686282e+02
1.164614614614614752e+01 5.673616461712814498e+02
1.166316316316316382e+01 5.674597857783761583e+02
1.168018018018018189e+01 5.675576640332269562e+02
1.169719719719719819e+01 5.676552807290215696e+02
1.171421421421421449e+01 5.677526356594632944e+02
1.173123123123123257e+01 5.678497286187705413e+02
1.174824824824824887e+01 5.679465594016784280e+02
1.176526526526526695e+01 5.680431278034393472e+02
1.178228228228228325e+01 5.681394336198230803e+02
1.179929929929929955e+01 5.682354766471186167e+02
1.181631631631631763e+01 5.683312566821340397e+02
1.183333333333333393e+01 5.684267735221976636e+02
1.185035035035035200e+01 5.685220269651583749e+02
1.186736736736736830e+01 5.686170168093873372e+02
1.188438438438438460e+01 5.687117428537773094e+02
1.190140140140140268e+01 5.688062048977445784e+02
1.191841841841841898e+01 5.689004027412292999e+02
1.193543543543543706e+01 5.689943361846958396e+02
1.195245245245245336e+01 5.690880050291342513e+02
1.196946946946946966e+01 5.691814090760598219e+02
1.198648648648648773e+01 5.692745481275156862e+02
1.200350350350350404e+01 5.693674219860716903e+02
1.202052052052052211e+01 5.694600304548258691e+02
1.203753753753753841e+01 5.695523733374052426e+02
1.205455455455455649e+01 5.696444504379666114e+02
1.207157157157157279e+01 5.697362615611971250e+02
1.208858858858858909e+01 5.698278065123146234e+02
1.210560560560560717e+01 5.699190850970687734e+02
1.212262262262262347e+01 5.700100971217419783e+02
1.213963963963964154e+01 5.701008423931498328e+02
1.215665665665665784e+01 5.701913207186413501e+02
1.217367367367367414e+01 5.702815319061006676e+02
1.219069069069069222e+01 5.703714757639468189e+02
1.220770770770770852e+01 5.704611521011348714e+02
1.222472472472472660e+01 5.705505607271568351e+02
1.224174174174174290e+01 5.706397014520417770e+02
1.225875875875875920e+01 5.707285740863570709e+02
1.227577577577577728e+01 5.708171784412088527e+02
1.229279279279279358e+01 5.709055143282424751e+02
1.230980980980981165e+01 5.709935815596439852e+02
1.232682682682682795e+01 5.710813799481394426e+02
1.234384384384384425e+01 5.711689093069969658e+02
1.236086086086086233e+01 5.712561694500270733e+02
1.237787787787787863e+01 5.713431601915825695e+02
1.239489489489489671e+01 5.714298813465604781e+02
1.241191191191191301e+01 5.715163327304013592e+02
1.242892892892892931e+01 5.716025141590915837e+02
1.244594594594594739e+01 5.716884254491621959e+02
1.246296296296296369e+01 5.717740664176909604e+02
1.247997997997998176e+01 5.718594368823027025e+02
1.249699699699699806e+01 5.719445366611697636e+02
1.251401401401401436e+01 5.720293655730124556e+02
1.253103103103103244e+01 5.721139234371003113e+02
1.254804804804804874e+01 5.721982100732525396e+02
1.256506506506506682e+01 5.722822253018383662e+02
1.258208208208208312e+01 5.723659689437779434e+02
1.259909909909909942e+01 5.724494408205431455e+02
1.261611611611611750e+01 5.725326407541582512e+02
1.263313313313313380e+01 5.726155685671998299e+02
1.265015015015015187e+01 5.726982240827985606e+02
1.266716716716716817e+01 5.727806071246390047e+02
1.268418418418418447e+01 5.728627175169605152e+02
1.270120120120120255e+01 5.729445550845581465e+02
1.271821821821821885e+01 5.730261196527829952e+02
1.273523523523523693e+01 5.731074110475426551e+02
1.275225225225225323e+01 5.731884290953024674e+02
1.276926926926926953e+01 5.732691736230851802e+02
1.278628628628628761e+01 5.733496444584732217e+02
1.280330330330330391e+01 5.734298414296073361e+02
1.282032032032032198e+01 5.735097643651888575e+02
1.283733733733733828e+01 5.735894130944792551e+02
1.285435435435435636e+01 5.736687874473012698e+02
1.287137137137137266e+01 5.737478872540397106e+02
1.288838838838838896e+01 5.738267123456413401e+02
1.290540540540540704e+01 5.739052625536161258e+02
1.292242242242242334e+01 5.739835377100381493e+02
1.293943943943944141e+01 5.740615376475451512e+02
1.295645645645645772e+01 5.741392621993401235e+02
1.297347347347347402e+01 5.742167111991915363e+02
1.299049049049049209e+01 5.742938844814336790e+02
1.300750750750750839e+01 5.743707818809677974e+02
1.302452452452452647e+01 5.744474032332626621e+02
1.304154154154154277e+01 5.745237483743545681e+02
1.305855855855855907e+01 5.745998171408484723e+02
1.307557557557557715e+01 5.746756093699187886e+02
1.309259259259259345e+01 5.747511248993093886e+02
1.310960960960961152e+01 5.748263635673341696e+02
1.312662662662662783e+01 5.749013252128786462e+02
1.314364364364364413e+01 5.749760096753991547e+02
1.316066066066066220e+01 5.750504167949247858e+02
1.317767767767767850e+01 5.751245464120567021e+02
1.319469469469469658e+01 5.751983983679697303e+02
1.321171171171171288e+01 5.752719725044124743e+02
1.322872872872872918e+01 5.753452686637079978e+02
1.324574574574574726e+01 5.754182866887543923e+02
1.326276276276276356e+01 5.754910264230250050e+02
1.327977977977978163e+01 5.755634877105700298e+02
1.329679679679679793e+01 5.756356703960157120e+02
1.331381381381381424e+01 5.757075743245662807e+02
1.333083083083083231e+01 5.757791993420032668e+02
1.334784784784784861e+01 5.758505452946868672e+02
1.336486486486486669e+01 5.759216120295565133e+02
1.338188188188188299e+01 5.759923993941307572e+02
1.339889889889889929e+01 5.760629072365090906e+02
1.341591591591591737e+01 5.761331354053705809e+02
1.343293293293293367e+01 5.762030837499763720e+02
1.344994994994995174e+01 5.762727521201693435e+02
1.346696696696696804e+01 5.763421403663744513e+02
1.348398398398398434e+01 5.764112483395996378e+02
1.350100100100100242e+01 5.764800758914365133e+02
1.351801801801801872e+01 5.765486228740606975e+02
1.353503503503503680e+01 5.766168891402319332e+02
1.355205205205205310e+01 5.766848745432952228e+02
1.356906906906906940e+01 5.767525789371818519e+02
1.358608608608608748e+01 5.768200021764083658e+02
1.360310310310310378e+01 5.768871441160782751e+02
1.362012012012012185e+01 5.769540046118828513e+02
1.363713713713713815e+01 5.770205835201005584e+02
1.365415415415415623e+01 5.770868806975981897e+02
1.367117117117117253e+01 5.771528960018315502e+02
1.368818818818818883e+01 5.772186292908459109e+02
1.370520520520520691e+01 5.772840804232762366e+02
1.372222222222222321e+01 5.773492492583476405e+02
1.373923923923924129e+01 5.774141356558767484e+02
1.375625625625625759e+01 5.774787394762710164e+02
1.377327327327327389e+01 5.775430605805303230e+02
1.379029029029029196e+01 5.776070988302466276e+02
1.380730730730730826e+01 5.776708540876051075e+02
1.382432432432432634e+01 5.777343262153840442e+02
1.384134134134134264e+01 5.777975150769563015e+02
1.385835835835835894e+01 5.778604205362886432e+02
1.387537537537537702e+01 5.779230424579432110e+02
1.389239239239239332e+01 5.779853807070771836e+02
1.390940940940941140e+01 5.780474351494442544e+02
1.392642642642642770e+01 5.781092056513942907e+02
1.394344344344344400e+01 5.781706920798739020e+02
1.396046046046046207e+01 5.782318943024278042e+02
1.397747747747747837e+01 5.782928121871980238e+02
1.399449449449449645e+01 5.783534456029252624e+02
1.401151151151151275e+01 5.784137944189488962e+02
1.402852852852852905e+01 5.784738585052083408e+02
1.404554554554554713e+01 5.785336377322422550e+02
1.406256256256256343e+01 5.785931319711896776e+02
1.407957957957958151e+01 5.786523410937908238e+02
1.409659659659659781e+01 5.787112649723869708e+02
1.411361361361361411e+01 5.787699034799211404e+02
1.413063063063063218e+01 5.788282564899387808e+02
1.414764764764764848e+01 5.788863238765878805e+02
1.416466466466466656e+01 5.789441055146195367e+02
1.418168168168168286e+01 5.790016012793886375e+02
1.419869869869869916e+01 5.790588110468539753e+02
1.421571571571571724e+01 5.791157346935792702e+02
1.423273273273273354e+01 5.791723720967328290e+02
1.424974974974975162e+01 5.792287231340883409e+02
1.426676676676676792e+01 5.792847876840259005e+02
1.428378378378378422e+01 5.793405656255314398e+02
1.430080080080080229e+01 5.793960568381982057e+02
1.431781781781781859e+01 5.794512612022261919e+02
1.433483483483483667e+01 5.795061785984232756e+02
1.435185185185185297e+01 5.795608089082055585e+02
1.436886886886887105e+01 5.796151520135973669e+02
1.438588588588588735e+01 5.796692077972326160e+02
1.440290290290290365e+01 5.797229761423540140e+02
1.441991991991992172e+01 5.797764569328146536e+02
1.443693693693693803e+01 5.798296500530775575e+02
1.445395395395395610e+01 5.798825553882165877e+02
1.447097097097097240e+01 5.799351728239165595e+02
1.448798798798798870e+01 5.799875022464746053e+02
1.450500500500500678e+01 5.800395435427985831e+02
1.452202202202202308e+01 5.800912966004101463e+02
1.453903903903904116e+01 5.801427613074422425e+02
1.455605605605605746e+01 5.801939375526426375e+02
1.457307307307307376e+01 5.802448252253715282e+02
1.459009009009009183e+01 5.802954242156035889e+02
1.460710710710710813e+01 5.803457344139280849e+02
1.462412412412412621e+01 5.803957557115489863e+02
1.464114114114114251e+01 5.804454880002855361e+02
1.465815815815815881e+01 5.804949311725724783e+02
1.467517517517517689e+01 5.805440851214610802e+02
1.469219219219219319e+01 5.805929497406184510e+02
1.470920920920921127e+01 5.806415249243291328e+02
1.472622622622622757e+01 5.806898105674944190e+02
1.474324324324324387e+01 5.807378065656333774e+02
1.476026026026026194e+01 5.807855128148834183e+02
1.477727727727727824e+01 5.808329292119997262e+02
1.479429429429429632e+01 5.808800556543567382e+02
1.481131131131131262e+01 5.809268920399479157e+02
1.482832832832832892e+01 5.809734382673860864e+02
1.484534534534534700e+01 5.810196942359044670e+02
1.486236236236236330e+01 5.810656598453557535e+02
1.487937937937938138e+01 5.811113349962140546e+02
1.489639639639639768e+01 5.811567195895740952e+02
1.491341341341341398e+01 5.812018135271520123e+02
1.493043043043043205e+01 5.812466167112858102e+02
1.494744744744744835e+01 5.812911290449354738e+02
1.496446446446446643e+01 5.813353504316836506e+02
1.498148148148148273e+01 5.813792807757353103e+02
1.499849849849849903e+01 5.814229199819194491e+02
1.501551551551551711e+01 5.814662679556877265e+02
1.503253253253253341e+01 5.815093246031161698e+02
1.504954954954955149e+01 5.815520898309048334e+02
1.506656656656656779e+01 5.815945635463784811e+02
1.508358358358358409e+01 5.816367456574865855e+02
1.510060060060060216e+01 5.816786360728041245e+02
1.511761761761761846e+01 5.817202347015314672e+02
1.513463463463463654e+01 5.817615414534950560e+02
1.515165165165165284e+01 5.818025562391474068e+02
1.516866866866867092e+01 5.818432789695677911e+02
1.518568568568568722e+01 5.818837095564622359e+02
1.520270270270270352e+01 5.819238479121642058e+02
1.521971971971972160e+01 5.819636939496344894e+02
1.523673673673673790e+01 5.820032475824621088e+02
1.525375375375375597e+01 5.820425087248639784e+02
1.527077077077077227e+01 5.820814772916858146e+02
1.528778778778778857e+01 5.821201531984016810e+02
1.530480480480480665e+01 5.821585363611155799e+02
1.532182182182182295e+01 5.821966266965600880e+02
1.533883883883884103e+01 5.822344241220984031e+02
1.535585585585585733e+01 5.822719285557230933e+02
1.537287287287287363e+01 5.823091399160576884e+02
1.538988988988989171e+01 5.823460581223558847e+02
1.540690690690690801e+01 5.823826830945027950e+02
1.542392392392392608e+01 5.824190147530144941e+02
1.544094094094094238e+01 5.824550530190388145e+02
1.545795795795795868e+01 5.824907978143555738e+02
1.547497497497497676e+01 5.825262490613762338e+02
1.549199199199199306e+01 5.825614066831452647e+02
1.550900900900901114e+01 5.825962706033396898e+02
1.552602602602602744e+01 5.826308407462693140e+02
1.554304304304304374e+01 5.826651170368774046e+02
1.556006006006006182e+01 5.826990994007409199e+02
1.557707707707707812e+01 5.827327877640703946e+02
1.559409409409409619e+01 5.827661820537109634e+02
1.561111111111111249e+01 5.827992821971412241e+02
1.562812812812812879e+01 5.828320881224753975e+02
1.564514514514514687e+01 5.828645997584623046e+02
1.566216216216216317e+01 5.828968170344857072e+02
1.567917917917918125e+01 5.829287398805649900e+02
1.569619619619619755e+01 5.829603682273553886e+02
1.571321321321321385e+01 5.829917020061478752e+02
1.573023023023023192e+01 5.830227411488697271e+02
1.574724724724724823e+01 5.830534855880846408e+02
1.576426426426426630e+01 5.830839352569931862e+02
1.578128128128128260e+01 5.831140900894324659e+02
1.579829829829829890e+01 5.831439500198777068e+02
1.581531531531531698e+01 5.831735149834404410e+02
1.583233233233233328e+01 5.832027849158706658e+02
1.584934934934935136e+01 5.832317597535562754e+02
1.586636636636636766e+01 5.832604394335228335e+02
1.588338338338338396e+01 5.832888238934349374e+02
1.590040040040040203e+01 5.833169130715951951e+02
1.591741741741741833e+01 5.833447069069455893e+02
1.593443443443443641e+01 5.833722053390670226e+02
1.595145145145145271e+01 5.833994083081796589e+02
1.596846846846847079e+01 5.834263157551430368e+02
1.598548548548548709e+01 5.834529276214565243e+02
1.600250250250250161e+01 5.834792438492601150e+02
1.601951951951951969e+01 5.835052643813328359e+02
1.603653653653653777e+01 5.835309891610949080e+02
1.605355355355355584e+01 5.835564181326069502e+02
1.607057057057057392e+01 5.835815512405703203e+02
1.608758758758758844e+01 5.836063884303275699e+02
1.610460460460460652e+01 5.836309296478622173e+02
1.612162162162162105e+01 5.836551748397994288e+02
1.613863863863863912e+01 5.836791239534057922e+02
1.615565565565565720e+01 5.837027769365901122e+02
1.617267267267267528e+01 5.837261337379025008e+02
1.618968968968969335e+01 5.837491943065357418e+02
1.620670670670670788e+01 5.837719585923250634e+02
1.622372372372372595e+01 5.837944265457480242e+02
1.624074074074074048e+01 5.838165981179250821e+02
1.625775775775775855e+01 5.838384732606195939e+02
1.627477477477477663e+01 5.838600519262379294e+02
1.629179179179179471e+01 5.838813340678300392e+02
1.630880880880881278e+01 5.839023196390888870e+02
1.632582582582582731e+01 5.839230085943513586e+02
1.634284284284284183e+01 5.839434008885981484e+02
1.635985985985985991e+01 5.839634964774539867e+02
1.637687687687687799e+01 5.839832953171874124e+02
1.639389389389389606e+01 5.840027973647115687e+02
1.641091091091091414e+01 5.840220025775840895e+02
1.642792792792792866e+01 5.840409109140069859e+02
1.644494494494494674e+01 5.840595223328273278e+02
1.646196196196196126e+01 5.840778367935365623e+02
1.647897897897897934e+01 5.840958542562719913e+02
1.649599599599599742e+01 5.841135746818155212e+02
1.651301301301301550e+01 5.841309980315946859e+02
1.653003003003003002e+01 5.841481242676824195e+02
1.654704704704704810e+01 5.841649533527972835e+02
1.656406406406406617e+01 5.841814852503040356e+02
1.658108108108108425e+01 5.841977199242127199e+02
1.659809809809809877e+01 5.842136573391798038e+02
1.661511511511511685e+01 5.842292974605080644e+02
1.663213213213213493e+01 5.842446402541462476e+02
1.664914914914914945e+01 5.842596856866897497e+02
1.666616616616616753e+01 5.842744337253803906e+02
1.668318318318318561e+01 5.842888843381068682e+02
1.670020020020020013e+01 5.843030374934046449e+02
1.671721721721721821e+01 5.843168931604561749e+02
1.673423423423423628e+01 5.843304513090906767e+02
1.675125125125125436e+01 5.843437119097845880e+02
1.676826826826826888e+01 5.843566749336620205e+02
1.678528528528528696e+01 5.843693403524937366e+02
1.680230230230230504e+01 5.843817081386987411e+02
1.681931931931931956e+01 5.843937782653430304e+02
1.683633633633633764e+01 5.844055507061406161e+02
1.685335335335335571e+01 5.844170254354530698e+02
1.687037037037037024e+01 5.844282024282898647e+02
1.688738738738738832e+01 5.844390816603086023e+02
1.690440440440440639e+01 5.844496631078146720e+02
1.692142142142142447e+01 5.844599467477619328e+02
1.693843843843843899e+01 5.844699325577520312e+02
1.695545545545545707e+01 5.844796205160355385e+02
1.697247247247247515e+01 5.844890106015104720e+02
1.698948948948948967e+01 5.844981027937243425e+02
1.700650650650650775e+01 5.845068970728727891e+02
1.702352352352352582e+01 5.845153934197995795e+02
1.704054054054054035e+01 5.845235918159979747e+02
1.705755755755755843e+01 5.845314922436095912e+02
1.707457457457457650e+01 5.845390946854245158e+02
1.709159159159159458e+01 5.845463991248825550e+02
1.710860860860860910e+01 5.845534055460717582e+02
1.712562562562562718e+01 5.845601139337294399e+02
1.714264264264264526e+01 5.845665242732421802e+02
1.715965965965965978e+01 5.845726365506449156e+02
1.717667667667667786e+01 5.845784507526229845e+02
1.719369369369369593e+01 5.845839668665097406e+02
1.721071071071071401e+01 5.845891848802884851e+02
1.722772772772772854e+01 5.845941047825916712e+02
1.724474474474474661e+01 5.845987265627009037e+02
1.726176176176176469e+01 5.846030502105473943e+02
1.727877877877877921e+01 5.846070757167119609e+02
1.729579579579579729e+01 5.846108030724245737e+02
1.731281281281281537e+01 5.846142322695646953e+02
1.732982982982982989e+01 5.846173633006613954e+02
1.734684684684684797e+01 5.846201961588932363e+02
1.736386386386386604e+01 5.846227308380888417e+02
1.738088088088088412e+01 5.846249673327253049e+02
1.739789789789789864e+01 5.846269056379308040e+02
1.741491491491491672e+01 5.846285457494818729e+02
1.743193193193193480e+01 5.846298876638054480e+02
1.744894894894894932e+01 5.846309313779780723e+02
1.746596596596596740e+01 5.846316768897255542e+02
1.748298298298298548e+01 5.846321241974236500e+02
1.750000000000000000e+01 5.846322733000979497e+02
