5.000000000000000000e-01 2.353322378405567861e+02
5.170170170170169666e-01 2.355233253943000307e+02
5.340340340340340441e-01 2.357147576938411930e+02
5.510510510510510107e-01 2.359065347391448313e+02
5.680680680680680883e-01 2.360986565266647403e+02
5.850850850850850549e-01 2.362911230493361927e+02
6.021021021021021324e-01 2.364839342965673552e+02
6.191191191191190990e-01 2.366770902542316435e+02
6.361361361361361766e-01 2.368705909046593945e+02
6.531531531531531432e-01 2.370644362266299368e+02
6.701701701701702207e-01 2.372586261953636040e+02
6.871871871871871873e-01 2.374531607825137485e+02
7.042042042042042649e-01 2.376480399561586978e+02
7.212212212212212314e-01 2.378432636807939389e+02
7.382382382382381980e-01 2.380388319173239324e+02
7.552552552552552756e-01 2.382347446230546382e+02
7.722722722722723532e-01 2.384310017516851019e+02
7.892892892892893197e-01 2.386276032532999523e+02
8.063063063063062863e-01 2.388245490743617552e+02
8.233233233233233639e-01 2.390218391577025443e+02
8.403403403403404415e-01 2.392194734425165450e+02
8.573573573573574080e-01 2.394174518643524152e+02
8.743743743743743746e-01 2.396157743551050032e+02
8.913913913913914522e-01 2.398144408430082990e+02
9.084084084084084187e-01 2.400134512526272488e+02
9.254254254254254963e-01 2.402128055048503370e+02
9.424424424424424629e-01 2.404125035168817135e+02
9.594594594594594295e-01 2.406125452022338891e+02
9.764764764764765070e-01 2.408129304707196070e+02
9.934934934934935846e-01 2.410136592284449364e+02
1.010510510510510551e+00 2.412147313778011437e+02
1.027527527527527518e+00 2.414161468174573315e+02
1.044544544544544706e+00 2.416179054423535035e+02
1.061561561561561451e+00 2.418200071436919814e+02
1.078578578578578639e+00 2.420224518089308390e+02
1.095595595595595606e+00 2.422252393217762858e+02
1.112612612612612573e+00 2.424283695621750212e+02
1.129629629629629761e+00 2.426318424063070438e+02
1.146646646646646728e+00 2.428356577265782903e+02
1.163663663663663694e+00 2.430398153916135584e+02
1.180680680680680883e+00 2.432443152662487762e+02
1.197697697697697627e+00 2.434491572115239251e+02
1.214714714714714816e+00 2.436543410846757922e+02
1.231731731731731783e+00 2.438598667391310642e+02
1.248748748748748749e+00 2.440657340244985676e+02
1.265765765765765938e+00 2.442719427865627040e+02
1.282782782782782904e+00 2.444784928672760316e+02
1.299799799799799871e+00 2.446853841047520177e+02
1.316816816816816837e+00 2.448926163332583883e+02
1.333833833833833804e+00 2.451001893832097664e+02
1.350850850850850993e+00 2.453081030811607661e+02
1.367867867867867959e+00 2.455163572497991140e+02
1.384884884884884926e+00 2.457249517079387715e+02
1.401901901901902114e+00 2.459338862705125734e+02
1.418918918918918859e+00 2.461431607485658901e+02
1.435935935935936048e+00 2.463527749492494081e+02
1.452952952952953014e+00 2.465627286758124797e+02
1.469969969969969981e+00 2.467730217275964719e+02
1.486986986986987169e+00 2.469836539000276616e+02
1.504004004004004136e+00 2.471946249846108117e+02
1.521021021021021102e+00 2.474059347689222363e+02
1.538038038038038069e+00 2.476175830366032642e+02
1.555055055055055258e+00 2.478295695673538432e+02
1.572072072072072224e+00 2.480418941369254640e+02
1.589089089089089191e+00 2.482545565171148496e+02
1.606106106106106157e+00 2.484675564757577604e+02
1.623123123123123124e+00 2.486808937767216889e+02
1.640140140140140312e+00 2.488945681799003182e+02
1.657157157157157279e+00 2.491085794412063024e+02
1.674174174174174246e+00 2.493229273125654117e+02
1.691191191191191212e+00 2.495376115419099960e+02
1.708208208208208401e+00 2.497526318731724473e+02
1.725225225225225367e+00 2.499679880462794586e+02
1.742242242242242334e+00 2.501836797971450324e+02
1.759259259259259300e+00 2.503997068576649951e+02
1.776276276276276489e+00 2.506160689557102046e+02
1.793293293293293456e+00 2.508327658151207515e+02
1.810310310310310422e+00 2.510497971556997925e+02
1.827327327327327389e+00 2.512671626932073536e+02
1.844344344344344577e+00 2.514848621393545614e+02
1.861361361361361544e+00 2.517028952017972756e+02
1.878378378378378510e+00 2.519212615841303489e+02
1.895395395395395477e+00 2.521399609858816007e+02
1.912412412412412444e+00 2.523589931025060764e+02
1.929429429429429632e+00 2.525783576253799652e+02
1.946446446446446599e+00 2.527980542417949437e+02
1.963463463463463565e+00 2.530180826349525205e+02
1.980480480480480532e+00 2.532384424839578969e+02
1.997497497497497720e+00 2.534591334638146236e+02
2.014514514514514687e+00 2.536801552454187743e+02
2.031531531531531876e+00 2.539015074955533464e+02
2.048548548548548620e+00 2.541231898768826341e+02
2.065565565565565809e+00 2.543452020479468274e+02
2.082582582582582553e+00 2.545675436631565276e+02
2.099599599599599742e+00 2.547902143727868349e+02
2.116616616616616930e+00 2.550132138229724887e+02
2.133633633633633675e+00 2.552365416557020978e+02
2.150650650650650864e+00 2.554601975088130530e+02
2.167667667667667608e+00 2.556841810159859563e+02
2.184684684684684797e+00 2.559084918067398462e+02
2.201701701701701985e+00 2.561331295064261440e+02
2.218718718718719174e+00 2.563580937362241912e+02
2.235735735735735918e+00 2.565833841131359350e+02
2.252752752752752663e+00 2.568090002499806133e+02
2.269769769769769852e+00 2.570349417553897524e+02
2.286786786786787040e+00 2.572612082338026767e+02
2.303803803803804229e+00 2.574877992854607101e+02
2.320820820820820973e+00 2.577147145064026859e+02
2.337837837837837718e+00 2.579419534884600580e+02
2.354854854854854906e+00 2.581695158192520694e+02
2.371871871871872095e+00 2.583974010821806928e+02
2.388888888888889284e+00 2.586256088564261972e+02
2.405905905905906028e+00 2.588541387169425434e+02
2.422922922922922773e+00 2.590829902344519269e+02
2.439939939939939961e+00 2.593121629754411970e+02
2.456956956956957150e+00 2.595416565021563997e+02
2.473973973973974338e+00 2.597714703725988556e+02
2.490990990990991083e+00 2.600016041405203850e+02
2.508008008008008272e+00 2.602320573554185899e+02
2.525025025025025016e+00 2.604628295625333863e+02
2.542042042042042205e+00 2.606939203028414340e+02
2.559059059059059393e+00 2.609253291130526122e+02
2.576076076076076138e+00 2.611570555256056423e+02
2.593093093093093326e+00 2.613890990686637679e+02
2.610110110110110515e+00 2.616214592661103779e+02
2.627127127127127260e+00 2.618541356375451983e+02
2.644144144144144448e+00 2.620871276982803693e+02
2.661161161161161193e+00 2.623204349593358415e+02
2.678178178178178381e+00 2.625540569274356244e+02
2.695195195195195570e+00 2.627879931050042615e+02
2.712212212212212314e+00 2.630222429901623400e+02
2.729229229229229503e+00 2.632568060767229667e+02
2.746246246246246248e+00 2.634916818541878456e+02
2.763263263263263436e+00 2.637268698077438671e+02
2.780280280280280625e+00 2.639623694182587315e+02
2.797297297297297369e+00 2.641981801622780495e+02
2.814314314314314558e+00 2.644343015120211930e+02
2.831331331331331747e+00 2.646707329353779414e+02
2.848348348348348491e+00 2.649074738959050137e+02
2.865365365365365680e+00 2.651445238528228856e+02
2.882382382382382424e+00 2.653818822610115262e+02
2.899399399399399613e+00 2.656195485710080106e+02
2.916416416416416801e+00 2.658575222290025408e+02
2.933433433433433546e+00 2.660958026768357740e+02
2.950450450450450735e+00 2.663343893519949575e+02
2.967467467467467479e+00 2.665732816876111428e+02
2.984484484484484668e+00 2.668124791124565149e+02
3.001501501501501856e+00 2.670519810509403555e+02
3.018518518518518601e+00 2.672917869231067129e+02
3.035535535535535789e+00 2.675318961446314461e+02
3.052552552552552978e+00 2.677723081268189276e+02
3.069569569569569722e+00 2.680130222765999406e+02
3.086586586586586911e+00 2.682540379965278134e+02
3.103603603603603656e+00 2.684953546847767143e+02
3.120620620620620844e+00 2.687369717351382974e+02
3.137637637637638033e+00 2.689788885370194294e+02
3.154654654654654777e+00 2.692211044754394607e+02
3.171671671671671966e+00 2.694636189310272698e+02
3.188688688688689155e+00 2.697064312800199559e+02
3.205705705705705899e+00 2.699495408942592007e+02
3.222722722722723088e+00 2.701929471411893928e+02
3.239739739739739832e+00 2.704366493838555243e+02
3.256756756756757021e+00 2.706806469809004625e+02
3.273773773773774209e+00 2.709249392865630739e+02
3.290790790790790954e+00 2.711695256506759506e+02
3.307807807807808143e+00 2.714144054186634207e+02
3.324824824824824887e+00 2.716595779315392747e+02
3.341841841841842076e+00 2.719050425259050598e+02
3.358858858858859264e+00 2.721507985339478637e+02
3.375875875875876009e+00 2.723968452834386653e+02
3.392892892892893197e+00 2.726431820977304028e+02
3.409909909909910386e+00 2.728898082957562110e+02
3.426926926926927131e+00 2.731367231920278869e+02
3.443943943943944319e+00 2.733839260966336155e+02
3.460960960960961064e+00 2.736314163152374022e+02
3.477977977977978252e+00 2.738791931490765137e+02
3.494994994994995441e+00 2.741272558949605695e+02
3.512012012012012185e+00 2.743756038452699499e+02
3.529029029029029374e+00 2.746242362879546590e+02
3.546046046046046119e+00 2.748731525065324490e+02
3.563063063063063307e+00 2.751223517800880245e+02
3.580080080080080496e+00 2.753718333832719054e+02
3.597097097097097240e+00 2.756215965862986650e+02
3.614114114114114429e+00 2.758716406549468729e+02
3.631131131131131617e+00 2.761219648505568784e+02
3.648148148148148362e+00 2.763725684300308103e+02
3.665165165165165551e+00 2.766234506458310989e+02
3.682182182182182295e+00 2.768746107459799077e+02
3.699199199199199484e+00 2.771260479740581673e+02
3.716216216216216672e+00 2.773777615692051199e+02
3.733233233233233417e+00 2.776297507661169561e+02
3.750250250250250605e+00 2.778820147950472119e+02
3.767267267267267350e+00 2.781345528818054618e+02
3.784284284284284539e+00 2.783873642477567500e+02
3.801301301301301727e+00 2.786404481098219321e+02
3.818318318318318472e+00 2.788938036804764806e+02
3.835335335335335660e+00 2.791474301677505423e+02
3.852352352352352849e+00 2.794013267752285969e+02
3.869369369369369593e+00 2.796554927020494006e+02
3.886386386386386782e+00 2.799099271429055307e+02
3.903403403403403527e+00 2.801646292880435567e+02
3.920420420420420715e+00 2.804195983232642675e+02
3.937437437437437904e+00 2.806748334299218754e+02
3.954454454454454648e+00 2.809303337849250966e+02
3.971471471471471837e+00 2.811860985607366956e+02
3.988488488488489025e+00 2.814421269253739410e+02
4.005505505505505326e+00 2.816984180424087754e+02
4.022522522522523403e+00 2.819549710709684405e+02
4.039539539539539703e+00 2.822117851657354777e+02
4.056556556556556892e+00 2.824688594769486372e+02
4.073573573573574080e+00 2.827261931504029349e+02
4.090590590590590381e+00 2.829837853274506188e+02
4.107607607607608458e+00 2.832416351450018510e+02
4.124624624624624758e+00 2.834997417355251628e+02
4.141641641641641947e+00 2.837581042270484772e+02
4.158658658658659135e+00 2.840167217431597919e+02
4.175675675675675436e+00 2.842755934030081448e+02
4.192692692692693512e+00 2.845347183213047515e+02
4.209709709709709813e+00 2.847940956083238007e+02
4.226726726726727001e+00 2.850537243699035344e+02
4.243743743743744190e+00 2.853136037074478963e+02
4.260760760760760490e+00 2.855737327179271006e+02
4.277777777777778567e+00 2.858341104938793933e+02
4.294794794794794868e+00 2.860947361234121900e+02
4.311811811811812056e+00 2.863556086902034394e+02
4.328828828828829245e+00 2.866167272735035567e+02
4.345845845845845545e+00 2.868780909481362755e+02
4.362862862862863622e+00 2.871396987845009789e+02
4.379879879879879923e+00 2.874015498485738362e+02
4.396896896896897111e+00 2.876636432019097924e+02
4.413913913913914300e+00 2.879259779016443304e+02
4.430930930930931488e+00 2.881885530004954035e+02
4.447947947947948677e+00 2.884513675467652547e+02
4.464964964964964977e+00 2.887144205843425198e+02
4.481981981981982166e+00 2.889777111527045008e+02
4.498998998998999355e+00 2.892412382869186445e+02
4.516016016016016543e+00 2.895050010176454407e+02
4.533033033033033732e+00 2.897689983711406398e+02
4.550050050050050032e+00 2.900332293692567873e+02
4.567067067067067221e+00 2.902976930294469184e+02
4.584084084084084409e+00 2.905623883647656385e+02
4.601101101101101598e+00 2.908273143838730448e+02
4.618118118118118787e+00 2.910924700910359775e+02
4.635135135135135087e+00 2.913578544861318278e+02
4.652152152152152276e+00 2.916234665646502435e+02
4.669169169169169464e+00 2.918893053176971648e+02
4.686186186186186653e+00 2.921553697319963590e+02
4.703203203203203842e+00 2.924216587898932858e+02
4.720220220220221030e+00 2.926881714693577692e+02
4.737237237237237331e+00 2.929549067439870669e+02
4.754254254254254519e+00 2.932218635830090534e+02
4.771271271271271708e+00 2.934890409512852329e+02
4.788288288288288896e+00 2.937564378093145478e+02
4.805305305305306085e+00 2.940240531132359365e+02
4.822322322322322385e+00 2.942918858148323693e+02
4.839339339339339574e+00 2.945599348615341455e+02
4.856356356356356763e+00 2.948281991964223607e+02
4.873373373373373951e+00 2.950966777582323175e+02
4.890390390390391140e+00 2.953653694813577886e+02
4.907407407407407440e+00 2.956342732958542570e+02
4.924424424424424629e+00 2.959033881274427245e+02
4.941441441441441818e+00 2.961727128975142023e+02
4.958458458458459006e+00 2.964422465231326669e+02
4.975475475475476195e+00 2.967119879170399486e+02
4.992492492492492495e+00 2.969819359876595399e+02
5.009509509509509684e+00 2.972520896391005749e+02
5.026526526526526872e+00 2.975224477711620921e+02
5.043543543543544061e+00 2.977930092793377526e+02
5.060560560560561250e+00 2.980637730548196487e+02
5.077577577577578438e+00 2.983347379845031355e+02
5.094594594594594739e+00 2.986059029509908669e+02
5.111611611611611927e+00 2.988772668325979680e+02
5.128628628628629116e+00 2.991488285033565262e+02
5.145645645645646304e+00 2.994205868330196267e+02
5.162662662662663493e+00 2.996925406870670372e+02
5.179679679679679793e+00 2.999646889267097549e+02
5.196696696696696982e+00 3.002370304088946682e+02
5.213713713713714171e+00 3.005095639863097858e+02
5.230730730730731359e+00 3.007822885073892394e+02
5.247747747747748548e+00 3.010552028163185696e+02
5.264764764764764848e+00 3.013283057530394444e+02
5.281781781781782037e+00 3.016015961532556275e+02
5.298798798798799226e+00 3.018750728484378101e+02
5.315815815815816414e+00 3.021487346658291244e+02
5.332832832832833603e+00 3.024225804284507149e+02
5.349849849849849903e+00 3.026966089551070809e+02
5.366866866866867092e+00 3.029708190603921594e+02
5.383883883883884280e+00 3.032452095546943838e+02
5.400900900900901469e+00 3.035197792442031641e+02
5.417917917917918658e+00 3.037945269309140031e+02
5.434934934934934958e+00 3.040694514126346348e+02
5.451951951951952147e+00 3.043445514829915055e+02
5.468968968968969335e+00 3.046198259314351162e+02
5.485985985985986524e+00 3.048952735432463896e+02
5.503003003003003712e+00 3.051708930995429228e+02
5.520020020020020901e+00 3.054466833772855239e+02
5.537037037037037202e+00 3.057226431492837264e+02
5.554054054054054390e+00 3.059987711842030649e+02
5.571071071071071579e+00 3.062750662465708729e+02
5.588088088088088767e+00 3.065515270967832748e+02
5.605105105105105956e+00 3.068281524911118368e+02
5.622122122122122256e+00 3.071049411817095347e+02
5.639139139139139445e+00 3.073818919166186561e+02
5.656156156156156634e+00 3.076590034397764271e+02
5.673173173173173822e+00 3.079362744910228571e+02
5.690190190190191011e+00 3.082137038061071053e+02
5.707207207207207311e+00 3.084912901166949268e+02
5.724224224224224500e+00 3.087690321503755513e+02
5.741241241241241688e+00 3.090469286306686172e+02
5.758258258258258877e+00 3.093249782770321872e+02
5.775275275275276066e+00 3.096031798048693418e+02
5.792292292292292366e+00 3.098815319255357394e+02
5.809309309309309555e+00 3.101600333463474044e+02
5.826326326326326743e+00 3.104386827705879455e+02
5.843343343343343932e+00 3.107174788975162301e+02
5.860360360360361121e+00 3.109964204223741717e+02
5.877377377377378309e+00 3.112755060363944040e+02
5.894394394394394610e+00 3.115547344268080678e+02
5.911411411411411798e+00 3.118341042768525995e+02
5.928428428428428987e+00 3.121136142657802566e+02
5.945445445445446175e+00 3.123932630688654513e+02
5.962462462462463364e+00 3.126730493574131060e+02
5.979479479479479664e+00 3.129529717987671802e+02
5.996496496496496853e+00 3.132330290563184576e+02
6.013513513513514042e+00 3.135132197895130730e+02
6.030530530530531230e+00 3.137935426538606976e+02
6.047547547547548419e+00 3.140739963009437474e+02
6.064564564564564719e+00 3.143545793784247735e+02
6.081581581581581908e+00 3.146352905300560110e+02
6.098598598598599096e+00 3.149161283956877924e+02
6.115615615615616285e+00 3.151970916112769601e+02
6.132632632632633474e+00 3.154781788088961889e+02
6.149649649649649774e+00 3.157593886167427399e+02
6.166666666666666963e+00 3.160407196591470438e+02
6.183683683683684151e+00 3.163221705565825346e+02
6.200700700700701340e+00 3.166037399256739491e+02
6.217717717717718529e+00 3.168854263792070469e+02
6.234734734734734829e+00 3.171672285261374782e+02
6.251751751751752018e+00 3.174491449716006173e+02
6.268768768768769206e+00 3.177311743169204306e+02
6.285785785785786395e+00 3.180133151596191965e+02
6.302802802802803583e+00 3.182955660934272260e+02
6.319819819819820772e+00 3.185779257082921276e+02
6.336836836836837072e+00 3.188603925903887557e+02
6.353853853853854261e+00 3.191429653221288731e+02
6.370870870870871450e+00 3.194256424821707014e+02
6.387887887887888638e+00 3.197084226454296640e+02
6.404904904904905827e+00 3.199913043830871402e+02
6.421921921921922127e+00 3.202742862626017768e+02
6.438938938938939316e+00 3.205573668477185265e+02
6.455955955955956505e+00 3.208405446984796754e+02
6.472972972972973693e+00 3.211238183712343925e+02
6.489989989989990882e+00 3.214071864186495873e+02
6.507007007007007182e+00 3.216906473897201408e+02
6.524024024024024371e+00 3.219741998297793089e+02
6.541041041041041559e+00 3.222578422805092373e+02
6.558058058058058748e+00 3.225415732799518196e+02
6.575075075075075937e+00 3.228253913625190421e+02
6.592092092092092237e+00 3.231092950590038981e+02
6.609109109109109426e+00 3.233932828965916428e+02
6.626126126126126614e+00 3.236773533988696272e+02
6.643143143143143803e+00 3.239615050858393488e+02
6.660160160160160991e+00 3.242457364739270247e+02
6.677177177177178180e+00 3.245300460759947327e+02
6.694194194194194480e+00 3.248144324013514392e+02
6.711211211211211669e+00 3.250988939557644244e+02
6.728228228228228858e+00 3.253834292414709353e+02
6.745245245245246046e+00 3.256680367571888155e+02
6.762262262262263235e+00 3.259527149981284992e+02
6.779279279279279535e+00 3.262374624560046641e+02
6.796296296296296724e+00 3.265222776190474292e+02
6.813313313313313913e+00 3.268071589720141219e+02
6.830330330330331101e+00 3.270921049962012148e+02
6.847347347347348290e+00 3.273771141694559788e+02
6.864364364364364590e+00 3.276621849661885335e+02
6.881381381381381779e+00 3.279473158573836145e+02
6.898398398398398967e+00 3.282325053106127370e+02
6.915415415415416156e+00 3.285177517900460771e+02
6.932432432432433345e+00 3.288030537564648057e+02
6.949449449449449645e+00 3.290884096672735950e+02
6.966466466466466834e+00 3.293738179765122140e+02
6.983483483483484022e+00 3.296592771348687165e+02
7.000500500500501211e+00 3.299447855896911506e+02
7.017517517517518399e+00 3.302303417850006326e+02
7.034534534534534700e+00 3.305159441615036258e+02
7.051551551551551889e+00 3.308015911566044451e+02
7.068568568568569077e+00 3.310872812044188436e+02
7.085585585585586266e+00 3.313730127357854371e+02
7.102602602602603454e+00 3.316587841782796318e+02
7.119619619619620643e+00 3.319445939562261856e+02
7.136636636636636943e+00 3.322304404907122830e+02
7.153653653653654132e+00 3.325163221996002676e+02
7.170670670670671321e+00 3.328022374975413413e+02
7.187687687687688509e+00 3.330881847959883544e+02
7.204704704704705698e+00 3.333741625032090496e+02
7.221721721721721998e+00 3.336601690242997620e+02
7.238738738738739187e+00 3.339462027611986059e+02
7.255755755755756375e+00 3.342322621126986633e+02
7.272772772772773564e+00 3.345183454744620803e+02
7.289789789789790753e+00 3.348044512390333693e+02
7.306806806806807053e+00 3.350905777958528233e+02
7.323823823823824242e+00 3.353767235312709545e+02
7.340840840840841430e+00 3.356628868285616250e+02
7.357857857857858619e+00 3.359490660679364851e+02
7.374874874874875808e+00 3.362352596265583884e+02
7.391891891891892108e+00 3.365214658785557162e+02
7.408908908908909297e+00 3.368076831950364749e+02
7.425925925925926485e+00 3.370939099441022790e+02
7.442942942942943674e+00 3.373801444908626763e+02
7.459959959959960862e+00 3.376663851974495856e+02
7.476976976976978051e+00 3.379526304230312235e+02
7.493993993993994351e+00 3.382388785238267701e+02
7.511011011011011540e+00 3.385251278531209209e+02
7.528028028028028729e+00 3.388113767612785523e+02
7.545045045045045917e+00 3.390976235957588187e+02
7.562062062062063106e+00 3.393838667011302164e+02
7.579079079079079406e+00 3.396701044190853054e+02
7.596096096096096595e+00 3.399563350884554893e+02
7.613113113113113783e+00 3.402425570452259080e+02
7.630130130130130972e+00 3.405287686225500465e+02
7.647147147147148161e+00 3.408149681507656510e+02
7.664164164164164461e+00 3.411011539574084281e+02
7.681181181181181650e+00 3.413873243672284161e+02
7.698198198198198838e+00 3.416734777022046501e+02
7.715215215215216027e+00 3.419596122815602257e+02
7.732232232232233216e+00 3.422457264217781585e+02
7.749249249249249516e+00 3.425318184366162768e+02
7.766266266266266705e+00 3.428178866371231379e+02
7.783283283283283893e+00 3.431039293316530348e+02
7.800300300300301082e+00 3.433899448258820257e+02
7.817317317317318270e+00 3.436759314228233393e+02
7.834334334334335459e+00 3.439618874228431764e+02
7.851351351351351759e+00 3.442478111236763425e+02
7.868368368368368948e+00 3.445337008204425047e+02
7.885385385385386137e+00 3.448195548056614825e+02
7.902402402402403325e+00 3.451053713692695055e+02
7.919419419419420514e+00 3.453911487986356406e+02
7.936436436436436814e+00 3.456768853785770261e+02
7.953453453453454003e+00 3.459625793913759253e+02
7.970470470470471192e+00 3.462482291167947892e+02
7.987487487487488380e+00 3.465338328320941628e+02
8.004504504504506457e+00 3.468193888120474639e+02
8.021521521521520981e+00 3.471048953289580936e+02
8.038538538538539058e+00 3.473903506526762044e+02
8.055555555555557135e+00 3.476757530506143326e+02
8.072572572572573435e+00 3.479611007877647921e+02
8.089589589589589735e+00 3.482463921267158184e+02
8.106606606606607812e+00 3.485316253276687348e+02
8.123623623623624113e+00 3.488167986484539824e+02
8.140640640640640413e+00 3.491019103445489691e+02
8.157657657657658490e+00 3.493869586690939855e+02
8.174674674674676567e+00 3.496719418729095423e+02
8.191691691691691091e+00 3.499568582045135372e+02
8.208708708708709167e+00 3.502417059101381369e+02
8.225725725725727244e+00 3.505264832337469443e+02
8.242742742742743545e+00 3.508111884170518806e+02
8.259759759759759845e+00 3.510958196995311482e+02
8.276776776776777922e+00 3.513803753184456014e+02
8.293793793793794222e+00 3.516648535088568792e+02
8.310810810810810523e+00 3.519492525036445159e+02
8.327827827827828600e+00 3.522335705335233342e+02
8.344844844844846676e+00 3.525178058270610109e+02
8.361861861861862977e+00 3.528019566106957541e+02
8.378878878878879277e+00 3.530860211087540392e+02
8.395895895895897354e+00 3.533699975434680027e+02
8.412912912912913654e+00 3.536538841349934046e+02
8.429929929929929955e+00 3.539376791014274204e+02
8.446946946946948032e+00 3.542213806588268312e+02
8.463963963963964332e+00 3.545049870212249061e+02
8.480980980980980632e+00 3.547884964006510700e+02
8.497997997997998709e+00 3.550719070071471606e+02
8.515015015015015010e+00 3.553552170487868125e+02
8.532032032032033086e+00 3.556384247316930214e+02
8.549049049049049387e+00 3.559215282600565615e+02
8.566066066066067464e+00 3.562045258361539481e+02
8.583083083083083764e+00 3.564874156603661959e+02
8.600100100100100065e+00 3.567701959311971223e+02
8.617117117117118141e+00 3.570528648452913103e+02
8.634134134134134442e+00 3.573354205974529805e+02
8.651151151151152519e+00 3.576178613806645785e+02
8.668168168168168819e+00 3.579001853861051359e+02
8.685185185185185119e+00 3.581823908031689143e+02
8.702202202202203196e+00 3.584644758194845053e+02
8.719219219219219497e+00 3.587464386209330769e+02
8.736236236236237573e+00 3.590282773916673023e+02
8.753253253253253874e+00 3.593099903141304026e+02
8.770270270270270174e+00 3.595915755690747346e+02
8.787287287287288251e+00 3.598730313355813450e+02
8.804304304304304551e+00 3.601543557910779327e+02
8.821321321321322628e+00 3.604355471113592557e+02
8.838338338338338929e+00 3.607166034706052642e+02
8.855355355355357005e+00 3.609975230414001430e+02
8.872372372372373306e+00 3.612783039947523775e+02
8.889389389389389606e+00 3.615589445001133981e+02
8.906406406406407683e+00 3.618394427253971344e+02
8.923423423423423984e+00 3.621197968369990576e+02
8.940440440440442060e+00 3.624000049998161330e+02
8.957457457457458361e+00 3.626800653772658052e+02
8.974474474474474661e+00 3.629599761313056092e+02
8.991491491491492738e+00 3.632397354224528954e+02
9.008508508508509038e+00 3.635193414098042695e+02
9.025525525525527115e+00 3.637987922510555450e+02
9.042542542542543416e+00 3.640780861025208992e+02
9.059559559559559716e+00 3.643572211191531096e+02
9.076576576576577793e+00 3.646361954545632216e+02
9.093593593593594093e+00 3.649150072610402162e+02
9.110610610610612170e+00 3.651936546895712468e+02
9.127627627627628470e+00 3.654721358898610788e+02
9.144644644644644771e+00 3.657504490103528951e+02
9.161661661661662848e+00 3.660285921982472814e+02
9.178678678678679148e+00 3.663065635995232014e+02
9.195695695695697225e+00 3.665843613589573806e+02
9.212712712712713525e+00 3.668619836201452813e+02
9.229729729729729826e+00 3.671394285255205432e+02
9.246746746746747903e+00 3.674166942163758449e+02
9.263763763763764203e+00 3.676937788328827992e+02
9.280780780780782280e+00 3.679706805141124732e+02
9.297797797797798580e+00 3.682473973980557957e+02
9.314814814814814881e+00 3.685239276216438498e+02
9.331831831831832957e+00 3.688002693207685070e+02
9.348848848848849258e+00 3.690764206303028914e+02
9.365865865865867335e+00 3.693523796841220701e+02
9.382882882882883635e+00 3.696281446151232331e+02
9.399899899899899935e+00 3.699037135552471227e+02
9.416916916916918012e+00 3.701790846354975884e+02
9.433933933933934313e+00 3.704542559859636413e+02
9.450950950950952389e+00 3.707292257358390088e+02
9.467967967967968690e+00 3.710039920134437921e+02
9.484984984984984990e+00 3.712785529462448721e+02
9.502002002002003067e+00 3.715529066608772837e+02
9.519019019019019368e+00 3.718270512831643941e+02
9.536036036036037444e+00 3.721009849381395611e+02
9.553053053053053745e+00 3.723747057500666529e+02
9.570070070070070045e+00 3.726482118424615919e+02
9.587087087087088122e+00 3.729215013381130461e+02
9.604104104104104422e+00 3.731945723591037449e+02
9.621121121121122499e+00 3.734674230268316251e+02
9.638138138138138800e+00 3.737400514620308059e+02
9.655155155155156876e+00 3.740124557847933602e+02
9.672172172172173177e+00 3.742846341145900055e+02
9.689189189189189477e+00 3.745565845702916477e+02
9.706206206206207554e+00 3.748283052701911515e+02
9.723223223223223854e+00 3.750997943320238619e+02
9.740240240240241931e+00 3.753710498729898291e+02
9.757257257257258232e+00 3.756420700097748409e+02
9.774274274274274532e+00 3.759128528585720233e+02
9.791291291291292609e+00 3.761833965351033271e+02
9.808308308308308909e+00 3.764536991546411855e+02
9.825325325325326986e+00 3.767237588320301711e+02
9.842342342342343287e+00 3.769935736817084262e+02
9.859359359359359587e+00 3.772631418177293767e+02
9.876376376376377664e+00 3.775324613537835603e+02
9.893393393393393964e+00 3.778015304032201698e+02
9.910410410410412041e+00 3.780703470790690517e+02
9.927427427427428341e+00 3.783389094940622499e+02
9.944444444444444642e+00 3.786072157606561177e+02
9.961461461461462719e+00 3.788752639910529751e+02
9.978478478478479019e+00 3.791430522972231074e+02
9.995495495495497096e+00 3.794105787909264222e+02
1.001251251251251340e+01 3.796778415837346756e+02
1.002952952952952970e+01 3.799448387870535271e+02
1.004654654654654777e+01 3.802115685121443676e+02
1.006356356356356407e+01 3.804780288701462041e+02
1.008058058058058215e+01 3.807442179720983404e+02
1.009759759759759845e+01 3.810101339289616931e+02
1.011461461461461475e+01 3.812757748516414722e+02
1.013163163163163283e+01 3.815411388510091797e+02
1.014864864864864913e+01 3.818062240379246077e+02
1.016566566566566721e+01 3.820710285232585193e+02
1.018268268268268351e+01 3.823355504179143054e+02
1.019969969969969981e+01 3.825997878328507795e+02
1.021671671671671788e+01 3.828637388791040621e+02
1.023373373373373418e+01 3.831274016678100907e+02
1.025075075075075226e+01 3.833907743102270160e+02
1.026776776776776856e+01 3.836538549177572577e+02
1.028478478478478486e+01 3.839166416019705821e+02
1.030180180180180294e+01 3.841791324746257033e+02
1.031881881881881924e+01 3.844413256476932474e+02
1.033583583583583732e+01 3.847032192333780358e+02
1.035285285285285362e+01 3.849648113441414807e+02
1.036986986986986992e+01 3.852261000927244368e+02
1.038688688688688799e+01 3.854870835921694834e+02
1.040390390390390429e+01 3.857477599558434349e+02
1.042092092092092237e+01 3.860081272974600779e+02
1.043793793793793867e+01 3.862681837311027948e+02
1.045495495495495675e+01 3.865279273712469035e+02
1.047197197197197305e+01 3.867873563327826787e+02
1.048898898898898935e+01 3.870464687310376348e+02
1.050600600600600742e+01 3.873052626817997179e+02
1.052302302302302373e+01 3.875637363013394747e+02
1.054004004004004180e+01 3.878218877064330741e+02
1.055705705705705810e+01 3.880797150143852150e+02
1.057407407407407440e+01 3.883372163430511819e+02
1.059109109109109248e+01 3.885943898108606618e+02
1.060810810810810878e+01 3.888512335368394588e+02
1.062512512512512686e+01 3.891077456406333681e+02
1.064214214214214316e+01 3.893639242425299472e+02
1.065915915915915946e+01 3.896197674634824466e+02
1.067617617617617753e+01 3.898752734251318088e+02
1.069319319319319384e+01 3.901304402498300306e+02
1.071021021021021191e+01 3.903852660606626159e+02
1.072722722722722821e+01 3.906397489814721098e+02
1.074424424424424451e+01 3.908938871368806645e+02
1.076126126126126259e+01 3.911476786523128908e+02
1.077827827827827889e+01 3.914011216540191640e+02
1.079529529529529697e+01 3.916542142690981336e+02
1.081231231231231327e+01 3.919069546255200294e+02
1.082932932932932957e+01 3.921593408521496258e+02
1.084634634634634764e+01 3.924113710787694345e+02
1.086336336336336394e+01 3.926630434361019866e+02
1.088038038038038202e+01 3.929143560558338777e+02
1.089739739739739832e+01 3.931653070706382778e+02
1.091441441441441462e+01 3.934158946141976116e+02
1.093143143143143270e+01 3.936661168212275470e+02
1.094844844844844900e+01 3.939159718274993338e+02
1.096546546546546708e+01 3.941654577698633375e+02
1.098248248248248338e+01 3.944145727862717195e+02
1.099949949949949968e+01 3.946633150158019134e+02
1.101651651651651775e+01 3.949116825986795902e+02
1.103353353353353405e+01 3.951596736763017361e+02
1.105055055055055213e+01 3.954072863912598450e+02
1.106756756756756843e+01 3.956545188873631105e+02
1.108458458458458473e+01 3.959013693096614475e+02
1.110160160160160281e+01 3.961478358044689116e+02
1.111861861861861911e+01 3.963939165193864937e+02
1.113563563563563719e+01 3.966396096033253116e+02
1.115265265265265349e+01 3.968849132065304275e+02
1.116966966966966979e+01 3.971298254806030172e+02
1.118668668668668786e+01 3.973743445785243011e+02
1.120370370370370416e+01 3.976184686546786224e+02
1.122072072072072224e+01 3.978621958648764121e+02
1.123773773773773854e+01 3.981055243663773240e+02
1.125475475475475662e+01 3.983484523179137682e+02
1.127177177177177292e+01 3.985909778797140461e+02
1.128878878878878922e+01 3.988330992135250881e+02
1.130580580580580730e+01 3.990748144826365547e+02
1.132282282282282360e+01 3.993161218519029489e+02
1.133983983983984167e+01 3.995570194877681161e+02
1.135685685685685797e+01 3.997975055582868436e+02
1.137387387387387427e+01 4.000375782331495316e+02
1.139089089089089235e+01 4.002772356837047028e+02
1.140790790790790865e+01 4.005164760829822512e+02
1.142492492492492673e+01 4.007552976057170326e+02
1.144194194194194303e+01 4.009936984283713173e+02
1.145895895895895933e+01 4.012316767291589485e+02
1.147597597597597741e+01 4.014692306880675687e+02
1.149299299299299371e+01 4.017063584868827775e+02
1.151001001001001178e+01 4.019430583092104143e+02
1.152702702702702808e+01 4.021793283405004331e+02
1.154404404404404438e+01 4.024151667680700939e+02
1.156106106106106246e+01 4.026505717811264731e+02
1.157807807807807876e+01 4.028855415707902239e+02
1.159509509509509684e+01 4.031200743301190528e+02
1.161211211211211314e+01 4.033541682541297178e+02
1.162912912912912944e+01 4.035878215398226985e+02
1.164614614614614752e+01 4.038210323862039672e+02
1.166316316316316382e+01 4.040537989943092043e+02
1.168018018018018189e+01 4.042861195672263648e+02
1.169719719719719819e+01 4.045179923101191548e+02
1.171421421421421449e+01 4.047494154302498828e+02
1.173123123123123257e+01 4.049803871370023103e+02
1.174824824824824887e+01 4.052109056419057538e+02
1.176526526526526695e+01 4.054409691586574240e+02
1.178228228228228325e+01 4.056705759031455045e+02
1.179929929929929955e+01 4.058997240934726847e+02
1.181631631631631763e+01 4.061284119499788403e+02
1.183333333333333393e+01 4.063566376952639985e+02
1.185035035035035200e+01 4.065843995542122684e+02
1.186736736736736830e+01 4.068116957540135559e+02
1.188438438438438460e+01 4.070385245241880057e+02
1.190140140140140268e+01 4.072648840966077159e+02
1.191841841841841898e+01 4.074907727055208397e+02
1.193543543543543706e+01 4.077161885875736971e+02
1.195245245245245336e+01 4.079411299818343650e+02
1.196946946946946966e+01 4.081655951298154719e+02
1.198648648648648773e+01 4.083895822754969913e+02
1.200350350350350404e+01 4.086130896653493210e+02
1.202052052052052211e+01 4.088361155483563039e+02
1.203753753753753841e+01 4.090586581760381932e+02
1.205455455455455649e+01 4.092807158024738783e+02
1.207157157157157279e+01 4.095022866843247016e+02
1.208858858858858909e+01 4.097233690808567417e+02
1.210560560560560717e+01 4.099439612539638347e+02
1.212262262262262347e+01 4.101640614681903116e+02
1.213963963963964154e+01 4.103836679907539633e+02
1.215665665665665784e+01 4.106027790915686069e+02
1.217367367367367414e+01 4.108213930432669940e+02
1.219069069069069222e+01 4.110395081212236619e+02
1.220770770770770852e+01 4.112571226035773861e+02
1.222472472472472660e+01 4.114742347712542596e+02
1.224174174174174290e+01 4.116908429079899179e+02
1.225875875875875920e+01 4.119069453003527315e+02
1.227577577577577728e+01 4.121225402377659748e+02
1.229279279279279358e+01 4.123376260125308477e+02
1.230980980980981165e+01 4.125522009198488149e+02
1.232682682682682795e+01 4.127662632578442299e+02
1.234384384384384425e+01 4.129798113275869582e+02
1.236086086086086233e+01 4.131928434331152289e+02
1.237787787787787863e+01 4.134053578814572347e+02
1.239489489489489671e+01 4.136173529826546655e+02
1.241191191191191301e+01 4.138288270497843655e+02
1.242892892892892931e+01 4.140397783989814116e+02
1.244594594594594739e+01 4.142502053494611118e+02
1.246296296296296369e+01 4.144601062235414020e+02
1.247997997997998176e+01 4.146694793466655256e+02
1.249699699699699806e+01 4.148783230474239758e+02
1.251401401401401436e+01 4.150866356575771761e+02
1.253103103103103244e+01 4.152944155120771939e+02
1.254804804804804874e+01 4.155016609490907058e+02
1.256506506506506682e+01 4.157083703100209959e+02
1.258208208208208312e+01 4.159145419395294994e+02
1.259909909909909942e+01 4.161201741855589944e+02
1.261611611611611750e+01 4.163252653993550894e+02
1.263313313313313380e+01 4.165298139354883915e+02
1.265015015015015187e+01 4.167338181518768465e+02
1.266716716716716817e+01 4.169372764098072821e+02
1.268418418418418447e+01 4.171401870739583728e+02
1.270120120120120255e+01 4.173425485124213310e+02
1.271821821821821885e+01 4.175443590967229284e+02
1.273523523523523693e+01 4.177456172018468692e+02
1.275225225225225323e+01 4.179463212062559023e+02
1.276926926926926953e+01 4.181464694919133649e+02
1.278628628628628761e+01 4.183460604443055217e+02
1.280330330330330391e+01 4.185450924524628817e+02
1.282032032032032198e+01 4.187435639089821962e+02
1.283733733733733828e+01 4.189414732100480023e+02
1.285435435435435636e+01 4.191388187554544515e+02
1.287137137137137266e+01 4.193355989486268527e+02
1.288838838838838896e+01 4.195318121966432727e+02
1.290540540540540704e+01 4.197274569102563646e+02
1.292242242242242334e+01 4.199225315039143425e+02
1.293943943943944141e+01 4.201170343957832642e+02
1.295645645645645772e+01 4.203109640077676659e+02
1.297347347347347402e+01 4.205043187655326165e+02
1.299049049049049209e+01 4.206970970985246367e+02
1.300750750750750839e+01 4.208892974399933564e+02
1.302452452452452647e+01 4.210809182270128304e+02
1.304154154154154277e+01 4.212719579005024571e+02
1.305855855855855907e+01 4.214624149052487496e+02
1.307557557557557715e+01 4.216522876899259700e+02
1.309259259259259345e+01 4.218415747071175019e+02
1.310960960960961152e+01 4.220302744133369970e+02
1.312662662662662783e+01 4.222183852690494064e+02
1.314364364364364413e+01 4.224059057386920131e+02
1.316066066066066220e+01 4.225928342906954640e+02
1.317767767767767850e+01 4.227791693975043472e+02
1.319469469469469658e+01 4.229649095355986788e+02
1.321171171171171288e+01 4.231500531855140821e+02
1.322872872872872918e+01 4.233345988318631612e+02
1.324574574574574726e+01 4.235185449633559642e+02
1.326276276276276356e+01 4.237018900728206745e+02
1.327977977977978163e+01 4.238846326572244152e+02
1.329679679679679793e+01 4.240667712176940540e+02
1.331381381381381424e+01 4.242483042595358711e+02
1.333083083083083231e+01 4.244292302922575573e+02
1.334784784784784861e+01 4.246095478295870862e+02
1.336486486486486669e+01 4.247892553894945991e+02
1.338188188188188299e+01 4.249683514942118450e+02
1.339889889889889929e+01 4.251468346702528720e+02
1.341591591591591737e+01 4.253247034484340929e+02
1.343293293293293367e+01 4.255019563638950331e+02
1.344994994994995174e+01 4.256785919561176570e+02
1.346696696696696804e+01 4.258546087689475712e+02
1.348398398398398434e+01 4.260300053506132372e+02
1.350100100100100242e+01 4.262047802537465486e+02
1.351801801801801872e+01 4.263789320354024994e+02
1.353503503503503680e+01 4.265524592570791356e+02
1.355205205205205310e+01 4.267253604847377915e+02
1.356906906906906940e+01 4.268976342888225872e+02
1.358608608608608748e+01 4.270692792442803807e+02
1.360310310310310378e+01 4.272402939305800942e+02
1.362012012012012185e+01 4.274106769317333487e+02
1.363713713713713815e+01 4.275804268363129950e+02
1.365415415415415623e+01 4.277495422374732925e+02
1.367117117117117253e+01 4.279180217329691800e+02
1.368818818818818883e+01 4.280858639251759996e+02
1.370520520520520691e+01 4.282530674211088808e+02
1.372222222222222321e+01 4.284196308324416123e+02
1.373923923923924129e+01 4.285855527755266507e+02
1.375625625625625759e+01 4.287508318714137658e+02
1.377327327327327389e+01 4.289154667458694234e+02
1.379029029029029196e+01 4.290794560293963400e+02
1.380730730730730826e+01 4.292427983572515586e+02
1.382432432432432634e+01 4.294054923694667423e+02
1.384134134134134264e+01 4.295675367108658520e+02
1.385835835835835894e+01 4.297289300310850990e+02
1.387537537537537702e+01 4.298896709845909641e+02
1.389239239239239332e+01 4.300497582306996946e+02
1.390940940940941140e+01 4.302091904335953814e+02
1.392642642642642770e+01 4.303679662623488866e+02
1.394344344344344400e+01 4.305260843909367736e+02
1.396046046046046207e+01 4.306835434982593824e+02
1.397747747747747837e+01 4.308403422681594179e+02
1.399449449449449645e+01 4.309964793894403101e+02
1.401151151151151275e+01 4.311519535558848588e+02
1.402852852852852905e+01 4.313067634662731962e+02
1.404554554554554713e+01 4.314609078244013745e+02
1.406256256256256343e+01 4.316143853390990444e+02
1.407957957957958151e+01 4.317671947242480996e+02
1.409659659659659781e+01 4.319193346988002418e+02
1.411361361361361411e+01 4.320708039867953971e+02
1.413063063063063218e+01 4.322216013173790543e+02
1.414764764764764848e+01 4.323717254248209656e+02
1.416466466466466656e+01 4.325211750485319726e+02
1.418168168168168286e+01 4.326699489330824235e+02
1.419869869869869916e+01 4.328180458282196241e+02
1.421571571571571724e+01 4.329654644888854591e+02
1.423273273273273354e+01 4.331122036752335589e+02
1.424974974974975162e+01 4.332582621526472053e+02
1.426676676676676792e+01 4.334036386917568393e+02
1.428378378378378422e+01 4.335483320684567161e+02
1.430080080080080229e+01 4.336923410639227541e+02
1.431781781781781859e+01 4.338356644646297582e+02
1.433483483483483667e+01 4.339783010623679047e+02
1.435185185185185297e+01 4.341202496542603058e+02
1.436886886886887105e+01 4.342615090427800055e+02
1.438588588588588735e+01 4.344020780357667491e+02
1.440290290290290365e+01 4.345419554464439216e+02
1.441991991991992172e+01 4.346811400934351468e+02
1.443693693693693803e+01 4.348196308007811126e+02
1.445395395395395610e+01 4.349574263979562261e+02
1.447097097097097240e+01 4.350945257198850982e+02
1.448798798798798870e+01 4.352309276069591988e+02
1.450500500500500678e+01 4.353666309050530572e+02
1.452202202202202308e+01 4.355016344655406328e+02
1.453903903903904116e+01 4.356359371453119707e+02
1.455605605605605746e+01 4.357695378067888328e+02
1.457307307307307376e+01 4.359024353179412401e+02
1.459009009009009183e+01 4.360346285523032179e+02
1.460710710710710813e+01 4.361661163889892805e+02
1.462412412412412621e+01 4.362968977127096650e+02
1.464114114114114251e+01 4.364269714137868732e+02
1.465815815815815881e+01 4.365563363881708483e+02
1.467517517517517689e+01 4.366849915374549482e+02
1.469219219219219319e+01 4.368129357688916343e+02
1.470920920920921127e+01 4.369401679954079327e+02
1.472622622622622757e+01 4.370666871356202137e+02
1.474324324324324387e+01 4.371924921138510740e+02
1.476026026026026194e+01 4.373175818601437186e+02
1.477727727727727824e+01 4.374419553102765690e+02
1.479429429429429632e+01 4.375656114057798050e+02
1.481131131131131262e+01 4.376885490939495185e+02
1.482832832832832892e+01 4.378107673278627772e+02
1.484534534534534700e+01 4.379322650663932563e+02
1.486236236236236330e+01 4.380530412742249950e+02
1.487937937937938138e+01 4.381730949218681417e+02
1.489639639639639768e+01 4.382924249856730512e+02
1.491341341341341398e+01 4.384110304478450644e+02
1.493043043043043205e+01 4.385289102964592303e+02
1.494744744744744835e+01 4.386460635254744602e+02
1.496446446446446643e+01 4.387624891347481935e+02
1.498148148148148273e+01 4.388781861300501532e+02
1.499849849849849903e+01 4.389931535230774671e+02
1.501551551551551711e+01 4.391073903314678546e+02
1.503253253253253341e+01 4.392208955788144635e+02
1.504954954954955149e+01 4.393336682946792280e+02
1.506656656656656779e+01 4.394457075146067950e+02
1.508358358358358409e+01 4.395570122801390767e+02
1.510060060060060216e+01 4.396675816388282101e+02
1.511761761761761846e+01 4.397774146442503707e+02
1.513463463463463654e+01 4.398865103560194711e+02
1.515165165165165284e+01 4.399948678398005768e+02
1.516866866866867092e+01 4.401024861673231499e+02
1.518568568568568722e+01 4.402093644163948056e+02
1.520270270270270352e+01 4.403155016709139318e+02
1.521971971971972160e+01 4.404208970208835581e+02
1.523673673673673790e+01 4.405255495624234641e+02
1.525375375375375597e+01 4.406294583977842194e+02
1.527077077077077227e+01 4.407326226353592347e+02
1.528778778778778857e+01 4.408350413896978353e+02
1.530480480480480665e+01 4.409367137815183924e+02
1.532182182182182295e+01 4.410376389377204305e+02
1.533883883883884103e+01 4.411378159913971331e+02
1.535585585585585733e+01 4.412372440818485302e+02
1.537287287287287363e+01 4.413359223545928671e+02
1.538988988988989171e+01 4.414338499613795648e+02
1.540690690690690801e+01 4.415310260602016115e+02
1.542392392392392608e+01 4.416274498153068180e+02
1.544094094094094238e+01 4.417231203972107210e+02
1.545795795795795868e+01 4.418180369827081222e+02
1.547497497497497676e+01 4.419121987548849688e+02
1.549199199199199306e+01 4.420056049031300063e+02
1.550900900900901114e+01 4.420982546231469996e+02
1.552602602602602744e+01 4.421901471169655906e+02
1.554304304304304374e+01 4.422812815929532917e+02
1.556006006006006182e+01 4.423716572658267978e+02
1.557707707707707812e+01 4.424612733566632983e+02
1.559409409409409619e+01 4.425501290929116180e+02
1.561111111111111249e+01 4.426382237084033022e+02
1.562812812812812879e+01 4.427255564433640984e+02
1.564514514514514687e+01 4.428121265444245864e+02
1.566216216216216317e+01 4.428979332646308649e+02
1.567917917917918125e+01 4.429829758634561472e+02
1.569619619619619755e+01 4.430672536068101408e+02
1.571321321321321385e+01 4.431507657670510980e+02
1.573023023023023192e+01 4.432335116229953655e+02
1.574724724724724823e+01 4.433154904599279575e+02
1.576426426426426630e+01 4.433967015696133558e+02
1.578128128128128260e+01 4.434771442503050025e+02
1.579829829829829890e+01 4.435568178067564418e+02
1.581531531531531698e+01 4.436357215502303006e+02
1.583233233233233328e+01 4.437138547985088621e+02
1.584934934934935136e+01 4.437912168759041833e+02
1.586636636636636766e+01 4.438678071132669629e+02
1.588338338338338396e+01 4.439436248479973983e+02
1.590040040040040203e+01 4.440186694240538827e+02
1.591741741741741833e+01 4.440929401919626116e+02
1.593443443443443641e+01 4.441664365088275872e+02
1.595145145145145271e+01 4.442391577383393724e+02
1.596846846846847079e+01 4.443111032507842992e+02
1.598548548548548709e+01 4.443822724230541326e+02
1.600250250250250161e+01 4.444526646386541984e+02
1.601951951951951969e+01 4.445222792877135589e+02
1.603653653653653777e+01 4.445911157669925160e+02
1.605355355355355584e+01 4.446591734798926154e+02
1.607057057057057392e+01 4.447264518364640935e+02
1.608758758758758844e+01 4.447929502534154835e+02
1.610460460460460652e+01 4.448586681541213466e+02
1.612162162162162105e+01 4.449236049686311389e+02
1.613863863863863912e+01 4.449877601336771136e+02
1.615565565565565720e+01 4.450511330926829032e+02
1.617267267267267528e+01 4.451137232957711376e+02
1.618968968968969335e+01 4.451755301997717424e+02
1.620670670670670788e+01 4.452365532682296134e+02
1.622372372372372595e+01 4.452967919714127447e+02
1.624074074074074048e+01 4.453562457863193913e+02
1.625775775775775855e+01 4.454149141966865386e+02
1.627477477477477663e+01 4.454727966929963827e+02
1.629179179179179471e+01 4.455298927724843452e+02
1.630880880880881278e+01 4.455862019391464628e+02
1.632582582582582731e+01 4.456417237037458108e+02
1.634284284284284183e+01 4.456964575838210294e+02
1.635985985985985991e+01 4.457504031036918946e+02
1.637687687687687799e+01 4.458035597944669917e+02
1.639389389389389606e+01 4.458559271940505369e+02
1.641091091091091414e+01 4.459075048471489708e+02
1.642792792792792866e+01 4.459582923052770980e+02
1.644494494494494674e+01 4.460082891267658738e+02
1.646196196196196126e+01 4.460574948767673504e+02
1.647897897897897934e+01 4.461059091272622936e+02
1.649599599599599742e+01 4.461535314570651281e+02
1.651301301301301550e+01 4.462003614518316681e+02
1.653003003003003002e+01 4.462463987040632674e+02
1.654704704704704810e+01 4.462916428131146631e+02
1.656406406406406617e+01 4.463360933851981827e+02
1.658108108108108425e+01 4.463797500333905077e+02
1.659809809809809877e+01 4.464226123776380746e+02
1.661511511511511685e+01 4.464646800447621899e+02
1.663213213213213493e+01 4.465059526684651132e+02
1.664914914914914945e+01 4.465464298893350588e+02
1.666616616616616753e+01 4.465861113548513686e+02
1.668318318318318561e+01 4.466249967193896282e+02
1.670020020020020013e+01 4.466630856442271238e+02
1.671721721721721821e+01 4.467003777975471621e+02
1.673423423423423628e+01 4.467368728544445275e+02
1.675125125125125436e+01 4.467725704969296885e+02
1.676826826826826888e+01 4.468074704139336859e+02
1.678528528528528696e+01 4.468415723013129082e+02
1.680230230230230504e+01 4.468748758618528427e+02
1.681931931931931956e+01 4.469073808052731351e+02
1.683633633633633764e+01 4.469390868482314545e+02
1.685335335335335571e+01 4.469699937143276429e+02
1.687037037037037024e+01 4.470001011341079220e+02
1.688738738738738832e+01 4.470294088450687013e+02
1.690440440440440639e+01 4.470579165916601596e+02
1.692142142142142447e+01 4.470856241252904510e+02
1.693843843843843899e+01 4.471125312043291160e+02
1.695545545545545707e+01 4.471386375941105484e+02
1.697247247247247515e+01 4.471639430669374633e+02
1.698948948948948967e+01 4.471884474020841935e+02
1.700650650650650775e+01 4.472121503858002143e+02
1.702352352352352582e+01 4.472350518113125872e+02
1.704054054054054035e+01 4.472571514788295417e+02
1.705755755755755843e+01 4.472784491955433168e+02
1.707457457457457650e+01 4.472989447756331174e+02
1.709159159159159458e+01 4.473186380402671602e+02
1.710860860860860910e+01 4.473375288176058575e+02
1.712562562562562718e+01 4.473556169428044313e+02
1.714264264264264526e+01 4.473729022580149604e+02
1.715965965965965978e+01 4.473893846123887670e+02
1.717667667667667786e+01 4.474050638620788050e+02
1.719369369369369593e+01 4.474199398702414214e+02
1.721071071071071401e+01 4.474340125070386875e+02
1.722772772772772854e+01 4.474472816496403311e+02
1.724474474474474661e+01 4.474597471822249872e+02
1.726176176176176469e+01 4.474714089959826424e+02
1.727877877877877921e+01 4.474822669891157716e+02
1.729579579579579729e+01 4.474923210668407592e+02
1.731281281281281537e+01 4.475015711413893769e+02
1.732982982982982989e+01 4.475100171320104323e+02
1.734684684684684797e+01 4.475176589649705647e+02
1.736386386386386604e+01 4.475244965735552114e+02
1.738088088088088412e+01 4.475305298980698581e+02
1.739789789789789864e+01 4.475357588858407212e+02
1.741491491491491672e+01 4.475401834912158279e+02
1.743193193193193480e+01 4.475438036755654139e+02
1.744894894894894932e+01 4.475466194072824919e+02
1.746596596596596740e+01 4.475486306617833634e+02
1.748298298298298548e+01 4.475498374215080730e+02
1.750000000000000000e+01 4.475502396759201815e+02
