1.000000000000000021e-02 5.825452588194299912e-193
3.001001001001001034e-02 8.674801839762169237e-121
5.002002002002001874e-02 5.447835663548411550e-93
7.003003003003002713e-02 1.122661672903682791e-76
9.004004004004002859e-02 1.589830315643481559e-65
1.100500500500500439e-01 2.954742906020023487e-57
1.300600600600600454e-01 8.404344688396969344e-51
1.500700700700700607e-01 1.388249638545650640e-45
1.700800800800800761e-01 2.960641900796459583e-41
1.900900900900900914e-01 1.362277000347216256e-37
2.101001001001001067e-01 1.915214387165957316e-34
2.301101101101100943e-01 1.051846321826985530e-31
2.501201201201200819e-01 2.700028364513522364e-29
2.701301301301300972e-01 3.705977674970760611e-27
2.901401401401401126e-01 3.015822648823860663e-25
3.101501501501501279e-01 1.577513790524790443e-23
3.301601601601601432e-01 5.656265166926840071e-22
3.501701701701701586e-01 1.464263710462448522e-20
3.701801801801801739e-01 2.855449421542864770e-19
3.901901901901901892e-01 4.344475872753679576e-18
4.102002002002002046e-01 5.310544513662537373e-17
4.302102102102101644e-01 5.345757722954356204e-16
4.502202202202201797e-01 4.525483801363224646e-15
4.702302302302301951e-01 3.280274090971909931e-14
4.902402402402402104e-01 2.067614076824947124e-13
5.102502502502501702e-01 1.148613155855456552e-12
5.302602602602601856e-01 5.689932727949509705e-12
5.502702702702702009e-01 2.539368067915875240e-11
5.702802802802802162e-01 1.030276790280535620e-10
5.902902902902902316e-01 3.830573081810458383e-10
6.103003003003002469e-01 1.314435392834947104e-09
6.303103103103102622e-01 4.189195519072939260e-09
6.503203203203202776e-01 1.247094345144494785e-08
6.703303303303302929e-01 3.485424182703151128e-08
6.903403403403403082e-01 9.187362380141825263e-08
7.103503503503503236e-01 2.293528334633893904e-07
7.303603603603603389e-01 5.442841183339352318e-07
7.503703703703703543e-01 1.232073391173117189e-06
7.703803803803803696e-01 2.668614248814099641e-06
7.903903903903903849e-01 5.546319047420797399e-06
8.104004004004004003e-01 1.108971981850009206e-05
8.304104104104103046e-01 2.138288321327317390e-05
8.504204204204203199e-01 3.984660616368927499e-05
8.704304304304303352e-01 7.190677988792107411e-05
8.904404404404403506e-01 1.258948363420605589e-04
9.104504504504503659e-01 2.142152537636220352e-04
9.304604604604603812e-01 3.548024362418539831e-04
9.504704704704703966e-01 5.728692485013489946e-04
9.704804804804804119e-01 9.029223109349047895e-04
9.904904904904904273e-01 1.390986117754513911e-03
1.010500500500500332e+00 2.096941484260464797e-03
1.030510510510510347e+00 3.096847047157411884e-03
1.050520520520520362e+00 4.485079464782572994e-03
1.070530530530530378e+00 6.376102737436268979e-03
1.090540540540540393e+00 8.905663554632597956e-03
1.110550550550550408e+00 1.223121085642446711e-02
1.130560560560560424e+00 1.653135573696931648e-02
1.150570570570570439e+00 2.200422277344604022e-02
1.170580580580580454e+00 2.886459454433184038e-02
1.190590590590590470e+00 3.733981464081767565e-02
1.210600600600600485e+00 4.766448666988117033e-02
1.230610610610610500e+00 6.007408244604373754e-02
1.250620620620620516e+00 7.479764615917845749e-02
1.270630630630630531e+00 9.204984723968390181e-02
1.290640640640640546e+00 1.120226879379297019e-01
1.310650650650650562e+00 1.348772083045129133e-01
1.330660660660660577e+00 1.607355486222264429e-01
1.350670670670670592e+00 1.896737262051022554e-01
1.370680680680680608e+00 2.217154601668836211e-01
1.390690690690690623e+00 2.568273360082888868e-01
1.410700700700700638e+00 2.949155446173634121e-01
1.430710710710710654e+00 3.358243613620919277e-01
1.450720720720720669e+00 3.793364547819436661e-01
1.470730730730730684e+00 4.251750355630346534e-01
1.490740740740740700e+00 4.730077794867740271e-01
1.510750750750750715e+00 5.224523869279456001e-01
1.530760760760760730e+00 5.730835796465511001e-01
1.550770770770770746e+00 6.244412856605858764e-01
1.570780780780780761e+00 6.760397266049930076e-01
1.590790790790790776e+00 7.273770999733563114e-01
1.610800800800800792e+00 7.779455409489984818e-01
1.630810810810810585e+00 8.272410543534877148e-01
1.650820820820820600e+00 8.747731251470627356e-01
1.670830830830830616e+00 9.200737440173727411e-01
1.690840840840840631e+00 9.627056206987502085e-01
1.710850850850850646e+00 1.002269399437728525e+00
1.730860860860860662e+00 1.038409736123930616e+00
1.750870870870870677e+00 1.070820142821143017e+00
1.770880880880880692e+00 1.099246550761127539e+00
1.790890890890890708e+00 1.123489585589803941e+00
1.810900900900900723e+00 1.143405587400341483e+00
1.830910910910910738e+00 1.158906441819547162e+00
1.850920920920920754e+00 1.169958316450155245e+00
1.870930930930930769e+00 1.176579418958428658e+00
1.890940940940940784e+00 1.178836908975825937e+00
1.910950950950950800e+00 1.176843105950756252e+00
1.930960960960960815e+00 1.170751139543156905e+00
1.950970970970970830e+00 1.160750188658843607e+00
1.970980980980980846e+00 1.147060450438853740e+00
1.990990990990990861e+00 1.129927972181094198e+00
2.011001001001000432e+00 1.109619468030626388e+00
2.031011011011010670e+00 1.086417229072966562e+00
2.051021021021020463e+00 1.060614220905445215e+00
2.071031031031030700e+00 1.032509447488733523e+00
2.091041041041040494e+00 1.002403644663539151e+00
2.111051051051050731e+00 9.705953516418865945e-01
2.131061061061060524e+00 9.373773944466526897e-01
2.151071071071070762e+00 9.030338019880677081e-01
2.171081081081080555e+00 8.678371634592327855e-01
2.191091091091090792e+00 8.320464251544751333e-01
2.211101101101100586e+00 7.959051157457625036e-01
2.231111111111110823e+00 7.596399815145186141e-01
2.251121121121120616e+00 7.234600070002055183e-01
2.271131131131130854e+00 6.875557919236650051e-01
2.291141141141140647e+00 6.520992519723146641e-01
2.311151151151150884e+00 6.172436089734953946e-01
2.331161161161160678e+00 5.831236349949860953e-01
2.351171171171170915e+00 5.498561148537968180e-01
2.371181181181180708e+00 5.175404922402578878e-01
2.391191191191190946e+00 4.862596660314580932e-01
2.411201201201200739e+00 4.560809052408408282e-01
2.431211211211210976e+00 4.270568533030462688e-01
2.451221221221220770e+00 3.992265949108264600e-01
2.471231231231231007e+00 3.726167613023389502e-01
2.491241241241240800e+00 3.472426526544201697e-01
2.511251251251251038e+00 3.231093589956438583e-01
2.531261261261260831e+00 3.002128637505648290e-01
2.551271271271271068e+00 2.785411166139498684e-01
2.571281281281280862e+00 2.580750648931575686e-01
2.591291291291290655e+00 2.387896347201933223e-01
2.611301301301300892e+00 2.206546556038631313e-01
2.631311311311310686e+00 2.036357236559132033e-01
2.651321321321320923e+00 1.876950004791144433e-01
2.671331331331330716e+00 1.727919461512971988e-01
2.691341341341340954e+00 1.588839859832766044e-01
2.711351351351350747e+00 1.459271117798294215e-01
2.731361361361360984e+00 1.338764192033184142e-01
2.751371371371370778e+00 1.226865835430242940e-01
2.771381381381381015e+00 1.123122767445959430e-01
2.791391391391390808e+00 1.027085289688019210e-01
2.811401401401401046e+00 9.383103824245529745e-02
2.831411411411410839e+00 8.563643195236196604e-02
2.851421421421421076e+00 7.808248403002260307e-02
2.871431431431430870e+00 7.112829169458691203e-02
2.891441441441441107e+00 6.473441557707049210e-02
2.911451451451450900e+00 5.886298695204388726e-02
2.931461461461461138e+00 5.347778566456812960e-02
2.951471471471470931e+00 4.854429216974096017e-02
2.971481481481481168e+00 4.402971690825524531e-02
2.991491491491490962e+00 3.990301003127214030e-02
3.011501501501501199e+00 3.613485426798141581e-02
3.031511511511510992e+00 3.269764350484560128e-02
3.051521521521521230e+00 2.956544942115141295e-02
3.071531531531531023e+00 2.671397830478370108e-02
3.091541541541541260e+00 2.412051995799387172e-02
3.111551551551551054e+00 2.176389039764088304e-02
3.131561561561561291e+00 1.962436985960601399e-02
3.151571571571571084e+00 1.768363743404627667e-02
3.171581581581581322e+00 1.592470348760594706e-02
3.191591591591591115e+00 1.433184087109321686e-02
3.211601601601601352e+00 1.289051576654664556e-02
3.231611611611611146e+00 1.158731889596655192e-02
3.251621621621620939e+00 1.040989769493677781e-02
3.271631631631631176e+00 9.346889947462263745e-03
3.291641641641640970e+00 8.387859283010950726e-03
3.311651651651651207e+00 7.523232852321936476e-03
3.331661661661661000e+00 6.744241424310023526e-03
3.351671671671671238e+00 6.042862081616076284e-03
3.371681681681681031e+00 5.411763636271456519e-03
3.391691691691691268e+00 4.844254838804818233e-03
3.411701701701701062e+00 4.334235413190877864e-03
3.431711711711711299e+00 3.876149915605687796e-03
3.451721721721721092e+00 3.464944386338612327e-03
3.471731731731731330e+00 3.096025740769556452e-03
3.491741741741741123e+00 2.765223826456193225e-03
3.511751751751751360e+00 2.468756058527487446e-03
3.531761761761761154e+00 2.203194534235525075e-03
3.551771771771771391e+00 1.965435519205713331e-03
3.571781781781781184e+00 1.752671192218621578e-03
3.591791791791791422e+00 1.562363531868812003e-03
3.611801801801801215e+00 1.392220226830687265e-03
3.631811811811811452e+00 1.240172491408476300e-03
3.651821821821821246e+00 1.104354669284387342e-03
3.671831831831831483e+00 9.830855106619613634e-04
3.691841841841841276e+00 8.748510111212318141e-04
3.711851851851851514e+00 7.782887042724055031e-04
3.731861861861861307e+00 6.921733045575504317e-04
3.751871871871871544e+00 6.154036011676779650e-04
3.771881881881881338e+00 5.469905088998680120e-04
3.791891891891891575e+00 4.860461867771481790e-04
3.811901901901901368e+00 4.317741403108070301e-04
3.831911911911911606e+00 3.834602283325410981e-04
3.851921921921921399e+00 3.404645003073394601e-04
3.871931931931931192e+00 3.022137949121161266e-04
3.891941941941941430e+00 2.681950353956396422e-04
3.911951951951951223e+00 2.379491617944326368e-04
3.931961961961961460e+00 2.110656444480136162e-04
3.951971971971971254e+00 1.871775274204706468e-04
3.971981981981981491e+00 1.659569543853427090e-04
3.991991991991991284e+00 1.471111332622341281e-04
4.012002002002001078e+00 1.303786994051317689e-04
4.032012012012011759e+00 1.155264404356841172e-04
4.052022022022021552e+00 1.023463488933932738e-04
4.072032032032031346e+00 9.065297174445725219e-05
4.092042042042041139e+00 8.028102845882908328e-05
4.112052052052051820e+00 7.108327183895844466e-05
4.132062062062061614e+00 6.292856807244115620e-05
4.152072072072071407e+00 5.570017459369389149e-05
4.172082082082081200e+00 4.929419628638470125e-05
4.192092092092091882e+00 4.361820234829970469e-05
4.212102102102101675e+00 3.858998778338149695e-05
4.232112112112111468e+00 3.413646499124945691e-05
4.252122122122121262e+00 3.019267230200846217e-05
4.272132132132131943e+00 2.670088756250640628e-05
4.292142142142141736e+00 2.360983602810993759e-05
4.312152152152151530e+00 2.087398285981428256e-05
4.332162162162161323e+00 1.845290147793588091e-05
4.352172172172172004e+00 1.631070988822463127e-05
4.372182182182181798e+00 1.441556788096365673e-05
4.392192192192191591e+00 1.273922871511174654e-05
4.412202202202201384e+00 1.125663954391294727e-05
4.432212212212212066e+00 9.945585421400711450e-06
4.452222222222221859e+00 8.786372256194757021e-06
4.472232232232231652e+00 7.761544554860880856e-06
4.492242242242241446e+00 6.855634226457735244e-06
4.512252252252251239e+00 6.054937106940638523e-06
4.532262262262261920e+00 5.347314210716850880e-06
4.552272272272271714e+00 4.722015030413943682e-06
4.572282282282281507e+00 4.169520488105090795e-06
4.592292292292291300e+00 3.681403394828656832e-06
4.612302302302301982e+00 3.250204502975921556e-06
4.632312312312311775e+00 2.869322440506311275e-06
4.652322322322321568e+00 2.532915999251353683e-06
4.672332332332331362e+00 2.235817413865398109e-06
4.692342342342342043e+00 1.973455415149784629e-06
4.712352352352351836e+00 1.741786973229509995e-06
4.732362362362361630e+00 1.537236763944833413e-06
4.752372372372371423e+00 1.356643497238313550e-06
4.772382382382382104e+00 1.197212340538539342e-06
4.792392392392391898e+00 1.056472754312890603e-06
4.812402402402401691e+00 9.322411321181719673e-07
4.832412412412411484e+00 8.225877045534412083e-07
4.852422422422422166e+00 7.258072263559055177e-07
4.872432432432431959e+00 6.403930192360034153e-07
4.892442442442441752e+00 5.650139906034239651e-07
4.912452452452451546e+00 4.984942907052811464e-07
4.932462462462462227e+00 4.397953084310782881e-07
4.952472472472472020e+00 3.879997396310858013e-07
4.972482482482481814e+00 3.422974916888467837e-07
4.992492492492491607e+00 3.019732146820825540e-07
5.012502502502502288e+00 2.663952731155535137e-07
5.032512512512512082e+00 2.350059932333662140e-07
5.052522522522521875e+00 2.073130396021571060e-07
5.072532532532531668e+00 1.828817912558834312e-07
5.092542542542542350e+00 1.613286024353934244e-07
5.112552552552552143e+00 1.423148460458697306e-07
5.132562562562561936e+00 1.255416495741426195e-07
5.152572572572571730e+00 1.107452435184955334e-07
5.172582582582581523e+00 9.769285153070510713e-08
5.192592592592592204e+00 8.617905958287809529e-08
5.212602602602601998e+00 7.602260866539146913e-08
5.232612612612611791e+00 6.706356189939948193e-08
5.252622622622621584e+00 5.916080259941928887e-08
5.272632632632632266e+00 5.218982482969562836e-08
5.292642642642642059e+00 4.604078243476688282e-08
5.312652652652651852e+00 4.061676645433116550e-08
5.332662662662661646e+00 3.583228431232590679e-08
5.352672672672672327e+00 3.161191725102089609e-08
5.372682682682682120e+00 2.788913520807068795e-08
5.392692692692691914e+00 2.460525074808710247e-08
5.412702702702701707e+00 2.170849579599450770e-08
5.432712712712712388e+00 1.915320680893930375e-08
5.452722722722722182e+00 1.689910569492541925e-08
5.472732732732731975e+00 1.491066526457062136e-08
5.492742742742741768e+00 1.315654930958582410e-08
5.512752752752752450e+00 1.160911855733068022e-08
5.532762762762762243e+00 1.024399477255529435e-08
5.552772772772772036e+00 9.039676180557258236e-09
5.572782782782781830e+00 7.977198184177624271e-09
5.592792792792792511e+00 7.039834052391608824e-09
5.612802802802802304e+00 6.212830881481786669e-09
5.632812812812812098e+00 5.483176680371909273e-09
5.652822822822821891e+00 4.839394918089239432e-09
5.672832832832832572e+00 4.271363300924408911e-09
5.692842842842842366e+00 3.770153926285958000e-09
5.712852852852852159e+00 3.327892295304561863e-09
5.732862862862861952e+00 2.937632962109953561e-09
5.752872872872872634e+00 2.593249858925382898e-09
5.772882882882882427e+00 2.289339566747135633e-09
5.792892892892892220e+00 2.021136004960807149e-09
5.812902902902902014e+00 1.784435192952579392e-09
5.832912912912911807e+00 1.575528895384456360e-09
5.852922922922922488e+00 1.391146102790207278e-09
5.872932932932932282e+00 1.228401422685903979e-09
5.892942942942942075e+00 1.084749565404535603e-09
5.912952952952951868e+00 9.579452050584099397e-10
5.932962962962962550e+00 8.460075809072698229e-10
5.952972972972972343e+00 7.471892792944589638e-10
5.972982982982982136e+00 6.599487023780208872e-10
5.992992992992991930e+00 5.829257881658505872e-10
6.013003003003002611e+00 5.149205977771696536e-10
6.033013013013012404e+00 4.548744312041595302e-10
6.053023023023022198e+00 4.018531728516308398e-10
6.073033033033031991e+00 3.550326034166084275e-10
6.093043043043042672e+00 3.136854457909721823e-10
6.113053053053052466e+00 2.771699401177198230e-10
6.133063063063062259e+00 2.449197673389871910e-10
6.153073073073072052e+00 2.164351619226027166e-10
6.173083083083082734e+00 1.912750732813912088e-10
6.193093093093092527e+00 1.690502520026870612e-10
6.213103103103102320e+00 1.494171516471556376e-10
6.233113113113112114e+00 1.320725497874774494e-10
6.253123123123122795e+00 1.167488033430058194e-10
6.273133133133132588e+00 1.032096633063714566e-10
6.293143143143142382e+00 9.124658281097936207e-11
6.313153153153152175e+00 8.067546029487563490e-11
6.333163163163162857e+00 7.133376639993280816e-11
6.353173173173172650e+00 6.307800931500203328e-11
6.373183183183182443e+00 5.578149862369717294e-11
6.393193193193192236e+00 4.933237243665423281e-11
6.413203203203202918e+00 4.363185674933642947e-11
6.433213213213212711e+00 3.859272963557787003e-11
6.453223223223222504e+00 3.413796612245155263e-11
6.473233233233232298e+00 3.019954244482278214e-11
6.493243243243242091e+00 2.671738089347331183e-11
6.513253253253252772e+00 2.363841868882999880e-11
6.533263263263262566e+00 2.091578626823810742e-11
6.553273273273272359e+00 1.850808209942888392e-11
6.573283283283282152e+00 1.637873265372359830e-11
6.593293293293292834e+00 1.449542751361462581e-11
6.613303303303302627e+00 1.282962077204397563e-11
6.633313313313312420e+00 1.135609092359736468e-11
6.653323323323322214e+00 1.005255236755963739e-11
6.673333333333332895e+00 8.899312453846191306e-12
6.693343343343342688e+00 7.878968718119139647e-12
6.713353353353352482e+00 6.976141583228049866e-12
6.733363363363362275e+00 6.177238360468697966e-12
6.753373373373372957e+00 5.470244874841220814e-12
6.773383383383382750e+00 4.844541471267966980e-12
6.793393393393392543e+00 4.290740540450416989e-12
6.813403403403402336e+00 3.800543039734595726e-12
6.833413413413413018e+00 3.366611781338606824e-12
6.853423423423422811e+00 2.982459522261866095e-12
6.873433433433432604e+00 2.642350121286534215e-12
6.893443443443442398e+00 2.341211232334745168e-12
6.913453453453453079e+00 2.074557183284992126e-12
6.933463463463462872e+00 1.838420848006874631e-12
6.953473473473472666e+00 1.629293459349341341e-12
6.973483483483482459e+00 1.444071434314604350e-12
6.993493493493493141e+00 1.280009391615230581e-12
7.013503503503502934e+00 1.134678637957341404e-12
7.033513513513512727e+00 1.005930484231608072e-12
7.053523523523522520e+00 8.918638276567381110e-13
7.073533533533532314e+00 7.907965019869373309e-13
7.093543543543542995e+00 7.012399561960231569e-13
7.113553553553552788e+00 6.218768735079823457e-13
7.133563563563562582e+00 5.515413880564057691e-13
7.153573573573572375e+00 4.892015965401190678e-13
7.173583583583583057e+00 4.339440976225101131e-13
7.193593593593592850e+00 3.849603230541544869e-13
7.213603603603602643e+00 3.415344520678259738e-13
7.233613613613612436e+00 3.030327249342355871e-13
7.253623623623623118e+00 2.688939930543360173e-13
7.273633633633632911e+00 2.386213619356637274e-13
7.293643643643642704e+00 2.117748001507967670e-13
7.313653653653652498e+00 1.879646021670341460e-13
7.333663663663663179e+00 1.668456059971707150e-13
7.353673673673672972e+00 1.481120781552945307e-13
7.373683683683682766e+00 1.314931885876350694e-13
7.393693693693692559e+00 1.167490072448362380e-13
7.413703703703703241e+00 1.036669619078156010e-13
7.433713713713713034e+00 9.205870389804430425e-14
7.453723723723722827e+00 8.175733450279634820e-14
7.473733733733732620e+00 7.261495042285055939e-14
7.493743743743743302e+00 6.450047138869364162e-14
7.513753753753753095e+00 5.729771736612581437e-14
7.533763763763762888e+00 5.090370654932089767e-14
7.553773773773772682e+00 4.522714867690393782e-14
7.573783783783783363e+00 4.018711115582231229e-14
7.593793793793793157e+00 3.571183808417789931e-14
7.613803803803802950e+00 3.173770456753411601e-14
7.633813813813812743e+00 2.820829075913723757e-14
7.653823823823823425e+00 2.507356185390468319e-14
7.673833833833833218e+00 2.228914185673520645e-14
7.693843843843843011e+00 1.981567035181699233e-14
7.713853853853852804e+00 1.761823274276877026e-14
7.733863863863862598e+00 1.566585553253275245e-14
7.753873873873873279e+00 1.393105918374845616e-14
7.773883883883883072e+00 1.238946195965529974e-14
7.793893893893892866e+00 1.101942890546747214e-14
7.813903903903902659e+00 9.801760802210864728e-15
7.833913913913913341e+00 8.719418519364566490e-15
7.853923923923923134e+00 7.757278718378140570e-15
7.873933933933932927e+00 6.901917324144119476e-15
7.893943943943942720e+00 6.141417592882427491e-15
7.913953953953953402e+00 5.465199968812648124e-15
7.933963963963963195e+00 4.863871243978622798e-15
7.953973973973972988e+00 4.329090820474502353e-15
7.973983983983982782e+00 3.853452126418864889e-15
7.993993993993993463e+00 3.430377460104956370e-15
8.014004004004002368e+00 3.054024734184573228e-15
8.034014014014013938e+00 2.719204766481996319e-15
8.054024024024023731e+00 2.421307918698206622e-15
8.074034034034033525e+00 2.156239021174409462e-15
8.094044044044043318e+00 1.920359643083830803e-15
8.114054054054053111e+00 1.710436874721253645e-15
8.134064064064062904e+00 1.523597883563260387e-15
8.154074074074072698e+00 1.357289589894219558e-15
8.174084084084082491e+00 1.209242882284298781e-15
8.194094094094094061e+00 1.077440859175168668e-15
8.214104104104103854e+00 9.600906412559291476e-16
8.234114114114113647e+00 8.555983510610665710e-16
8.254124124124123441e+00 7.625469020626704053e-16
8.274134134134133234e+00 6.796762801362415159e-16
8.294144144144143027e+00 6.058660362561723886e-16
8.314154154154152820e+00 5.401197411502712536e-16
8.334164164164162614e+00 4.815511808871816589e-16
8.354174174174172407e+00 4.293720973968004083e-16
8.374184184184183977e+00 3.828813001036660694e-16
8.394194194194193770e+00 3.414549945104986883e-16
8.414204204204203563e+00 3.045381909917103190e-16
8.434214214214213357e+00 2.716370725013192681e-16
8.454224224224223150e+00 2.423122135902966212e-16
8.474234234234232943e+00 2.161725552664587778e-16
8.494244244244242736e+00 1.928700509918639371e-16
8.514254254254252530e+00 1.720949086549829174e-16
8.534264264264264099e+00 1.535713618170511161e-16
8.554274274274273893e+00 1.370539110365254031e-16
8.574284284284283686e+00 1.223239827311499088e-16
8.594294294294293479e+00 1.091869589410630831e-16
8.614304304304303272e+00 9.746953659289232705e-17
8.634314314314313066e+00 8.701737951078350715e-17
8.654324324324322859e+00 7.769303054187395014e-17
8.674334334334332652e+00 6.937405482084806461e-17
8.694344344344344222e+00 6.195138844332651171e-17
8.714354354354354015e+00 5.532786969758189405e-17
8.734364364364363809e+00 4.941693255980607324e-17
8.754374374374373602e+00 4.414144442659838074e-17
8.774384384384383395e+00 3.943267207182297155e-17
8.794394394394393188e+00 3.522936160240054057e-17
8.814404404404402982e+00 3.147691977444952660e-17
8.834414414414412775e+00 2.812668544004667299e-17
8.854424424424424345e+00 2.513528114588723717e-17
8.874434434434434138e+00 2.246403601598977084e-17
8.894444444444443931e+00 2.007847203714261409e-17
8.914454454454453725e+00 1.794784674199010439e-17
8.934464464464463518e+00 1.604474606291705414e-17
8.954474474474473311e+00 1.434472182122563502e-17
8.974484484484483104e+00 1.282596893025108725e-17
8.994494494494492898e+00 1.146903793671695526e-17
9.014504504504502691e+00 1.025657900944649921e-17
9.034514514514514261e+00 9.173113915353257570e-18
9.054524524524524054e+00 8.204832905486265761e-18
9.074534534534533847e+00 7.339413774151305032e-18
9.094544544544543641e+00 6.565860656557528498e-18
9.114554554554553434e+00 5.874360399261332403e-18
9.134564564564563227e+00 5.256154576649888324e-18
9.154574574574573020e+00 4.703425439169232131e-18
9.174584584584582814e+00 4.209194267903862328e-18
9.194594594594594383e+00 3.767230778080932463e-18
9.214604604604604177e+00 3.371972363446733041e-18
9.234614614614613970e+00 3.018452106302599315e-18
9.254624624624623763e+00 2.702234596139954038e-18
9.274634634634633557e+00 2.419358704911076200e-18
9.294644644644643350e+00 2.166286560460371524e-18
9.314654654654653143e+00 1.939858042816140988e-18
9.334664664664662936e+00 1.737250202042411149e-18
9.354674674674674506e+00 1.555941062195958660e-18
9.374684684684684299e+00 1.393677334529519086e-18
9.394694694694694093e+00 1.248445615226346288e-18
9.414704704704703886e+00 1.118446689363984899e-18
9.434714714714713679e+00 1.002072604114679239e-18
9.454724724724723472e+00 8.978862109639752125e-19
9.474734734734733266e+00 8.046029094668008741e-19
9.494744744744743059e+00 7.210743542078278285e-19
9.514754754754754629e+00 6.462739125856339580e-19
9.534764764764764422e+00 5.792836841508592884e-19
9.554774774774774215e+00 5.192829128098996976e-19
9.574784784784784009e+00 4.655376415355838091e-19
9.594794794794793802e+00 4.173914755538678807e-19
9.614804804804803595e+00 3.742573345185898628e-19
9.634814814814813388e+00 3.356100871432961803e-19
9.654824824824823182e+00 3.009799733023645033e-19
9.674834834834832975e+00 2.699467288988483873e-19
9.694844844844844545e+00 2.421343379617122454e-19
9.714854854854854338e+00 2.172063446025136331e-19
9.734864864864864131e+00 1.948616647411333782e-19
9.754874874874873925e+00 1.748308439981112371e-19
9.774884884884883718e+00 1.568727139347281689e-19
9.794894894894893511e+00 1.407714039778140924e-19
9.814904904904903304e+00 1.263336709628263828e-19
9.834914914914913098e+00 1.133865123272796001e-19
9.854924924924924667e+00 1.017750326411335457e-19
9.874934934934934461e+00 9.136053641989368484e-20
9.894944944944944254e+00 8.201882307271702316e-20
9.914954954954954047e+00 7.363866243032686428e-20
9.934964964964963841e+00 6.612043161003577848e-20
9.954974974974973634e+00 5.937489603811386898e-20
9.974984984984983427e+00 5.332211929017973338e-20
9.994994994994993220e+00 4.789048805241800807e-20
1.001500500500500479e+01 4.301583997171113479e-20
1.003501501501501458e+01 3.864068347033637838e-20
1.005502502502502438e+01 3.471349976786264047e-20
1.007503503503503417e+01 3.118811839443914121e-20
1.009504504504504396e+01 2.802315840939448327e-20
1.011505505505505376e+01 2.518152836898255267e-20
1.013506506506506355e+01 2.262997882809320339e-20
1.015507507507507334e+01 2.033870182225711708e-20
1.017508508508508491e+01 1.828097236701653024e-20
1.019509509509509471e+01 1.643282753920403311e-20
1.021510510510510450e+01 1.477277917578020552e-20
1.023511511511511429e+01 1.328155664663715225e-20
1.025512512512512409e+01 1.194187653359114179e-20
1.027513513513513388e+01 1.073823638352837567e-20
1.029514514514514367e+01 9.656730003586168331e-21
1.031515515515515347e+01 8.684882034234050447e-21
1.033516516516516326e+01 7.811499775547786168e-21
1.035517517517517483e+01 7.026540455947927026e-21
1.037518518518518462e+01 6.320992323877270425e-21
1.039519519519519442e+01 5.686768113800530090e-21
1.041520520520520421e+01 5.116609590658830442e-21
1.043521521521521400e+01 4.604002013464981785e-21
1.045522522522522380e+01 4.143097480794163551e-21
1.047523523523523359e+01 3.728646230067182259e-21
1.049524524524524338e+01 3.355935060107666332e-21
1.051525525525525495e+01 3.020732133716389565e-21
1.053526526526526474e+01 2.719237495043069965e-21
1.055527527527527454e+01 2.448038706329387504e-21
1.057528528528528433e+01 2.204071071022868151e-21
1.059529529529529412e+01 1.984581966100096029e-21
1.061530530530530392e+01 1.787098856394119010e-21
1.063531531531531371e+01 1.609400608411435968e-21
1.065532532532532350e+01 1.449491761112235045e-21
1.067533533533533507e+01 1.305579446909095319e-21
1.069534534534534487e+01 1.176052688160294373e-21
1.071535535535535466e+01 1.059463823090468598e-21
1.073536536536536445e+01 9.545118407215548867e-22
1.075537537537537425e+01 8.600274273553639465e-22
1.077538538538538404e+01 7.749595477025962165e-22
1.079539539539539383e+01 6.983634021533415384e-22
1.081540540540540363e+01 6.293896181578688451e-22
1.083541541541541520e+01 5.672745484390625196e-22
1.085542542542542499e+01 5.113315619669491807e-22
1.087543543543543478e+01 4.609432254566005404e-22
1.089544544544544458e+01 4.155542837457950802e-22
1.091545545545545437e+01 3.746653569002064065e-22
1.093546546546546416e+01 3.378272803951724477e-22
1.095547547547547396e+01 3.046360223395966680e-22
1.097548548548548375e+01 2.747281185313304559e-22
1.099549549549549354e+01 2.477765722478551718e-22
1.101550550550550511e+01 2.234871711545777250e-22
1.103551551551551491e+01 2.015951786234871482e-22
1.105552552552552470e+01 1.818623611551711044e-22
1.107553553553553449e+01 1.640743175416229770e-22
1.109554554554554429e+01 1.480380789426898455e-22
1.111555555555555408e+01 1.335799522187097643e-22
1.113556556556556387e+01 1.205435817033420388e-22
1.115557557557557367e+01 1.087882071484163469e-22
1.117558558558558524e+01 9.818709785723709517e-23
1.119559559559559503e+01 8.862614507144479575e-23
1.121560560560560482e+01 8.000259651390393734e-23
1.123561561561561462e+01 7.222391863800008768e-23
1.125562562562562441e+01 6.520677361189944854e-23
1.127563563563563420e+01 5.887609939234115790e-23
1.129564564564564400e+01 5.316428243205830838e-23
1.131565565565565379e+01 4.801041363226716085e-23
1.133566566566566536e+01 4.335961910933027015e-23
1.135567567567567515e+01 3.916245820402433054e-23
1.137568568568568494e+01 3.537438193305633433e-23
1.139569569569569474e+01 3.195524577466915537e-23
1.141570570570570453e+01 2.886887130136824669e-23
1.143571571571571432e+01 2.608265173053390546e-23
1.145572572572572412e+01 2.356719696426836541e-23
1.147573573573573391e+01 2.129601413930918907e-23
1.149574574574574548e+01 1.924522011138831262e-23
1.151575575575575527e+01 1.739328266077999173e-23
1.153576576576576507e+01 1.572078753118833694e-23
1.155577577577577486e+01 1.421022870637419046e-23
1.157578578578578465e+01 1.284581959139533003e-23
1.159579579579579445e+01 1.161332300110137843e-23
1.161580580580580424e+01 1.049989807031941380e-23
1.163581581581581403e+01 9.493962390425801154e-24
1.165582582582582383e+01 8.585067847952818417e-24
1.167583583583583540e+01 7.763788794468734759e-24
1.169584584584584519e+01 7.021621314991890750e-24
1.171585585585585498e+01 6.350892486240091654e-24
1.173586586586586478e+01 5.744678627481827083e-24
1.175587587587587457e+01 5.196731646960150418e-24
1.177588588588588436e+01 4.701412676912914092e-24
1.179589589589589416e+01 4.253632271184803129e-24
1.181590590590590395e+01 3.848796512207236310e-24
1.183591591591591552e+01 3.482758439569699283e-24
1.185592592592592531e+01 3.151774271245770624e-24
1.187593593593593511e+01 2.852463941457976155e-24
1.189594594594594490e+01 2.581775526748292074e-24
1.191595595595595469e+01 2.336953174623898037e-24
1.193596596596596449e+01 2.115508187641927029e-24
1.195597597597597428e+01 1.915192950427470570e-24
1.197598598598598407e+01 1.733977418268976288e-24
1.199599599599599564e+01 1.570027913964255256e-24
1.201600600600600544e+01 1.421688004804112508e-24
1.203601601601601523e+01 1.287461254273293832e-24
1.205602602602602502e+01 1.165995663466337418e-24
1.207603603603603482e+01 1.056069635591418407e-24
1.209604604604604461e+01 9.565793134748865208e-25
1.211605605605605440e+01 8.665271548661287034e-25
1.213606606606606420e+01 7.850116237417118360e-25
1.215607607607607576e+01 7.112178878730294054e-25
1.217608608608608556e+01 6.444094237817585012e-25
1.219609609609609535e+01 5.839204399869322084e-25
1.221610610610610514e+01 5.291490382534582993e-25
1.223611611611611494e+01 4.795510404811234631e-25
1.225612612612612473e+01 4.346344160150445983e-25
1.227613613613613452e+01 3.939542505905537698e-25
1.229614614614614432e+01 3.571082039189430496e-25
1.231615615615615411e+01 3.237324081397754122e-25
1.233616616616616568e+01 2.934977640667255940e-25
1.235617617617617547e+01 2.661065963901348715e-25
1.237618618618618527e+01 2.412896328159347469e-25
1.239619619619619506e+01 2.188032755596431203e-25
1.241620620620620485e+01 1.984271367136482547e-25
1.243621621621621465e+01 1.799618117985701770e-25
1.245622622622622444e+01 1.632268683273169669e-25
1.247623623623623423e+01 1.480590284792922733e-25
1.249624624624624580e+01 1.343105270276808858e-25
1.251625625625625560e+01 1.218476275067966193e-25
1.253626626626626539e+01 1.105492812688239830e-25
1.255627627627627518e+01 1.003059155783657421e-25
1.257628628628628498e+01 9.101833824474825460e-26
1.259629629629629477e+01 8.259674751100450605e-26
1.261630630630630456e+01 7.495983701762054309e-26
1.263631631631631436e+01 6.803398665064231547e-26
1.265632632632632593e+01 6.175253097796542135e-26
1.267633633633633572e+01 5.605509778432406247e-26
1.269634634634634551e+01 5.088700994320985914e-26
1.271635635635635531e+01 4.619874452056506623e-26
1.273636636636636510e+01 4.194544359738989315e-26
1.275637637637637489e+01 3.808647183301986179e-26
1.277638638638638469e+01 3.458501627315118306e-26
1.279639639639639448e+01 3.140772434201933195e-26
1.281640640640640605e+01 2.852437635102000316e-26
1.283641641641641584e+01 2.590758921071593733e-26
1.285642642642642564e+01 2.353254835325161304e-26
1.287643643643643543e+01 2.137676516121358510e-26
1.289644644644644522e+01 1.941985745983660426e-26
1.291645645645645502e+01 1.764335086504922694e-26
1.293646646646646481e+01 1.603049899251846688e-26
1.295647647647647460e+01 1.456612072493364180e-26
1.297648648648648440e+01 1.323645290823729252e-26
1.299649649649649596e+01 1.202901700413271388e-26
1.301650650650650576e+01 1.093249836773251757e-26
1.303651651651651555e+01 9.936636946983731484e-27
1.305652652652652534e+01 9.032128315992687111e-27
1.307653653653653514e+01 8.210534058662502486e-27
1.309654654654654493e+01 7.464200613299355200e-27
1.311655655655655472e+01 6.786185774000311718e-27
1.313656656656656452e+01 6.170192121570859144e-27
1.315657657657657609e+01 5.610506726264502262e-27
1.317658658658658588e+01 5.101946527469617749e-27
1.319659659659659567e+01 4.639808852272175181e-27
1.321660660660660547e+01 4.219826586160745316e-27
1.323661661661661526e+01 3.838127555548049390e-27
1.325662662662662505e+01 3.491197723738242664e-27
1.327663663663663485e+01 3.175847839899636956e-27
1.329664664664664464e+01 2.889183214897895832e-27
1.331665665665665621e+01 2.628576328854959395e-27
1.333666666666666600e+01 2.391642003341516292e-27
1.335667667667667580e+01 2.176214896472121470e-27
1.337668668668668559e+01 1.980329102106767345e-27
1.339669669669669538e+01 1.802199655110829501e-27
1.341670670670670518e+01 1.640205763389529799e-27
1.343671671671671497e+01 1.492875604389120453e-27
1.345672672672672476e+01 1.358872539115501659e-27
1.347673673673673456e+01 1.236982610615728914e-27
1.349674674674674613e+01 1.126103206439803545e-27
1.351675675675675592e+01 1.025232775978074908e-27
1.353676676676676571e+01 9.334615038632154199e-28
1.355677677677677551e+01 8.499628499446911641e-28
1.357678678678678530e+01 7.739858747755976752e-28
1.359679679679679509e+01 7.048482771852292966e-28
1.361680680680680489e+01 6.419300774201003472e-28
1.363681681681681468e+01 5.846678855913724112e-28
1.365682682682682625e+01 5.325497008294235031e-28
1.367683683683683604e+01 4.851101916735357207e-28
1.369684684684684584e+01 4.419264128673668916e-28
1.371685685685685563e+01 4.026139179348112804e-28
1.373686686686686542e+01 3.668232307180679579e-28
1.375687687687687522e+01 3.342366425076377083e-28
1.377688688688688501e+01 3.045653045170706766e-28
1.379689689689689480e+01 2.775465882838912726e-28
1.381690690690690637e+01 2.529416891407795047e-28
1.383691691691691616e+01 2.305334502223204414e-28
1.385692692692692596e+01 2.101243865757322724e-28
1.387693693693693575e+01 1.915348908498227645e-28
1.389694694694694554e+01 1.746016037626651847e-28
1.391695695695695534e+01 1.591759341135179390e-28
1.393696696696696513e+01 1.451227145222819486e-28
1.395697697697697492e+01 1.323189803648869746e-28
1.397698698698698649e+01 1.206528605378278579e-28
1.399699699699699629e+01 1.100225697409574958e-28
1.401700700700700608e+01 1.003354929244836133e-28
1.403701701701701587e+01 9.150735341407769582e-29
1.405702702702702567e+01 8.346145701432141306e-29
1.407703703703703546e+01 7.612800510425883566e-29
1.409704704704704525e+01 6.944347038526649228e-29
1.411705705705705505e+01 6.335002952811795802e-29
1.413706706706706484e+01 5.779504749786812978e-29
1.415707707707707641e+01 5.273060881755107835e-29
1.417708708708708620e+01 4.811309146920060717e-29
1.419709709709709600e+01 4.390277952753122475e-29
1.421710710710710579e+01 4.006351098159109481e-29
1.423711711711711558e+01 3.656235752630587013e-29
1.425712712712712538e+01 3.336933340207936196e-29
1.427713713713713517e+01 3.045713062947627992e-29
1.429714714714714496e+01 2.780087822991488944e-29
1.431715715715715653e+01 2.537792324468328678e-29
1.433716716716716633e+01 2.316763156541950644e-29
1.435717717717717612e+01 2.115120677155700076e-29
1.437718718718718591e+01 1.931152533566835284e-29
1.439719719719719571e+01 1.763298670785664497e-29
1.441720720720720550e+01 1.610137692667344657e-29
1.443721721721721529e+01 1.470374452782227674e-29
1.445722722722722509e+01 1.342828763426482224e-29
1.447723723723723666e+01 1.226425121338712711e-29
1.449724724724724645e+01 1.120183357950372562e-29
1.451725725725725624e+01 1.023210130412057656e-29
1.453726726726726604e+01 9.346911772748319341e-30
1.455727727727727583e+01 8.538842696453945028e-30
1.457728728728728562e+01 7.801127949341864230e-30
1.459729729729729542e+01 7.127599160397733503e-30
1.461730730730730521e+01 6.512632540112759003e-30
1.463731731731731678e+01 5.951100469542102311e-30
1.465732732732732657e+01 5.438327422356235991e-30
1.467733733733733636e+01 4.970049829429437405e-30
1.469734734734734616e+01 4.542379530932049520e-30
1.471735735735735595e+01 4.151770493077841738e-30
1.473736736736736574e+01 3.794988495931421953e-30
1.475737737737737554e+01 3.469083525255867926e-30
1.477738738738738533e+01 3.171364625548773216e-30
1.479739739739739512e+01 2.899376993363453386e-30
1.481740740740740669e+01 2.650881109980276841e-30
1.483741741741741649e+01 2.423833730632102243e-30
1.485742742742742628e+01 2.216370563985794696e-30
1.487743743743743607e+01 2.026790490575346277e-30
1.489744744744744587e+01 1.853541182521458782e-30
1.491745745745745566e+01 1.695205999266021636e-30
1.493746746746746545e+01 1.550492045326609167e-30
1.495747747747747525e+01 1.418219286329245528e-30
1.497748748748748682e+01 1.297310628900007878e-30
1.499749749749749661e+01 1.186782878478434702e-30
1.501750750750750640e+01 1.085738496828722621e-30
1.503751751751751620e+01 9.933580880423757184e-31
1.505752752752752599e+01 9.088935482077147537e-31
1.507753753753753578e+01 8.316618197305379637e-31
1.509754754754754558e+01 7.610391965722522670e-31
1.511755755755755537e+01 6.964561314799012912e-31
1.513756756756756694e+01 6.373925006566343364e-31
1.515757757757757673e+01 5.833732853016815317e-31
1.517758758758758653e+01 5.339646330712067924e-31
1.519759759759759632e+01 4.887702658092059302e-31
1.521760760760760611e+01 4.474282028972612899e-31
1.523761761761761591e+01 4.096077723043982829e-31
1.525762762762762570e+01 3.750068839038510141e-31
1.527763763763763549e+01 3.433495418876221229e-31
1.529764764764764706e+01 3.143835751698641974e-31
1.531765765765765686e+01 2.878785665467250368e-31
1.533766766766766665e+01 2.636239630883197521e-31
1.535767767767767644e+01 2.414273517940369004e-31
1.537768768768768624e+01 2.211128859591316111e-31
1.539769769769769603e+01 2.025198489903416666e-31
1.541770770770770582e+01 1.855013435833655738e-31
1.543771771771771562e+01 1.699230952450249167e-31
1.545772772772772541e+01 1.556623601178612862e-31
1.547773773773773698e+01 1.426069279526371132e-31
1.549774774774774677e+01 1.306542118832739015e-31
1.551775775775775656e+01 1.197104173956248710e-31
1.553776776776776636e+01 1.096897835528881659e-31
1.555777777777777615e+01 1.005138901523679569e-31
1.557778778778778594e+01 9.211102504556878920e-32
1.559779779779779574e+01 8.441560636181700939e-32
1.561780780780780553e+01 7.736765483839189243e-32
1.563781781781781710e+01 7.091231188223548262e-32
1.565782782782782689e+01 6.499939937278236320e-32
1.567783783783783669e+01 5.958301756607381591e-32
1.569784784784784648e+01 5.462117777980591128e-32
1.571785785785785627e+01 5.007546683030633779e-32
1.573786786786786607e+01 4.591074045800060777e-32
1.575787787787787586e+01 4.209484322005145831e-32
1.577788788788788565e+01 3.859835254964380755e-32
1.579789789789789722e+01 3.539434488268686078e-32
1.581790790790790702e+01 3.245818193632390223e-32
1.583791791791791681e+01 2.976731539099351448e-32
1.585792792792792660e+01 2.730110838054012222e-32
1.587793793793793640e+01 2.504067233408691177e-32
1.589794794794794619e+01 2.296871784044293632e-32
1.591795795795795598e+01 2.106941832165151929e-32
1.593796796796796578e+01 1.932828540804398289e-32
1.595797797797797735e+01 1.773205500353235886e-32
1.597798798798798714e+01 1.626858311790582440e-32
1.599799799799799693e+01 1.492675062315164458e-32
1.601800800800800673e+01 1.369637616405956660e-32
1.603801801801801830e+01 1.256813652023576553e-32
1.605802802802802987e+01 1.153349377762343981e-32
1.607803803803803788e+01 1.058462872331801396e-32
1.609804804804804945e+01 9.714379928252194858e-33
1.611805805805805747e+01 8.916188028725545220e-33
1.613806806806806904e+01 8.184044760061428317e-33
1.615807807807807706e+01 7.512446334332123355e-33
1.617808808808808863e+01 6.896350789364679582e-33
1.619809809809809664e+01 6.331138968448473684e-33
1.621810810810810821e+01 5.812578819568897757e-33
1.623811811811811978e+01 5.336792729846085497e-33
1.625812812812812780e+01 4.900227635371441172e-33
1.627813813813813937e+01 4.499627669023919180e-33
1.629814814814814738e+01 4.132009129300165212e-33
1.631815815815815895e+01 3.794637571856892387e-33
1.633816816816816697e+01 3.485006842531102869e-33
1.635817817817817854e+01 3.200819886174239269e-33
1.637818818818819011e+01 2.939971179871851527e-33
1.639819819819819813e+01 2.700530652119512834e-33
1.641820820820820970e+01 2.480728961401442171e-33
1.643821821821821771e+01 2.278944018472256267e-33
1.645822822822822928e+01 2.093688646551277737e-33
1.647823823823823730e+01 1.923599282703944302e-33
1.649824824824824887e+01 1.767425631957979600e-33
1.651825825825825689e+01 1.624021193270080578e-33
1.653826826826826846e+01 1.492334583369795864e-33
1.655827827827828003e+01 1.371401590828674495e-33
1.657828828828828804e+01 1.260337898475235346e-33
1.659829829829829961e+01 1.158332417557566118e-33
1.661830830830830763e+01 1.064641181879585795e-33
1.663831831831831920e+01 9.785817545482417012e-34
1.665832832832832722e+01 8.995281040036440448e-34
1.667833833833833879e+01 8.269059096885858783e-34
1.669834834834834680e+01 7.601882610883826270e-34
1.671835835835835837e+01 6.988917169518220433e-34
1.673836836836836994e+01 6.425726943251815498e-34
1.675837837837837796e+01 5.908241596079247576e-34
1.677838838838838953e+01 5.432725961966612478e-34
1.679839839839839755e+01 4.995752254402919461e-34
1.681840840840840912e+01 4.594174596013430069e-34
1.683841841841841713e+01 4.225105673227445693e-34
1.685842842842842870e+01 3.885895337488656978e-34
1.687843843843844027e+01 3.574110989603974093e-34
1.689844844844844829e+01 3.287519597624463811e-34
1.691845845845845986e+01 3.024071211299528302e-34
1.693846846846846788e+01 2.781883847698196859e-34
1.695847847847847945e+01 2.559229633178009448e-34
1.697848848848848746e+01 2.354522096554596960e-34
1.699849849849849903e+01 2.166304517191187220e-34
1.701850850850850705e+01 1.993239239830208325e-34
1.703851851851851862e+01 1.834097875410604423e-34
1.705852852852853019e+01 1.687752313907387080e-34
1.707853853853853821e+01 1.553166481443902279e-34
1.709854854854854977e+01 1.429388779620209609e-34
1.711855855855855779e+01 1.315545150209569451e-34
1.713856856856856936e+01 1.210832713143310730e-34
1.715857857857857738e+01 1.114513930072666308e-34
1.717858858858858895e+01 1.025911249791106015e-34
1.719859859859860052e+01 9.444021954648806579e-35
1.721860860860860853e+01 8.694148569682119473e-35
1.723861861861862010e+01 8.004237546908213410e-35
1.725862862862862812e+01 7.369460439967841940e-35
1.727863863863863969e+01 6.785380320874795854e-35
1.729864864864864771e+01 6.247919813797517902e-35
1.731865865865865928e+01 5.753331756708412590e-35
1.733866866866866729e+01 5.298172273394713248e-35
1.735867867867867886e+01 4.879276056450403587e-35
1.737868868868869043e+01 4.493733678477123671e-35
1.739869869869869845e+01 4.138870763927626073e-35
1.741870870870871002e+01 3.812228867965432998e-35
1.743871871871871804e+01 3.511547921487357793e-35
1.745872872872872961e+01 3.234750113149916582e-35
1.747873873873873762e+01 2.979925089971234132e-35
1.749874874874874919e+01 2.745316367902137070e-35
1.751875875875875721e+01 2.529308852767765884e-35
1.753876876876876878e+01 2.330417380233406660e-35
1.755877877877878035e+01 2.147276191016798209e-35
1.757878878878878837e+01 1.978629264500053490e-35
1.759879879879879994e+01 1.823321440253657521e-35
1.761880880880880795e+01 1.680290262811736838e-35
1.763881881881881952e+01 1.548558490379659579e-35
1.765882882882882754e+01 1.427227213053799117e-35
1.767883883883883911e+01 1.315469530623319710e-35
1.769884884884885068e+01 1.212524744143181931e-35
1.771885885885885870e+01 1.117693019241058744e-35
1.773886886886887027e+01 1.030330482585644898e-35
1.775887887887887828e+01 9.498447161188345696e-36
1.777888888888888985e+01 8.756906165648455630e-36
1.779889889889889787e+01 8.073665904033612099e-36
1.781890890890890944e+01 7.444110569407727538e-36
1.783891891891891746e+01 6.863992343632311101e-36
1.785892892892892903e+01 6.329401857152198159e-36
1.787893893893894059e+01 5.836741036393556006e-36
1.789894894894894861e+01 5.382698144475433695e-36
1.791895895895896018e+01 4.964224836861563961e-36
1.793896896896896820e+01 4.578515068175028429e-36
1.795897897897897977e+01 4.222985699808038743e-36
1.797898898898898778e+01 3.895258670252414739e-36
1.799899899899899935e+01 3.593144601360922446e-36
1.801900900900900737e+01 3.314627724108392720e-36
1.803901901901901894e+01 3.057852016924692529e-36
1.805902902902903051e+01 2.821108458395024817e-36
1.807903903903903853e+01 2.602823304131531291e-36
1.809904904904905010e+01 2.401547304969005210e-36
1.811905905905905811e+01 2.215945790385142945e-36
1.813906906906906968e+01 2.044789547238395555e-36
1.815907907907907770e+01 1.886946429605145562e-36
1.817908908908908927e+01 1.741373640715240668e-36
1.819909909909910084e+01 1.607110632781910745e-36
1.821910910910910886e+01 1.483272574920120861e-36
1.823911911911912043e+01 1.369044343391592500e-36
1.825912912912912844e+01 1.263674992125126534e-36
1.827913913913914001e+01 1.166472664867828533e-36
1.829914914914914803e+01 1.076799913456332220e-36
1.831915915915915960e+01 9.940693895685653892e-37
1.833916916916916762e+01 9.177398799601493072e-37
1.835917917917917919e+01 8.473126576132085750e-37
1.837918918918919076e+01 7.823281234542535362e-37
1.839919919919919877e+01 7.223627153451142292e-37
1.841920920920921034e+01 6.670260629302460925e-37
1.843921921921921836e+01 6.159583686523399705e-37
1.845922922922922993e+01 5.688279968350296297e-37
1.847923923923923795e+01 5.253292541900095134e-37
1.849924924924924952e+01 4.851803464462531015e-37
1.851925925925926109e+01 4.481214970304745243e-37
1.853926926926926910e+01 4.139132148596133017e-37
1.855927927927928067e+01 3.823346993463301118e-37
1.857928928928928869e+01 3.531823716746917145e-37
1.859929929929930026e+01 3.262685222813466366e-37
1.861930930930930828e+01 3.014200652856339117e-37
1.863931931931931985e+01 2.784773913539856028e-37
1.865932932932932786e+01 2.572933111668609310e-37
1.867933933933933943e+01 2.377320822833117222e-37
1.869934934934935100e+01 2.196685127756285478e-37
1.871935935935935902e+01 2.029871355362862152e-37
1.873936936936937059e+01 1.875814476473250333e-37
1.875937937937937861e+01 1.733532096505372585e-37
1.877938938938939017e+01 1.602117999689869006e-37
1.879939939939939819e+01 1.480736201097284434e-37
1.881940940940940976e+01 1.368615466259452811e-37
1.883941941941941778e+01 1.265044261376627529e-37
1.885942942942942935e+01 1.169366100049198266e-37
1.887943943943944092e+01 1.080975255185329133e-37
1.889944944944944893e+01 9.993128072324206661e-38
1.891945945945946050e+01 9.238630021735875067e-38
1.893946946946946852e+01 8.541498948428066829e-38
1.895947947947948009e+01 7.897342550546087641e-38
1.897948948948948811e+01 7.302107158306813192e-38
1.899949949949949968e+01 6.752051446507286463e-38
1.901950950950951125e+01 6.243722201667876770e-38
1.903951951951951926e+01 5.773931982129862138e-38
1.905952952952953083e+01 5.339738522229724667e-38
1.907953953953953885e+01 4.938425743469805446e-38
1.909954954954955042e+01 4.567486246438473386e-38
1.911955955955955844e+01 4.224605167231525551e-38
1.913956956956957001e+01 3.907645291304792365e-38
1.915957957957957802e+01 3.614633326151931037e-38
1.917958958958958959e+01 3.343747241982828686e-38
1.919959959959960116e+01 3.093304596747095795e-38
1.921960960960960918e+01 2.861751768441244683e-38
1.923961961961962075e+01 2.647654023715495759e-38
1.925962962962962877e+01 2.449686357383285485e-38
1.927963963963964034e+01 2.266625042588156198e-38
1.929964964964964835e+01 2.097339836121266887e-38
1.931965965965965992e+01 1.940786787747169525e-38
1.933966966966966794e+01 1.796001606415470168e-38
1.935967967967967951e+01 1.662093539936583778e-38
1.937968968968969108e+01 1.538239728109359038e-38
1.939969969969969910e+01 1.423679992425543083e-38
1.941970970970971067e+01 1.317712028369133548e-38
1.943971971971971868e+01 1.219686968991318463e-38
1.945972972972973025e+01 1.129005290893608798e-38
1.947973973973973827e+01 1.045113036012679467e-38
1.949974974974974984e+01 9.674983246808990910e-39
1.951975975975976141e+01 8.956881373546439302e-39
1.953976976976976943e+01 8.292453441689933373e-39
1.955977977977978099e+01 7.677659631047573598e-39
1.957978978978978901e+01 7.108766290540250755e-39
1.959979979979980058e+01 6.582322574517599066e-39
1.961980980980980860e+01 6.095138874146807082e-39
1.963981981981982017e+01 5.644266905014467561e-39
1.965982982982982818e+01 5.226981322908167883e-39
1.967983983983983975e+01 4.840762749691442801e-39
1.969984984984985132e+01 4.483282100387304866e-39
1.971985985985985934e+01 4.152386111042926187e-39
1.973986986986987091e+01 3.846083974751067620e-39
1.975987987987987893e+01 3.562535000401661616e-39
1.977988988988989050e+01 3.300037215359063651e-39
1.979989989989989851e+01 3.057016839383492874e-39
1.981990990990991008e+01 2.832018562738924956e-39
1.983991991991992165e+01 2.623696566633737724e-39
1.985992992992992967e+01 2.430806228927181393e-39
1.987993993993994124e+01 2.252196462448699639e-39
1.989994994994994926e+01 2.086802637355844668e-39
1.991995995995996083e+01 1.933640042705485871e-39
1.993996996996996884e+01 1.791797845880971509e-39
1.995997997997998041e+01 1.660433511708072326e-39
1.997998998998998843e+01 1.538767646041618653e-39
2.000000000000000000e+01 1.426079231317522550e-39
