5.000000000000000000e-01 1.790897896994367215e+02
5.120120120120119633e-01 1.792346138848826911e+02
5.240240240240240377e-01 1.793791446824236004e+02
5.360360360360360010e-01 1.795233823400182871e+02
5.480480480480480754e-01 1.796673271073514968e+02
5.600600600600600387e-01 1.798109792358211791e+02
5.720720720720721131e-01 1.799543389785246461e+02
5.840840840840840764e-01 1.800974065902453560e+02
5.960960960960961508e-01 1.802401823274392996e+02
6.081081081081081141e-01 1.803826664482219826e+02
6.201201201201200774e-01 1.805248592123555511e+02
6.321321321321321518e-01 1.806667608812349215e+02
6.441441441441441151e-01 1.808083717178754455e+02
6.561561561561561895e-01 1.809496919868991540e+02
6.681681681681681528e-01 1.810907219545221096e+02
6.801801801801801162e-01 1.812314618885415598e+02
6.921921921921921905e-01 1.813719120583225788e+02
7.042042042042042649e-01 1.815120727347858463e+02
7.162162162162162282e-01 1.816519441903941470e+02
7.282282282282281916e-01 1.817915266991401495e+02
7.402402402402402659e-01 1.819308205365331617e+02
7.522522522522522292e-01 1.820698259795872787e+02
7.642642642642643036e-01 1.822085433068078544e+02
7.762762762762762669e-01 1.823469727981795643e+02
7.882882882882882303e-01 1.824851147351534451e+02
8.003003003003003046e-01 1.826229694006350712e+02
8.123123123123123790e-01 1.827605370789711401e+02
8.243243243243243423e-01 1.828978180559382736e+02
8.363363363363363057e-01 1.830348126187297453e+02
8.483483483483482690e-01 1.831715210559436855e+02
8.603603603603603434e-01 1.833079436575706040e+02
8.723723723723724177e-01 1.834440807149815669e+02
8.843843843843843811e-01 1.835799325209156905e+02
8.963963963963963444e-01 1.837154993694684322e+02
9.084084084084084187e-01 1.838507815560790846e+02
9.204204204204204931e-01 1.839857793775193784e+02
9.324324324324324564e-01 1.841204931318810907e+02
9.444444444444444198e-01 1.842549231185643066e+02
9.564564564564563831e-01 1.843890696382657381e+02
9.684684684684684575e-01 1.845229329929667017e+02
9.804804804804805318e-01 1.846565134859216073e+02
9.924924924924924952e-01 1.847898114216460783e+02
1.004504504504504458e+00 1.849228271059053554e+02
1.016516516516516422e+00 1.850555608457030132e+02
1.028528528528528607e+00 1.851880129492688809e+02
1.040540540540540571e+00 1.853201837260479010e+02
1.052552552552552534e+00 1.854520734866889029e+02
1.064564564564564719e+00 1.855836825430325518e+02
1.076576576576576461e+00 1.857150112081007478e+02
1.088588588588588646e+00 1.858460597960844893e+02
1.100600600600600609e+00 1.859768286223336986e+02
1.112612612612612573e+00 1.861073180033448864e+02
1.124624624624624758e+00 1.862375282567509203e+02
1.136636636636636499e+00 1.863674597013094285e+02
1.148648648648648685e+00 1.864971126568917157e+02
1.160660660660660648e+00 1.866264874444722466e+02
1.172672672672672611e+00 1.867555843861169080e+02
1.184684684684684797e+00 1.868844038049729193e+02
1.196696696696696538e+00 1.870129460252573494e+02
1.208708708708708723e+00 1.871412113722466870e+02
1.220720720720720687e+00 1.872692001722656983e+02
1.232732732732732650e+00 1.873969127526773093e+02
1.244744744744744835e+00 1.875243494418711236e+02
1.256756756756756799e+00 1.876515105692535315e+02
1.268768768768768762e+00 1.877783964652365967e+02
1.280780780780780725e+00 1.879050074612280810e+02
1.292792792792792689e+00 1.880313438896203877e+02
1.304804804804804874e+00 1.881574060837804723e+02
1.316816816816816837e+00 1.882831943780393544e+02
1.328828828828828801e+00 1.884087091076816876e+02
1.340840840840840986e+00 1.885339506089357542e+02
1.352852852852852727e+00 1.886589192189629500e+02
1.364864864864864913e+00 1.887836152758475521e+02
1.376876876876876876e+00 1.889080391185867711e+02
1.388888888888888840e+00 1.890321910870805198e+02
1.400900900900901025e+00 1.891560715221214934e+02
1.412912912912912766e+00 1.892796807653849100e+02
1.424924924924924952e+00 1.894030191594187897e+02
1.436936936936936915e+00 1.895260870476339221e+02
1.448948948948948878e+00 1.896488847742937196e+02
1.460960960960961064e+00 1.897714126845050941e+02
1.472972972972972805e+00 1.898936711242079127e+02
1.484984984984984990e+00 1.900156604401658456e+02
1.496996996996996954e+00 1.901373809799562196e+02
1.509009009009008917e+00 1.902588330919606960e+02
1.521021021021021102e+00 1.903800171253555220e+02
1.533033033033033066e+00 1.905009334301020374e+02
1.545045045045045029e+00 1.906215823569371253e+02
1.557057057057056992e+00 1.907419642573637191e+02
1.569069069069068956e+00 1.908620794836416508e+02
1.581081081081081141e+00 1.909819283887778170e+02
1.593093093093093104e+00 1.911015113265171692e+02
1.605105105105105068e+00 1.912208286513334770e+02
1.617117117117117031e+00 1.913398807184200052e+02
1.629129129129129216e+00 1.914586678836800502e+02
1.641141141141141180e+00 1.915771905037182705e+02
1.653153153153153143e+00 1.916954489358312799e+02
1.665165165165165106e+00 1.918134435379987792e+02
1.677177177177177070e+00 1.919311746688744904e+02
1.689189189189189255e+00 1.920486426877767485e+02
1.701201201201201219e+00 1.921658479546804585e+02
1.713213213213213182e+00 1.922827908302074604e+02
1.725225225225225145e+00 1.923994716756179741e+02
1.737237237237237331e+00 1.925158908528019595e+02
1.749249249249249294e+00 1.926320487242701915e+02
1.761261261261261257e+00 1.927479456531452797e+02
1.773273273273273221e+00 1.928635820031536809e+02
1.785285285285285184e+00 1.929789581386165196e+02
1.797297297297297369e+00 1.930940744244413168e+02
1.809309309309309333e+00 1.932089312261132079e+02
1.821321321321321296e+00 1.933235289096867291e+02
1.833333333333333259e+00 1.934378678417772903e+02
1.845345345345345223e+00 1.935519483895525354e+02
1.857357357357357408e+00 1.936657709207244693e+02
1.869369369369369371e+00 1.937793358035405618e+02
1.881381381381381335e+00 1.938926434067761591e+02
1.893393393393393298e+00 1.940056940997254458e+02
1.905405405405405483e+00 1.941184882521940267e+02
1.917417417417417447e+00 1.942310262344902867e+02
1.929429429429429410e+00 1.943433084174175463e+02
1.941441441441441373e+00 1.944553351722658476e+02
1.953453453453453337e+00 1.945671068708040252e+02
1.965465465465465522e+00 1.946786238852718327e+02
1.977477477477477485e+00 1.947898865883717292e+02
1.989489489489489449e+00 1.949008953532611486e+02
2.001501501501501412e+00 1.950116505535447970e+02
2.013513513513513598e+00 1.951221525632666385e+02
2.025525525525525339e+00 1.952324017569021066e+02
2.037537537537537524e+00 1.953423985093506587e+02
2.049549549549549710e+00 1.954521431959276470e+02
2.061561561561561451e+00 1.955616361923571844e+02
2.073573573573573636e+00 1.956708778747641020e+02
2.085585585585585378e+00 1.957798686196668427e+02
2.097597597597597563e+00 1.958886088039693334e+02
2.109609609609609748e+00 1.959970988049541347e+02
2.121621621621621934e+00 1.961053390002744266e+02
2.133633633633633675e+00 1.962133297679473287e+02
2.145645645645645416e+00 1.963210714863456587e+02
2.157657657657657602e+00 1.964285645341914801e+02
2.169669669669669787e+00 1.965358092905480873e+02
2.181681681681681972e+00 1.966428061348131564e+02
2.193693693693693714e+00 1.967495554467117813e+02
2.205705705705705455e+00 1.968560576062887719e+02
2.217717717717717640e+00 1.969623129939018042e+02
2.229729729729729826e+00 1.970683219902143435e+02
2.241741741741742011e+00 1.971740849761884249e+02
2.253753753753753752e+00 1.972796023330782873e+02
2.265765765765765494e+00 1.973848744424225004e+02
2.277777777777777679e+00 1.974899016860375696e+02
2.289789789789789864e+00 1.975946844460110583e+02
2.301801801801802050e+00 1.976992231046944539e+02
2.313813813813813791e+00 1.978035180446968013e+02
2.325825825825825532e+00 1.979075696488775122e+02
2.337837837837837718e+00 1.980113783003399419e+02
2.349849849849849903e+00 1.981149443824243690e+02
2.361861861861862089e+00 1.982182682787015437e+02
2.373873873873873830e+00 1.983213503729664353e+02
2.385885885885885571e+00 1.984241910492308989e+02
2.397897897897897757e+00 1.985267906917174230e+02
2.409909909909909942e+00 1.986291496848530755e+02
2.421921921921922127e+00 1.987312684132624554e+02
2.433933933933933869e+00 1.988331472617616384e+02
2.445945945945945610e+00 1.989347866153514985e+02
2.457957957957957795e+00 1.990361868592115400e+02
2.469969969969969981e+00 1.991373483786935594e+02
2.481981981981982166e+00 1.992382715593152511e+02
2.493993993993993907e+00 1.993389567867541246e+02
2.506006006006006093e+00 1.994394044468413654e+02
2.518018018018017834e+00 1.995396149255550995e+02
2.530030030030030019e+00 1.996395886090151350e+02
2.542042042042042205e+00 1.997393258834761696e+02
2.554054054054053946e+00 1.998388271353220205e+02
2.566066066066066131e+00 1.999380927510595427e+02
2.578078078078077873e+00 2.000371231173126603e+02
2.590090090090090058e+00 2.001359186208163123e+02
2.602102102102102243e+00 2.002344796484106837e+02
2.614114114114113985e+00 2.003328065870353214e+02
2.626126126126126170e+00 2.004308998237230810e+02
2.638138138138137911e+00 2.005287597455944990e+02
2.650150150150150097e+00 2.006263867398519949e+02
2.662162162162162282e+00 2.007237811937739593e+02
2.674174174174174023e+00 2.008209434947093541e+02
2.686186186186186209e+00 2.009178740300718857e+02
2.698198198198198394e+00 2.010145731873340651e+02
2.710210210210210136e+00 2.011110413540221771e+02
2.722222222222222321e+00 2.012072789177102266e+02
2.734234234234234062e+00 2.013032862660147089e+02
2.746246246246246248e+00 2.013990637865890676e+02
2.758258258258258433e+00 2.014946118671178965e+02
2.770270270270270174e+00 2.015899308953117952e+02
2.782282282282282360e+00 2.016850212589022249e+02
2.794294294294294101e+00 2.017798833456353975e+02
2.806306306306306286e+00 2.018745175432677854e+02
2.818318318318318472e+00 2.019689242395601241e+02
2.830330330330330213e+00 2.020631038222726374e+02
2.842342342342342398e+00 2.021570566791595240e+02
2.854354354354354140e+00 2.022507831979637842e+02
2.866366366366366325e+00 2.023442837664123033e+02
2.878378378378378510e+00 2.024375587722101955e+02
2.890390390390390252e+00 2.025306086030361996e+02
2.902402402402402437e+00 2.026234336465374781e+02
2.914414414414414178e+00 2.027160342903245862e+02
2.926426426426426364e+00 2.028084109219662139e+02
2.938438438438438549e+00 2.029005639289842122e+02
2.950450450450450290e+00 2.029924936988493869e+02
2.962462462462462476e+00 2.030842006189755296e+02
2.974474474474474661e+00 2.031756850767154958e+02
2.986486486486486402e+00 2.032669474593553502e+02
2.998498498498498588e+00 2.033579881541107852e+02
3.010510510510510329e+00 2.034488075481210103e+02
3.022522522522522515e+00 2.035394060284450006e+02
3.034534534534534700e+00 2.036297839820563524e+02
3.046546546546546441e+00 2.037199417958386505e+02
3.058558558558558627e+00 2.038098798565807215e+02
3.070570570570570368e+00 2.038995985509722004e+02
3.082582582582582553e+00 2.039890982655986988e+02
3.094594594594594739e+00 2.040783793869374563e+02
3.106606606606606480e+00 2.041674423013527644e+02
3.118618618618618665e+00 2.042562873950910500e+02
3.130630630630630407e+00 2.043449150542772372e+02
3.142642642642642592e+00 2.044333256649092618e+02
3.154654654654654777e+00 2.045215196128546893e+02
3.166666666666666519e+00 2.046094972838454566e+02
3.178678678678678704e+00 2.046972590634739788e+02
3.190690690690690445e+00 2.047848053371885726e+02
3.202702702702702631e+00 2.048721364902895914e+02
3.214714714714714816e+00 2.049592529079248209e+02
3.226726726726726557e+00 2.050461549750848746e+02
3.238738738738738743e+00 2.051328430765997268e+02
3.250750750750750928e+00 2.052193175971340793e+02
3.262762762762762669e+00 2.053055789211832121e+02
3.274774774774774855e+00 2.053916274330690896e+02
3.286786786786786596e+00 2.054774635169358987e+02
3.298798798798798781e+00 2.055630875567464386e+02
3.310810810810810967e+00 2.056484999362774602e+02
3.322822822822822708e+00 2.057337010391163687e+02
3.334834834834834894e+00 2.058186912486566769e+02
3.346846846846846635e+00 2.059034709480941672e+02
3.358858858858858820e+00 2.059880405204231977e+02
3.370870870870871006e+00 2.060724003484326090e+02
3.382882882882882747e+00 2.061565508147019727e+02
3.394894894894894932e+00 2.062404923015972145e+02
3.406906906906906674e+00 2.063242251912675158e+02
3.418918918918918859e+00 2.064077498656412502e+02
3.430930930930931044e+00 2.064910667064222594e+02
3.442942942942942786e+00 2.065741760950855337e+02
3.454954954954954971e+00 2.066570784128746254e+02
3.466966966966967156e+00 2.067397740407968172e+02
3.478978978978978898e+00 2.068222633596202797e+02
3.490990990990991083e+00 2.069045467498698940e+02
3.503003003003002824e+00 2.069866245918240963e+02
3.515015015015015010e+00 2.070684972655110414e+02
3.527027027027027195e+00 2.071501651507045665e+02
3.539039039039038936e+00 2.072316286269220313e+02
3.551051051051051122e+00 2.073128880734192876e+02
3.563063063063062863e+00 2.073939438691879786e+02
3.575075075075075048e+00 2.074747963929521291e+02
3.587087087087087234e+00 2.075554460231643077e+02
3.599099099099098975e+00 2.076358931380026434e+02
3.611111111111111160e+00 2.077161381153672437e+02
3.623123123123122902e+00 2.077961813328767846e+02
3.635135135135135087e+00 2.078760231678653554e+02
3.647147147147147273e+00 2.079556639973787355e+02
3.659159159159159014e+00 2.080351041981719504e+02
3.671171171171171199e+00 2.081143441467050081e+02
3.683183183183182940e+00 2.081933842191407393e+02
3.695195195195195126e+00 2.082722247913401645e+02
3.707207207207207311e+00 2.083508662388609878e+02
3.719219219219219053e+00 2.084293089369530776e+02
3.731231231231231238e+00 2.085075532605561932e+02
3.743243243243243423e+00 2.085855995842963750e+02
3.755255255255255165e+00 2.086634482824830172e+02
3.767267267267267350e+00 2.087410997291059971e+02
3.779279279279279091e+00 2.088185542978320939e+02
3.791291291291291277e+00 2.088958123620028289e+02
3.803303303303303462e+00 2.089728742946306284e+02
3.815315315315315203e+00 2.090497404683964362e+02
3.827327327327327389e+00 2.091264112556463033e+02
3.839339339339339130e+00 2.092028870283887443e+02
3.851351351351351315e+00 2.092791681582920376e+02
3.863363363363363501e+00 2.093552550166809851e+02
3.875375375375375242e+00 2.094311479745342126e+02
3.887387387387387427e+00 2.095068474024810712e+02
3.899399399399399169e+00 2.095823536707993071e+02
3.911411411411411354e+00 2.096576671494121342e+02
3.923423423423423539e+00 2.097327882078851644e+02
3.935435435435435281e+00 2.098077172154239349e+02
3.947447447447447466e+00 2.098824545408711231e+02
3.959459459459459651e+00 2.099570005527038745e+02
3.971471471471471393e+00 2.100313556190311601e+02
3.983483483483483578e+00 2.101055201075908769e+02
3.995495495495495319e+00 2.101794943857478017e+02
4.007507507507507505e+00 2.102532788204899816e+02
4.019519519519519690e+00 2.103268737784273128e+02
4.031531531531530987e+00 2.104002796257881585e+02
4.043543543543544061e+00 2.104734967284170466e+02
4.055555555555555358e+00 2.105465254517721974e+02
4.067567567567567544e+00 2.106193661609231640e+02
4.079579579579579729e+00 2.106920192205475075e+02
4.091591591591591026e+00 2.107644849949296315e+02
4.103603603603604100e+00 2.108367638479576271e+02
4.115615615615615397e+00 2.109088561431206585e+02
4.127627627627627582e+00 2.109807622435068026e+02
4.139639639639639768e+00 2.110524825118008607e+02
4.151651651651651065e+00 2.111240173102817153e+02
4.163663663663664138e+00 2.111953670008201982e+02
4.175675675675675436e+00 2.112665319448766468e+02
4.187687687687687621e+00 2.113375125034982887e+02
4.199699699699699806e+00 2.114083090373178209e+02
4.211711711711711104e+00 2.114789219065501129e+02
4.223723723723724177e+00 2.115493514709908425e+02
4.235735735735735474e+00 2.116195980900138522e+02
4.247747747747747660e+00 2.116896621225686772e+02
4.259759759759759845e+00 2.117595439271789530e+02
4.271771771771771142e+00 2.118292438619399434e+02
4.283783783783784216e+00 2.118987622845164651e+02
4.295795795795795513e+00 2.119680995521407283e+02
4.307807807807807698e+00 2.120372560216099487e+02
4.319819819819819884e+00 2.121062320492848414e+02
4.331831831831831181e+00 2.121750279910872621e+02
4.343843843843844255e+00 2.122436442024978760e+02
4.355855855855855552e+00 2.123120810385546235e+02
4.367867867867867737e+00 2.123803388538502475e+02
4.379879879879879923e+00 2.124484180025308433e+02
4.391891891891891220e+00 2.125163188382933583e+02
4.403903903903904293e+00 2.125840417143835737e+02
4.415915915915915591e+00 2.126515869835951662e+02
4.427927927927927776e+00 2.127189549982661845e+02
4.439939939939939961e+00 2.127861461102785938e+02
4.451951951951951258e+00 2.128531606710554627e+02
4.463963963963964332e+00 2.129199990315596267e+02
4.475975975975975629e+00 2.129866615422915856e+02
4.487987987987987815e+00 2.130531485532875138e+02
4.500000000000000000e+00 2.131194604141179525e+02
4.512012012012012185e+00 2.131855974738854798e+02
4.524024024024024371e+00 2.132515600812233458e+02
4.536036036036035668e+00 2.133173485842934554e+02
4.548048048048047853e+00 2.133829633307842641e+02
4.560060060060060039e+00 2.134484046679100402e+02
4.572072072072072224e+00 2.135136729424083057e+02
4.584084084084084409e+00 2.135787685005383594e+02
4.596096096096095707e+00 2.136436916880797980e+02
4.608108108108107892e+00 2.137084428503302718e+02
4.620120120120120077e+00 2.137730223321048015e+02
4.632132132132132263e+00 2.138374304777331929e+02
4.644144144144144448e+00 2.139016676310589560e+02
4.656156156156155745e+00 2.139657341354376570e+02
4.668168168168167931e+00 2.140296303337348434e+02
4.680180180180180116e+00 2.140933565683253619e+02
4.692192192192192302e+00 2.141569131810911415e+02
4.704204204204204487e+00 2.142203005134197440e+02
4.716216216216215784e+00 2.142835189062030281e+02
4.728228228228227970e+00 2.143465686998353021e+02
4.740240240240240155e+00 2.144094502342123860e+02
4.752252252252252340e+00 2.144721638487298208e+02
4.764264264264264526e+00 2.145347098822812484e+02
4.776276276276275823e+00 2.145970886732571898e+02
4.788288288288288008e+00 2.146593005595434533e+02
4.800300300300300194e+00 2.147213458785200828e+02
4.812312312312312379e+00 2.147832249670594820e+02
4.824324324324324564e+00 2.148449381615253913e+02
4.836336336336335862e+00 2.149064857977713814e+02
4.848348348348348047e+00 2.149678682111394039e+02
4.860360360360360232e+00 2.150290857364585122e+02
4.872372372372372418e+00 2.150901387080436109e+02
4.884384384384384603e+00 2.151510274596942054e+02
4.896396396396396788e+00 2.152117523246930091e+02
4.908408408408408086e+00 2.152723136358044087e+02
4.920420420420420271e+00 2.153327117252737537e+02
4.932432432432432456e+00 2.153929469248255941e+02
4.944444444444444642e+00 2.154530195656626006e+02
4.956456456456456827e+00 2.155129299784647969e+02
4.968468468468468124e+00 2.155726784933872864e+02
4.980480480480480310e+00 2.156322654400602516e+02
4.992492492492492495e+00 2.156916911475868517e+02
5.004504504504504681e+00 2.157509559445425396e+02
5.016516516516516866e+00 2.158100601589739824e+02
5.028528528528528163e+00 2.158690041183972141e+02
5.040540540540540349e+00 2.159277881497975784e+02
5.052552552552552534e+00 2.159864125796277960e+02
5.064564564564564719e+00 2.160448777338070272e+02
5.076576576576576905e+00 2.161031839377200185e+02
5.088588588588588202e+00 2.161613315162156823e+02
5.100600600600600387e+00 2.162193207936065278e+02
5.112612612612612573e+00 2.162771520936667855e+02
5.124624624624624758e+00 2.163348257396325778e+02
5.136636636636636943e+00 2.163923420541996450e+02
5.148648648648648241e+00 2.164497013595230328e+02
5.160660660660660426e+00 2.165069039772160409e+02
5.172672672672672611e+00 2.165639502283491140e+02
5.184684684684684797e+00 2.166208404334489330e+02
5.196696696696696982e+00 2.166775749124972776e+02
5.208708708708708279e+00 2.167341539849303160e+02
5.220720720720720465e+00 2.167905779696374680e+02
5.232732732732732650e+00 2.168468471849608079e+02
5.244744744744744835e+00 2.169029619486935587e+02
5.256756756756757021e+00 2.169589225780799779e+02
5.268768768768768318e+00 2.170147293898135672e+02
5.280780780780780503e+00 2.170703827000369870e+02
5.292792792792792689e+00 2.171258828243408061e+02
5.304804804804804874e+00 2.171812300777626490e+02
5.316816816816817060e+00 2.172364247747865988e+02
5.328828828828828357e+00 2.172914672293416061e+02
5.340840840840840542e+00 2.173463577548020567e+02
5.352852852852852727e+00 2.174010966639856690e+02
5.364864864864864913e+00 2.174556842691530960e+02
5.376876876876877098e+00 2.175101208820075840e+02
5.388888888888889284e+00 2.175644068136932958e+02
5.400900900900900581e+00 2.176185423747956520e+02
5.412912912912912766e+00 2.176725278753397674e+02
5.424924924924924952e+00 2.177263636247898830e+02
5.436936936936937137e+00 2.177800499320488257e+02
5.448948948948949322e+00 2.178335871054568997e+02
5.460960960960960620e+00 2.178869754527918303e+02
5.472972972972972805e+00 2.179402152812674842e+02
5.484984984984984990e+00 2.179933068975332446e+02
5.496996996996997176e+00 2.180462506076738407e+02
5.509009009009009361e+00 2.180990467172076706e+02
5.521021021021020658e+00 2.181516955310875403e+02
5.533033033033032844e+00 2.182041973536986461e+02
5.545045045045045029e+00 2.182565524888587447e+02
5.557057057057057214e+00 2.183087612398176418e+02
5.569069069069069400e+00 2.183608239092558279e+02
5.581081081081080697e+00 2.184127407992842507e+02
5.593093093093092882e+00 2.184645122114443154e+02
5.605105105105105068e+00 2.185161384467062931e+02
5.617117117117117253e+00 2.185676198054693771e+02
5.629129129129129439e+00 2.186189565875609730e+02
5.641141141141140736e+00 2.186701490922360165e+02
5.653153153153152921e+00 2.187211976181766317e+02
5.665165165165165106e+00 2.187721024634913931e+02
5.677177177177177292e+00 2.188228639257151826e+02
5.689189189189189477e+00 2.188734823018078544e+02
5.701201201201200774e+00 2.189239578881548880e+02
5.713213213213212960e+00 2.189742909805657973e+02
5.725225225225225145e+00 2.190244818742743007e+02
5.737237237237237331e+00 2.190745308639377242e+02
5.749249249249249516e+00 2.191244382436362059e+02
5.761261261261260813e+00 2.191742043068726673e+02
5.773273273273272999e+00 2.192238293465720744e+02
5.785285285285285184e+00 2.192733136550811537e+02
5.797297297297297369e+00 2.193226575241680507e+02
5.809309309309309555e+00 2.193718612450212504e+02
5.821321321321320852e+00 2.194209251082503442e+02
5.833333333333333037e+00 2.194698494038842682e+02
5.845345345345345223e+00 2.195186344213720702e+02
5.857357357357357408e+00 2.195672804495817445e+02
5.869369369369369593e+00 2.196157877768000333e+02
5.881381381381380891e+00 2.196641566907327388e+02
5.893393393393393076e+00 2.197123874785027908e+02
5.905405405405405261e+00 2.197604804266516112e+02
5.917417417417417447e+00 2.198084358211378344e+02
5.929429429429429632e+00 2.198562539473369668e+02
5.941441441441441818e+00 2.199039350900412728e+02
5.953453453453453115e+00 2.199514795334595760e+02
5.965465465465465300e+00 2.199988875612166908e+02
5.977477477477477485e+00 2.200461594563529957e+02
5.989489489489489671e+00 2.200932955013246044e+02
6.001501501501501856e+00 2.201402959780025412e+02
6.013513513513513153e+00 2.201871611676729970e+02
6.025525525525525339e+00 2.202338913510363909e+02
6.037537537537537524e+00 2.202804868082078826e+02
6.049549549549549710e+00 2.203269478187163770e+02
6.061561561561561895e+00 2.203732746615048086e+02
6.073573573573573192e+00 2.204194676149294310e+02
6.085585585585585378e+00 2.204655269567601295e+02
6.097597597597597563e+00 2.205114529641797674e+02
6.109609609609609748e+00 2.205572459137838166e+02
6.121621621621621934e+00 2.206029060815807838e+02
6.133633633633633231e+00 2.206484337429915854e+02
6.145645645645645416e+00 2.206938291728489219e+02
6.157657657657657602e+00 2.207390926453981024e+02
6.169669669669669787e+00 2.207842244342960498e+02
6.181681681681681972e+00 2.208292248126111588e+02
6.193693693693693270e+00 2.208740940528237218e+02
6.205705705705705455e+00 2.209188324268250199e+02
6.217717717717717640e+00 2.209634402059179195e+02
6.229729729729729826e+00 2.210079176608155365e+02
6.241741741741742011e+00 2.210522650616428280e+02
6.253753753753753308e+00 2.210964826779346311e+02
6.265765765765765494e+00 2.211405707786369419e+02
6.277777777777777679e+00 2.211845296321060346e+02
6.289789789789789864e+00 2.212283595061082906e+02
6.301801801801802050e+00 2.212720606678206252e+02
6.313813813813813347e+00 2.213156333838300043e+02
6.325825825825825532e+00 2.213590779201334442e+02
6.337837837837837718e+00 2.214023945421378414e+02
6.349849849849849903e+00 2.214455835146597735e+02
6.361861861861862089e+00 2.214886451019258118e+02
6.373873873873873386e+00 2.215315795675721517e+02
6.385885885885885571e+00 2.215743871746445564e+02
6.397897897897897757e+00 2.216170681855982991e+02
6.409909909909909942e+00 2.216596228622981641e+02
6.421921921921922127e+00 2.217020514660184176e+02
6.433933933933934313e+00 2.217443542574426942e+02
6.445945945945945610e+00 2.217865314966637698e+02
6.457957957957957795e+00 2.218285834431843284e+02
6.469969969969969981e+00 2.218705103559155987e+02
6.481981981981982166e+00 2.219123124931785753e+02
6.493993993993994351e+00 2.219539901127033090e+02
6.506006006006005649e+00 2.219955434716291052e+02
6.518018018018017834e+00 2.220369728265046376e+02
6.530030030030030019e+00 2.220782784332874940e+02
6.542042042042042205e+00 2.221194605473447723e+02
6.554054054054054390e+00 2.221605194234528540e+02
6.566066066066065687e+00 2.222014553157971193e+02
6.578078078078077873e+00 2.222422684779725159e+02
6.590090090090090058e+00 2.222829591629831611e+02
6.602102102102102243e+00 2.223235276232425406e+02
6.614114114114114429e+00 2.223639741105735084e+02
6.626126126126125726e+00 2.224042988762082018e+02
6.638138138138137911e+00 2.224445021707888088e+02
6.650150150150150097e+00 2.224845842443663742e+02
6.662162162162162282e+00 2.225245453464017942e+02
6.674174174174174468e+00 2.225643857257657032e+02
6.686186186186185765e+00 2.226041056307383030e+02
6.698198198198197950e+00 2.226437053090097606e+02
6.710210210210210136e+00 2.226831850076799526e+02
6.722222222222222321e+00 2.227225449732588913e+02
6.734234234234234506e+00 2.227617854516665261e+02
6.746246246246245803e+00 2.228009066882327431e+02
6.758258258258257989e+00 2.228399089276982750e+02
6.770270270270270174e+00 2.228787924142134216e+02
6.782282282282282360e+00 2.229175573913395283e+02
6.794294294294294545e+00 2.229562041020482184e+02
6.806306306306305842e+00 2.229947327887216773e+02
6.818318318318318028e+00 2.230331436931534483e+02
6.830330330330330213e+00 2.230714370565472393e+02
6.842342342342342398e+00 2.231096131195183716e+02
6.854354354354354584e+00 2.231476721220931552e+02
6.866366366366365881e+00 2.231856143037090590e+02
6.878378378378378066e+00 2.232234399032154499e+02
6.890390390390390252e+00 2.232611491588728256e+02
6.902402402402402437e+00 2.232987423083538090e+02
6.914414414414414622e+00 2.233362195887428072e+02
6.926426426426426808e+00 2.233735812365362392e+02
6.938438438438438105e+00 2.234108274876428197e+02
6.950450450450450290e+00 2.234479585773838153e+02
6.962462462462462476e+00 2.234849747404927882e+02
6.974474474474474661e+00 2.235218762111164779e+02
6.986486486486486847e+00 2.235586632228140331e+02
6.998498498498498144e+00 2.235953360085582915e+02
7.010510510510510329e+00 2.236318948007349263e+02
7.022522522522522515e+00 2.236683398311434701e+02
7.034534534534534700e+00 2.237046713309969164e+02
7.046546546546546885e+00 2.237408895309223453e+02
7.058558558558558182e+00 2.237769946609606961e+02
7.070570570570570368e+00 2.238129869505673355e+02
7.082582582582582553e+00 2.238488666286123703e+02
7.094594594594594739e+00 2.238846339233803349e+02
7.106606606606606924e+00 2.239202890625708449e+02
7.118618618618618221e+00 2.239558322732986824e+02
7.130630630630630407e+00 2.239912637820939665e+02
7.142642642642642592e+00 2.240265838149026365e+02
7.154654654654654777e+00 2.240617925970861961e+02
7.166666666666666963e+00 2.240968903534225376e+02
7.178678678678678260e+00 2.241318773081055440e+02
7.190690690690690445e+00 2.241667536847459132e+02
7.202702702702702631e+00 2.242015197063712151e+02
7.214714714714714816e+00 2.242361755954260616e+02
7.226726726726727001e+00 2.242707215737719935e+02
7.238738738738738299e+00 2.243051578626886737e+02
7.250750750750750484e+00 2.243394846828732341e+02
7.262762762762762669e+00 2.243737022544411275e+02
7.274774774774774855e+00 2.244078107969260998e+02
7.286786786786787040e+00 2.244418105292802750e+02
7.298798798798798337e+00 2.244757016698750078e+02
7.310810810810810523e+00 2.245094844365005429e+02
7.322822822822822708e+00 2.245431590463668385e+02
7.334834834834834894e+00 2.245767257161033683e+02
7.346846846846847079e+00 2.246101846617596607e+02
7.358858858858858376e+00 2.246435360988055834e+02
7.370870870870870561e+00 2.246767802421315139e+02
7.382882882882882747e+00 2.247099173060487090e+02
7.394894894894894932e+00 2.247429475042897593e+02
7.406906906906907118e+00 2.247758710500083623e+02
7.418918918918919303e+00 2.248086881557802315e+02
7.430930930930930600e+00 2.248413990336030395e+02
7.442942942942942786e+00 2.248740038948968163e+02
7.454954954954954971e+00 2.249065029505043469e+02
7.466966966966967156e+00 2.249388964106911999e+02
7.478978978978979342e+00 2.249711844851464093e+02
7.490990990990990639e+00 2.250033673829826739e+02
7.503003003003002824e+00 2.250354453127363001e+02
7.515015015015015010e+00 2.250674184823681969e+02
7.527027027027027195e+00 2.250992870992635346e+02
7.539039039039039380e+00 2.251310513702324840e+02
7.551051051051050678e+00 2.251627115015104721e+02
7.563063063063062863e+00 2.251942676987583241e+02
7.575075075075075048e+00 2.252257201670628888e+02
7.587087087087087234e+00 2.252570691109372092e+02
7.599099099099099419e+00 2.252883147343206360e+02
7.611111111111110716e+00 2.253194572405796237e+02
7.623123123123122902e+00 2.253504968325078153e+02
7.635135135135135087e+00 2.253814337123264124e+02
7.647147147147147273e+00 2.254122680816843740e+02
7.659159159159159458e+00 2.254430001416589846e+02
7.671171171171170755e+00 2.254736300927561956e+02
7.683183183183182940e+00 2.255041581349108526e+02
7.695195195195195126e+00 2.255345844674870364e+02
7.707207207207207311e+00 2.255649092892785177e+02
7.719219219219219497e+00 2.255951327985090415e+02
7.731231231231230794e+00 2.256252551928329240e+02
7.743243243243242979e+00 2.256552766693348246e+02
7.755255255255255165e+00 2.256851974245308838e+02
7.767267267267267350e+00 2.257150176543683529e+02
7.779279279279279535e+00 2.257447375542265604e+02
7.791291291291290833e+00 2.257743573189169126e+02
7.803303303303303018e+00 2.258038771426833478e+02
7.815315315315315203e+00 2.258332972192027057e+02
7.827327327327327389e+00 2.258626177415851828e+02
7.839339339339339574e+00 2.258918389023745021e+02
7.851351351351350871e+00 2.259209608935487665e+02
7.863363363363363057e+00 2.259499839065201456e+02
7.875375375375375242e+00 2.259789081321358140e+02
7.887387387387387427e+00 2.260077337606778656e+02
7.899399399399399613e+00 2.260364609818643373e+02
7.911411411411410910e+00 2.260650899848490099e+02
7.923423423423423095e+00 2.260936209582219476e+02
7.935435435435435281e+00 2.261220540900102094e+02
7.947447447447447466e+00 2.261503895676774221e+02
7.959459459459459651e+00 2.261786275781252300e+02
7.971471471471471837e+00 2.262067683076928972e+02
7.983483483483483134e+00 2.262348119421581032e+02
7.995495495495495319e+00 2.262627586667371418e+02
8.007507507507508393e+00 2.262906086660852338e+02
8.019519519519519690e+00 2.263183621242973516e+02
8.031531531531530987e+00 2.263460192249081331e+02
8.043543543543542285e+00 2.263735801508926500e+02
8.055555555555555358e+00 2.264010450846662934e+02
8.067567567567568432e+00 2.264284142080857976e+02
8.079579579579579729e+00 2.264556877024494099e+02
8.091591591591591026e+00 2.264828657484970051e+02
8.103603603603602323e+00 2.265099485264109660e+02
8.115615615615615397e+00 2.265369362158161834e+02
8.127627627627628470e+00 2.265638289957805682e+02
8.139639639639639768e+00 2.265906270448159319e+02
8.151651651651651065e+00 2.266173305408774183e+02
8.163663663663662362e+00 2.266439396613651240e+02
8.175675675675675436e+00 2.266704545831231883e+02
8.187687687687688509e+00 2.266968754824413281e+02
8.199699699699699806e+00 2.267232025350546678e+02
8.211711711711711104e+00 2.267494359161444777e+02
8.223723723723722401e+00 2.267755758003381743e+02
8.235735735735735474e+00 2.268016223617100025e+02
8.247747747747748548e+00 2.268275757737813763e+02
8.259759759759759845e+00 2.268534362095215045e+02
8.271771771771771142e+00 2.268792038413476746e+02
8.283783783783782440e+00 2.269048788411253099e+02
8.295795795795795513e+00 2.269304613801691062e+02
8.307807807807808587e+00 2.269559516292427190e+02
8.319819819819819884e+00 2.269813497585598157e+02
8.331831831831831181e+00 2.270066559377840463e+02
8.343843843843842478e+00 2.270318703360297548e+02
8.355855855855855552e+00 2.270569931218620354e+02
8.367867867867868625e+00 2.270820244632976710e+02
8.379879879879879923e+00 2.271069645278050757e+02
8.391891891891891220e+00 2.271318134823051764e+02
8.403903903903902517e+00 2.271565714931713558e+02
8.415915915915915591e+00 2.271812387262301911e+02
8.427927927927928664e+00 2.272058153467619661e+02
8.439939939939939961e+00 2.272303015195006708e+02
8.451951951951951258e+00 2.272546974086348541e+02
8.463963963963964332e+00 2.272790031778078514e+02
8.475975975975975629e+00 2.273032189901183813e+02
8.487987987987988703e+00 2.273273450081206022e+02
8.500000000000000000e+00 2.273513813938249939e+02
8.512012012012011297e+00 2.273753283086984993e+02
8.524024024024024371e+00 2.273991859136650646e+02
8.536036036036035668e+00 2.274229543691062645e+02
8.548048048048048742e+00 2.274466338348609327e+02
8.560060060060060039e+00 2.274702244702268672e+02
8.572072072072071336e+00 2.274937264339600347e+02
8.584084084084084409e+00 2.275171398842758492e+02
8.596096096096095707e+00 2.275404649788492861e+02
8.608108108108108780e+00 2.275637018748151377e+02
8.620120120120120077e+00 2.275868507287687521e+02
8.632132132132131375e+00 2.276099116967664884e+02
8.644144144144144448e+00 2.276328849343256309e+02
8.656156156156155745e+00 2.276557705964256968e+02
8.668168168168168819e+00 2.276785688375078962e+02
8.680180180180180116e+00 2.277012798114763825e+02
8.692192192192191413e+00 2.277239036716982525e+02
8.704204204204204487e+00 2.277464405710039728e+02
8.716216216216215784e+00 2.277688906616881752e+02
8.728228228228228858e+00 2.277912540955094300e+02
8.740240240240240155e+00 2.278135310236915814e+02
8.752252252252251452e+00 2.278357215969233209e+02
8.764264264264264526e+00 2.278578259653591829e+02
8.776276276276275823e+00 2.278798442786197143e+02
8.788288288288288896e+00 2.279017766857918161e+02
8.800300300300300194e+00 2.279236233354297383e+02
8.812312312312311491e+00 2.279453843755548235e+02
8.824324324324324564e+00 2.279670599536562747e+02
8.836336336336335862e+00 2.279886502166916671e+02
8.848348348348348935e+00 2.280101553110871180e+02
8.860360360360360232e+00 2.280315753827379979e+02
8.872372372372371530e+00 2.280529105770092144e+02
8.884384384384384603e+00 2.280741610387357241e+02
8.896396396396395900e+00 2.280953269122227596e+02
8.908408408408408974e+00 2.281164083412463981e+02
8.920420420420420271e+00 2.281374054690543858e+02
8.932432432432431568e+00 2.281583184383657965e+02
8.944444444444444642e+00 2.281791473913720836e+02
8.956456456456455939e+00 2.281998924697373639e+02
8.968468468468469013e+00 2.282205538145983894e+02
8.980480480480480310e+00 2.282411315665657980e+02
8.992492492492491607e+00 2.282616258657240564e+02
9.004504504504504681e+00 2.282820368516319149e+02
9.016516516516515978e+00 2.283023646633228338e+02
9.028528528528529051e+00 2.283226094393054950e+02
9.040540540540540349e+00 2.283427713175642566e+02
9.052552552552551646e+00 2.283628504355594657e+02
9.064564564564564719e+00 2.283828469302280837e+02
9.076576576576576016e+00 2.284027609379838566e+02
9.088588588588589090e+00 2.284225925947179121e+02
9.100600600600600387e+00 2.284423420357993280e+02
9.112612612612611684e+00 2.284620093960751888e+02
9.124624624624624758e+00 2.284815948098711544e+02
9.136636636636636055e+00 2.285010984109923129e+02
9.148648648648649129e+00 2.285205203327228674e+02
9.160660660660660426e+00 2.285398607078270174e+02
9.172672672672671723e+00 2.285591196685495561e+02
9.184684684684684797e+00 2.285782973466158978e+02
9.196696696696696094e+00 2.285973938732325905e+02
9.208708708708709167e+00 2.286164093790879406e+02
9.220720720720720465e+00 2.286353439943520982e+02
9.232732732732733538e+00 2.286541978486779385e+02
9.244744744744744835e+00 2.286729710712010899e+02
9.256756756756756133e+00 2.286916637905406162e+02
9.268768768768769206e+00 2.287102761347993862e+02
9.280780780780780503e+00 2.287288082315640736e+02
9.292792792792793577e+00 2.287472602079064359e+02
9.304804804804804874e+00 2.287656321903828882e+02
9.316816816816816171e+00 2.287839243050354412e+02
9.328828828828829245e+00 2.288021366773919567e+02
9.340840840840840542e+00 2.288202694324664890e+02
9.352852852852853616e+00 2.288383226947597677e+02
9.364864864864864913e+00 2.288562965882598519e+02
9.376876876876876210e+00 2.288741912364422149e+02
9.388888888888889284e+00 2.288920067622701424e+02
9.400900900900900581e+00 2.289097432881953864e+02
9.412912912912913654e+00 2.289274009361584206e+02
9.424924924924924952e+00 2.289449798275890657e+02
9.436936936936936249e+00 2.289624800834066036e+02
9.448948948948949322e+00 2.289799018240203452e+02
9.460960960960960620e+00 2.289972451693301139e+02
9.472972972972973693e+00 2.290145102387264444e+02
9.484984984984984990e+00 2.290316971510912936e+02
9.496996996996996288e+00 2.290488060247980400e+02
9.509009009009009361e+00 2.290658369777123653e+02
9.521021021021020658e+00 2.290827901271923963e+02
9.533033033033033732e+00 2.290996655900889323e+02
9.545045045045045029e+00 2.291164634827462976e+02
9.557057057057056326e+00 2.291331839210024555e+02
9.569069069069069400e+00 2.291498270201894059e+02
9.581081081081080697e+00 2.291663928951336970e+02
9.593093093093093771e+00 2.291828816601569088e+02
9.605105105105105068e+00 2.291992934290756239e+02
9.617117117117116365e+00 2.292156283152023661e+02
9.629129129129129439e+00 2.292318864313457709e+02
9.641141141141140736e+00 2.292480678898110114e+02
9.653153153153153809e+00 2.292641728023999121e+02
9.665165165165165106e+00 2.292802012804119443e+02
9.677177177177176404e+00 2.292961534346441681e+02
9.689189189189189477e+00 2.293120293753914041e+02
9.701201201201200774e+00 2.293278292124476252e+02
9.713213213213213848e+00 2.293435530551052750e+02
9.725225225225225145e+00 2.293592010121558928e+02
9.737237237237236442e+00 2.293747731918911654e+02
9.749249249249249516e+00 2.293902697021025006e+02
9.761261261261260813e+00 2.294056906500819082e+02
9.773273273273273887e+00 2.294210361426222562e+02
9.785285285285285184e+00 2.294363062860174125e+02
9.797297297297296481e+00 2.294515011860630977e+02
9.809309309309309555e+00 2.294666209480569705e+02
9.821321321321320852e+00 2.294816656767989684e+02
9.833333333333333925e+00 2.294966354765919903e+02
9.845345345345345223e+00 2.295115304512420096e+02
9.857357357357356520e+00 2.295263507040583022e+02
9.869369369369369593e+00 2.295410963378543272e+02
9.881381381381380891e+00 2.295557674549477554e+02
9.893393393393393964e+00 2.295703641571609239e+02
9.905405405405405261e+00 2.295848865458211492e+02
9.917417417417416559e+00 2.295993347217612097e+02
9.929429429429429632e+00 2.296137087853196590e+02
9.941441441441440929e+00 2.296280088363412801e+02
9.953453453453454003e+00 2.296422349741772848e+02
9.965465465465465300e+00 2.296563872976857397e+02
9.977477477477476597e+00 2.296704659052322768e+02
9.989489489489489671e+00 2.296844708946898095e+02
1.000150150150150097e+01 2.296984023634394703e+02
1.001351351351351404e+01 2.297122604083706960e+02
1.002552552552552534e+01 2.297260451258817398e+02
1.003753753753753664e+01 2.297397566118798977e+02
1.004954954954954971e+01 2.297533949617817655e+02
1.006156156156156101e+01 2.297669602705140903e+02
1.007357357357357408e+01 2.297804526325136862e+02
1.008558558558558538e+01 2.297938721417276042e+02
1.009759759759759667e+01 2.298072188916143261e+02
1.010960960960960975e+01 2.298204929751431962e+02
1.012162162162162105e+01 2.298336944847951884e+02
1.013363363363363412e+01 2.298468235125635317e+02
1.014564564564564542e+01 2.298598801499533408e+02
1.015765765765765671e+01 2.298728644879828948e+02
1.016966966966966979e+01 2.298857766171829269e+02
1.018168168168168108e+01 2.298986166275979883e+02
1.019369369369369416e+01 2.299113846087860793e+02
1.020570570570570545e+01 2.299240806498193308e+02
1.021771771771771675e+01 2.299367048392842889e+02
1.022972972972972983e+01 2.299492572652821991e+02
1.024174174174174112e+01 2.299617380154295461e+02
1.025375375375375420e+01 2.299741471768578833e+02
1.026576576576576549e+01 2.299864848362148280e+02
1.027777777777777857e+01 2.299987510796639754e+02
1.028978978978978986e+01 2.300109459928853823e+02
1.030180180180180116e+01 2.300230696610757093e+02
1.031381381381381424e+01 2.300351221689490728e+02
1.032582582582582553e+01 2.300471036007366763e+02
1.033783783783783861e+01 2.300590140401875487e+02
1.034984984984984990e+01 2.300708535705689144e+02
1.036186186186186120e+01 2.300826222746663063e+02
1.037387387387387427e+01 2.300943202347841350e+02
1.038588588588588557e+01 2.301059475327455459e+02
1.039789789789789864e+01 2.301175042498933863e+02
1.040990990990990994e+01 2.301289904670902047e+02
1.042192192192192124e+01 2.301404062647184503e+02
1.043393393393393431e+01 2.301517517226808138e+02
1.044594594594594561e+01 2.301630269204007959e+02
1.045795795795795868e+01 2.301742319368229630e+02
1.046996996996996998e+01 2.301853668504129473e+02
1.048198198198198128e+01 2.301964317391580437e+02
1.049399399399399435e+01 2.302074266805676359e+02
1.050600600600600565e+01 2.302183517516729410e+02
1.051801801801801872e+01 2.302292070290281742e+02
1.053003003003003002e+01 2.302399925887100096e+02
1.054204204204204132e+01 2.302507085063185173e+02
1.055405405405405439e+01 2.302613548569770501e+02
1.056606606606606569e+01 2.302719317153326415e+02
1.057807807807807876e+01 2.302824391555566308e+02
1.059009009009009006e+01 2.302928772513442937e+02
1.060210210210210136e+01 2.303032460759159221e+02
1.061411411411411443e+01 2.303135457020167109e+02
1.062612612612612573e+01 2.303237762019167576e+02
1.063813813813813880e+01 2.303339376474120570e+02
1.065015015015015010e+01 2.303440301098240184e+02
1.066216216216216139e+01 2.303540536600005453e+02
1.067417417417417447e+01 2.303640083683157513e+02
1.068618618618618576e+01 2.303738943046702730e+02
1.069819819819819884e+01 2.303837115384919798e+02
1.071021021021021014e+01 2.303934601387357475e+02
1.072222222222222143e+01 2.304031401738840543e+02
1.073423423423423451e+01 2.304127517119472941e+02
1.074624624624624580e+01 2.304222948204637191e+02
1.075825825825825888e+01 2.304317695664998951e+02
1.077027027027027017e+01 2.304411760166514966e+02
1.078228228228228147e+01 2.304505142370423982e+02
1.079429429429429455e+01 2.304597842933261518e+02
1.080630630630630584e+01 2.304689862506855889e+02
1.081831831831831892e+01 2.304781201738332470e+02
1.083033033033033021e+01 2.304871861270115119e+02
1.084234234234234151e+01 2.304961841739931288e+02
1.085435435435435458e+01 2.305051143780814584e+02
1.086636636636636588e+01 2.305139768021103919e+02
1.087837837837837895e+01 2.305227715084449187e+02
1.089039039039039025e+01 2.305314985589814398e+02
1.090240240240240155e+01 2.305401580151475969e+02
1.091441441441441462e+01 2.305487499379032101e+02
1.092642642642642592e+01 2.305572743877396533e+02
1.093843843843843899e+01 2.305657314246810472e+02
1.095045045045045029e+01 2.305741211082838049e+02
1.096246246246246159e+01 2.305824434976371720e+02
1.097447447447447466e+01 2.305906986513633967e+02
1.098648648648648596e+01 2.305988866276180715e+02
1.099849849849849903e+01 2.306070074840903033e+02
1.101051051051051033e+01 2.306150612780029121e+02
1.102252252252252163e+01 2.306230480661126592e+02
1.103453453453453470e+01 2.306309679047106727e+02
1.104654654654654600e+01 2.306388208496225616e+02
1.105855855855855907e+01 2.306466069562084158e+02
1.107057057057057037e+01 2.306543262793635449e+02
1.108258258258258167e+01 2.306619788735182226e+02
1.109459459459459474e+01 2.306695647926381696e+02
1.110660660660660604e+01 2.306770840902247812e+02
1.111861861861861911e+01 2.306845368193152694e+02
1.113063063063063041e+01 2.306919230324829471e+02
1.114264264264264170e+01 2.306992427818371993e+02
1.115465465465465478e+01 2.307064961190243082e+02
1.116666666666666607e+01 2.307136830952268554e+02
1.117867867867867915e+01 2.307208037611648024e+02
1.119069069069069045e+01 2.307278581670948654e+02
1.120270270270270174e+01 2.307348463628113961e+02
1.121471471471471482e+01 2.307417683976462399e+02
1.122672672672672611e+01 2.307486243204690197e+02
1.123873873873873919e+01 2.307554141796872500e+02
1.125075075075075048e+01 2.307621380232469335e+02
1.126276276276276178e+01 2.307687958986322485e+02
1.127477477477477485e+01 2.307753878528660323e+02
1.128678678678678615e+01 2.307819139325098377e+02
1.129879879879879923e+01 2.307883741836643878e+02
1.131081081081081052e+01 2.307947686519694628e+02
1.132282282282282360e+01 2.308010973826045245e+02
1.133483483483483489e+01 2.308073604202881768e+02
1.134684684684684619e+01 2.308135578092789615e+02
1.135885885885885926e+01 2.308196895933755286e+02
1.137087087087087056e+01 2.308257558159166933e+02
1.138288288288288364e+01 2.308317565197814645e+02
1.139489489489489493e+01 2.308376917473893286e+02
1.140690690690690623e+01 2.308435615407005912e+02
1.141891891891891930e+01 2.308493659412164050e+02
1.143093093093093060e+01 2.308551049899790542e+02
1.144294294294294367e+01 2.308607787275719829e+02
1.145495495495495497e+01 2.308663871941199375e+02
1.146696696696696627e+01 2.308719304292894492e+02
1.147897897897897934e+01 2.308774084722886073e+02
1.149099099099099064e+01 2.308828213618675420e+02
1.150300300300300371e+01 2.308881691363185666e+02
1.151501501501501501e+01 2.308934518334760639e+02
1.152702702702702631e+01 2.308986694907168555e+02
1.153903903903903938e+01 2.309038221449603157e+02
1.155105105105105068e+01 2.309089098326686553e+02
1.156306306306306375e+01 2.309139325898469224e+02
1.157507507507507505e+01 2.309188904520431720e+02
1.158708708708708635e+01 2.309237834543488361e+02
1.159909909909909942e+01 2.309286116313984394e+02
1.161111111111111072e+01 2.309333750173700821e+02
1.162312312312312379e+01 2.309380736459855825e+02
1.163513513513513509e+01 2.309427075505105336e+02
1.164714714714714638e+01 2.309472767637545303e+02
1.165915915915915946e+01 2.309517813180710277e+02
1.167117117117117076e+01 2.309562212453578240e+02
1.168318318318318383e+01 2.309605965770571743e+02
1.169519519519519513e+01 2.309649073441556766e+02
1.170720720720720642e+01 2.309691535771847271e+02
1.171921921921921950e+01 2.309733353062203207e+02
1.173123123123123079e+01 2.309774525608832221e+02
1.174324324324324387e+01 2.309815053703395336e+02
1.175525525525525516e+01 2.309854937633002976e+02
1.176726726726726646e+01 2.309894177680219798e+02
1.177927927927927954e+01 2.309932774123062131e+02
1.179129129129129083e+01 2.309970727235003380e+02
1.180330330330330391e+01 2.310008037284971181e+02
1.181531531531531520e+01 2.310044704537353368e+02
1.182732732732732650e+01 2.310080729251994285e+02
1.183933933933933957e+01 2.310116111684199609e+02
1.185135135135135087e+01 2.310150852084734652e+02
1.186336336336336394e+01 2.310184950699826345e+02
1.187537537537537524e+01 2.310218407771166653e+02
1.188738738738738654e+01 2.310251223535909162e+02
1.189939939939939961e+01 2.310283398226675331e+02
1.191141141141141091e+01 2.310314932071549379e+02
1.192342342342342398e+01 2.310345825294085955e+02
1.193543543543543528e+01 2.310376078113306733e+02
1.194744744744744658e+01 2.310405690743700404e+02
1.195945945945945965e+01 2.310434663395229506e+02
1.197147147147147095e+01 2.310462996273324450e+02
1.198348348348348402e+01 2.310490689578887782e+02
1.199549549549549532e+01 2.310517743508296462e+02
1.200750750750750662e+01 2.310544158253398450e+02
1.201951951951951969e+01 2.310569934001519812e+02
1.203153153153153099e+01 2.310595070935458466e+02
1.204354354354354406e+01 2.310619569233490154e+02
1.205555555555555536e+01 2.310643429069364743e+02
1.206756756756756666e+01 2.310666650612314186e+02
1.207957957957957973e+01 2.310689234027044847e+02
1.209159159159159103e+01 2.310711179473743471e+02
1.210360360360360410e+01 2.310732487108077748e+02
1.211561561561561540e+01 2.310753157081193763e+02
1.212762762762762669e+01 2.310773189539719397e+02
1.213963963963963977e+01 2.310792584625763766e+02
1.215165165165165106e+01 2.310811342476921482e+02
1.216366366366366414e+01 2.310829463226265261e+02
1.217567567567567544e+01 2.310846947002353318e+02
1.218768768768768673e+01 2.310863793929229928e+02
1.219969969969969981e+01 2.310880004126421170e+02
1.221171171171171110e+01 2.310895577708940039e+02
1.222372372372372418e+01 2.310910514787284455e+02
1.223573573573573547e+01 2.310924815467438123e+02
1.224774774774774677e+01 2.310938479850873364e+02
1.225975975975975985e+01 2.310951508034545441e+02
1.227177177177177114e+01 2.310963900110902500e+02
1.228378378378378422e+01 2.310975656167876195e+02
1.229579579579579551e+01 2.310986776288889644e+02
1.230780780780780859e+01 2.310997260552850605e+02
1.231981981981981988e+01 2.311007109034160294e+02
1.233183183183183118e+01 2.311016321802705704e+02
1.234384384384384425e+01 2.311024898923866431e+02
1.235585585585585555e+01 2.311032840458509838e+02
1.236786786786786863e+01 2.311040146462993903e+02
1.237987987987987992e+01 2.311046816989168349e+02
1.239189189189189122e+01 2.311052852084370386e+02
1.240390390390390429e+01 2.311058251791431246e+02
1.241591591591591559e+01 2.311063016148674762e+02
1.242792792792792866e+01 2.311067145189909411e+02
1.243993993993993996e+01 2.311070638944440248e+02
1.245195195195195126e+01 2.311073497437064646e+02
1.246396396396396433e+01 2.311075720688066042e+02
1.247597597597597563e+01 2.311077308713225875e+02
1.248798798798798870e+01 2.311078261523814206e+02
1.250000000000000000e+01 2.311078579126591990e+02
