5.000000000000000000e-01 9.829413512182818522e+02
5.132632632632632141e-01 9.834119066560659803e+02
5.265265265265265393e-01 9.838822157583297212e+02
5.397897897897897534e-01 9.843522779562939604e+02
5.530530530530530786e-01 9.848220926812631433e+02
5.663163163163162928e-01 9.852916593646268666e+02
5.795795795795796179e-01 9.857609774378585143e+02
5.928428428428428321e-01 9.862300463325200326e+02
6.061061061061061572e-01 9.866988654802599967e+02
6.193693693693693714e-01 9.871674343128158853e+02
6.326326326326325855e-01 9.876357522620158989e+02
6.458958958958959107e-01 9.881038187597786191e+02
6.591591591591591248e-01 9.885716332381152824e+02
6.724224224224224500e-01 9.890391951291309169e+02
6.856856856856856641e-01 9.895065038650245697e+02
6.989489489489488783e-01 9.899735588780912394e+02
7.122122122122122034e-01 9.904403596007226724e+02
7.254754754754755286e-01 9.909069054654088404e+02
7.387387387387387427e-01 9.913731959047380542e+02
7.520020020020019569e-01 9.918392303514001469e+02
7.652652652652652820e-01 9.923050082381853372e+02
7.785285285285284962e-01 9.927705289979863892e+02
7.917917917917918214e-01 9.932357920638000905e+02
8.050550550550550355e-01 9.937007968687280481e+02
8.183183183183182496e-01 9.941655428459772565e+02
8.315815815815815748e-01 9.946300294288627128e+02
8.448448448448449000e-01 9.950942560508061661e+02
8.581081081081081141e-01 9.955582221453404372e+02
8.713713713713713283e-01 9.960219271461072594e+02
8.846346346346345424e-01 9.964853704868606883e+02
8.978978978978978676e-01 9.969485516014678979e+02
9.111611611611611927e-01 9.974114699239091806e+02
9.244244244244244069e-01 9.978741248882798800e+02
9.376876876876876210e-01 9.983365159287926645e+02
9.509509509509509462e-01 9.987986424797755944e+02
9.642142142142142713e-01 9.992605039756768974e+02
9.774774774774774855e-01 9.997220998510634900e+02
9.907407407407406996e-01 1.000183429540623138e+03
1.004004004004003914e+00 1.000644492479165478e+03
1.017267267267267350e+00 1.001105288101623273e+03
1.030530530530530564e+00 1.001565815843053315e+03
1.043793793793793778e+00 1.002026075138637566e+03
1.057057057057056992e+00 1.002486065423684636e+03
1.070320320320320207e+00 1.002945786133630577e+03
1.083583583583583643e+00 1.003405236704040021e+03
1.096846846846846857e+00 1.003864416570607659e+03
1.110110110110110071e+00 1.004323325169158920e+03
1.123373373373373507e+00 1.004781961935651566e+03
1.136636636636636499e+00 1.005240326306176712e+03
1.149899899899899935e+00 1.005698417716959625e+03
1.163163163163163150e+00 1.006156235604361086e+03
1.176426426426426364e+00 1.006613779404878983e+03
1.189689689689689800e+00 1.007071048555148423e+03
1.202952952952952792e+00 1.007528042491943779e+03
1.216216216216216228e+00 1.007984760652180285e+03
1.229479479479479442e+00 1.008441202472913005e+03
1.242742742742742657e+00 1.008897367391340481e+03
1.256006006006006093e+00 1.009353254844804496e+03
1.269269269269269085e+00 1.009808864270791560e+03
1.282532532532532521e+00 1.010264195106933585e+03
1.295795795795795735e+00 1.010719246791010619e+03
1.309059059059058949e+00 1.011174018760949480e+03
1.322322322322322385e+00 1.011628510454827051e+03
1.335585585585585600e+00 1.012082721310870511e+03
1.348848848848848814e+00 1.012536650767458241e+03
1.362112112112112028e+00 1.012990298263122099e+03
1.375375375375375242e+00 1.013443663236547195e+03
1.388638638638638678e+00 1.013896745126573478e+03
1.401901901901901892e+00 1.014349543372197786e+03
1.415165165165165106e+00 1.014802057412573618e+03
1.428428428428428543e+00 1.015254286687012950e+03
1.441691691691691535e+00 1.015706230634987833e+03
1.454954954954954971e+00 1.016157888696130385e+03
1.468218218218218185e+00 1.016609260310235072e+03
1.481481481481481399e+00 1.017060344917259272e+03
1.494744744744744835e+00 1.017511141957324185e+03
1.508008008008008050e+00 1.017961650870717222e+03
1.521271271271271264e+00 1.018411871097890980e+03
1.534534534534534478e+00 1.018861802079466884e+03
1.547797797797797692e+00 1.019311443256234384e+03
1.561061061061061128e+00 1.019760794069152894e+03
1.574324324324324342e+00 1.020209853959353154e+03
1.587587587587587556e+00 1.020658622368138140e+03
1.600850850850850771e+00 1.021107098736983403e+03
1.614114114114113985e+00 1.021555282507540142e+03
1.627377377377377421e+00 1.022003173121634404e+03
1.640640640640640635e+00 1.022450770021269250e+03
1.653903903903903849e+00 1.022898072648625657e+03
1.667167167167167063e+00 1.023345080446063662e+03
1.680430430430430278e+00 1.023791792856123607e+03
1.693693693693693714e+00 1.024238209321527165e+03
1.706956956956956928e+00 1.024684329285178364e+03
1.720220220220220142e+00 1.025130152190165290e+03
1.733483483483483356e+00 1.025575677479760543e+03
1.746746746746746792e+00 1.026020904597422941e+03
1.760010010010010006e+00 1.026465832986797750e+03
1.773273273273273221e+00 1.026910462091719410e+03
1.786536536536536435e+00 1.027354791356211308e+03
1.799799799799799649e+00 1.027798820224487599e+03
1.813063063063063085e+00 1.028242548140953659e+03
1.826326326326326299e+00 1.028685974550208357e+03
1.839589589589589513e+00 1.029129098897044059e+03
1.852852852852852727e+00 1.029571920626448673e+03
1.866116116116116164e+00 1.030014439183606100e+03
1.879379379379379378e+00 1.030456654013898060e+03
1.892642642642642592e+00 1.030898564562904312e+03
1.905905905905905806e+00 1.031340170276404933e+03
1.919169169169169020e+00 1.031781470600380317e+03
1.932432432432432456e+00 1.032222464981013673e+03
1.945695695695695671e+00 1.032663152864691028e+03
1.958958958958958885e+00 1.033103533698002366e+03
1.972222222222222099e+00 1.033543606927743440e+03
1.985485485485485313e+00 1.033983372000916688e+03
1.998748748748748749e+00 1.034422828364732823e+03
2.012012012012012185e+00 1.034861975466610829e+03
2.025275275275275177e+00 1.035300812754179560e+03
2.038538538538538170e+00 1.035739339675279780e+03
2.051801801801802050e+00 1.036177555677964392e+03
2.065065065065065042e+00 1.036615460210499805e+03
2.078328328328328034e+00 1.037053052721367294e+03
2.091591591591591470e+00 1.037490332659263004e+03
2.104854854854854906e+00 1.037927299473102039e+03
2.118118118118117899e+00 1.038363952612015055e+03
2.131381381381381335e+00 1.038800291525354396e+03
2.144644644644644771e+00 1.039236315662691140e+03
2.157907907907907763e+00 1.039672024473818965e+03
2.171171171171171199e+00 1.040107417408753236e+03
2.184434434434434635e+00 1.040542493917734419e+03
2.197697697697697627e+00 1.040977253451227170e+03
2.210960960960960620e+00 1.041411695459922612e+03
2.224224224224224056e+00 1.041845819394738783e+03
2.237487487487487492e+00 1.042279624706822688e+03
2.250750750750750484e+00 1.042713110847550524e+03
2.264014014014013920e+00 1.043146277268529730e+03
2.277277277277277356e+00 1.043579123421599434e+03
2.290540540540540349e+00 1.044011648758831143e+03
2.303803803803803785e+00 1.044443852732531468e+03
2.317067067067067221e+00 1.044875734795242352e+03
2.330330330330330213e+00 1.045307294399741295e+03
2.343593593593593205e+00 1.045738530999044542e+03
2.356856856856857085e+00 1.046169444046406397e+03
2.370120120120120077e+00 1.046600032995321271e+03
2.383383383383383070e+00 1.047030297299524591e+03
2.396646646646646506e+00 1.047460236412994846e+03
2.409909909909909942e+00 1.047889849789952223e+03
2.423173173173172934e+00 1.048319136884862928e+03
2.436436436436436370e+00 1.048748097152438277e+03
2.449699699699699806e+00 1.049176730047636283e+03
2.462962962962962798e+00 1.049605035025662801e+03
2.476226226226226235e+00 1.050033011541973337e+03
2.489489489489489671e+00 1.050460659052273058e+03
2.502752752752752663e+00 1.050887977012519059e+03
2.516016016016016099e+00 1.051314964878920591e+03
2.529279279279279091e+00 1.051741622107940657e+03
2.542542542542542527e+00 1.052167948156297371e+03
2.555805805805805520e+00 1.052593942480964188e+03
2.569069069069068956e+00 1.053019604539172633e+03
2.582332332332332392e+00 1.053444933788411390e+03
2.595595595595595384e+00 1.053869929686429487e+03
2.608858858858858820e+00 1.054294591691236064e+03
2.622122122122122256e+00 1.054718919261101746e+03
2.635385385385385248e+00 1.055142911854560680e+03
2.648648648648648685e+00 1.055566568930410540e+03
2.661911911911911677e+00 1.055989889947714119e+03
2.675175175175175113e+00 1.056412874365800690e+03
2.688438438438438549e+00 1.056835521644266464e+03
2.701701701701701541e+00 1.057257831242976863e+03
2.714964964964964977e+00 1.057679802622066973e+03
2.728228228228227970e+00 1.058101435241942227e+03
2.741491491491491406e+00 1.058522728563280225e+03
2.754754754754754842e+00 1.058943682047032098e+03
2.768018018018017834e+00 1.059364295154422507e+03
2.781281281281281270e+00 1.059784567346952144e+03
2.794544544544544262e+00 1.060204498086398189e+03
2.807807807807807698e+00 1.060624086834815671e+03
2.821071071071071135e+00 1.061043333054537925e+03
2.834334334334334127e+00 1.061462236208178410e+03
2.847597597597597563e+00 1.061880795758632530e+03
2.860860860860860555e+00 1.062299011169076493e+03
2.874124124124123991e+00 1.062716881902971181e+03
2.887387387387387427e+00 1.063134407424061465e+03
2.900650650650650419e+00 1.063551587196378250e+03
2.913913913913913856e+00 1.063968420684238481e+03
2.927177177177177292e+00 1.064384907352248320e+03
2.940440440440440284e+00 1.064801046665302010e+03
2.953703703703703720e+00 1.065216838088584154e+03
2.966966966966966712e+00 1.065632281087571528e+03
2.980230230230230148e+00 1.066047375128032172e+03
2.993493493493493585e+00 1.066462119676029261e+03
3.006756756756756577e+00 1.066876514197919505e+03
3.020020020020020013e+00 1.067290558160356341e+03
3.033283283283283005e+00 1.067704251030289925e+03
3.046546546546546441e+00 1.068117592274968501e+03
3.059809809809809877e+00 1.068530581361940222e+03
3.073073073073072869e+00 1.068943217759053368e+03
3.086336336336336306e+00 1.069355500934457723e+03
3.099599599599599298e+00 1.069767430356605928e+03
3.112862862862862734e+00 1.070179005494254625e+03
3.126126126126126170e+00 1.070590225816465818e+03
3.139389389389389162e+00 1.071001090792606874e+03
3.152652652652652598e+00 1.071411599892353024e+03
3.165915915915915591e+00 1.071821752585688046e+03
3.179179179179179027e+00 1.072231548342904944e+03
3.192442442442442463e+00 1.072640986634607316e+03
3.205705705705705455e+00 1.073050066931711399e+03
3.218968968968968891e+00 1.073458788705445386e+03
3.232232232232232327e+00 1.073867151427352383e+03
3.245495495495495319e+00 1.074275154569290407e+03
3.258758758758758756e+00 1.074682797603433528e+03
3.272022022022021748e+00 1.075090080002274135e+03
3.285285285285285184e+00 1.075497001238622488e+03
3.298548548548548620e+00 1.075903560785608988e+03
3.311811811811811612e+00 1.076309758116685089e+03
3.325075075075075048e+00 1.076715592705623749e+03
3.338338338338338041e+00 1.077121064026521708e+03
3.351601601601601477e+00 1.077526171553799486e+03
3.364864864864864913e+00 1.077930914762203656e+03
3.378128128128127905e+00 1.078335293126806619e+03
3.391391391391391341e+00 1.078739306123008873e+03
3.404654654654654333e+00 1.079142953226539476e+03
3.417917917917917769e+00 1.079546233913458309e+03
3.431181181181181206e+00 1.079949147660154722e+03
3.444444444444444198e+00 1.080351693943351847e+03
3.457707707707707634e+00 1.080753872240105238e+03
3.470970970970970626e+00 1.081155682027804914e+03
3.484234234234234062e+00 1.081557122784176954e+03
3.497497497497497498e+00 1.081958193987283948e+03
3.510760760760760490e+00 1.082358895115526366e+03
3.524024024024023927e+00 1.082759225647643234e+03
3.537287287287287363e+00 1.083159185062713959e+03
3.550550550550550355e+00 1.083558772840159691e+03
3.563813813813813791e+00 1.083957988459742865e+03
3.577077077077076783e+00 1.084356831401570162e+03
3.590340340340340219e+00 1.084755301146092052e+03
3.603603603603603656e+00 1.085153397174105976e+03
3.616866866866866648e+00 1.085551118966755212e+03
3.630130130130130084e+00 1.085948466005530690e+03
3.643393393393393076e+00 1.086345437772273954e+03
3.656656656656656512e+00 1.086742033749175107e+03
3.669919919919919948e+00 1.087138253418776230e+03
3.683183183183182940e+00 1.087534096263971833e+03
3.696446446446446377e+00 1.087929561768010217e+03
3.709709709709709369e+00 1.088324649414494161e+03
3.722972972972972805e+00 1.088719358687381600e+03
3.736236236236236241e+00 1.089113689070988585e+03
3.749499499499499233e+00 1.089507640049988140e+03
3.762762762762762669e+00 1.089901211109412998e+03
3.776026026026026106e+00 1.090294401734656503e+03
3.789289289289289098e+00 1.090687211411471935e+03
3.802552552552552534e+00 1.091079639625976824e+03
3.815815815815815526e+00 1.091471685864651590e+03
3.829079079079078962e+00 1.091863349614340677e+03
3.842342342342342398e+00 1.092254630362255511e+03
3.855605605605605390e+00 1.092645527595973817e+03
3.868868868868868827e+00 1.093036040803441892e+03
3.882132132132131819e+00 1.093426169472974607e+03
3.895395395395395255e+00 1.093815913093257450e+03
3.908658658658658691e+00 1.094205271153347439e+03
3.921921921921921683e+00 1.094594243142673577e+03
3.935185185185185119e+00 1.094982828551039574e+03
3.948448448448448111e+00 1.095371026868622948e+03
3.961711711711711548e+00 1.095758837585977062e+03
3.974974974974974984e+00 1.096146260194033175e+03
3.988238238238237976e+00 1.096533294184099304e+03
4.001501501501500968e+00 1.096919939047863636e+03
4.014764764764764848e+00 1.097306194277394525e+03
4.028028028028027840e+00 1.097692059365141404e+03
4.041291291291290833e+00 1.098077533803936603e+03
4.054554554554554713e+00 1.098462617086995579e+03
4.067817817817817705e+00 1.098847308707918955e+03
4.081081081081080697e+00 1.099231608160692758e+03
4.094344344344344577e+00 1.099615514939690684e+03
4.107607607607607569e+00 1.099999028539673873e+03
4.120870870870870561e+00 1.100382148455792503e+03
4.134134134134134442e+00 1.100764874183587608e+03
4.147397397397397434e+00 1.101147205218990848e+03
4.160660660660660426e+00 1.101529141058326786e+03
4.173923923923924306e+00 1.101910681198314023e+03
4.187187187187186410e+00 1.102291825136064517e+03
4.200450450450450290e+00 1.102672572369087220e+03
4.213713713713714171e+00 1.103052922395287396e+03
4.226976976976976275e+00 1.103432874712967987e+03
4.240240240240240155e+00 1.103812428820831883e+03
4.253503503503503147e+00 1.104191584217981472e+03
4.266766766766766139e+00 1.104570340403920227e+03
4.280030030030030019e+00 1.104948696878554756e+03
4.293293293293293011e+00 1.105326653142194345e+03
4.306556556556556004e+00 1.105704208695553234e+03
4.319819819819819884e+00 1.106081363039751295e+03
4.333083083083082876e+00 1.106458115676314719e+03
4.346346346346345868e+00 1.106834466107178287e+03
4.359609609609609748e+00 1.107210413834685141e+03
4.372872872872872740e+00 1.107585958361588837e+03
4.386136136136135732e+00 1.107961099191053336e+03
4.399399399399399613e+00 1.108335835826655739e+03
4.412662662662662605e+00 1.108710167772385603e+03
4.425925925925925597e+00 1.109084094532647669e+03
4.439189189189189477e+00 1.109457615612261634e+03
4.452452452452452469e+00 1.109830730516463746e+03
4.465715715715715461e+00 1.110203438750908163e+03
4.478978978978979342e+00 1.110575739821667639e+03
4.492242242242241446e+00 1.110947633235234662e+03
4.505505505505505326e+00 1.111319118498523267e+03
4.518768768768768318e+00 1.111690195118868814e+03
4.532032032032032198e+00 1.112060862604029808e+03
4.545295295295295190e+00 1.112431120462189483e+03
4.558558558558558182e+00 1.112800968201955129e+03
4.571821821821822063e+00 1.113170405332361952e+03
4.585085085085085055e+00 1.113539431362871937e+03
4.598348348348348047e+00 1.113908045803374989e+03
4.611611611611611039e+00 1.114276248164191429e+03
4.624874874874874919e+00 1.114644037956071998e+03
4.638138138138137911e+00 1.115011414690198762e+03
4.651401401401400904e+00 1.115378377878187393e+03
4.664664664664664784e+00 1.115744927032087162e+03
4.677927927927927776e+00 1.116111061664381850e+03
4.691191191191190768e+00 1.116476781287992253e+03
4.704454454454454648e+00 1.116842085416275268e+03
4.717717717717717640e+00 1.117206973563026850e+03
4.730980980980980632e+00 1.117571445242482014e+03
4.744244244244244513e+00 1.117935499969315742e+03
4.757507507507507505e+00 1.118299137258645260e+03
4.770770770770770497e+00 1.118662356626029805e+03
4.784034034034033489e+00 1.119025157587471995e+03
4.797297297297297369e+00 1.119387539659419872e+03
4.810560560560560361e+00 1.119749502358766449e+03
4.823823823823823354e+00 1.120111045202851983e+03
4.837087087087087234e+00 1.120472167709464429e+03
4.850350350350350226e+00 1.120832869396840806e+03
4.863613613613613218e+00 1.121193149783668332e+03
4.876876876876877098e+00 1.121553008389084880e+03
4.890140140140140090e+00 1.121912444732680569e+03
4.903403403403403082e+00 1.122271458334499130e+03
4.916666666666666075e+00 1.122630048715038129e+03
4.929929929929929955e+00 1.122988215395251245e+03
4.943193193193192947e+00 1.123345957896547134e+03
4.956456456456455939e+00 1.123703275740793742e+03
4.969719719719719819e+00 1.124060168450315814e+03
4.982982982982982811e+00 1.124416635547898977e+03
4.996246246246245803e+00 1.124772676556788838e+03
5.009509509509509684e+00 1.125128291000693480e+03
5.022772772772772676e+00 1.125483478403782556e+03
5.036036036036035668e+00 1.125838238290690697e+03
5.049299299299299548e+00 1.126192570186516832e+03
5.062562562562562540e+00 1.126546473616826006e+03
5.075825825825825532e+00 1.126899948107650289e+03
5.089089089089088525e+00 1.127252993185490368e+03
5.102352352352352405e+00 1.127605608377314638e+03
5.115615615615615397e+00 1.127957793210563068e+03
5.128878878878878389e+00 1.128309547213146288e+03
5.142142142142142269e+00 1.128660869913447414e+03
5.155405405405405261e+00 1.129011760840322495e+03
5.168668668668668253e+00 1.129362219523102567e+03
5.181931931931932134e+00 1.129712245491593421e+03
5.195195195195195126e+00 1.130061838276077879e+03
5.208458458458458118e+00 1.130410997407316245e+03
5.221721721721721110e+00 1.130759722416546992e+03
5.234984984984984990e+00 1.131108012835488580e+03
5.248248248248247982e+00 1.131455868196340361e+03
5.261511511511510975e+00 1.131803288031783040e+03
5.274774774774774855e+00 1.132150271874980035e+03
5.288038038038037847e+00 1.132496819259578615e+03
5.301301301301300839e+00 1.132842929719711265e+03
5.314564564564564719e+00 1.133188602789995912e+03
5.327827827827827711e+00 1.133533838005537973e+03
5.341091091091090703e+00 1.133878634901930127e+03
5.354354354354354584e+00 1.134222993015254588e+03
5.367617617617617576e+00 1.134566911882083332e+03
5.380880880880880568e+00 1.134910391039479691e+03
5.394144144144143560e+00 1.135253430024998806e+03
5.407407407407407440e+00 1.135596028376689446e+03
5.420670670670670432e+00 1.135938185633094008e+03
5.433933933933933424e+00 1.136279901333250564e+03
5.447197197197197305e+00 1.136621175016693314e+03
5.460460460460460297e+00 1.136962006223453727e+03
5.473723723723723289e+00 1.137302394494061446e+03
5.486986986986987169e+00 1.137642339369546107e+03
5.500250250250250161e+00 1.137981840391436663e+03
5.513513513513513153e+00 1.138320897101764558e+03
5.526776776776776146e+00 1.138659509043063053e+03
5.540040040040040026e+00 1.138997675758369041e+03
5.553303303303303018e+00 1.139335396791223729e+03
5.566566566566566010e+00 1.139672671685674231e+03
5.579829829829829890e+00 1.140009499986274250e+03
5.593093093093092882e+00 1.140345881238084530e+03
5.606356356356355874e+00 1.140681814986674681e+03
5.619619619619619755e+00 1.141017300778123854e+03
5.632882882882882747e+00 1.141352338159022338e+03
5.646146146146145739e+00 1.141686926676471558e+03
5.659409409409409619e+00 1.142021065878085665e+03
5.672672672672672611e+00 1.142354755311992221e+03
5.685935935935935603e+00 1.142687994526834473e+03
5.699199199199198596e+00 1.143020783071770438e+03
5.712462462462462476e+00 1.143353120496474730e+03
5.725725725725725468e+00 1.143685006351141055e+03
5.738988988988988460e+00 1.144016440186480622e+03
5.752252252252252340e+00 1.144347421553724644e+03
5.765515515515515332e+00 1.144677950004625473e+03
5.778778778778778324e+00 1.145008025091457284e+03
5.792042042042042205e+00 1.145337646367016305e+03
5.805305305305305197e+00 1.145666813384623765e+03
5.818568568568568189e+00 1.145995525698124766e+03
5.831831831831831181e+00 1.146323782861890550e+03
5.845095095095095061e+00 1.146651584430819412e+03
5.858358358358358053e+00 1.146978929960336927e+03
5.871621621621621046e+00 1.147305819006398224e+03
5.884884884884884926e+00 1.147632251125487755e+03
5.898148148148147918e+00 1.147958225874621121e+03
5.911411411411410910e+00 1.148283742811345519e+03
5.924674674674674790e+00 1.148608801493741339e+03
5.937937937937937782e+00 1.148933401480422390e+03
5.951201201201200774e+00 1.149257542330537490e+03
5.964464464464464655e+00 1.149581223603771605e+03
5.977727727727727647e+00 1.149904444860346075e+03
5.990990990990990639e+00 1.150227205661020434e+03
6.004254254254253631e+00 1.150549505567092638e+03
6.017517517517517511e+00 1.150871344140401106e+03
6.030780780780780503e+00 1.151192720943324275e+03
6.044044044044043495e+00 1.151513635538783092e+03
6.057307307307307376e+00 1.151834087490241018e+03
6.070570570570570368e+00 1.152154076361704711e+03
6.083833833833833360e+00 1.152473601717726751e+03
6.097097097097097240e+00 1.152792663123404282e+03
6.110360360360360232e+00 1.153111260144382186e+03
6.123623623623623224e+00 1.153429392346852637e+03
6.136886886886886217e+00 1.153747059297556461e+03
6.150150150150150097e+00 1.154064260563784046e+03
6.163413413413413089e+00 1.154380995713376478e+03
6.176676676676676081e+00 1.154697264314727363e+03
6.189939939939939961e+00 1.155013065936781459e+03
6.203203203203202953e+00 1.155328400149038089e+03
6.216466466466465945e+00 1.155643266521550913e+03
6.229729729729729826e+00 1.155957664624929293e+03
6.242992992992992818e+00 1.156271594030338974e+03
6.256256256256255810e+00 1.156585054309503448e+03
6.269519519519519690e+00 1.156898045034703955e+03
6.282782782782782682e+00 1.157210565778782211e+03
6.296046046046045674e+00 1.157522616115139272e+03
6.309309309309308667e+00 1.157834195617738715e+03
6.322572572572572547e+00 1.158145303861105958e+03
6.335835835835835539e+00 1.158455940420329171e+03
6.349099099099098531e+00 1.158766104871061543e+03
6.362362362362362411e+00 1.159075796789521746e+03
6.375625625625625403e+00 1.159385015752493700e+03
6.388888888888888395e+00 1.159693761337329306e+03
6.402152152152152276e+00 1.160002033121948443e+03
6.415415415415415268e+00 1.160309830684839881e+03
6.428678678678678260e+00 1.160617153605062640e+03
6.441941941941941252e+00 1.160924001462246451e+03
6.455205205205205132e+00 1.161230373836593799e+03
6.468468468468468124e+00 1.161536270308879239e+03
6.481731731731731116e+00 1.161841690460451900e+03
6.494994994994994997e+00 1.162146633873235032e+03
6.508258258258257989e+00 1.162451100129728275e+03
6.521521521521520981e+00 1.162755088813007660e+03
6.534784784784784861e+00 1.163058599506727433e+03
6.548048048048047853e+00 1.163361631795120047e+03
6.561311311311310845e+00 1.163664185262997307e+03
6.574574574574574726e+00 1.163966259495752638e+03
6.587837837837837718e+00 1.164267854079359267e+03
6.601101101101100710e+00 1.164568968600374546e+03
6.614364364364363702e+00 1.164869602645938357e+03
6.627627627627627582e+00 1.165169755803774933e+03
6.640890890890890574e+00 1.165469427662193766e+03
6.654154154154153566e+00 1.165768617810090745e+03
6.667417417417417447e+00 1.166067325836949067e+03
6.680680680680680439e+00 1.166365551332839459e+03
6.693943943943943431e+00 1.166663293888422004e+03
6.707207207207207311e+00 1.166960553094946818e+03
6.720470470470470303e+00 1.167257328544254733e+03
6.733733733733733295e+00 1.167553619828778437e+03
6.746996996996997176e+00 1.167849426541543608e+03
6.760260260260260168e+00 1.168144748276168912e+03
6.773523523523523160e+00 1.168439584626868964e+03
6.786786786786786152e+00 1.168733935188452051e+03
6.800050050050050032e+00 1.169027799556324680e+03
6.813313313313313024e+00 1.169321177326489760e+03
6.826576576576576016e+00 1.169614068095548873e+03
6.839839839839839897e+00 1.169906471460702733e+03
6.853103103103102889e+00 1.170198387019752090e+03
6.866366366366365881e+00 1.170489814371099328e+03
6.879629629629629761e+00 1.170780753113748233e+03
6.892892892892892753e+00 1.171071202847305585e+03
6.906156156156155745e+00 1.171361163171982525e+03
6.919419419419418738e+00 1.171650633688594326e+03
6.932682682682682618e+00 1.171939613998562209e+03
6.945945945945945610e+00 1.172228103703914257e+03
6.959209209209208602e+00 1.172516102407285416e+03
6.972472472472472482e+00 1.172803609711919762e+03
6.985735735735735474e+00 1.173090625221670052e+03
6.998998998998998466e+00 1.173377148540999769e+03
7.012262262262262347e+00 1.173663179274983349e+03
7.025525525525525339e+00 1.173948717029307318e+03
7.038788788788788331e+00 1.174233761410270972e+03
7.052052052052052211e+00 1.174518312024787519e+03
7.065315315315315203e+00 1.174802368480385439e+03
7.078578578578578195e+00 1.175085930385207803e+03
7.091841841841841187e+00 1.175368997348015682e+03
7.105105105105105068e+00 1.175651568978186106e+03
7.118368368368368060e+00 1.175933644885715694e+03
7.131631631631631052e+00 1.176215224681219524e+03
7.144894894894894932e+00 1.176496307975933405e+03
7.158158158158157924e+00 1.176776894381713419e+03
7.171421421421420916e+00 1.177056983511038425e+03
7.184684684684684797e+00 1.177336574977009604e+03
7.197947947947947789e+00 1.177615668393352053e+03
7.211211211211210781e+00 1.177894263374415459e+03
7.224474474474473773e+00 1.178172359535174792e+03
7.237737737737737653e+00 1.178449956491232115e+03
7.251001001001000645e+00 1.178727053858815680e+03
7.264264264264263637e+00 1.179003651254782199e+03
7.277527527527527518e+00 1.179279748296618664e+03
7.290790790790790510e+00 1.179555344602440073e+03
7.304054054054053502e+00 1.179830439790993296e+03
7.317317317317317382e+00 1.180105033481657074e+03
7.330580580580580374e+00 1.180379125294442019e+03
7.343843843843843366e+00 1.180652714849992662e+03
7.357107107107107247e+00 1.180925801769587224e+03
7.370370370370370239e+00 1.181198385675139889e+03
7.383633633633633231e+00 1.181470466189200579e+03
7.396896896896896223e+00 1.181742042934956089e+03
7.410160160160160103e+00 1.182013115536230544e+03
7.423423423423423095e+00 1.182283683617487441e+03
7.436686686686686087e+00 1.182553746803829426e+03
7.449949949949949968e+00 1.182823304721000113e+03
7.463213213213212960e+00 1.183092356995383398e+03
7.476476476476475952e+00 1.183360903254005734e+03
7.489739739739739832e+00 1.183628943124536590e+03
7.503003003003002824e+00 1.183896476235289356e+03
7.516266266266265816e+00 1.184163502215222024e+03
7.529529529529528808e+00 1.184430020693938332e+03
7.542792792792792689e+00 1.184696031301687754e+03
7.556056056056055681e+00 1.184961533669368009e+03
7.569319319319318673e+00 1.185226527428523923e+03
7.582582582582582553e+00 1.185491012211349926e+03
7.595845845845845545e+00 1.185754987650690055e+03
7.609109109109108537e+00 1.186018453380039318e+03
7.622372372372372418e+00 1.186281409033543696e+03
7.635635635635635410e+00 1.186543854246001956e+03
7.648898898898898402e+00 1.186805788652865658e+03
7.662162162162162282e+00 1.187067211890240969e+03
7.675425425425425274e+00 1.187328123594888439e+03
7.688688688688688266e+00 1.187588523404224816e+03
7.701951951951951258e+00 1.187848410956322823e+03
7.715215215215215139e+00 1.188107785889913202e+03
7.728478478478478131e+00 1.188366647844384261e+03
7.741741741741741123e+00 1.188624996459783915e+03
7.755005005005005003e+00 1.188882831376820150e+03
7.768268268268267995e+00 1.189140152236861013e+03
7.781531531531530987e+00 1.189396958681936667e+03
7.794794794794794868e+00 1.189653250354739612e+03
7.808058058058057860e+00 1.189909026898625370e+03
7.821321321321320852e+00 1.190164287957613624e+03
7.834584584584583844e+00 1.190419033176389121e+03
7.847847847847847724e+00 1.190673262200301906e+03
7.861111111111110716e+00 1.190926974675368911e+03
7.874374374374373708e+00 1.191180170248274180e+03
7.887637637637637589e+00 1.191432848566370467e+03
7.900900900900900581e+00 1.191685009277678773e+03
7.914164164164163573e+00 1.191936652030890173e+03
7.927427427427427453e+00 1.192187776475366945e+03
7.940690690690690445e+00 1.192438382261141442e+03
7.953953953953953437e+00 1.192688469038919948e+03
7.967217217217217318e+00 1.192938036460080639e+03
7.980480480480480310e+00 1.193187084176675853e+03
7.993743743743743302e+00 1.193435611841432546e+03
8.007007007007006294e+00 1.193683619107753429e+03
8.020270270270270174e+00 1.193931105629717649e+03
8.033533533533532278e+00 1.194178071062080562e+03
8.046796796796796158e+00 1.194424515060276235e+03
8.060060060060060039e+00 1.194670437280417218e+03
8.073323323323322143e+00 1.194915837379295681e+03
8.086586586586586023e+00 1.195160715014383641e+03
8.099849849849849903e+00 1.195405069843834781e+03
8.113113113113112007e+00 1.195648901526484224e+03
8.126376376376375887e+00 1.195892209721850122e+03
8.139639639639639768e+00 1.196134994090133432e+03
8.152902902902901872e+00 1.196377254292220414e+03
8.166166166166165752e+00 1.196618989989681722e+03
8.179429429429429632e+00 1.196860200844773772e+03
8.192692692692691736e+00 1.197100886520440099e+03
8.205955955955955616e+00 1.197341046680310910e+03
8.219219219219219497e+00 1.197580680988705581e+03
8.232482482482481601e+00 1.197819789110631291e+03
8.245745745745745481e+00 1.198058370711785983e+03
8.259009009009009361e+00 1.198296425458557678e+03
8.272272272272271465e+00 1.198533953018025841e+03
8.285535535535535345e+00 1.198770953057962060e+03
8.298798798798799226e+00 1.199007425246830280e+03
8.312062062062061329e+00 1.199243369253789069e+03
8.325325325325325210e+00 1.199478784748690259e+03
8.338588588588589090e+00 1.199713671402081900e+03
8.351851851851851194e+00 1.199948028885207123e+03
8.365115115115115074e+00 1.200181856870006641e+03
8.378378378378378954e+00 1.200415155029117386e+03
8.391641641641641058e+00 1.200647923035876147e+03
8.404904904904904939e+00 1.200880160564317293e+03
8.418168168168168819e+00 1.201111867289175734e+03
8.431431431431430923e+00 1.201343042885886689e+03
8.444694694694694803e+00 1.201573687030586825e+03
8.457957957957958683e+00 1.201803799400114258e+03
8.471221221221220787e+00 1.202033379672010597e+03
8.484484484484482891e+00 1.202262427524520945e+03
8.497747747747748548e+00 1.202490942636593900e+03
8.511011011011010652e+00 1.202718924687884055e+03
8.524274274274274532e+00 1.202946373358751316e+03
8.537537537537536636e+00 1.203173288330262267e+03
8.550800800800800516e+00 1.203399669284190622e+03
8.564064064064064397e+00 1.203625515903018368e+03
8.577327327327326500e+00 1.203850827869935756e+03
8.590590590590590381e+00 1.204075604868843357e+03
8.603853853853854261e+00 1.204299846584351371e+03
8.617117117117116365e+00 1.204523552701781000e+03
8.630380380380380245e+00 1.204746722907165577e+03
8.643643643643644126e+00 1.204969356887250115e+03
8.656906906906906229e+00 1.205191454329494036e+03
8.670170170170170110e+00 1.205413014922069578e+03
8.683433433433432214e+00 1.205634038353864071e+03
8.696696696696696094e+00 1.205854524314480386e+03
8.709959959959959974e+00 1.206074472494236716e+03
8.723223223223222078e+00 1.206293882584169296e+03
8.736486486486485958e+00 1.206512754276031046e+03
8.749749749749749839e+00 1.206731087262293158e+03
8.763013013013011943e+00 1.206948881236146462e+03
8.776276276276275823e+00 1.207166135891500517e+03
8.789539539539539703e+00 1.207382850922986336e+03
8.802802802802801807e+00 1.207599026025955482e+03
8.816066066066065687e+00 1.207814660896481428e+03
8.829329329329329568e+00 1.208029755231360241e+03
8.842592592592591672e+00 1.208244308728111491e+03
8.855855855855855552e+00 1.208458321084978706e+03
8.869119119119119432e+00 1.208671792000929372e+03
8.882382382382381536e+00 1.208884721175657432e+03
8.895645645645645416e+00 1.209097108309582381e+03
8.908908908908909297e+00 1.209308953103850399e+03
8.922172172172171400e+00 1.209520255260335944e+03
8.935435435435435281e+00 1.209731014481640386e+03
8.948698698698699161e+00 1.209941230471095196e+03
8.961961961961961265e+00 1.210150902932760800e+03
8.975225225225225145e+00 1.210360031571428181e+03
8.988488488488489025e+00 1.210568616092619095e+03
9.001751751751751129e+00 1.210776656202587219e+03
9.015015015015015010e+00 1.210984151608318598e+03
9.028278278278277114e+00 1.211191102017532103e+03
9.041541541541540994e+00 1.211397507138680339e+03
9.054804804804804874e+00 1.211603366680950558e+03
9.068068068068066978e+00 1.211808680354265107e+03
9.081331331331330858e+00 1.212013447869281890e+03
9.094594594594594739e+00 1.212217668937395501e+03
9.107857857857856843e+00 1.212421343270737680e+03
9.121121121121120723e+00 1.212624470582177764e+03
9.134384384384384603e+00 1.212827050585323832e+03
9.147647647647646707e+00 1.213029082994522923e+03
9.160910910910910587e+00 1.213230567524862181e+03
9.174174174174174468e+00 1.213431503892169076e+03
9.187437437437436571e+00 1.213631891813012317e+03
9.200700700700700452e+00 1.213831731004702306e+03
9.213963963963964332e+00 1.214031021185292047e+03
9.227227227227226436e+00 1.214229762073578058e+03
9.240490490490490316e+00 1.214427953389100367e+03
9.253753753753754197e+00 1.214625594852143195e+03
9.267017017017016300e+00 1.214822686183736323e+03
9.280280280280280181e+00 1.215019227105655318e+03
9.293543543543544061e+00 1.215215217340422214e+03
9.306806806806806165e+00 1.215410656611305967e+03
9.320070070070070045e+00 1.215605544642323366e+03
9.333333333333332149e+00 1.215799881158239941e+03
9.346596596596596029e+00 1.215993665884569964e+03
9.359859859859859910e+00 1.216186898547577130e+03
9.373123123123122014e+00 1.216379578874276149e+03
9.386386386386385894e+00 1.216571706592432065e+03
9.399649649649649774e+00 1.216763281430562529e+03
9.412912912912911878e+00 1.216954303117935979e+03
9.426176176176175758e+00 1.217144771384575506e+03
9.439439439439439639e+00 1.217334685961255900e+03
9.452702702702701743e+00 1.217524046579507967e+03
9.465965965965965623e+00 1.217712852971616030e+03
9.479229229229229503e+00 1.217901104870620429e+03
9.492492492492491607e+00 1.218088802010317295e+03
9.505755755755755487e+00 1.218275944125259912e+03
9.519019019019019368e+00 1.218462530950758037e+03
9.532282282282281471e+00 1.218648562222880628e+03
9.545545545545545352e+00 1.218834037678454024e+03
9.558808808808809232e+00 1.219018957055064448e+03
9.572072072072071336e+00 1.219203320091057549e+03
9.585335335335335216e+00 1.219387126525540225e+03
9.598598598598599096e+00 1.219570376098379029e+03
9.611861861861861200e+00 1.219753068550203352e+03
9.625125125125125081e+00 1.219935203622404288e+03
9.638388388388387185e+00 1.220116781057136222e+03
9.651651651651651065e+00 1.220297800597316609e+03
9.664914914914914945e+00 1.220478261986627331e+03
9.678178178178177049e+00 1.220658164969514701e+03
9.691441441441440929e+00 1.220837509291190145e+03
9.704704704704704810e+00 1.221016294697631793e+03
9.717967967967966914e+00 1.221194520935583569e+03
9.731231231231230794e+00 1.221372187752557011e+03
9.744494494494494674e+00 1.221549294896830588e+03
9.757757757757756778e+00 1.221725842117451975e+03
9.771021021021020658e+00 1.221901829164236915e+03
9.784284284284284539e+00 1.222077255787771264e+03
9.797547547547546642e+00 1.222252121739410768e+03
9.810810810810810523e+00 1.222426426771281513e+03
9.824074074074074403e+00 1.222600170636281291e+03
9.837337337337336507e+00 1.222773353088079602e+03
9.850600600600600387e+00 1.222945973881117652e+03
9.863863863863864268e+00 1.223118032770610625e+03
9.877127127127126371e+00 1.223289529512547233e+03
9.890390390390390252e+00 1.223460463863689256e+03
9.903653653653654132e+00 1.223630835581574502e+03
9.916916916916916236e+00 1.223800644424514985e+03
9.930180180180180116e+00 1.223969890151599202e+03
9.943443443443442220e+00 1.224138572522692129e+03
9.956706706706706100e+00 1.224306691298435453e+03
9.969969969969969981e+00 1.224474246240248249e+03
9.983233233233232085e+00 1.224641237110328348e+03
9.996496496496495965e+00 1.224807663671651881e+03
1.000975975975975985e+01 1.224973525687974188e+03
1.002302302302302195e+01 1.225138822923830276e+03
1.003628628628628583e+01 1.225303555144535949e+03
1.004954954954954971e+01 1.225467722116188042e+03
1.006281281281281181e+01 1.225631323605663738e+03
1.007607607607607569e+01 1.225794359380623746e+03
1.008933933933933957e+01 1.225956829209510261e+03
1.010260260260260168e+01 1.226118732861549461e+03
1.011586586586586556e+01 1.226280070106750145e+03
1.012912912912912944e+01 1.226440840715906461e+03
1.014239239239239154e+01 1.226601044460596313e+03
1.015565565565565542e+01 1.226760681113183637e+03
1.016891891891891930e+01 1.226919750446817943e+03
1.018218218218218141e+01 1.227078252235435002e+03
1.019544544544544529e+01 1.227236186253757523e+03
1.020870870870870917e+01 1.227393552277296294e+03
1.022197197197197127e+01 1.227550350082348814e+03
1.023523523523523515e+01 1.227706579446002024e+03
1.024849849849849726e+01 1.227862240146131626e+03
1.026176176176176114e+01 1.228017331961403443e+03
1.027502502502502502e+01 1.228171854671272513e+03
1.028828828828828712e+01 1.228325808055984453e+03
1.030155155155155100e+01 1.228479191896577049e+03
1.031481481481481488e+01 1.228632005974878894e+03
1.032807807807807698e+01 1.228784250073510748e+03
1.034134134134134086e+01 1.228935923975886226e+03
1.035460460460460475e+01 1.229087027466212476e+03
1.036786786786786685e+01 1.229237560329489725e+03
1.038113113113113073e+01 1.229387522351513098e+03
1.039439439439439461e+01 1.229536913318871711e+03
1.040765765765765671e+01 1.229685733018950259e+03
1.042092092092092059e+01 1.229833981239929471e+03
1.043418418418418447e+01 1.229981657770785887e+03
1.044744744744744658e+01 1.230128762401292761e+03
1.046071071071071046e+01 1.230275294922021203e+03
1.047397397397397434e+01 1.230421255124339041e+03
1.048723723723723644e+01 1.230566642800413092e+03
1.050050050050050032e+01 1.230711457743208939e+03
1.051376376376376420e+01 1.230855699746490700e+03
1.052702702702702631e+01 1.230999368604822848e+03
1.054029029029029019e+01 1.231142464113569986e+03
1.055355355355355229e+01 1.231284986068897069e+03
1.056681681681681617e+01 1.231426934267770321e+03
1.058008008008008005e+01 1.231568308507957681e+03
1.059334334334334216e+01 1.231709108588029267e+03
1.060660660660660604e+01 1.231849334307357822e+03
1.061986986986986992e+01 1.231988985466118493e+03
1.063313313313313202e+01 1.232128061865291329e+03
1.064639639639639590e+01 1.232266563306659236e+03
1.065965965965965978e+01 1.232404489592809796e+03
1.067292292292292188e+01 1.232541840527136173e+03
1.068618618618618576e+01 1.232678615913835984e+03
1.069944944944944965e+01 1.232814815557914017e+03
1.071271271271271175e+01 1.232950439265180194e+03
1.072597597597597563e+01 1.233085486842252067e+03
1.073923923923923951e+01 1.233219958096553910e+03
1.075250250250250161e+01 1.233353852836318310e+03
1.076576576576576549e+01 1.233487170870585260e+03
1.077902902902902937e+01 1.233619912009204427e+03
1.079229229229229148e+01 1.233752076062833567e+03
1.080555555555555536e+01 1.233883662842940794e+03
1.081881881881881924e+01 1.234014672161803674e+03
1.083208208208208134e+01 1.234145103832510358e+03
1.084534534534534522e+01 1.234274957668960042e+03
1.085860860860860733e+01 1.234404233485863188e+03
1.087187187187187121e+01 1.234532931098741756e+03
1.088513513513513509e+01 1.234661050323930567e+03
1.089839839839839719e+01 1.234788590978576394e+03
1.091166166166166107e+01 1.234915552880639325e+03
1.092492492492492495e+01 1.235041935848893445e+03
1.093818818818818706e+01 1.235167739702925701e+03
1.095145145145145094e+01 1.235292964263138401e+03
1.096471471471471482e+01 1.235417609350748535e+03
1.097797797797797692e+01 1.235541674787787770e+03
1.099124124124124080e+01 1.235665160397103818e+03
1.100450450450450468e+01 1.235788066002360665e+03
1.101776776776776678e+01 1.235910391428038110e+03
1.103103103103103066e+01 1.236032136499433591e+03
1.104429429429429455e+01 1.236153301042661724e+03
1.105755755755755665e+01 1.236273884884654308e+03
1.107082082082082053e+01 1.236393887853161914e+03
1.108408408408408441e+01 1.236513309776753431e+03
1.109734734734734651e+01 1.236632150484816975e+03
1.111061061061061039e+01 1.236750409807559436e+03
1.112387387387387427e+01 1.236868087576007838e+03
1.113713713713713638e+01 1.236985183622009799e+03
1.115040040040040026e+01 1.237101697778233074e+03
1.116366366366366236e+01 1.237217629878166235e+03
1.117692692692692624e+01 1.237332979756119357e+03
1.119019019019019012e+01 1.237447747247224925e+03
1.120345345345345223e+01 1.237561932187436696e+03
1.121671671671671611e+01 1.237675534413531068e+03
1.122997997997997999e+01 1.237788553763108439e+03
1.124324324324324209e+01 1.237900990074590936e+03
1.125650650650650597e+01 1.238012843187225826e+03
1.126976976976976985e+01 1.238124112941083695e+03
1.128303303303303196e+01 1.238234799177059358e+03
1.129629629629629584e+01 1.238344901736873908e+03
1.130955955955955972e+01 1.238454420463071983e+03
1.132282282282282182e+01 1.238563355199024727e+03
1.133608608608608570e+01 1.238671705788929103e+03
1.134934934934934958e+01 1.238779472077808350e+03
1.136261261261261168e+01 1.238886653911512894e+03
1.137587587587587556e+01 1.238993251136719437e+03
1.138913913913913944e+01 1.239099263600932773e+03
1.140240240240240155e+01 1.239204691152485339e+03
1.141566566566566543e+01 1.239309533640537666e+03
1.142892892892892931e+01 1.239413790915079289e+03
1.144219219219219141e+01 1.239517462826927840e+03
1.145545545545545529e+01 1.239620549227730862e+03
1.146871871871871740e+01 1.239723049969964904e+03
1.148198198198198128e+01 1.239824964906937566e+03
1.149524524524524516e+01 1.239926293892785452e+03
1.150850850850850726e+01 1.240027036782476898e+03
1.152177177177177114e+01 1.240127193431810610e+03
1.153503503503503502e+01 1.240226763697417027e+03
1.154829829829829713e+01 1.240325747436757638e+03
1.156156156156156101e+01 1.240424144508127029e+03
1.157482482482482489e+01 1.240521954770651064e+03
1.158808808808808699e+01 1.240619178084288933e+03
1.160135135135135087e+01 1.240715814309832922e+03
1.161461461461461475e+01 1.240811863308908414e+03
1.162787787787787686e+01 1.240907324943974572e+03
1.164114114114114074e+01 1.241002199078324566e+03
1.165440440440440462e+01 1.241096485576086252e+03
1.166766766766766672e+01 1.241190184302221496e+03
1.168093093093093060e+01 1.241283295122527988e+03
1.169419419419419448e+01 1.241375817903638108e+03
1.170745745745745658e+01 1.241467752513020059e+03
1.172072072072072046e+01 1.241559098818978327e+03
1.173398398398398434e+01 1.241649856690652996e+03
1.174724724724724645e+01 1.241740025998021565e+03
1.176051051051051033e+01 1.241829606611897816e+03
1.177377377377377243e+01 1.241918598403933174e+03
1.178703703703703631e+01 1.242007001246615800e+03
1.180030030030030019e+01 1.242094815013272637e+03
1.181356356356356230e+01 1.242182039578068498e+03
1.182682682682682618e+01 1.242268674816006069e+03
1.184009009009009006e+01 1.242354720602927500e+03
1.185335335335335216e+01 1.242440176815513041e+03
1.186661661661661604e+01 1.242525043331283541e+03
1.187987987987987992e+01 1.242609320028598177e+03
1.189314314314314203e+01 1.242693006786656724e+03
1.190640640640640591e+01 1.242776103485499107e+03
1.191966966966966979e+01 1.242858610006005620e+03
1.193293293293293189e+01 1.242940526229897159e+03
1.194619619619619577e+01 1.243021852039735904e+03
1.195945945945945965e+01 1.243102587318924861e+03
1.197272272272272176e+01 1.243182731951709684e+03
1.198598598598598564e+01 1.243262285823176853e+03
1.199924924924924952e+01 1.243341248819255270e+03
1.201251251251251162e+01 1.243419620826716709e+03
1.202577577577577550e+01 1.243497401733174911e+03
1.203903903903903938e+01 1.243574591427087171e+03
1.205230230230230148e+01 1.243651189797753887e+03
1.206556556556556536e+01 1.243727196735318557e+03
1.207882882882882747e+01 1.243802612130768921e+03
1.209209209209209135e+01 1.243877435875936726e+03
1.210535535535535523e+01 1.243951667863497278e+03
1.211861861861861733e+01 1.244025307986971484e+03
1.213188188188188121e+01 1.244098356140724263e+03
1.214514514514514509e+01 1.244170812219965910e+03
1.215840840840840720e+01 1.244242676120751867e+03
1.217167167167167108e+01 1.244313947739982950e+03
1.218493493493493496e+01 1.244384626975406036e+03
1.219819819819819706e+01 1.244454713725614283e+03
1.221146146146146094e+01 1.244524207890046455e+03
1.222472472472472482e+01 1.244593109368988053e+03
1.223798798798798693e+01 1.244661418063571773e+03
1.225125125125125081e+01 1.244729133875776597e+03
1.226451451451451469e+01 1.244796256708429382e+03
1.227777777777777679e+01 1.244862786465203953e+03
1.229104104104104067e+01 1.244928723050621784e+03
1.230430430430430455e+01 1.244994066370052906e+03
1.231756756756756666e+01 1.245058816329715000e+03
1.233083083083083054e+01 1.245122972836673853e+03
1.234409409409409442e+01 1.245186535798844261e+03
1.235735735735735652e+01 1.245249505124989810e+03
1.237062062062062040e+01 1.245311880724723096e+03
1.238388388388388250e+01 1.245373662508505504e+03
1.239714714714714638e+01 1.245434850387648567e+03
1.241041041041041026e+01 1.245495444274312831e+03
1.242367367367367237e+01 1.245555444081509222e+03
1.243693693693693625e+01 1.245614849723098359e+03
1.245020020020020013e+01 1.245673661113791695e+03
1.246346346346346223e+01 1.245731878169150605e+03
1.247672672672672611e+01 1.245789500805587295e+03
1.248998998998998999e+01 1.245846528940365260e+03
1.250325325325325210e+01 1.245902962491598146e+03
1.251651651651651598e+01 1.245958801378252474e+03
1.252977977977977986e+01 1.246014045520144236e+03
1.254304304304304196e+01 1.246068694837942985e+03
1.255630630630630584e+01 1.246122749253168877e+03
1.256956956956956972e+01 1.246176208688194720e+03
1.258283283283283183e+01 1.246229073066245292e+03
1.259609609609609571e+01 1.246281342311398021e+03
1.260935935935935959e+01 1.246333016348582532e+03
1.262262262262262169e+01 1.246384095103581785e+03
1.263588588588588557e+01 1.246434578503031389e+03
1.264914914914914945e+01 1.246484466474420287e+03
1.266241241241241156e+01 1.246533758946090074e+03
1.267567567567567544e+01 1.246582455847236588e+03
1.268893893893893932e+01 1.246630557107909226e+03
1.270220220220220142e+01 1.246678062659010948e+03
1.271546546546546530e+01 1.246724972432298728e+03
1.272872872872872740e+01 1.246771286360383556e+03
1.274199199199199128e+01 1.246817004376731120e+03
1.275525525525525516e+01 1.246862126415661578e+03
1.276851851851851727e+01 1.246906652412349104e+03
1.278178178178178115e+01 1.246950582302823477e+03
1.279504504504504503e+01 1.246993916023968723e+03
1.280830830830830713e+01 1.247036653513524016e+03
1.282157157157157101e+01 1.247078794710084367e+03
1.283483483483483489e+01 1.247120339553099711e+03
1.284809809809809700e+01 1.247161287982875365e+03
1.286136136136136088e+01 1.247201639940572704e+03
1.287462462462462476e+01 1.247241395368208714e+03
1.288788788788788686e+01 1.247280554208656213e+03
1.290115115115115074e+01 1.247319116405644309e+03
1.291441441441441462e+01 1.247357081903758171e+03
1.292767767767767673e+01 1.247394450648439715e+03
1.294094094094094061e+01 1.247431222585986689e+03
1.295420420420420449e+01 1.247467397663554038e+03
1.296746746746746659e+01 1.247502975829153002e+03
1.298073073073073047e+01 1.247537957031652013e+03
1.299399399399399435e+01 1.247572341220776252e+03
1.300725725725725646e+01 1.247606128347108324e+03
1.302052052052052034e+01 1.247639318362087579e+03
1.303378378378378244e+01 1.247671911218011246e+03
1.304704704704704632e+01 1.247703906868033755e+03
1.306031031031031020e+01 1.247735305266166733e+03
1.307357357357357230e+01 1.247766106367280145e+03
1.308683683683683618e+01 1.247796310127101378e+03
1.310010010010010006e+01 1.247825916502215932e+03
1.311336336336336217e+01 1.247854925450066958e+03
1.312662662662662605e+01 1.247883336928955941e+03
1.313988988988988993e+01 1.247911150898042479e+03
1.315315315315315203e+01 1.247938367317344728e+03
1.316641641641641591e+01 1.247964986147738500e+03
1.317967967967967979e+01 1.247991007350959308e+03
1.319294294294294190e+01 1.248016430889599860e+03
1.320620620620620578e+01 1.248041256727112568e+03
1.321946946946946966e+01 1.248065484827808177e+03
1.323273273273273176e+01 1.248089115156856451e+03
1.324599599599599564e+01 1.248112147680285943e+03
1.325925925925925952e+01 1.248134582364983999e+03
1.327252252252252163e+01 1.248156419178697433e+03
1.328578578578578551e+01 1.248177658090032082e+03
1.329904904904904939e+01 1.248198299068452798e+03
1.331231231231231149e+01 1.248218342084284359e+03
1.332557557557557537e+01 1.248237787108710108e+03
1.333883883883883748e+01 1.248256634113773316e+03
1.335210210210210136e+01 1.248274883072376952e+03
1.336536536536536524e+01 1.248292533958283229e+03
1.337862862862862734e+01 1.248309586746113837e+03
1.339189189189189122e+01 1.248326041411350388e+03
1.340515515515515510e+01 1.248341897930334881e+03
1.341841841841841720e+01 1.248357156280267645e+03
1.343168168168168108e+01 1.248371816439210761e+03
1.344494494494494496e+01 1.248385878386084414e+03
1.345820820820820707e+01 1.248399342100670310e+03
1.347147147147147095e+01 1.248412207563608945e+03
1.348473473473473483e+01 1.248424474756401651e+03
1.349799799799799693e+01 1.248436143661409460e+03
1.351126126126126081e+01 1.248447214261854242e+03
1.352452452452452469e+01 1.248457686541817111e+03
1.353778778778778680e+01 1.248467560486240018e+03
1.355105105105105068e+01 1.248476836080925295e+03
1.356431431431431456e+01 1.248485513312534977e+03
1.357757757757757666e+01 1.248493592168592158e+03
1.359084084084084054e+01 1.248501072637479410e+03
1.360410410410410442e+01 1.248507954708441048e+03
1.361736736736736653e+01 1.248514238371580404e+03
1.363063063063063041e+01 1.248519923617862105e+03
1.364389389389389251e+01 1.248525010439110929e+03
1.365715715715715639e+01 1.248529498828012265e+03
1.367042042042042027e+01 1.248533388778111885e+03
1.368368368368368237e+01 1.248536680283816395e+03
1.369694694694694626e+01 1.248539373340392558e+03
1.371021021021021014e+01 1.248541467943967518e+03
1.372347347347347224e+01 1.248542964091529939e+03
1.373673673673673612e+01 1.248543861780927728e+03
1.375000000000000000e+01 1.248544161010870539e+03
