5.000000000000000000e-01 9.887241251303895524e+02
5.132632632632632141e-01 9.891604560812548925e+02
5.265265265265265393e-01 9.895966248523186550e+02
5.397897897897897534e-01 9.900326308468233947e+02
5.530530530530530786e-01 9.904684734673800222e+02
5.663163163163162928e-01 9.909041521159729200e+02
5.795795795795796179e-01 9.913396661939646037e+02
5.928428428428428321e-01 9.917750151021020883e+02
6.061061061061061572e-01 9.922101982405213221e+02
6.193693693693693714e-01 9.926452150087520749e+02
6.326326326326325855e-01 9.930800648057239641e+02
6.458958958958959107e-01 9.935147470297708878e+02
6.591591591591591248e-01 9.939492610786364821e+02
6.724224224224224500e-01 9.943836063494795781e+02
6.856856856856856641e-01 9.948177822388774985e+02
6.989489489489488783e-01 9.952517881428332203e+02
7.122122122122122034e-01 9.956856234567790125e+02
7.254754754754755286e-01 9.961192875755825753e+02
7.387387387387387427e-01 9.965527798935504507e+02
7.520020020020019569e-01 9.969860998044338203e+02
7.652652652652652820e-01 9.974192467014341901e+02
7.785285285285284962e-01 9.978522199772064596e+02
7.917917917917918214e-01 9.982850190238650612e+02
8.050550550550550355e-01 9.987176432329888485e+02
8.183183183183182496e-01 9.991500919956251892e+02
8.315815815815815748e-01 9.995823647022953082e+02
8.448448448448449000e-01 1.000014460742998381e+03
8.581081081081081141e-01 1.000446379507217557e+03
8.713713713713713283e-01 1.000878120383923033e+03
8.846346346346345424e-01 1.001309682761578188e+03
8.978978978978978676e-01 1.001741066028143678e+03
9.111611611611611927e-01 1.002172269571081415e+03
9.244244244244244069e-01 1.002603292777360821e+03
9.376876876876876210e-01 1.003034135033462235e+03
9.509509509509509462e-01 1.003464795725380895e+03
9.642142142142142713e-01 1.003895274238633419e+03
9.774774774774774855e-01 1.004325569958261326e+03
9.907407407407406996e-01 1.004755682268834789e+03
1.004004004004003914e+00 1.005185610554458890e+03
1.017267267267267350e+00 1.005615354198776458e+03
1.030530530530530564e+00 1.006044912584973531e+03
1.043793793793793778e+00 1.006474285095783443e+03
1.057057057057056992e+00 1.006903471113491833e+03
1.070320320320320207e+00 1.007332470019939365e+03
1.083583583583583643e+00 1.007761281196528898e+03
1.096846846846846857e+00 1.008189904024227417e+03
1.110110110110110071e+00 1.008618337883571257e+03
1.123373373373373507e+00 1.009046582154670432e+03
1.136636636636636499e+00 1.009474636217213970e+03
1.149899899899899935e+00 1.009902499450471055e+03
1.163163163163163150e+00 1.010330171233300234e+03
1.176426426426426364e+00 1.010757650944148963e+03
1.189689689689689800e+00 1.011184937961060768e+03
1.202952952952952792e+00 1.011612031661677747e+03
1.216216216216216228e+00 1.012038931423246936e+03
1.229479479479479442e+00 1.012465636622621332e+03
1.242742742742742657e+00 1.012892146636267626e+03
1.256006006006006093e+00 1.013318460840267562e+03
1.269269269269269085e+00 1.013744578610323515e+03
1.282532532532532521e+00 1.014170499321761781e+03
1.295795795795795735e+00 1.014596222349538493e+03
1.309059059059058949e+00 1.015021747068240757e+03
1.322322322322322385e+00 1.015447072852093243e+03
1.335585585585585600e+00 1.015872199074961259e+03
1.348848848848848814e+00 1.016297125110354727e+03
1.362112112112112028e+00 1.016721850331432279e+03
1.375375375375375242e+00 1.017146374111006025e+03
1.388638638638638678e+00 1.017570695821544064e+03
1.401901901901901892e+00 1.017994814835175362e+03
1.415165165165165106e+00 1.018418730523694421e+03
1.428428428428428543e+00 1.018842442258563437e+03
1.441691691691691535e+00 1.019265949410918211e+03
1.454954954954954971e+00 1.019689251351570533e+03
1.468218218218218185e+00 1.020112347451012738e+03
1.481481481481481399e+00 1.020535237079421449e+03
1.494744744744744835e+00 1.020957919606661562e+03
1.508008008008008050e+00 1.021380394402290449e+03
1.521271271271271264e+00 1.021802660835560346e+03
1.534534534534534478e+00 1.022224718275424721e+03
1.547797797797797692e+00 1.022646566090539181e+03
1.561061061061061128e+00 1.023068203649267844e+03
1.574324324324324342e+00 1.023489630319685148e+03
1.587587587587587556e+00 1.023910845469581204e+03
1.600850850850850771e+00 1.024331848466463953e+03
1.614114114114113985e+00 1.024752638677564164e+03
1.627377377377377421e+00 1.025173215469839306e+03
1.640640640640640635e+00 1.025593578209975703e+03
1.653903903903903849e+00 1.026013726264393881e+03
1.667167167167167063e+00 1.026433658999251975e+03
1.680430430430430278e+00 1.026853375780447777e+03
1.693693693693693714e+00 1.027272875973624878e+03
1.706956956956956928e+00 1.027692158944174935e+03
1.720220220220220142e+00 1.028111224057240634e+03
1.733483483483483356e+00 1.028530070677721596e+03
1.746746746746746792e+00 1.028948698170275293e+03
1.760010010010010006e+00 1.029367105899322269e+03
1.773273273273273221e+00 1.029785293229049785e+03
1.786536536536536435e+00 1.030203259523414772e+03
1.799799799799799649e+00 1.030621004146146788e+03
1.813063063063063085e+00 1.031038526460754156e+03
1.826326326326326299e+00 1.031455825830523736e+03
1.839589589589589513e+00 1.031872901618527521e+03
1.852852852852852727e+00 1.032289753187624683e+03
1.866116116116116164e+00 1.032706379900466345e+03
1.879379379379379378e+00 1.033122781119496267e+03
1.892642642642642592e+00 1.033538956206957891e+03
1.905905905905905806e+00 1.033954904524895937e+03
1.919169169169169020e+00 1.034370625435158900e+03
1.932432432432432456e+00 1.034786118299405416e+03
1.945695695695695671e+00 1.035201382479104041e+03
1.958958958958958885e+00 1.035616417335539836e+03
1.972222222222222099e+00 1.036031222229816194e+03
1.985485485485485313e+00 1.036445796522857563e+03
1.998748748748748749e+00 1.036860139575415587e+03
2.012012012012012185e+00 1.037274250748069107e+03
2.025275275275275177e+00 1.037688129401229844e+03
2.038538538538538170e+00 1.038101774895144899e+03
2.051801801801802050e+00 1.038515186589899713e+03
2.065065065065065042e+00 1.038928363845422609e+03
2.078328328328328034e+00 1.039341306021487071e+03
2.091591591591591470e+00 1.039754012477714923e+03
2.104854854854854906e+00 1.040166482573580879e+03
2.118118118118117899e+00 1.040578715668414134e+03
2.131381381381381335e+00 1.040990711121403592e+03
2.144644644644644771e+00 1.041402468291598780e+03
2.157907907907907763e+00 1.041813986537915298e+03
2.171171171171171199e+00 1.042225265219137327e+03
2.184434434434434635e+00 1.042636303693919672e+03
2.197697697697697627e+00 1.043047101320792763e+03
2.210960960960960620e+00 1.043457657458165158e+03
2.224224224224224056e+00 1.043867971464326274e+03
2.237487487487487492e+00 1.044278042697450473e+03
2.250750750750750484e+00 1.044687870515599343e+03
2.264014014014013920e+00 1.045097454276726239e+03
2.277277277277277356e+00 1.045506793338676971e+03
2.290540540540540349e+00 1.045915887059196166e+03
2.303803803803803785e+00 1.046324734795927725e+03
2.317067067067067221e+00 1.046733335906420052e+03
2.330330330330330213e+00 1.047141689748126964e+03
2.343593593593593205e+00 1.047549795678412693e+03
2.356856856856857085e+00 1.047957653054554839e+03
2.370120120120120077e+00 1.048365261233745287e+03
2.383383383383383070e+00 1.048772619573097018e+03
2.396646646646646506e+00 1.049179727429643663e+03
2.409909909909909942e+00 1.049586584160344955e+03
2.423173173173172934e+00 1.049993189122088779e+03
2.436436436436436370e+00 1.050399541671693896e+03
2.449699699699699806e+00 1.050805641165913585e+03
2.462962962962962798e+00 1.051211486961439732e+03
2.476226226226226235e+00 1.051617078414903062e+03
2.489489489489489671e+00 1.052022414882878365e+03
2.502752752752752663e+00 1.052427495721888135e+03
2.516016016016016099e+00 1.052832320288402798e+03
2.529279279279279091e+00 1.053236887938845939e+03
2.542542542542542527e+00 1.053641198029597263e+03
2.555805805805805520e+00 1.054045249916993953e+03
2.569069069069068956e+00 1.054449042957336133e+03
2.582332332332332392e+00 1.054852576506886862e+03
2.595595595595595384e+00 1.055255849921878053e+03
2.608858858858858820e+00 1.055658862558510464e+03
2.622122122122122256e+00 1.056061613772960072e+03
2.635385385385385248e+00 1.056464102921377844e+03
2.648648648648648685e+00 1.056866329359894280e+03
2.661911911911911677e+00 1.057268292444622602e+03
2.675175175175175113e+00 1.057669991531660344e+03
2.688438438438438549e+00 1.058071425977093213e+03
2.701701701701701541e+00 1.058472595136998279e+03
2.714964964964964977e+00 1.058873498367445791e+03
2.728228228228227970e+00 1.059274135024503494e+03
2.741491491491491406e+00 1.059674504464237543e+03
2.754754754754754842e+00 1.060074606042717505e+03
2.768018018018017834e+00 1.060474439116017948e+03
2.781281281281281270e+00 1.060874003040220941e+03
2.794544544544544262e+00 1.061273297171421063e+03
2.807807807807807698e+00 1.061672320865725851e+03
2.821071071071071135e+00 1.062071073479258757e+03
2.834334334334334127e+00 1.062469554368164609e+03
2.847597597597597563e+00 1.062867762888608922e+03
2.860860860860860555e+00 1.063265698396783137e+03
2.874124124124123991e+00 1.063663360248906656e+03
2.887387387387387427e+00 1.064060747801229354e+03
2.900650650650650419e+00 1.064457860410035664e+03
2.913913913913913856e+00 1.064854697431645036e+03
2.927177177177177292e+00 1.065251258222416709e+03
2.940440440440440284e+00 1.065647542138752215e+03
2.953703703703703720e+00 1.066043548537097422e+03
2.966966966966966712e+00 1.066439276773945721e+03
2.980230230230230148e+00 1.066834726205840980e+03
2.993493493493493585e+00 1.067229896189379133e+03
3.006756756756756577e+00 1.067624786081213642e+03
3.020020020020020013e+00 1.068019395238054358e+03
3.033283283283283005e+00 1.068413723016674339e+03
3.046546546546546441e+00 1.068807768773908947e+03
3.059809809809809877e+00 1.069201531866661298e+03
3.073073073073072869e+00 1.069595011651902951e+03
3.086336336336336306e+00 1.069988207486679130e+03
3.099599599599599298e+00 1.070381118728107822e+03
3.112862862862862734e+00 1.070773744733386138e+03
3.126126126126126170e+00 1.071166084859790772e+03
3.139389389389389162e+00 1.071558138464680496e+03
3.152652652652652598e+00 1.071949904905501398e+03
3.165915915915915591e+00 1.072341383539786648e+03
3.179179179179179027e+00 1.072732573725159909e+03
3.192442442442442463e+00 1.073123474819339663e+03
3.205705705705705455e+00 1.073514086180139657e+03
3.218968968968968891e+00 1.073904407165473003e+03
3.232232232232232327e+00 1.074294437133353995e+03
3.245495495495495319e+00 1.074684175441901061e+03
3.258758758758758756e+00 1.075073621449339953e+03
3.272022022022021748e+00 1.075462774514005105e+03
3.285285285285285184e+00 1.075851633994343956e+03
3.298548548548548620e+00 1.076240199248917406e+03
3.311811811811811612e+00 1.076628469636404589e+03
3.325075075075075048e+00 1.077016444515604235e+03
3.338338338338338041e+00 1.077404123245437631e+03
3.351601601601601477e+00 1.077791505184950893e+03
3.364864864864864913e+00 1.078178589693318372e+03
3.378128128128127905e+00 1.078565376129843798e+03
3.391391391391391341e+00 1.078951863853964824e+03
3.404654654654654333e+00 1.079338052225253477e+03
3.417917917917917769e+00 1.079723940603420942e+03
3.431181181181181206e+00 1.080109528348318008e+03
3.444444444444444198e+00 1.080494814819938711e+03
3.457707707707707634e+00 1.080879799378423741e+03
3.470970970970970626e+00 1.081264481384060673e+03
3.484234234234234062e+00 1.081648860197288514e+03
3.497497497497497498e+00 1.082032935178700200e+03
3.510760760760760490e+00 1.082416705689043511e+03
3.524024024024023927e+00 1.082800171089224932e+03
3.537287287287287363e+00 1.083183330740312385e+03
3.550550550550550355e+00 1.083566184003536364e+03
3.563813813813813791e+00 1.083948730240294026e+03
3.577077077077076783e+00 1.084330968812151696e+03
3.590340340340340219e+00 1.084712899080844636e+03
3.603603603603603656e+00 1.085094520408283415e+03
3.616866866866866648e+00 1.085475832156553679e+03
3.630130130130130084e+00 1.085856833687920243e+03
3.643393393393393076e+00 1.086237524364828687e+03
3.656656656656656512e+00 1.086617903549907169e+03
3.669919919919919948e+00 1.086997970605971204e+03
3.683183183183182940e+00 1.087377724896023665e+03
3.696446446446446377e+00 1.087757165783259097e+03
3.709709709709709369e+00 1.088136292631065317e+03
3.722972972972972805e+00 1.088515104803024769e+03
3.736236236236236241e+00 1.088893601662920219e+03
3.749499499499499233e+00 1.089271782574733152e+03
3.762762762762762669e+00 1.089649646902650147e+03
3.776026026026026106e+00 1.090027194011061511e+03
3.789289289289289098e+00 1.090404423264567640e+03
3.802552552552552534e+00 1.090781334027977891e+03
3.815815815815815526e+00 1.091157925666315123e+03
3.829079079079078962e+00 1.091534197544817289e+03
3.842342342342342398e+00 1.091910149028941078e+03
3.855605605605605390e+00 1.092285779484362365e+03
3.868868868868868827e+00 1.092661088276980536e+03
3.882132132132131819e+00 1.093036074772918937e+03
3.895395395395395255e+00 1.093410738338529654e+03
3.908658658658658691e+00 1.093785078340393738e+03
3.921921921921921683e+00 1.094159094145324616e+03
3.935185185185185119e+00 1.094532785120370818e+03
3.948448448448448111e+00 1.094906150632818026e+03
3.961711711711711548e+00 1.095279190050190891e+03
3.974974974974974984e+00 1.095651902740255764e+03
3.988238238238237976e+00 1.096024288071023648e+03
4.001501501501500968e+00 1.096396345410752019e+03
4.014764764764764848e+00 1.096768074127947784e+03
4.028028028028027840e+00 1.097139473591367960e+03
4.041291291291290833e+00 1.097510543170024448e+03
4.054554554554554713e+00 1.097881282233185175e+03
4.067817817817817705e+00 1.098251690150375680e+03
4.081081081081080697e+00 1.098621766291382301e+03
4.094344344344344577e+00 1.098991510026255810e+03
4.107607607607607569e+00 1.099360920725311189e+03
4.120870870870870561e+00 1.099729997759131038e+03
4.134134134134134442e+00 1.100098740498569441e+03
4.147397397397397434e+00 1.100467148314752194e+03
4.160660660660660426e+00 1.100835220579079078e+03
4.173923923923924306e+00 1.101202956663229088e+03
4.187187187187186410e+00 1.101570355939158389e+03
4.200450450450450290e+00 1.101937417779106681e+03
4.213713713713714171e+00 1.102304141555596971e+03
4.226976976976976275e+00 1.102670526641438300e+03
4.240240240240240155e+00 1.103036572409729615e+03
4.253503503503503147e+00 1.103402278233860216e+03
4.266766766766766139e+00 1.103767643487512260e+03
4.280030030030030019e+00 1.104132667544664628e+03
4.293293293293293011e+00 1.104497349779593151e+03
4.306556556556556004e+00 1.104861689566874247e+03
4.319819819819819884e+00 1.105225686281387652e+03
4.333083083083082876e+00 1.105589339298316190e+03
4.346346346346345868e+00 1.105952647993151004e+03
4.359609609609609748e+00 1.106315611741692919e+03
4.372872872872872740e+00 1.106678229920052900e+03
4.386136136136135732e+00 1.107040501904657503e+03
4.399399399399399613e+00 1.107402427072248429e+03
4.412662662662662605e+00 1.107764004799885470e+03
4.425925925925925597e+00 1.108125234464950381e+03
4.439189189189189477e+00 1.108486115445147107e+03
4.452452452452452469e+00 1.108846647118504734e+03
4.465715715715715461e+00 1.109206828863380224e+03
4.478978978978979342e+00 1.109566660058459775e+03
4.492242242242241446e+00 1.109926140082761776e+03
4.505505505505505326e+00 1.110285268315638859e+03
4.518768768768768318e+00 1.110644044136780622e+03
4.532032032032032198e+00 1.111002466926213856e+03
4.545295295295295190e+00 1.111360536064307780e+03
4.558558558558558182e+00 1.111718250931773582e+03
4.571821821821822063e+00 1.112075610909668740e+03
4.585085085085085055e+00 1.112432615379398612e+03
4.598348348348348047e+00 1.112789263722716441e+03
4.611611611611611039e+00 1.113145555321729717e+03
4.624874874874874919e+00 1.113501489558898356e+03
4.638138138138137911e+00 1.113857065817040620e+03
4.651401401401400904e+00 1.114212283479331063e+03
4.664664664664664784e+00 1.114567141929307127e+03
4.677927927927927776e+00 1.114921640550868688e+03
4.691191191191190768e+00 1.115275778728280557e+03
4.704454454454454648e+00 1.115629555846174753e+03
4.717717717717717640e+00 1.115982971289554143e+03
4.730980980980980632e+00 1.116336024443791530e+03
4.744244244244244513e+00 1.116688714694635564e+03
4.757507507507507505e+00 1.117041041428210292e+03
4.770770770770770497e+00 1.117393004031018336e+03
4.784034034034033489e+00 1.117744601889942032e+03
4.797297297297297369e+00 1.118095834392247525e+03
4.810560560560560361e+00 1.118446700925585446e+03
4.823823823823823354e+00 1.118797200877992964e+03
4.837087087087087234e+00 1.119147333637897646e+03
4.850350350350350226e+00 1.119497098594117688e+03
4.863613613613613218e+00 1.119846495135864416e+03
4.876876876876877098e+00 1.120195522652745694e+03
4.890140140140140090e+00 1.120544180534766610e+03
4.903403403403403082e+00 1.120892468172332656e+03
4.916666666666666075e+00 1.121240384956251546e+03
4.929929929929929955e+00 1.121587930277734813e+03
4.943193193193192947e+00 1.121935103528400305e+03
4.956456456456455939e+00 1.122281904100275369e+03
4.969719719719719819e+00 1.122628331385797082e+03
4.982982982982982811e+00 1.122974384777815658e+03
4.996246246246245803e+00 1.123320063669596948e+03
5.009509509509509684e+00 1.123665367454823127e+03
5.022772772772772676e+00 1.124010295527594963e+03
5.036036036036035668e+00 1.124354847282436367e+03
5.049299299299299548e+00 1.124699022114293484e+03
5.062562562562562540e+00 1.125042819418537874e+03
5.075825825825825532e+00 1.125386238590968787e+03
5.089089089089088525e+00 1.125729279027816574e+03
5.102352352352352405e+00 1.126071940125742003e+03
5.115615615615615397e+00 1.126414221281840355e+03
5.128878878878878389e+00 1.126756121893643240e+03
5.142142142142142269e+00 1.127097641359119507e+03
5.155405405405405261e+00 1.127438779076679793e+03
5.168668668668668253e+00 1.127779534445176523e+03
5.181931931931932134e+00 1.128119906863905499e+03
5.195195195195195126e+00 1.128459895732610676e+03
5.208458458458458118e+00 1.128799500451484164e+03
5.221721721721721110e+00 1.129138720421168046e+03
5.234984984984984990e+00 1.129477555042758013e+03
5.248248248248247982e+00 1.129816003717804961e+03
5.261511511511510975e+00 1.130154065848315895e+03
5.274774774774774855e+00 1.130491740836756890e+03
5.288038038038037847e+00 1.130829028086055587e+03
5.301301301301300839e+00 1.131165926999603016e+03
5.314564564564564719e+00 1.131502436981254505e+03
5.327827827827827711e+00 1.131838557435333769e+03
5.341091091091090703e+00 1.132174287766632688e+03
5.354354354354354584e+00 1.132509627380415850e+03
5.367617617617617576e+00 1.132844575682419872e+03
5.380880880880880568e+00 1.133179132078857947e+03
5.394144144144143560e+00 1.133513295976420977e+03
5.407407407407407440e+00 1.133847066782278489e+03
5.420670670670670432e+00 1.134180443904082267e+03
5.433933933933933424e+00 1.134513426749967493e+03
5.447197197197197305e+00 1.134846014728555474e+03
5.460460460460460297e+00 1.135178207248955005e+03
5.473723723723723289e+00 1.135510003720764416e+03
5.486986986986987169e+00 1.135841403554074077e+03
5.500250250250250161e+00 1.136172406159468665e+03
5.513513513513513153e+00 1.136503010948027168e+03
5.526776776776776146e+00 1.136833217331329024e+03
5.540040040040040026e+00 1.137163024721450938e+03
5.553303303303303018e+00 1.137492432530973019e+03
5.566566566566566010e+00 1.137821440172979010e+03
5.579829829829829890e+00 1.138150047061058558e+03
5.593093093093092882e+00 1.138478252609309038e+03
5.606356356356355874e+00 1.138806056232338278e+03
5.619619619619619755e+00 1.139133457345265015e+03
5.632882882882882747e+00 1.139460455363722986e+03
5.646146146146145739e+00 1.139787049703861840e+03
5.659409409409409619e+00 1.140113239782348501e+03
5.672672672672672611e+00 1.140439025016370351e+03
5.685935935935935603e+00 1.140764404823636596e+03
5.699199199199198596e+00 1.141089378622379854e+03
5.712462462462462476e+00 1.141413945831359115e+03
5.725725725725725468e+00 1.141738105869861784e+03
5.738988988988988460e+00 1.142061858157703909e+03
5.752252252252252340e+00 1.142385202115234051e+03
5.765515515515515332e+00 1.142708137163334868e+03
5.778778778778778324e+00 1.143030662723424030e+03
5.792042042042042205e+00 1.143352778217457626e+03
5.805305305305305197e+00 1.143674483067931078e+03
5.818568568568568189e+00 1.143995776697881638e+03
5.831831831831831181e+00 1.144316658530889981e+03
5.845095095095095061e+00 1.144637127991082934e+03
5.858358358358358053e+00 1.144957184503134158e+03
5.871621621621621046e+00 1.145276827492267103e+03
5.884884884884884926e+00 1.145596056384257054e+03
5.898148148148147918e+00 1.145914870605432498e+03
5.911411411411410910e+00 1.146233269582676940e+03
5.924674674674674790e+00 1.146551252743431178e+03
5.937937937937937782e+00 1.146868819515696032e+03
5.951201201201200774e+00 1.147185969328032115e+03
5.964464464464464655e+00 1.147502701609564838e+03
5.977727727727727647e+00 1.147819015789983496e+03
5.990990990990990639e+00 1.148134911299544910e+03
6.004254254254253631e+00 1.148450387569074337e+03
6.017517517517517511e+00 1.148765444029968421e+03
6.030780780780780503e+00 1.149080080114195653e+03
6.044044044044043495e+00 1.149394295254300459e+03
6.057307307307307376e+00 1.149708088883403207e+03
6.070570570570570368e+00 1.150021460435202471e+03
6.083833833833833360e+00 1.150334409343977768e+03
6.097097097097097240e+00 1.150646935044590919e+03
6.110360360360360232e+00 1.150959036972487638e+03
6.123623623623623224e+00 1.151270714563700039e+03
6.136886886886886217e+00 1.151581967254847996e+03
6.150150150150150097e+00 1.151892794483142325e+03
6.163413413413413089e+00 1.152203195686384333e+03
6.176676676676676081e+00 1.152513170302970593e+03
6.189939939939939961e+00 1.152822717771891575e+03
6.203203203203202953e+00 1.153131837532736427e+03
6.216466466466465945e+00 1.153440529025693650e+03
6.229729729729729826e+00 1.153748791691552697e+03
6.242992992992992818e+00 1.154056624971706924e+03
6.256256256256255810e+00 1.154364028308153820e+03
6.269519519519519690e+00 1.154671001143498188e+03
6.282782782782782682e+00 1.154977542920954193e+03
6.296046046046045674e+00 1.155283653084346042e+03
6.309309309309308667e+00 1.155589331078110945e+03
6.322572572572572547e+00 1.155894576347300017e+03
6.335835835835835539e+00 1.156199388337581240e+03
6.349099099099098531e+00 1.156503766495240598e+03
6.362362362362362411e+00 1.156807710267184120e+03
6.375625625625625403e+00 1.157111219100939707e+03
6.388888888888888395e+00 1.157414292444659395e+03
6.402152152152152276e+00 1.157716929747119821e+03
6.415415415415415268e+00 1.158019130457726078e+03
6.428678678678678260e+00 1.158320894026512178e+03
6.441941941941941252e+00 1.158622219904143094e+03
6.455205205205205132e+00 1.158923107541917261e+03
6.468468468468468124e+00 1.159223556391767943e+03
6.481731731731731116e+00 1.159523565906264366e+03
6.494994994994994997e+00 1.159823135538615134e+03
6.508258258258257989e+00 1.160122264742668676e+03
6.521521521521520981e+00 1.160420952972915529e+03
6.534784784784784861e+00 1.160719199684491059e+03
6.548048048048047853e+00 1.161017004333175691e+03
6.561311311311310845e+00 1.161314366375397412e+03
6.574574574574574726e+00 1.161611285268234042e+03
6.587837837837837718e+00 1.161907760469414825e+03
6.601101101101100710e+00 1.162203791437321797e+03
6.614364364364363702e+00 1.162499377630992285e+03
6.627627627627627582e+00 1.162794518510119588e+03
6.640890890890890574e+00 1.163089213535056842e+03
6.654154154154153566e+00 1.163383462166816344e+03
6.667417417417417447e+00 1.163677263867072952e+03
6.680680680680680439e+00 1.163970618098165687e+03
6.693943943943943431e+00 1.164263524323099318e+03
6.707207207207207311e+00 1.164555982005545957e+03
6.720470470470470303e+00 1.164847990609846875e+03
6.733733733733733295e+00 1.165139549601014551e+03
6.746996996996997176e+00 1.165430658444735400e+03
6.760260260260260168e+00 1.165721316607369090e+03
6.773523523523523160e+00 1.166011523555952863e+03
6.786786786786786152e+00 1.166301278758201306e+03
6.800050050050050032e+00 1.166590581682509992e+03
6.813313313313313024e+00 1.166879431797955476e+03
6.826576576576576016e+00 1.167167828574298937e+03
6.839839839839839897e+00 1.167455771481986176e+03
6.853103103103102889e+00 1.167743259992149660e+03
6.866366366366365881e+00 1.168030293576612166e+03
6.879629629629629761e+00 1.168316871707886321e+03
6.892892892892892753e+00 1.168602993859176877e+03
6.906156156156155745e+00 1.168888659504383668e+03
6.919419419419418738e+00 1.169173868118101382e+03
6.932682682682682618e+00 1.169458619175623653e+03
6.945945945945945610e+00 1.169742912152942381e+03
6.959209209209208602e+00 1.170026746526751595e+03
6.972472472472472482e+00 1.170310121774447907e+03
6.985735735735735474e+00 1.170593037374132109e+03
6.998998998998998466e+00 1.170875492804612122e+03
7.012262262262262347e+00 1.171157487545404365e+03
7.025525525525525339e+00 1.171439021076733979e+03
7.038788788788788331e+00 1.171720092879538697e+03
7.052052052052052211e+00 1.172000702435469293e+03
7.065315315315315203e+00 1.172280849226891860e+03
7.078578578578578195e+00 1.172560532736888490e+03
7.091841841841841187e+00 1.172839752449260686e+03
7.105105105105105068e+00 1.173118507848530498e+03
7.118368368368368060e+00 1.173396798419940751e+03
7.131631631631631052e+00 1.173674623649458908e+03
7.144894894894894932e+00 1.173951983023777757e+03
7.158158158158157924e+00 1.174228876030316314e+03
7.171421421421420916e+00 1.174505302157223923e+03
7.184684684684684797e+00 1.174781260893379113e+03
7.197947947947947789e+00 1.175056751728393465e+03
7.211211211211210781e+00 1.175331774152612297e+03
7.224474474474473773e+00 1.175606327657115799e+03
7.237737737737737653e+00 1.175880411733722894e+03
7.251001001001000645e+00 1.176154025874990566e+03
7.264264264264263637e+00 1.176427169574216123e+03
7.277527527527527518e+00 1.176699842325440841e+03
7.290790790790790510e+00 1.176972043623447917e+03
7.304054054054053502e+00 1.177243772963768379e+03
7.317317317317317382e+00 1.177515029842679496e+03
7.330580580580580374e+00 1.177785813757207279e+03
7.343843843843843366e+00 1.178056124205129890e+03
7.357107107107107247e+00 1.178325960684976508e+03
7.370370370370370239e+00 1.178595322696031872e+03
7.383633633633633231e+00 1.178864209738334921e+03
7.396896896896896223e+00 1.179132621312683114e+03
7.410160160160160103e+00 1.179400556920633107e+03
7.423423423423423095e+00 1.179668016064501671e+03
7.436686686686686087e+00 1.179934998247368185e+03
7.449949949949949968e+00 1.180201502973076231e+03
7.463213213213212960e+00 1.180467529746235186e+03
7.476476476476475952e+00 1.180733078072221360e+03
7.489739739739739832e+00 1.180998147457180949e+03
7.503003003003002824e+00 1.181262737408029579e+03
7.516266266266265816e+00 1.181526847432456179e+03
7.529529529529528808e+00 1.181790477038923427e+03
7.542792792792792689e+00 1.182053625736668891e+03
7.556056056056055681e+00 1.182316293035708441e+03
7.569319319319318673e+00 1.182578478446835334e+03
7.582582582582582553e+00 1.182840181481624768e+03
7.595845845845845545e+00 1.183101401652432969e+03
7.609109109109108537e+00 1.183362138472400602e+03
7.622372372372372418e+00 1.183622391455452771e+03
7.635635635635635410e+00 1.183882160116302202e+03
7.648898898898898402e+00 1.184141443970449927e+03
7.662162162162162282e+00 1.184400242534186873e+03
7.675425425425425274e+00 1.184658555324596364e+03
7.688688688688688266e+00 1.184916381859554576e+03
7.701951951951951258e+00 1.185173721657732585e+03
7.715215215215215139e+00 1.185430574238598183e+03
7.728478478478478131e+00 1.185686939122417243e+03
7.741741741741741123e+00 1.185942815830255768e+03
7.755005005005005003e+00 1.186198203883980568e+03
7.768268268268267995e+00 1.186453102806261313e+03
7.781531531531530987e+00 1.186707512120572801e+03
7.794794794794794868e+00 1.186961431351195415e+03
7.808058058058057860e+00 1.187214860023217398e+03
7.821321321321320852e+00 1.187467797662536213e+03
7.834584584584583844e+00 1.187720243795859915e+03
7.847847847847847724e+00 1.187972197950709415e+03
7.861111111111110716e+00 1.188223659655419169e+03
7.874374374374373708e+00 1.188474628439139224e+03
7.887637637637637589e+00 1.188725103831837259e+03
7.900900900900900581e+00 1.188975085364298593e+03
7.914164164164163573e+00 1.189224572568129588e+03
7.927427427427427453e+00 1.189473564975758109e+03
7.940690690690690445e+00 1.189722062120435112e+03
7.953953953953953437e+00 1.189970063536236466e+03
7.967217217217217318e+00 1.190217568758065454e+03
7.980480480480480310e+00 1.190464577321651859e+03
7.993743743743743302e+00 1.190711088763555381e+03
8.007007007007006294e+00 1.190957102621167223e+03
8.020270270270270174e+00 1.191202618432711233e+03
8.033533533533532278e+00 1.191447635737244127e+03
8.046796796796796158e+00 1.191692154074659811e+03
8.060060060060060039e+00 1.191936172985688472e+03
8.073323323323322143e+00 1.192179692011898851e+03
8.086586586586586023e+00 1.192422710695700971e+03
8.099849849849849903e+00 1.192665228580345456e+03
8.113113113113112007e+00 1.192907245209926259e+03
8.126376376376375887e+00 1.193148760129382936e+03
8.139639639639639768e+00 1.193389772884500189e+03
8.152902902902901872e+00 1.193630283021911509e+03
8.166166166166165752e+00 1.193870290089098944e+03
8.179429429429429632e+00 1.194109793634395601e+03
8.192692692692691736e+00 1.194348793206987011e+03
8.205955955955955616e+00 1.194587288356912040e+03
8.219219219219219497e+00 1.194825278635065615e+03
8.232482482482481601e+00 1.195062763593198497e+03
8.245745745745745481e+00 1.195299742783920010e+03
8.259009009009009361e+00 1.195536215760699633e+03
8.272272272272271465e+00 1.195772182077867683e+03
8.285535535535535345e+00 1.196007641290616448e+03
8.298798798798799226e+00 1.196242592955004511e+03
8.312062062062061329e+00 1.196477036627953566e+03
8.325325325325325210e+00 1.196710971867254329e+03
8.338588588588589090e+00 1.196944398231565174e+03
8.351851851851851194e+00 1.197177315280413950e+03
8.365115115115115074e+00 1.197409722574202078e+03
8.378378378378378954e+00 1.197641619674201593e+03
8.391641641641641058e+00 1.197873006142560371e+03
8.404904904904904939e+00 1.198103881542301451e+03
8.418168168168168819e+00 1.198334245437326217e+03
8.431431431431430923e+00 1.198564097392413487e+03
8.444694694694694803e+00 1.198793436973223152e+03
8.457957957957958683e+00 1.199022263746296630e+03
8.471221221221220787e+00 1.199250577279058234e+03
8.484484484484482891e+00 1.199478377139817212e+03
8.497747747747748548e+00 1.199705662897767979e+03
8.511011011011010652e+00 1.199932434122993300e+03
8.524274274274274532e+00 1.200158690386464286e+03
8.537537537537536636e+00 1.200384431260041765e+03
8.550800800800800516e+00 1.200609656316479686e+03
8.564064064064064397e+00 1.200834365129423531e+03
8.577327327327326500e+00 1.201058557273414408e+03
8.590590590590590381e+00 1.201282232323888593e+03
8.603853853853854261e+00 1.201505389857180035e+03
8.617117117117116365e+00 1.201728029450521262e+03
8.630380380380380245e+00 1.201950150682045205e+03
8.643643643643644126e+00 1.202171753130786101e+03
8.656906906906906229e+00 1.202392836376681089e+03
8.670170170170170110e+00 1.202613400000571801e+03
8.683433433433432214e+00 1.202833443584205497e+03
8.696696696696696094e+00 1.203052966710236433e+03
8.709959959959959974e+00 1.203271968962227447e+03
8.723223223223222078e+00 1.203490449924651557e+03
8.736486486486485958e+00 1.203708409182892410e+03
8.749749749749749839e+00 1.203925846323246560e+03
8.763013013013011943e+00 1.204142760932924830e+03
8.776276276276275823e+00 1.204359152600053449e+03
8.789539539539539703e+00 1.204575020913674962e+03
8.802802802802801807e+00 1.204790365463749367e+03
8.816066066066065687e+00 1.205005185841158209e+03
8.829329329329329568e+00 1.205219481637701847e+03
8.842592592592591672e+00 1.205433252446104007e+03
8.855855855855855552e+00 1.205646497860011550e+03
8.869119119119119432e+00 1.205859217473995159e+03
8.882382382382381536e+00 1.206071410883554563e+03
8.895645645645645416e+00 1.206283077685113540e+03
8.908908908908909297e+00 1.206494217476027870e+03
8.922172172172171400e+00 1.206704829854581476e+03
8.935435435435435281e+00 1.206914914419990964e+03
8.948698698698699161e+00 1.207124470772405175e+03
8.961961961961961265e+00 1.207333498512908136e+03
8.975225225225225145e+00 1.207541997243518153e+03
8.988488488488489025e+00 1.207749966567191223e+03
9.001751751751751129e+00 1.207957406087822164e+03
9.015015015015015010e+00 1.208164315410243489e+03
9.028278278278277114e+00 1.208370694140230853e+03
9.041541541541540994e+00 1.208576541884499647e+03
9.054804804804804874e+00 1.208781858250710684e+03
9.068068068068066978e+00 1.208986642847468602e+03
9.081331331331330858e+00 1.209190895284324597e+03
9.094594594594594739e+00 1.209394615171775968e+03
9.107857857857856843e+00 1.209597802121270661e+03
9.121121121121120723e+00 1.209800455745204999e+03
9.134384384384384603e+00 1.210002575656927092e+03
9.147647647647646707e+00 1.210204161470737290e+03
9.160910910910910587e+00 1.210405212801890002e+03
9.174174174174174468e+00 1.210605729266594835e+03
9.187437437437436571e+00 1.210805710482017503e+03
9.200700700700700452e+00 1.211005156066281415e+03
9.213963963963964332e+00 1.211204065638468364e+03
9.227227227227226436e+00 1.211402438818621704e+03
9.240490490490490316e+00 1.211600275227744532e+03
9.253753753753754197e+00 1.211797574487803331e+03
9.267017017017016300e+00 1.211994336221728872e+03
9.280280280280280181e+00 1.212190560053416903e+03
9.293543543543544061e+00 1.212386245607729279e+03
9.306806806806806165e+00 1.212581392510495562e+03
9.320070070070070045e+00 1.212776000388515286e+03
9.333333333333332149e+00 1.212970068869556144e+03
9.346596596596596029e+00 1.213163597582359216e+03
9.359859859859859910e+00 1.213356586156636695e+03
9.373123123123122014e+00 1.213549034223075978e+03
9.386386386386385894e+00 1.213740941413338760e+03
9.399649649649649774e+00 1.213932307360063078e+03
9.412912912912911878e+00 1.214123131696864903e+03
9.426176176176175758e+00 1.214313414058338822e+03
9.439439439439439639e+00 1.214503154080058721e+03
9.452702702702701743e+00 1.214692351398580968e+03
9.465965965965965623e+00 1.214881005651443047e+03
9.479229229229229503e+00 1.215069116477166745e+03
9.492492492492491607e+00 1.215256683515258828e+03
9.505755755755755487e+00 1.215443706406211732e+03
9.519019019019019368e+00 1.215630184791504689e+03
9.532282282282281471e+00 1.215816118313606012e+03
9.545545545545545352e+00 1.216001506615973312e+03
9.558808808808809232e+00 1.216186349343055554e+03
9.572072072072071336e+00 1.216370646140292365e+03
9.585335335335335216e+00 1.216554396654117681e+03
9.598598598598599096e+00 1.216737600531959060e+03
9.611861861861861200e+00 1.216920257422239501e+03
9.625125125125125081e+00 1.217102366974379493e+03
9.638388388388387185e+00 1.217283928838796783e+03
9.651651651651651065e+00 1.217464942666907746e+03
9.664914914914914945e+00 1.217645408111129427e+03
9.678178178178177049e+00 1.217825324824879772e+03
9.691441441441440929e+00 1.218004692462579669e+03
9.704704704704704810e+00 1.218183510679653182e+03
9.717967967967966914e+00 1.218361779132529136e+03
9.731231231231230794e+00 1.218539497478642716e+03
9.744494494494494674e+00 1.218716665376435685e+03
9.757757757757756778e+00 1.218893282485357759e+03
9.771021021021020658e+00 1.219069348465868188e+03
9.784284284284284539e+00 1.219244862979437130e+03
9.797547547547546642e+00 1.219419825688545870e+03
9.810810810810810523e+00 1.219594236256688191e+03
9.824074074074074403e+00 1.219768094348371960e+03
9.837337337337336507e+00 1.219941399629119815e+03
9.850600600600600387e+00 1.220114151765470297e+03
9.863863863863864268e+00 1.220286350424979901e+03
9.877127127127126371e+00 1.220457995276222164e+03
9.890390390390390252e+00 1.220629085988790848e+03
9.903653653653654132e+00 1.220799622233299715e+03
9.916916916916916236e+00 1.220969603681384569e+03
9.930180180180180116e+00 1.221139030005702807e+03
9.943443443443442220e+00 1.221307900879936597e+03
9.956706706706706100e+00 1.221476215978792879e+03
9.969969969969969981e+00 1.221643974978004053e+03
9.983233233233232085e+00 1.221811177554329333e+03
9.996496496496495965e+00 1.221977823385556803e+03
1.000975975975975985e+01 1.222143912150502729e+03
1.002302302302302195e+01 1.222309443529014516e+03
1.003628628628628583e+01 1.222474417201970027e+03
1.004954954954954971e+01 1.222638832851279403e+03
1.006281281281281181e+01 1.222802690159887334e+03
1.007607607607607569e+01 1.222965988811771695e+03
1.008933933933933957e+01 1.223128728491946276e+03
1.010260260260260168e+01 1.223290908886461693e+03
1.011586586586586556e+01 1.223452529682406293e+03
1.012912912912912944e+01 1.223613590567905703e+03
1.014239239239239154e+01 1.223774091232127148e+03
1.015565565565565542e+01 1.223934031365277406e+03
1.016891891891891930e+01 1.224093410658605080e+03
1.018218218218218141e+01 1.224252228804401511e+03
1.019544544544544529e+01 1.224410485496002366e+03
1.020870870870870917e+01 1.224568180427787865e+03
1.022197197197197127e+01 1.224725313295183696e+03
1.023523523523523515e+01 1.224881883794662826e+03
1.024849849849849726e+01 1.225037891623746191e+03
1.026176176176176114e+01 1.225193336481003371e+03
1.027502502502502502e+01 1.225348218066053278e+03
1.028828828828828712e+01 1.225502536079566880e+03
1.030155155155155100e+01 1.225656290223265842e+03
1.031481481481481488e+01 1.225809480199926156e+03
1.032807807807807698e+01 1.225962105713375877e+03
1.034134134134134086e+01 1.226114166468499207e+03
1.035460460460460475e+01 1.226265662171235817e+03
1.036786786786786685e+01 1.226416592528581987e+03
1.038113113113113073e+01 1.226566957248592189e+03
1.039439439439439461e+01 1.226716756040379551e+03
1.040765765765765671e+01 1.226865988614116304e+03
1.042092092092092059e+01 1.227014654681036973e+03
1.043418418418418447e+01 1.227162753953435640e+03
1.044744744744744658e+01 1.227310286144670272e+03
1.046071071071071046e+01 1.227457250969162942e+03
1.047397397397397434e+01 1.227603648142398697e+03
1.048723723723723644e+01 1.227749477380929420e+03
1.050050050050050032e+01 1.227894738402372695e+03
1.051376376376376420e+01 1.228039430925413853e+03
1.052702702702702631e+01 1.228183554669805972e+03
1.054029029029029019e+01 1.228327109356372603e+03
1.055355355355355229e+01 1.228470094707005728e+03
1.056681681681681617e+01 1.228612510444670079e+03
1.058008008008008005e+01 1.228754356293401543e+03
1.059334334334334216e+01 1.228895631978308757e+03
1.060660660660660604e+01 1.229036337225575153e+03
1.061986986986986992e+01 1.229176471762457822e+03
1.063313313313313202e+01 1.229316035317290698e+03
1.064639639639639590e+01 1.229455027619483189e+03
1.065965965965965978e+01 1.229593448399522913e+03
1.067292292292292188e+01 1.229731297388975690e+03
1.068618618618618576e+01 1.229868574320487369e+03
1.069944944944944965e+01 1.230005278927782228e+03
1.071271271271271175e+01 1.230141410945667303e+03
1.072597597597597563e+01 1.230276970110030788e+03
1.073923923923923951e+01 1.230411956157843861e+03
1.075250250250250161e+01 1.230546368827161587e+03
1.076576576576576549e+01 1.230680207857124060e+03
1.077902902902902937e+01 1.230813472987955265e+03
1.079229229229229148e+01 1.230946163960967169e+03
1.080555555555555536e+01 1.231078280518558358e+03
1.081881881881881924e+01 1.231209822404215402e+03
1.083208208208208134e+01 1.231340789362513988e+03
1.084534534534534522e+01 1.231471181139119153e+03
1.085860860860860733e+01 1.231600997480786873e+03
1.087187187187187121e+01 1.231730238135364743e+03
1.088513513513513509e+01 1.231858902851792436e+03
1.089839839839839719e+01 1.231986991380102836e+03
1.091166166166166107e+01 1.232114503471422950e+03
1.092492492492492495e+01 1.232241438877974133e+03
1.093818818818818706e+01 1.232367797353073911e+03
1.095145145145145094e+01 1.232493578651135977e+03
1.096471471471471482e+01 1.232618782527671556e+03
1.097797797797797692e+01 1.232743408739289407e+03
1.099124124124124080e+01 1.232867457043697868e+03
1.100450450450450468e+01 1.232990927199705084e+03
1.101776776776776678e+01 1.233113818967219231e+03
1.103103103103103066e+01 1.233236132107249659e+03
1.104429429429429455e+01 1.233357866381908480e+03
1.105755755755755665e+01 1.233479021554410110e+03
1.107082082082082053e+01 1.233599597389073779e+03
1.108408408408408441e+01 1.233719593651321702e+03
1.109734734734734651e+01 1.233839010107682043e+03
1.111061061061061039e+01 1.233957846525790046e+03
1.112387387387387427e+01 1.234076102674386220e+03
1.113713713713713638e+01 1.234193778323319293e+03
1.115040040040040026e+01 1.234310873243546666e+03
1.116366366366366236e+01 1.234427387207135098e+03
1.117692692692692624e+01 1.234543319987260247e+03
1.119019019019019012e+01 1.234658671358209631e+03
1.120345345345345223e+01 1.234773441095380804e+03
1.121671671671671611e+01 1.234887628975285224e+03
1.122997997997997999e+01 1.235001234775545981e+03
1.124324324324324209e+01 1.235114258274900067e+03
1.125650650650650597e+01 1.235226699253199513e+03
1.126976976976976985e+01 1.235338557491411166e+03
1.128303303303303196e+01 1.235449832771616684e+03
1.129629629629629584e+01 1.235560524877016178e+03
1.130955955955955972e+01 1.235670633591926389e+03
1.132282282282282182e+01 1.235780158701780920e+03
1.133608608608608570e+01 1.235889099993134096e+03
1.134934934934934958e+01 1.235997457253658467e+03
1.136261261261261168e+01 1.236105230272147082e+03
1.137587587587587556e+01 1.236212418838513713e+03
1.138913913913913944e+01 1.236319022743794449e+03
1.140240240240240155e+01 1.236425041780147239e+03
1.141566566566566543e+01 1.236530475740852808e+03
1.142892892892892931e+01 1.236635324420315555e+03
1.144219219219219141e+01 1.236739587614064476e+03
1.145545545545545529e+01 1.236843265118754289e+03
1.146871871871871740e+01 1.236946356732163622e+03
1.148198198198198128e+01 1.237048862253200014e+03
1.149524524524524516e+01 1.237150781481895592e+03
1.150850850850850726e+01 1.237252114219412533e+03
1.152177177177177114e+01 1.237352860268039649e+03
1.153503503503503502e+01 1.237453019431195571e+03
1.154829829829829713e+01 1.237552591513428979e+03
1.156156156156156101e+01 1.237651576320418371e+03
1.157482482482482489e+01 1.237749973658973886e+03
1.158808808808808699e+01 1.237847783337036844e+03
1.160135135135135087e+01 1.237945005163681117e+03
1.161461461461461475e+01 1.238041638949113576e+03
1.162787787787787686e+01 1.238137684504674553e+03
1.164114114114114074e+01 1.238233141642839200e+03
1.165440440440440462e+01 1.238328010177216811e+03
1.166766766766766672e+01 1.238422289922552181e+03
1.168093093093093060e+01 1.238515980694726977e+03
1.169419419419419448e+01 1.238609082310758822e+03
1.170745745745745658e+01 1.238701594588803800e+03
1.172072072072072046e+01 1.238793517348154410e+03
1.173398398398398434e+01 1.238884850409242517e+03
1.174724724724724645e+01 1.238975593593639360e+03
1.176051051051051033e+01 1.239065746724055771e+03
1.177377377377377243e+01 1.239155309624342863e+03
1.178703703703703631e+01 1.239244282119492482e+03
1.180030030030030019e+01 1.239332664035638118e+03
1.181356356356356230e+01 1.239420455200056267e+03
1.182682682682682618e+01 1.239507655441164388e+03
1.184009009009009006e+01 1.239594264588524766e+03
1.185335335335335216e+01 1.239680282472842691e+03
1.186661661661661604e+01 1.239765708925968283e+03
1.187987987987987992e+01 1.239850543780896032e+03
1.189314314314314203e+01 1.239934786871766846e+03
1.190640640640640591e+01 1.240018438033866914e+03
1.191966966966966979e+01 1.240101497103629754e+03
1.193293293293293189e+01 1.240183963918635072e+03
1.194619619619619577e+01 1.240265838317611724e+03
1.195945945945945965e+01 1.240347120140435436e+03
1.197272272272272176e+01 1.240427809228131537e+03
1.198598598598598564e+01 1.240507905422874273e+03
1.199924924924924952e+01 1.240587408567988405e+03
1.201251251251251162e+01 1.240666318507948290e+03
1.202577577577577550e+01 1.240744635088379937e+03
1.203903903903903938e+01 1.240822358156060318e+03
1.205230230230230148e+01 1.240899487558918054e+03
1.206556556556556536e+01 1.240976023146035232e+03
1.207882882882882747e+01 1.241051964767645586e+03
1.209209209209209135e+01 1.241127312275137683e+03
1.210535535535535523e+01 1.241202065521052646e+03
1.211861861861861733e+01 1.241276224359087337e+03
1.213188188188188121e+01 1.241349788644092769e+03
1.214514514514514509e+01 1.241422758232075694e+03
1.215840840840840720e+01 1.241495132980198605e+03
1.217167167167167108e+01 1.241566912746780645e+03
1.218493493493493496e+01 1.241638097391297151e+03
1.219819819819819706e+01 1.241708686774382159e+03
1.221146146146146094e+01 1.241778680757825896e+03
1.222472472472472482e+01 1.241848079204577971e+03
1.223798798798798693e+01 1.241916881978745778e+03
1.225125125125125081e+01 1.241985088945597226e+03
1.226451451451451469e+01 1.242052699971558695e+03
1.227777777777777679e+01 1.242119714924216851e+03
1.229104104104104067e+01 1.242186133672320011e+03
1.230430430430430455e+01 1.242251956085775419e+03
1.231756756756756666e+01 1.242317182035653332e+03
1.233083083083083054e+01 1.242381811394185206e+03
1.234409409409409442e+01 1.242445844034764605e+03
1.235735735735735652e+01 1.242509279831948788e+03
1.237062062062062040e+01 1.242572118661456670e+03
1.238388388388388250e+01 1.242634360400171772e+03
1.239714714714714638e+01 1.242696004926141313e+03
1.241041041041041026e+01 1.242757052118576439e+03
1.242367367367367237e+01 1.242817501857853586e+03
1.243693693693693625e+01 1.242877354025513569e+03
1.245020020020020013e+01 1.242936608504263859e+03
1.246346346346346223e+01 1.242995265177977217e+03
1.247672672672672611e+01 1.243053323931692375e+03
1.248998998998998999e+01 1.243110784651615631e+03
1.250325325325325210e+01 1.243167647225119708e+03
1.251651651651651598e+01 1.243223911540745576e+03
1.252977977977977986e+01 1.243279577488200630e+03
1.254304304304304196e+01 1.243334644958362105e+03
1.255630630630630584e+01 1.243389113843274572e+03
1.256956956956956972e+01 1.243442984036152666e+03
1.258283283283283183e+01 1.243496255431379268e+03
1.259609609609609571e+01 1.243548927924507780e+03
1.260935935935935959e+01 1.243601001412260757e+03
1.262262262262262169e+01 1.243652475792532186e+03
1.263588588588588557e+01 1.243703350964385663e+03
1.264914914914914945e+01 1.243753626828056440e+03
1.266241241241241156e+01 1.243803303284950971e+03
1.267567567567567544e+01 1.243852380237647367e+03
1.268893893893893932e+01 1.243900857589896077e+03
1.270220220220220142e+01 1.243948735246619663e+03
1.271546546546546530e+01 1.243996013113913250e+03
1.272872872872872740e+01 1.244042691099044987e+03
1.274199199199199128e+01 1.244088769110456269e+03
1.275525525525525516e+01 1.244134247057762877e+03
1.276851851851851727e+01 1.244179124851752931e+03
1.278178178178178115e+01 1.244223402404390754e+03
1.279504504504504503e+01 1.244267079628813462e+03
1.280830830830830713e+01 1.244310156439333468e+03
1.282157157157157101e+01 1.244352632751438705e+03
1.283483483483483489e+01 1.244394508481791945e+03
1.284809809809809700e+01 1.244435783548232166e+03
1.286136136136136088e+01 1.244476457869773412e+03
1.287462462462462476e+01 1.244516531366607069e+03
1.288788788788788686e+01 1.244556003960100043e+03
1.290115115115115074e+01 1.244594875572796127e+03
1.291441441441441462e+01 1.244633146128416229e+03
1.292767767767767673e+01 1.244670815551858595e+03
1.294094094094094061e+01 1.244707883769199043e+03
1.295420420420420449e+01 1.244744350707690955e+03
1.296746746746746659e+01 1.244780216295765285e+03
1.298073073073073047e+01 1.244815480463031918e+03
1.299399399399399435e+01 1.244850143140278988e+03
1.300725725725725646e+01 1.244884204259473108e+03
1.302052052052052034e+01 1.244917663753760280e+03
1.303378378378378244e+01 1.244950521557464754e+03
1.304704704704704632e+01 1.244982777606091076e+03
1.306031031031031020e+01 1.245014431836322956e+03
1.307357357357357230e+01 1.245045484186023941e+03
1.308683683683683618e+01 1.245075934594237424e+03
1.310010010010010006e+01 1.245105783001187319e+03
1.311336336336336217e+01 1.245135029348277840e+03
1.312662662662662605e+01 1.245163673578093949e+03
1.313988988988988993e+01 1.245191715634400680e+03
1.315315315315315203e+01 1.245219155462144954e+03
1.316641641641641591e+01 1.245245993007454445e+03
1.317967967967967979e+01 1.245272228217638258e+03
1.319294294294294190e+01 1.245297861041187161e+03
1.320620620620620578e+01 1.245322891427773357e+03
1.321946946946946966e+01 1.245347319328250705e+03
1.323273273273273176e+01 1.245371144694655641e+03
1.324599599599599564e+01 1.245394367480206938e+03
1.325925925925925952e+01 1.245416987639305034e+03
1.327252252252252163e+01 1.245439005127532937e+03
1.328578578578578551e+01 1.245460419901657133e+03
1.329904904904904939e+01 1.245481231919626225e+03
1.331231231231231149e+01 1.245501441140571842e+03
1.332557557557557537e+01 1.245521047524808182e+03
1.333883883883883748e+01 1.245540051033834061e+03
1.335210210210210136e+01 1.245558451630330410e+03
1.336536536536536524e+01 1.245576249278161868e+03
1.337862862862862734e+01 1.245593443942377235e+03
1.339189189189189122e+01 1.245610035589207882e+03
1.340515515515515510e+01 1.245626024186070708e+03
1.341841841841841720e+01 1.245641409701564498e+03
1.343168168168168108e+01 1.245656192105473565e+03
1.344494494494494496e+01 1.245670371368765927e+03
1.345820820820820707e+01 1.245683947463593540e+03
1.347147147147147095e+01 1.245696920363293430e+03
1.348473473473473483e+01 1.245709290042385874e+03
1.349799799799799693e+01 1.245721056476577132e+03
1.351126126126126081e+01 1.245732219642756718e+03
1.352452452452452469e+01 1.245742779518999214e+03
1.353778778778778680e+01 1.245752736084564276e+03
1.355105105105105068e+01 1.245762089319896631e+03
1.356431431431431456e+01 1.245770839206624487e+03
1.357757757757757666e+01 1.245778985727562258e+03
1.359084084084084054e+01 1.245786528866708977e+03
1.360410410410410442e+01 1.245793468609248976e+03
1.361736736736736653e+01 1.245799804941550974e+03
1.363063063063063041e+01 1.245805537851169447e+03
1.364389389389389251e+01 1.245810667326843941e+03
1.365715715715715639e+01 1.245815193358499300e+03
1.367042042042042027e+01 1.245819115937244987e+03
1.368368368368368237e+01 1.245822435055376673e+03
1.369694694694694626e+01 1.245825150706374188e+03
1.371021021021021014e+01 1.245827262884904485e+03
1.372347347347347224e+01 1.245828771586817993e+03
1.373673673673673612e+01 1.245829676809151351e+03
1.375000000000000000e+01 1.245829978550126725e+03
