1.000000000000000021e-02 1.172314974472516591e-43
5.003003003003003712e-02 4.652973833412833727e-21
9.006006006006006537e-02 6.650586709114333694e-15
1.300900900900901214e-01 1.268497098476239809e-11
1.701201201201201496e-01 1.657990340598867022e-09
2.101501501501501779e-01 5.273939753128060178e-08
2.501801801801802339e-01 7.125360497814580530e-07
2.902102102102102621e-01 5.464818259174149999e-06
3.302402402402402903e-01 2.816028169953627115e-05
3.702702702702703186e-01 1.083700426080639218e-04
4.103003003003003468e-01 3.341110522205071069e-04
4.503303303303303751e-01 8.664703301837418286e-04
4.903603603603604588e-01 1.957596854128107900e-03
5.303903903903904871e-01 3.954296469666074634e-03
5.704204204204205153e-01 7.283436303535645306e-03
6.104504504504505435e-01 1.242042440803690570e-02
6.504804804804805718e-01 1.984613426724419344e-02
6.905105105105106000e-01 2.999970545440430042e-02
7.305405405405406283e-01 4.323460542264689899e-02
7.705705705705706565e-01 5.978376259793550390e-02
8.106006006006006848e-01 7.973726441752064520e-02
8.506306306306307130e-01 1.030337450763473967e-01
8.906606606606607413e-01 1.294646223124350792e-01
9.306906906906907695e-01 1.586889920659536601e-01
9.707207207207209088e-01 1.902562760641834105e-01
1.010750750750750937e+00 2.236335455147984430e-01
1.050780780780780965e+00 2.582346675757522525e-01
1.090810810810810993e+00 2.934488878214265850e-01
1.130840840840841022e+00 3.286670402002082048e-01
1.170870870870871050e+00 3.633041669514957550e-01
1.210900900900901078e+00 3.968178691132630553e-01
1.250930930930931106e+00 4.287221572031585382e-01
1.290960960960961135e+00 4.585969173835371393e-01
1.330990990990991163e+00 4.860933523661138955e-01
1.371021021021021191e+00 5.109359093347327629e-01
1.411051051051051219e+00 5.329212848368447553e-01
1.451081081081081248e+00 5.519151158610642316e-01
1.491111111111111276e+00 5.678469433507988828e-01
1.531141141141141304e+00 5.807039833879288349e-01
1.571171171171171332e+00 5.905241738809033913e-01
1.611201201201201361e+00 5.973888898695695060e-01
1.651231231231231389e+00 6.014156451609072862e-01
1.691261261261261417e+00 6.027510264982307575e-01
1.731291291291291445e+00 6.015640417036722809e-01
1.771321321321321474e+00 5.980400067615289084e-01
1.811351351351351502e+00 5.923750491925302564e-01
1.851381381381381530e+00 5.847712661851441895e-01
1.891411411411411558e+00 5.754325452297135435e-01
1.931441441441441809e+00 5.645610316092674053e-01
1.971471471471471837e+00 5.523542100734062377e-01
2.011501501501501643e+00 5.390025563634120997e-01
2.051531531531531449e+00 5.246877070064359661e-01
2.091561561561561700e+00 5.095810920680007294e-01
2.131591591591591506e+00 4.938429745564382745e-01
2.171621621621621756e+00 4.776218412284126691e-01
2.211651651651651562e+00 4.610540920767969841e-01
2.251681681681681813e+00 4.442639793177979302e-01
2.291711711711711619e+00 4.273637508528724260e-01
2.331741741741741869e+00 4.104539576637298293e-01
2.371771771771771675e+00 3.936238891769807680e-01
2.411801801801801926e+00 3.769521051391779287e-01
2.451831831831831732e+00 3.605070368523560220e-01
2.491861861861861982e+00 3.443476346531718635e-01
2.531891891891891788e+00 3.285240422251599623e-01
2.571921921921922038e+00 3.130782816872286767e-01
2.611951951951952289e+00 2.980449363945013586e-01
2.651981981981982095e+00 2.834518210254048931e-01
2.692012012012012345e+00 2.693206308265282956e-01
2.732042042042042151e+00 2.556675638654776206e-01
2.772072072072072402e+00 2.425039118269080585e-01
2.812102102102102208e+00 2.298366163052956157e-01
2.852132132132132458e+00 2.176687887275255973e-01
2.892162162162162264e+00 2.060001930063916908e-01
2.932192192192192515e+00 1.948276908087282489e-01
2.972222222222222321e+00 1.841456499437419125e-01
3.012252252252252571e+00 1.739463168607550680e-01
3.052282282282282377e+00 1.642201546116359157e-01
3.092312312312312628e+00 1.549561479001415609e-01
3.132342342342342434e+00 1.461420770246657785e-01
3.172372372372372684e+00 1.377647626369130351e-01
3.212402402402402490e+00 1.298102832994279254e-01
3.252432432432432741e+00 1.222641678405659016e-01
3.292462462462462547e+00 1.151115644857622911e-01
3.332492492492492797e+00 1.083373886967627653e-01
3.372522522522522603e+00 1.019264515825327178e-01
3.412552552552552854e+00 9.586357066245043690e-02
3.452582582582582660e+00 9.013366466876431005e-02
3.492612612612612910e+00 8.472183397493751600e-02
3.532642642642642716e+00 7.961342813252522688e-02
3.572672672672672967e+00 7.479410189407384446e-02
3.612702702702702773e+00 7.024986099516190852e-02
3.652732732732733023e+00 6.596709886661147881e-02
3.692762762762762829e+00 6.193262534923191925e-02
3.732792792792793080e+00 5.813368838903514024e-02
3.772822822822822886e+00 5.455798960126541364e-02
3.812852852852853136e+00 5.119369450718504883e-02
3.852882882882883386e+00 4.802943816855603093e-02
3.892912912912913193e+00 4.505432687122401525e-02
3.932942942942943443e+00 4.225793644112109393e-02
3.972972972972973249e+00 3.963030771323418355e-02
4.013003003003003499e+00 3.716193961647182992e-02
4.053033033033033306e+00 3.484378028468437111e-02
4.093063063063063112e+00 3.266721655609822195e-02
4.133093093093093806e+00 3.062406217985770909e-02
4.173123123123123612e+00 2.870654500893491529e-02
4.213153153153153418e+00 2.690729342310021338e-02
4.253183183183183225e+00 2.521932219365561473e-02
4.293213213213213919e+00 2.363601797294411985e-02
4.333243243243243725e+00 2.215112456599943602e-02
4.373273273273273531e+00 2.075872811883094915e-02
4.413303303303303338e+00 1.945324233751111881e-02
4.453333333333334032e+00 1.822939383421366341e-02
4.493363363363363838e+00 1.708220768042852111e-02
4.533393393393393644e+00 1.600699323355395803e-02
4.573423423423423451e+00 1.499933029074992930e-02
4.613453453453454145e+00 1.405505561315983573e-02
4.653483483483483951e+00 1.317024985421172238e-02
4.693513513513513757e+00 1.234122491754946829e-02
4.733543543543543564e+00 1.156451176308907931e-02
4.773573573573574258e+00 1.083684867362077163e-02
4.813603603603604064e+00 1.015516998917886243e-02
4.853633633633633870e+00 9.516595311975163674e-03
4.893663663663663677e+00 8.918419180951394840e-03
4.933693693693694371e+00 8.358101211867413963e-03
4.973723723723724177e+00 7.833256696235888633e-03
5.013753753753753983e+00 7.341647650271137908e-03
5.053783783783783790e+00 6.881174303285757070e-03
5.093813813813814484e+00 6.449867013586204831e-03
5.133843843843844290e+00 6.045878598845764833e-03
5.173873873873874096e+00 5.667477067125505433e-03
5.213903903903904791e+00 5.313038734135176223e-03
5.253933933933934597e+00 4.981041711943740360e-03
5.293963963963964403e+00 4.670059754134738006e-03
5.333993993993994209e+00 4.378756442328405815e-03
5.374024024024024904e+00 4.105879699039451103e-03
5.414054054054054710e+00 3.850256611985513732e-03
5.454084084084084516e+00 3.610788555190142749e-03
5.494114114114114322e+00 3.386446592520444589e-03
5.534144144144145017e+00 3.176267149650229254e-03
5.574174174174174823e+00 2.979347940832319415e-03
5.614204204204204629e+00 2.794844137290745933e-03
5.654234234234234435e+00 2.621964764494207588e-03
5.694264264264265130e+00 2.459969316040280102e-03
5.734294294294294936e+00 2.308164572359356660e-03
5.774324324324324742e+00 2.165901612932142999e-03
5.814354354354354548e+00 2.032573011200830820e-03
5.854384384384385243e+00 1.907610201837980262e-03
5.894414414414415049e+00 1.790481010515311512e-03
5.934444444444444855e+00 1.680687336784831513e-03
5.974474474474474661e+00 1.577762981144855596e-03
6.014504504504505356e+00 1.481271607811306210e-03
6.054534534534535162e+00 1.390804835150082595e-03
6.094564564564564968e+00 1.305980446146909986e-03
6.134594594594594774e+00 1.226440711697296881e-03
6.174624624624625469e+00 1.151850819889848341e-03
6.214654654654655275e+00 1.081897404831453149e-03
6.254684684684685081e+00 1.016287168921968477e-03
6.294714714714714887e+00 9.547455928298462019e-04
6.334744744744745581e+00 8.970157277479228267e-04
6.374774774774775388e+00 8.428570648212071288e-04
6.414804804804805194e+00 7.920444769358145126e-04
6.454834834834835888e+00 7.443672283408895012e-04
6.494864864864865694e+00 6.996280478435509429e-04
6.534894894894895501e+00 6.576422615711583451e-04
6.574924924924925307e+00 6.182369815361140860e-04
6.614954954954956001e+00 5.812503464662849761e-04
6.654984984984985807e+00 5.465308115794470251e-04
6.695015015015015614e+00 5.139364841837222976e-04
6.735045045045045420e+00 4.833345021779506760e-04
6.775075075075076114e+00 4.546004527069913512e-04
6.815105105105105920e+00 4.276178283976853913e-04
6.855135135135135727e+00 4.022775187619209909e-04
6.895165165165165533e+00 3.784773345045562717e-04
6.935195195195196227e+00 3.561215626163370782e-04
6.975225225225226033e+00 3.351205502658058518e-04
7.015255255255255840e+00 3.153903156299748211e-04
7.055285285285285646e+00 2.968521839218062346e-04
7.095315315315316340e+00 2.794324469834694744e-04
7.135345345345346146e+00 2.630620449185911412e-04
7.175375375375375953e+00 2.476762683344306895e-04
7.215405405405405759e+00 2.332144798566846680e-04
7.255435435435436453e+00 2.196198536655784652e-04
7.295465465465466259e+00 2.068391318825428939e-04
7.335495495495496066e+00 1.948223967123364965e-04
7.375525525525525872e+00 1.835228573162686041e-04
7.415555555555556566e+00 1.728966504584843222e-04
7.455585585585586372e+00 1.629026540293930145e-04
7.495615615615616179e+00 1.535023126084556638e-04
7.535645645645645985e+00 1.446594742829974771e-04
7.575675675675676679e+00 1.363402379906516397e-04
7.615705705705706485e+00 1.285128107007217559e-04
7.655735735735736291e+00 1.211473737943505856e-04
7.695765765765766986e+00 1.142159580451361875e-04
7.735795795795796792e+00 1.076923266408501219e-04
7.775825825825826598e+00 1.015518657234250127e-04
7.815855855855856404e+00 9.577148195853490498e-05
7.855885885885887099e+00 9.032950667798782349e-05
7.895915915915916905e+00 8.520560616802286215e-05
7.935945945945946711e+00 8.038069770448382726e-05
7.975975975975976517e+00 7.583687096194420519e-05
8.016006006006007212e+00 7.155731444822050640e-05
8.056036036036037018e+00 6.752624663851023725e-05
8.096066066066066824e+00 6.372885150468450858e-05
8.136096096096096630e+00 6.015121815516366632e-05
8.176126126126126437e+00 5.678028431941140004e-05
8.216156156156156243e+00 5.360378342845546529e-05
8.256186186186187825e+00 5.061019505909122580e-05
8.296216216216217632e+00 4.778869852459376893e-05
8.336246246246247438e+00 4.512912940894748046e-05
8.376276276276277244e+00 4.262193885485080717e-05
8.416306306306307050e+00 4.025815542813013042e-05
8.456336336336336856e+00 3.802934939276799787e-05
8.496366366366366663e+00 3.592759924155113196e-05
8.536396396396396469e+00 3.394546033744658890e-05
8.576426426426428051e+00 3.207593553024532673e-05
8.616456456456457857e+00 3.031244762182450477e-05
8.656486486486487664e+00 2.864881356162178868e-05
8.696516516516517470e+00 2.707922026160343006e-05
8.736546546546547276e+00 2.559820192720053069e-05
8.776576576576577082e+00 2.420061880740765085e-05
8.816606606606606888e+00 2.288163727351022429e-05
8.856636636636636695e+00 2.163671114178015837e-05
8.896666666666668277e+00 2.046156416095295898e-05
8.936696696696698083e+00 1.935217359042774835e-05
8.976726726726727890e+00 1.830475479991463771e-05
9.016756756756757696e+00 1.731574682572903872e-05
9.056786786786787502e+00 1.638179882311303239e-05
9.096816816816817308e+00 1.549975735787131444e-05
9.136846846846847114e+00 1.466665448426029848e-05
9.176876876876878697e+00 1.387969655948516118e-05
9.216906906906908503e+00 1.313625374834765562e-05
9.256936936936938309e+00 1.243385017457221773e-05
9.296966966966968116e+00 1.177015467812576206e-05
9.336996996996997922e+00 1.114297214045355144e-05
9.377027027027027728e+00 1.055023534199046908e-05
9.417057057057057534e+00 9.989997318586099233e-06
9.457087087087087340e+00 9.460424185613459423e-06
9.497117117117118923e+00 8.959788400522319924e-06
9.537147147147148729e+00 8.486462436462938744e-06
9.577177177177178535e+00 8.038912841347524608e-06
9.617207207207208342e+00 7.615694658346798674e-06
9.657237237237238148e+00 7.215446185344047544e-06
9.697267267267267954e+00 6.836884052294066852e-06
9.737297297297297760e+00 6.478798596768846838e-06
9.777327327327327566e+00 6.140049519220011973e-06
9.817357357357359149e+00 5.819561800654155569e-06
9.857387387387388955e+00 5.516321866511991115e-06
9.897417417417418761e+00 5.229373981561446282e-06
9.937447447447448567e+00 4.957816861574339434e-06
9.977477477477478374e+00 4.700800488448620019e-06
1.001750750750750818e+01 4.457523116278665887e-06
1.005753753753753799e+01 4.227228456657727693e-06
1.009756756756756779e+01 4.009203032232906606e-06
1.013759759759759937e+01 3.802773688218593040e-06
1.017762762762762918e+01 3.607305252218552879e-06
1.021765765765765899e+01 3.422198333308839879e-06
1.025768768768768879e+01 3.246887251897687013e-06
1.029771771771771860e+01 3.080838092406840842e-06
1.033774774774774841e+01 2.923546871313474534e-06
1.037777777777777821e+01 2.774537813554700829e-06
1.041780780780780979e+01 2.633361730731029184e-06
1.045783783783783960e+01 2.499594494951509274e-06
1.049786786786786941e+01 2.372835602543562792e-06
1.053789789789789921e+01 2.252706822208254504e-06
1.057792792792792902e+01 2.138850922534894557e-06
1.061795795795795883e+01 2.030930474102888365e-06
1.065798798798798863e+01 1.928626721691916541e-06
1.069801801801801844e+01 1.831638522396763938e-06
1.073804804804805002e+01 1.739681345700601736e-06
1.077807807807807983e+01 1.652486331803012567e-06
1.081810810810810963e+01 1.569799404724510422e-06
1.085813813813813944e+01 1.491380436922791784e-06
1.089816816816816925e+01 1.417002462354388613e-06
1.093819819819819905e+01 1.346450935102441376e-06
1.097822822822822886e+01 1.279523030866450428e-06
1.101825825825825866e+01 1.216026988774062697e-06
1.105828828828829025e+01 1.155781491128859439e-06
1.109831831831832005e+01 1.098615078852996707e-06
1.113834834834834986e+01 1.044365600518634304e-06
1.117837837837837967e+01 9.928796929896911646e-07
1.121840840840840947e+01 9.440122918144463123e-07
1.125843843843843928e+01 8.976261696217951849e-07
1.129846846846846908e+01 8.535915008787676163e-07
1.133849849849849889e+01 8.117854514657233389e-07
1.137852852852853047e+01 7.720917916181119822e-07
1.141855855855856028e+01 7.344005308706218903e-07
1.145858858858859008e+01 6.986075737210240023e-07
1.149861861861861989e+01 6.646143948077239196e-07
1.153864864864864970e+01 6.323277324668519265e-07
1.157867867867867950e+01 6.016592996022116798e-07
1.161870870870870931e+01 5.725255108649288710e-07
1.165873873873874089e+01 5.448472251990549171e-07
1.169876876876877070e+01 5.185495028654711485e-07
1.173879879879880050e+01 4.935613761087772373e-07
1.177882882882883031e+01 4.698156326814452504e-07
1.181885885885886012e+01 4.472486114857180489e-07
1.185888888888888992e+01 4.258000096373486118e-07
1.189891891891891973e+01 4.054127002962968653e-07
1.193894894894894954e+01 3.860325606478907817e-07
1.197897897897898112e+01 3.676083094541654620e-07
1.201900900900901092e+01 3.500913536291238927e-07
1.205903903903904073e+01 3.334356433235218759e-07
1.209906906906907054e+01 3.175975350349675220e-07
1.213909909909910034e+01 3.025356622872137795e-07
1.217912912912913015e+01 2.882108134492426070e-07
1.221915915915915996e+01 2.745858162895612194e-07
1.225918918918918976e+01 2.616254288847540567e-07
1.229921921921922134e+01 2.492962365233609523e-07
1.233924924924925115e+01 2.375665542669110360e-07
1.237927927927928096e+01 2.264063348495730301e-07
1.241930930930931076e+01 2.157870816161944740e-07
1.245933933933934057e+01 2.056817662158597556e-07
1.249936936936937038e+01 1.960647507843422608e-07
1.253939939939940018e+01 1.869117143641941452e-07
1.257942942942942999e+01 1.781995833255949290e-07
1.261945945945946157e+01 1.699064655646798402e-07
1.265948948948949138e+01 1.620115882688421656e-07
1.269951951951952118e+01 1.544952390505265755e-07
1.273954954954955099e+01 1.473387102623632676e-07
1.277957957957958079e+01 1.405242463171454546e-07
1.281960960960961060e+01 1.340349938462039633e-07
1.285963963963964041e+01 1.278549545391807227e-07
1.289966966966967199e+01 1.219689405171073336e-07
1.293969969969970180e+01 1.163625320990908946e-07
1.297972972972973160e+01 1.110220378308016007e-07
1.301975975975976141e+01 1.059344566504032092e-07
1.305978978978979121e+01 1.010874420745814354e-07
1.309981981981982102e+01 9.646926829393261659e-08
1.313984984984985083e+01 9.206879807319437738e-08
1.317987987987988063e+01 8.787545235767952379e-08
1.321990990990991222e+01 8.387918149279667581e-08
1.325993993993994202e+01 8.007043796875320833e-08
1.329996996996997183e+01 7.644015060744903267e-08
1.334000000000000163e+01 7.297970011321571349e-08
1.338003003003003144e+01 6.968089591339393212e-08
1.342006006006006125e+01 6.653595421889074351e-08
1.346009009009009105e+01 6.353747723871971073e-08
1.350012012012012086e+01 6.067843348619796208e-08
1.354015015015015244e+01 5.795213911792788054e-08
1.358018018018018225e+01 5.535224024994028046e-08
1.362021021021021205e+01 5.287269619846079437e-08
1.366024024024024186e+01 5.050776359565281726e-08
1.370027027027027167e+01 4.825198133341976092e-08
1.374030030030030147e+01 4.610015629094607581e-08
1.378033033033033128e+01 4.404734980407124363e-08
1.382036036036036108e+01 4.208886483690647998e-08
1.386039039039039267e+01 4.022023381825933431e-08
1.390042042042042247e+01 3.843720710748790379e-08
1.394045045045045228e+01 3.673574205633112810e-08
1.398048048048048209e+01 3.511199263509129582e-08
1.402051051051051189e+01 3.356229959326150474e-08
1.406054054054054170e+01 3.208318112632503621e-08
1.410057057057057150e+01 3.067132402197615851e-08
1.414060060060060309e+01 2.932357526047523280e-08
1.418063063063063289e+01 2.803693404521292498e-08
1.422066066066066270e+01 2.680854424084896029e-08
1.426069069069069251e+01 2.563568719762201616e-08
1.430072072072072231e+01 2.451577494157234595e-08
1.434075075075075212e+01 2.344634371151069701e-08
1.438078078078078192e+01 2.242504782460424841e-08
1.442081081081081173e+01 2.144965385341122651e-08
1.446084084084084331e+01 2.051803509812810857e-08
1.450087087087087312e+01 1.962816633867331799e-08
1.454090090090090293e+01 1.877811885205731743e-08
1.458093093093093273e+01 1.796605568126492799e-08
1.462096096096096254e+01 1.719022714260930916e-08
1.466099099099099234e+01 1.644896655920978825e-08
1.470102102102102215e+01 1.574068620890361100e-08
1.474105105105105196e+01 1.506387347552245460e-08
1.478108108108108354e+01 1.441708719304671877e-08
1.482111111111111335e+01 1.379895417271221352e-08
1.486114114114114315e+01 1.320816590366220799e-08
1.490117117117117296e+01 1.264347541823649408e-08
1.494120120120120276e+01 1.210369431346056342e-08
1.498123123123123257e+01 1.158768992073696766e-08
1.502126126126126238e+01 1.109438261616595416e-08
1.506129129129129218e+01 1.062274326431638737e-08
1.510132132132132377e+01 1.017179078864632853e-08
1.514135135135135357e+01 9.740589862126567165e-09
1.518138138138138338e+01 9.328248711957842794e-09
1.522141141141141318e+01 8.933917032592834339e-09
1.526144144144144299e+01 8.556784001572052545e-09
1.530147147147147280e+01 8.196076392971445282e-09
1.534150150150150260e+01 7.851056783529070652e-09
1.538153153153153418e+01 7.521021846772444976e-09
1.542156156156156399e+01 7.205300730713014872e-09
1.546159159159159380e+01 6.903253514901410166e-09
1.550162162162162360e+01 6.614269742855867360e-09
1.554165165165165341e+01 6.337767026080842999e-09
1.558168168168168322e+01 6.073189716088438026e-09
1.562171171171171302e+01 5.820007641019831265e-09
1.566174174174174283e+01 5.577714903637609126e-09
1.570177177177177441e+01 5.345828737627188269e-09
1.574180180180180422e+01 5.123888419300906410e-09
1.578183183183183402e+01 4.911454231948182868e-09
1.582186186186186383e+01 4.708106480214782641e-09
1.586189189189189364e+01 4.513444552028977139e-09
1.590192192192192344e+01 4.327086025717927600e-09
1.594195195195195325e+01 4.148665820077701518e-09
1.598198198198198305e+01 3.977835385274466803e-09
1.602201201201201641e+01 3.814261932561227180e-09
1.606204204204204444e+01 3.657627700897491796e-09
1.610207207207207603e+01 3.507629258655055843e-09
1.614210210210210406e+01 3.363976838686034128e-09
1.618213213213213564e+01 3.226393705114923019e-09
1.622216216216216722e+01 3.094615550300485392e-09
1.626219219219219525e+01 2.968389920489931610e-09
1.630222222222222683e+01 2.847475668763310100e-09
1.634225225225225486e+01 2.731642433936011309e-09
1.638228228228228645e+01 2.620670144153416143e-09
1.642231231231231448e+01 2.514348543976349247e-09
1.646234234234234606e+01 2.412476743814679757e-09
1.650237237237237764e+01 2.314862790624496782e-09
1.654240240240240567e+01 2.221323258837688798e-09
1.658243243243243725e+01 2.131682860544278791e-09
1.662246246246246528e+01 2.045774073996807466e-09
1.666249249249249686e+01 1.963436789551719357e-09
1.670252252252252489e+01 1.884517972207284187e-09
1.674255255255255648e+01 1.808871339938317507e-09
1.678258258258258806e+01 1.736357057068503469e-09
1.682261261261261609e+01 1.666841441957653003e-09
1.686264264264264767e+01 1.600196688317558532e-09
1.690267267267267570e+01 1.536300599503581560e-09
1.694270270270270728e+01 1.475036335161190014e-09
1.698273273273273531e+01 1.416292169637372318e-09
1.702276276276276690e+01 1.359961261595515136e-09
1.706279279279279493e+01 1.305941434300063778e-09
1.710282282282282651e+01 1.254134966063213479e-09
1.714285285285285809e+01 1.204448390370834143e-09
1.718288288288288612e+01 1.156792305228231460e-09
1.722291291291291770e+01 1.111081191288866488e-09
1.726294294294294573e+01 1.067233238350273265e-09
1.730297297297297732e+01 1.025170179821770353e-09
1.734300300300300535e+01 9.848171347876398587e-10
1.738303303303303693e+01 9.461024573076345038e-10
1.742306306306306851e+01 9.089575926142513340e-10
1.746309309309309654e+01 8.733169398822834679e-10
1.750312312312312812e+01 8.391177212622562845e-10
1.754315315315315615e+01 8.062998568839092967e-10
1.758318318318318774e+01 7.748058455500543599e-10
1.762321321321321577e+01 7.445806508548270852e-10
1.766324324324324735e+01 7.155715924728527100e-10
1.770327327327327538e+01 6.877282423780902664e-10
1.774330330330330696e+01 6.610023257627777871e-10
1.778333333333333854e+01 6.353476264377024094e-10
1.782336336336336657e+01 6.107198965055958773e-10
1.786339339339339816e+01 5.870767701093585373e-10
1.790342342342342619e+01 5.643776810662860338e-10
1.794345345345345777e+01 5.425837842082863163e-10
1.798348348348348580e+01 5.216578802569995385e-10
1.802351351351351738e+01 5.015643440703893976e-10
1.806354354354354896e+01 4.822690561055139216e-10
1.810357357357357699e+01 4.637393369493065637e-10
1.814360360360360858e+01 4.459438847762737009e-10
1.818363363363363661e+01 4.288527155987053345e-10
1.822366366366366819e+01 4.124371061812440572e-10
1.826369369369369622e+01 3.966695394978389206e-10
1.830372372372372780e+01 3.815236526146526384e-10
1.834375375375375938e+01 3.669741868881520437e-10
1.838378378378378741e+01 3.529969403726909685e-10
1.842381381381381900e+01 3.395687223368462684e-10
1.846384384384384703e+01 3.266673097925922996e-10
1.850387387387387861e+01 3.142714059457046286e-10
1.854390390390390664e+01 3.023606004802525470e-10
1.858393393393393822e+01 2.909153315939186669e-10
1.862396396396396625e+01 2.799168497049328675e-10
1.866399399399399783e+01 2.693471827549262254e-10
1.870402402402402942e+01 2.591891030356848475e-10
1.874405405405405745e+01 2.494260954709730269e-10
1.878408408408408903e+01 2.400423272878997839e-10
1.882411411411411706e+01 2.310226190152899558e-10
1.886414414414414864e+01 2.223524167493843910e-10
1.890417417417417667e+01 2.140177656299954082e-10
1.894420420420420825e+01 2.060052844728318310e-10
1.898423423423423984e+01 1.983021415062384038e-10
1.902426426426426787e+01 1.908960311629167349e-10
1.906429429429429945e+01 1.837751518795441793e-10
1.910432432432432748e+01 1.769281848592925283e-10
1.914435435435435906e+01 1.703442737543553806e-10
1.918438438438438709e+01 1.640130052275381873e-10
1.922441441441441867e+01 1.579243903538341036e-10
1.926444444444445026e+01 1.520688468246994495e-10
1.930447447447447828e+01 1.464371819194390212e-10
1.934450450450450987e+01 1.410205762097236223e-10
1.938453453453453790e+01 1.358105679648286283e-10
1.942456456456456948e+01 1.307990382266146887e-10
1.946459459459459751e+01 1.259781965247345907e-10
1.950462462462462909e+01 1.213405672038197220e-10
1.954465465465465712e+01 1.168789763357378423e-10
1.958468468468468870e+01 1.125865391911864436e-10
1.962471471471472029e+01 1.084566482460764967e-10
1.966474474474474832e+01 1.044829616992423134e-10
1.970477477477477990e+01 1.006593924790997304e-10
1.974480480480480793e+01 9.698009771784428814e-11
1.978483483483483951e+01 9.343946867277926596e-11
1.982486486486486754e+01 9.003212107525645395e-11
1.986489489489489912e+01 8.675288588857629927e-11
1.990492492492493071e+01 8.359680045708187495e-11
1.994495495495495874e+01 8.055910002939140891e-11
1.998498498498499032e+01 7.763520963956172560e-11
2.002501501501501835e+01 7.482073633063163061e-11
2.006504504504504993e+01 7.211146170572416491e-11
2.010507507507507796e+01 6.950333479253321349e-11
2.014510510510510954e+01 6.699246520764599962e-11
2.018513513513513757e+01 6.457511660776715169e-11
2.022516516516516916e+01 6.224770041545944548e-11
2.026519519519520074e+01 6.000676980760224004e-11
2.030522522522522877e+01 5.784901395524373091e-11
2.034525525525526035e+01 5.577125250406722214e-11
2.038528528528528838e+01 5.377043028513186641e-11
2.042531531531531996e+01 5.184361224602943769e-11
2.046534534534534799e+01 4.998797859301547716e-11
2.050537537537537958e+01 4.820082013509603004e-11
2.054540540540541116e+01 4.647953382144998855e-11
2.058543543543543919e+01 4.482161846392996923e-11
2.062546546546547077e+01 4.322467063676863885e-11
2.066549549549549880e+01 4.168638074594049478e-11
2.070552552552553038e+01 4.020452926097301259e-11
2.074555555555555841e+01 3.877698310230976050e-11
2.078558558558559000e+01 3.740169217762731302e-11
2.082561561561562158e+01 3.607668606080023026e-11
2.086564564564564961e+01 3.480007080747769418e-11
2.090567567567568119e+01 3.357002590149945766e-11
2.094570570570570922e+01 3.238480132663091002e-11
2.098573573573574080e+01 3.124271475832950054e-11
2.102576576576576883e+01 3.014214887049519954e-11
2.106579579579580042e+01 2.908154875236365436e-11
2.110582582582582845e+01 2.805941943091709563e-11
2.114585585585586003e+01 2.707432349438575524e-11
2.118588588588589161e+01 2.612487881260304798e-11
2.122591591591591964e+01 2.520975635015775171e-11
2.126594594594595122e+01 2.432767806846801612e-11
2.130597597597597925e+01 2.347741491305646095e-11
2.134600600600601084e+01 2.265778488247804636e-11
2.138603603603603887e+01 2.186765117549659907e-11
2.142606606606607045e+01 2.110592041324879276e-11
2.146609609609610203e+01 2.037154093328655319e-11
2.150612612612613006e+01 1.966350115250506138e-11
2.154615615615616164e+01 1.898082799610417487e-11
2.158618618618618967e+01 1.832258538984473992e-11
2.162621621621622126e+01 1.768787281298201390e-11
2.166624624624624929e+01 1.707582390936831528e-11
2.170627627627628087e+01 1.648560515432040361e-11
2.174630630630630890e+01 1.591641457495617301e-11
2.178633633633634048e+01 1.536748052179430977e-11
2.182636636636637206e+01 1.483806048950833411e-11
2.186639639639640009e+01 1.432743998481791026e-11
2.190642642642643168e+01 1.383493143957606776e-11
2.194645645645645970e+01 1.335987316720573227e-11
2.198648648648649129e+01 1.290162836070497898e-11
2.202651651651651932e+01 1.245958413052239153e-11
2.206654654654655090e+01 1.203315058067290623e-11
2.210657657657658248e+01 1.162175992153270596e-11
2.214660660660661051e+01 1.122486561781730913e-11
2.218663663663664209e+01 1.084194157031078283e-11
2.222666666666667012e+01 1.047248132997150309e-11
2.226669669669670171e+01 1.011599734309981382e-11
2.230672672672672974e+01 9.772020226306814026e-12
2.234675675675676132e+01 9.440098070073815762e-12
2.238678678678679290e+01 9.119795769748011338e-12
2.242681681681682093e+01 8.810694382860160172e-12
2.246684684684685251e+01 8.512390511704361842e-12
2.250687687687688054e+01 8.224495710157457112e-12
2.254690690690691213e+01 7.946635913761731765e-12
2.258693693693694016e+01 7.678450892134373863e-12
2.262696696696697174e+01 7.419593722803644049e-12
2.266699699699699977e+01 7.169730285613008919e-12
2.270702702702703135e+01 6.928538776865261969e-12
2.274705705705706293e+01 6.695709242416707758e-12
2.278708708708709096e+01 6.470943128961573615e-12
2.282711711711712255e+01 6.253952852778334941e-12
2.286714714714715058e+01 6.044461385241867073e-12
2.290717717717718216e+01 5.842201854429330586e-12
2.294720720720721019e+01 5.646917162180570062e-12
2.298723723723724177e+01 5.458359615995834054e-12
2.302726726726727335e+01 5.276290575180462149e-12
2.306729729729730138e+01 5.100480110671073936e-12
2.310732732732733297e+01 4.930706677999150307e-12
2.314735735735736100e+01 4.766756802871425369e-12
2.318738738738739258e+01 4.608424778866700401e-12
2.322741741741742061e+01 4.455512376770532464e-12
2.326744744744745219e+01 4.307828565086264004e-12
2.330747747747748377e+01 4.165189241282569219e-12
2.334750750750751180e+01 4.027416973352556405e-12
2.338753753753754339e+01 3.894340751279276593e-12
2.342756756756757142e+01 3.765795748016941048e-12
2.346759759759760300e+01 3.641623089613817396e-12
2.350762762762763103e+01 3.521669634118136356e-12
2.354765765765766261e+01 3.405787758921713294e-12
2.358768768768769064e+01 3.293835156211290794e-12
2.362771771771772222e+01 3.185674636209525086e-12
2.366774774774775381e+01 3.081173937901597942e-12
2.370777777777778184e+01 2.980205546954349395e-12
2.374780780780781342e+01 2.882646520547745644e-12
2.378783783783784145e+01 2.788378318849061662e-12
2.382786786786787303e+01 2.697286642870798685e-12
2.386789789789790106e+01 2.609261278464658577e-12
2.390792792792793264e+01 2.524195946212279969e-12
2.394795795795796423e+01 2.441988156984621327e-12
2.398798798798799226e+01 2.362539072949557818e-12
2.402801801801802384e+01 2.285753373817142184e-12
2.406804804804805187e+01 2.211539128119535566e-12
2.410807807807808345e+01 2.139807669330919508e-12
2.414810810810811148e+01 2.070473476641012586e-12
2.418813813813814306e+01 2.003454060202031909e-12
2.422816816816817109e+01 1.938669850677217546e-12
2.426819819819820268e+01 1.876044092925094025e-12
2.430822822822823426e+01 1.815502743660517129e-12
2.434825825825826229e+01 1.756974372939783532e-12
2.438828828828829387e+01 1.700390069323030002e-12
2.442831831831832190e+01 1.645683348572963826e-12
2.446834834834835348e+01 1.592790065754527133e-12
2.450837837837838151e+01 1.541648330605529009e-12
2.454840840840841310e+01 1.492198426052912005e-12
2.458843843843844468e+01 1.444382729755091886e-12
2.462846846846847271e+01 1.398145638554486009e-12
2.466849849849850429e+01 1.353433495729711410e-12
2.470852852852853232e+01 1.310194520940813578e-12
2.474855855855856390e+01 1.268378742765112815e-12
2.478858858858859193e+01 1.227937933725307422e-12
2.482861861861862351e+01 1.188825547715440795e-12
2.486864864864865510e+01 1.150996659733592926e-12
2.490867867867868313e+01 1.114407907834258372e-12
2.494870870870871471e+01 1.079017437216260001e-12
2.498873873873874274e+01 1.044784846365641311e-12
2.502876876876877432e+01 1.011671135175943092e-12
2.506879879879880235e+01 9.796386549713171943e-13
2.510882882882883393e+01 9.486510603608243094e-13
2.514885885885886196e+01 9.186732628550248965e-13
2.518888888888889355e+01 8.896713861786124726e-13
2.522891891891892513e+01 8.616127232154104955e-13
2.526894894894895316e+01 8.344656945245659032e-13
2.530897897897898474e+01 8.081998083689592711e-13
2.534900900900901277e+01 7.827856221993132003e-13
2.538903903903904435e+01 7.581947055395786916e-13
2.542906906906907238e+01 7.343996042211386654e-13
2.546909909909910397e+01 7.113738059156572750e-13
2.550912912912913555e+01 6.890917069180254087e-13
2.554915915915916358e+01 6.675285801329352676e-13
2.558918918918919516e+01 6.466605442202282514e-13
2.562921921921922319e+01 6.264645338560532487e-13
2.566924924924925477e+01 6.069182710682894973e-13
2.570927927927928280e+01 5.880002376064711851e-13
2.574930930930931439e+01 5.696896483078671241e-13
2.578933933933934597e+01 5.519664254227954936e-13
2.582936936936937400e+01 5.348111738637675570e-13
2.586939939939940558e+01 5.182051573442589773e-13
2.590942942942943361e+01 5.021302753743786527e-13
2.594945945945946519e+01 4.865690410817160493e-13
2.598948948948949322e+01 4.715045598270941571e-13
2.602951951951952481e+01 4.569205085858672995e-13
2.606954954954955284e+01 4.428011160667491108e-13
2.610957957957958442e+01 4.291311435409600531e-13
2.614960960960961600e+01 4.158958663557350198e-13
2.618963963963964403e+01 4.030810561070449127e-13
2.622966966966967561e+01 3.906729634474396016e-13
2.626969969969970364e+01 3.786583015057605830e-13
2.630972972972973523e+01 3.670242298963750230e-13
2.634975975975976326e+01 3.557583392963908629e-13
2.638978978978979484e+01 3.448486365701762000e-13
2.642981981981982642e+01 3.342835304212234743e-13
2.646984984984985445e+01 3.240518175521423645e-13
2.650987987987988603e+01 3.141426693143503727e-13
2.654990990990991406e+01 3.045456188296539438e-13
2.658993993993994565e+01 2.952505485665733381e-13
2.662996996996997368e+01 2.862476783549803327e-13
2.667000000000000526e+01 2.775275538230899307e-13
2.671003003003003329e+01 2.690810352416338480e-13
2.675006006006006487e+01 2.608992867603871603e-13
2.679009009009009645e+01 2.529737660229553954e-13
2.683012012012012448e+01 2.452962141461569299e-13
2.687015015015015607e+01 2.378586460508292613e-13
2.691018018018018410e+01 2.306533411314622736e-13
2.695021021021021568e+01 2.236728342524082795e-13
2.699024024024024371e+01 2.169099070589891802e-13
2.703027027027027529e+01 2.103575795921540963e-13
2.707030030030030687e+01 2.040091021958271630e-13
2.711033033033033490e+01 1.978579477064396822e-13
2.715036036036036649e+01 1.918978039145468878e-13
2.719039039039039451e+01 1.861225662888259826e-13
2.723042042042042610e+01 1.805263309530356642e-13
2.727045045045045413e+01 1.751033879069429657e-13
2.731048048048048571e+01 1.698482144825094956e-13
2.735051051051051729e+01 1.647554690269433722e-13
2.739054054054054532e+01 1.598199848045611279e-13
2.743057057057057690e+01 1.550367641096586489e-13
2.747060060060060493e+01 1.504009725829258725e-13
2.751063063063063652e+01 1.459079337241378528e-13
2.755066066066066455e+01 1.415531235942153329e-13
2.759069069069069613e+01 1.373321656998887186e-13
2.763072072072072416e+01 1.332408260545695715e-13
2.767075075075075574e+01 1.292750084091319124e-13
2.771078078078078732e+01 1.254307496466594621e-13
2.775081081081081535e+01 1.217042153353388700e-13
2.779084084084084694e+01 1.180916954339287143e-13
2.783087087087087497e+01 1.145896001444493081e-13
2.787090090090090655e+01 1.111944559068820603e-13
2.791093093093093458e+01 1.079029015309227017e-13
2.795096096096096616e+01 1.047116844599368209e-13
2.799099099099099774e+01 1.016176571625137265e-13
2.803102102102102577e+01 9.861777364711829312e-14
2.807105105105105736e+01 9.570908609555197352e-14
2.811108108108108539e+01 9.288874161104539855e-14
2.815111111111111697e+01 9.015397907699605184e-14
2.819114114114114500e+01 8.750212612247143978e-14
2.823117117117117658e+01 8.493059619075421955e-14
2.827120120120120816e+01 8.243688570735294324e-14
2.831123123123123619e+01 8.001857134399439195e-14
2.835126126126126778e+01 7.767330737526667644e-14
2.839129129129129581e+01 7.539882312469870462e-14
2.843132132132132739e+01 7.319292049715837437e-14
2.847135135135135542e+01 7.105347159458536343e-14
2.851138138138138700e+01 6.897841641216039286e-14
2.855141141141141503e+01 6.696576061213549896e-14
2.859144144144144661e+01 6.501357337262579378e-14
2.863147147147147820e+01 6.311998530878937424e-14
2.867150150150150623e+01 6.128318646387317060e-14
2.871153153153153781e+01 5.950142436773347603e-14
2.875156156156156584e+01 5.777300216049586400e-14
2.879159159159159742e+01 5.609627677911275893e-14
2.883162162162162545e+01 5.446965720465583082e-14
2.887165165165165703e+01 5.289160276825175419e-14
2.891168168168168862e+01 5.136062151365244342e-14
2.895171171171171665e+01 4.987526861449603644e-14
2.899174174174174823e+01 4.843414484437437896e-14
2.903177177177177626e+01 4.703589509791480540e-14
2.907180180180180784e+01 4.567920696111455786e-14
2.911183183183183587e+01 4.436280932925680198e-14
2.915186186186186745e+01 4.308547107077132825e-14
2.919189189189189548e+01 4.184599973548443122e-14
2.923192192192192707e+01 4.064324030573449308e-14
2.927195195195195865e+01 3.947607398889591758e-14
2.931198198198198668e+01 3.834341704990854173e-14
2.935201201201201826e+01 3.724421968244140304e-14
2.939204204204204629e+01 3.617746491738777139e-14
2.943207207207207787e+01 3.514216756741924007e-14
2.947210210210210590e+01 3.413737320637900045e-14
2.951213213213213749e+01 3.316215718233069326e-14
2.955216216216216907e+01 3.221562366313007661e-14
2.959219219219219710e+01 3.129690471340917298e-14
2.963222222222222868e+01 3.040515940192549009e-14
2.967225225225225671e+01 2.953957293823638229e-14
2.971228228228228829e+01 2.869935583772240331e-14
2.975231231231231632e+01 2.788374311399697203e-14
2.979234234234234791e+01 2.709199349778152319e-14
2.983237237237237949e+01 2.632338868135813509e-14
2.987240240240240752e+01 2.557723258773983897e-14
2.991243243243243910e+01 2.485285066372416561e-14
2.995246246246246713e+01 2.414958919603727534e-14
2.999249249249249871e+01 2.346681464978602695e-14
3.003252252252252674e+01 2.280391302847641186e-14
3.007255255255255832e+01 2.216028925487571611e-14
3.011258258258258635e+01 2.153536657202177964e-14
3.015261261261261794e+01 2.092858596370333699e-14
3.019264264264264952e+01 2.033940559376872904e-14
3.023267267267267755e+01 1.976730026362826546e-14
3.027270270270270913e+01 1.921176088734730478e-14
3.031273273273273716e+01 1.867229398374713783e-14
3.035276276276276874e+01 1.814842118494206897e-14
3.039279279279279677e+01 1.763967876077308895e-14
3.043282282282282836e+01 1.714561715860641888e-14
3.047285285285285994e+01 1.666580055798964976e-14
3.051288288288288797e+01 1.619980643967094708e-14
3.055291291291291955e+01 1.574722516850937334e-14
3.059294294294294758e+01 1.530765958981268341e-14
3.063297297297297916e+01 1.488072463866299840e-14
3.067300300300300719e+01 1.446604696179861766e-14
3.071303303303303878e+01 1.406326455163878875e-14
3.075306306306307036e+01 1.367202639205194996e-14
3.079309309309309839e+01 1.329199211547996159e-14
3.083312312312312997e+01 1.292283167104390742e-14
3.087315315315315800e+01 1.256422500327345914e-14
3.091318318318318958e+01 1.221586174110708202e-14
3.095321321321321761e+01 1.187744089682880659e-14
3.099324324324324920e+01 1.154867057461472572e-14
3.103327327327327723e+01 1.122926768837496938e-14
3.107330330330330881e+01 1.091895768858621518e-14
3.111333333333334039e+01 1.061747429782086026e-14
3.115336336336336842e+01 1.032455925469025142e-14
3.119339339339340000e+01 1.003996206592446646e-14
3.123342342342342803e+01 9.763439766326235309e-15
3.127345345345345962e+01 9.494756686340076173e-15
3.131348348348348765e+01 9.233684226990815746e-15
3.135351351351351923e+01 8.980000641949237296e-15
3.139354354354355081e+01 8.733490826495995518e-15
3.143357357357357884e+01 8.493946113157589136e-15
3.147360360360361042e+01 8.261164073798965951e-15
3.151363363363363845e+01 8.034948327963182088e-15
3.155366366366367004e+01 7.815108357255928800e-15
3.159369369369369807e+01 7.601459325579275147e-15
3.163372372372372965e+01 7.393821905024635694e-15
3.167375375375375768e+01 7.192022107244194180e-15
3.171378378378378926e+01 6.995891120121299952e-15
3.175381381381382084e+01 6.805265149571085603e-15
3.179384384384384887e+01 6.619985266304828574e-15
3.183387387387388046e+01 6.439897257398549019e-15
3.187390390390390849e+01 6.264851482511735249e-15
3.191393393393394007e+01 6.094702734605462769e-15
3.195396396396396810e+01 5.929310105016931403e-15
3.199399399399399968e+01 5.768536852749776860e-15
3.203402402402402771e+01 5.612250277845110852e-15
3.207405405405405929e+01 5.460321598702328599e-15
3.211408408408408377e+01 5.312625833224000829e-15
3.215411411411411535e+01 5.169041683661761143e-15
3.219414414414414694e+01 5.029451425045519098e-15
3.223417417417417852e+01 4.893740797081072235e-15
3.227420420420420299e+01 4.761798899405790118e-15
3.231423423423423458e+01 4.633518090095600428e-15
3.235426426426426616e+01 4.508793887318948667e-15
3.239429429429429774e+01 4.387524874038463614e-15
3.243432432432432933e+01 4.269612605662785053e-15
3.247435435435435380e+01 4.154961520555248125e-15
3.251438438438438538e+01 4.043478853308642177e-15
3.255441441441441697e+01 3.935074550697986725e-15
3.259444444444444855e+01 3.829661190227135710e-15
3.263447447447448013e+01 3.727153901186525606e-15
3.267450450450450461e+01 3.627470288142702435e-15
3.271453453453453619e+01 3.530530356783137380e-15
3.275456456456456777e+01 3.436256442041500827e-15
3.279459459459459936e+01 3.344573138431793094e-15
3.283462462462462383e+01 3.255407232521272309e-15
3.287465465465465542e+01 3.168687637475179531e-15
3.291468468468468700e+01 3.084345329608156389e-15
3.295471471471471858e+01 3.002313286878487128e-15
3.299474474474475016e+01 2.922526429265181228e-15
3.303477477477477464e+01 2.844921560967830374e-15
3.307480480480480622e+01 2.769437314372548303e-15
3.311483483483483781e+01 2.696014095728724316e-15
3.315486486486486939e+01 2.624594032482595342e-15
3.319489489489489387e+01 2.555120922215988997e-15
3.323492492492492545e+01 2.487540183140256623e-15
3.327495495495495703e+01 2.421798806096611959e-15
3.331498498498498861e+01 2.357845308015434913e-15
3.335501501501502020e+01 2.295629686789989931e-15
3.339504504504504467e+01 2.235103377519644762e-15
3.343507507507507626e+01 2.176219210080169798e-15
3.347510510510510784e+01 2.118931367980032560e-15
3.351513513513513942e+01 2.063195348462480245e-15
3.355516516516517100e+01 2.008967923814726986e-15
3.359519519519519548e+01 1.956207103846994608e-15
3.363522522522522706e+01 1.904872099504667675e-15
3.367525525525525865e+01 1.854923287579051726e-15
3.371528528528529023e+01 1.806322176482154602e-15
3.375531531531531471e+01 1.759031373052965125e-15
3.379534534534534629e+01 1.713014550363091150e-15
3.383537537537537787e+01 1.668236416491081731e-15
3.387540540540540945e+01 1.624662684235306407e-15
3.391543543543544104e+01 1.582260041736772331e-15
3.395546546546546551e+01 1.540996123983398601e-15
3.399549549549549710e+01 1.500839485169080346e-15
3.403552552552552868e+01 1.461759571880856592e-15
3.407555555555556026e+01 1.423726697089020593e-15
3.411558558558558474e+01 1.386712014915246991e-15
3.415561561561561632e+01 1.350687496155090883e-15
3.419564564564564790e+01 1.315625904531530011e-15
3.423567567567567949e+01 1.281500773657336923e-15
3.427570570570571107e+01 1.248286384684394774e-15
3.431573573573573555e+01 1.215957744619074208e-15
3.435576576576576713e+01 1.184490565283207318e-15
3.439579579579579871e+01 1.153861242901091743e-15
3.443582582582583029e+01 1.124046838293230179e-15
3.447585585585585477e+01 1.095025057658438640e-15
3.451588588588588635e+01 1.066774233926322841e-15
3.455591591591591794e+01 1.039273308662818071e-15
3.459594594594594952e+01 1.012501814511886057e-15
3.463597597597598110e+01 9.864398581571879283e-16
3.467600600600600558e+01 9.610681037877507429e-16
3.471603603603603716e+01 9.363677570525741456e-16
3.475606606606606874e+01 9.123205494891536966e-16
3.479609609609610033e+01 8.889087234116340055e-16
3.483612612612613191e+01 8.661150172446539788e-16
3.487615615615615638e+01 8.439226512894800534e-16
3.491618618618618797e+01 8.223153139091887529e-16
3.495621621621621955e+01 8.012771481204633564e-16
3.499624624624625113e+01 7.807927385795257901e-16
3.503627627627627561e+01 7.608470989504225943e-16
3.507630630630630719e+01 7.414256596441369494e-16
3.511633633633633877e+01 7.225142559173655610e-16
3.515636636636637036e+01 7.040991163200629811e-16
3.519639639639640194e+01 6.861668514813706751e-16
3.523642642642642642e+01 6.687044432237117311e-16
3.527645645645645800e+01 6.516992339951828594e-16
3.531648648648648958e+01 6.351389166107488532e-16
3.535651651651652116e+01 6.190115242929298659e-16
3.539654654654654564e+01 6.033054210030825646e-16
3.543657657657657722e+01 5.880092920544512551e-16
3.547660660660660881e+01 5.731121349987440036e-16
3.551663663663664039e+01 5.586032507779086086e-16
3.555666666666667197e+01 5.444722351332279988e-16
3.559669669669669645e+01 5.307089702641439481e-16
3.563672672672672803e+01 5.173036167292386050e-16
3.567675675675675961e+01 5.042466055822324772e-16
3.571678678678679120e+01 4.915286307360155786e-16
3.575681681681682278e+01 4.791406415478801045e-16
3.579684684684684726e+01 4.670738356194213871e-16
3.583687687687687884e+01 4.553196518047078930e-16
3.587690690690691042e+01 4.438697634205622153e-16
3.591693693693694200e+01 4.327160716529458866e-16
3.595696696696696648e+01 4.218506991536390370e-16
3.599699699699699806e+01 4.112659838215816907e-16
3.603702702702702965e+01 4.009544727634322803e-16
3.607705705705706123e+01 3.909089164280265532e-16
3.611708708708709281e+01 3.811222629095863001e-16
3.615711711711711729e+01 3.715876524147405720e-16
3.619714714714714887e+01 3.622984118885041945e-16
3.623717717717718045e+01 3.532480497945034866e-16
3.627720720720721204e+01 3.444302510449884731e-16
3.631723723723723651e+01 3.358388720760947518e-16
3.635726726726726810e+01 3.274679360642367179e-16
3.639729729729729968e+01 3.193116282793541045e-16
3.643732732732733126e+01 3.113642915710835080e-16
3.647735735735736284e+01 3.036204219839116298e-16
3.651738738738738732e+01 2.960746644975282870e-16
3.655741741741741890e+01 2.887218088887544264e-16
3.659744744744745049e+01 2.815567857114152459e-16
3.663747747747748207e+01 2.745746623908025616e-16
3.667750750750751365e+01 2.677706394292835342e-16
3.671753753753753813e+01 2.611400467198762032e-16
3.675756756756756971e+01 2.546783399646059134e-16
3.679759759759760129e+01 2.483810971946191292e-16
3.683762762762763288e+01 2.422440153890530686e-16
3.687765765765765735e+01 2.362629071898112505e-16
3.691768768768768894e+01 2.304336977094550976e-16
3.695771771771772052e+01 2.247524214294895824e-16
3.699774774774775210e+01 2.192152191864280646e-16
3.703777777777778368e+01 2.138183352430971717e-16
3.707780780780780816e+01 2.085581144426786944e-16
3.711783783783783974e+01 2.034309994431313051e-16
3.715786786786787133e+01 1.984335280296270693e-16
3.719789789789790291e+01 1.935623305027840313e-16
3.723792792792792739e+01 1.888141271404571199e-16
3.727795795795795897e+01 1.841857257310007650e-16
3.731798798798799055e+01 1.796740191759208777e-16
3.735801801801802213e+01 1.752759831599222745e-16
3.739804804804805372e+01 1.709886738863997065e-16
3.743807807807807819e+01 1.668092258764948561e-16
3.747810810810810978e+01 1.627348498298790624e-16
3.751813813813814136e+01 1.587628305455176769e-16
3.755816816816817294e+01 1.548905249006381299e-16
3.759819819819820452e+01 1.511153598862678530e-16
3.763822822822822900e+01 1.474348306977359874e-16
3.767825825825826058e+01 1.438464988784925976e-16
3.771828828828829216e+01 1.403479905158102070e-16
3.775831831831832375e+01 1.369369944867876412e-16
3.779834834834834822e+01 1.336112607532927553e-16
3.783837837837837981e+01 1.303685987044060260e-16
3.787840840840841139e+01 1.272068755450134690e-16
3.791843843843844297e+01 1.241240147292334293e-16
3.795846846846847455e+01 1.211179944373975912e-16
3.799849849849849903e+01 1.181868460953536354e-16
3.803852852852853061e+01 1.153286529348554705e-16
3.807855855855856220e+01 1.125415485939176258e-16
3.811858858858859378e+01 1.098237157559446233e-16
3.815861861861861826e+01 1.071733848265725844e-16
3.819864864864864984e+01 1.045888326471344560e-16
3.823867867867868142e+01 1.020683812437090025e-16
3.827870870870871300e+01 9.961039661075557861e-17
3.831873873873874459e+01 9.721328752833685072e-17
3.835876876876876906e+01 9.487550441198903096e-17
3.839879879879880065e+01 9.259553819432251342e-17
3.843882882882883223e+01 9.037191923743536790e-17
3.847885885885886381e+01 8.820321627528699420e-17
3.851888888888889539e+01 8.608803538517871009e-17
3.855891891891891987e+01 8.402501898751661752e-17
3.859894894894895145e+01 8.201284487306795983e-17
3.863897897897898304e+01 8.005022525692548680e-17
3.867900900900901462e+01 7.813590585843673246e-17
3.871903903903903910e+01 7.626866500636505841e-17
3.875906906906907068e+01 7.444731276856379776e-17
3.879909909909910226e+01 7.267069010549298049e-17
3.883912912912913384e+01 7.093766804689466066e-17
3.887915915915916543e+01 6.924714689097814304e-17
3.891918918918918990e+01 6.759805542548959174e-17
3.895921921921922149e+01 6.598935017005200367e-17
3.899924924924925307e+01 6.442001463917572880e-17
3.903927927927928465e+01 6.288905862536269530e-17
3.907930930930930913e+01 6.139551750174758844e-17
3.911933933933934071e+01 5.993845154372057594e-17
3.915936936936937229e+01 5.851694526901448148e-17
3.919939939939940388e+01 5.713010679572318561e-17
3.923942942942943546e+01 5.577706721777459732e-17
3.927945945945945994e+01 5.445697999734889398e-17
3.931948948948949152e+01 5.316902037378567983e-17
3.935951951951952310e+01 5.191238478851827743e-17
3.939954954954955468e+01 5.068629032558005942e-17
3.943957957957957916e+01 4.948997416726872408e-17
3.947960960960961074e+01 4.832269306452541521e-17
3.951963963963964233e+01 4.718372282164289025e-17
3.955966966966967391e+01 4.607235779488625497e-17
3.959969969969970549e+01 4.498791040465215993e-17
3.963972972972972997e+01 4.392971066079186666e-17
3.967975975975976155e+01 4.289710570072415892e-17
3.971978978978979313e+01 4.188945933999769930e-17
3.975981981981982472e+01 4.090615163494959400e-17
3.979984984984985630e+01 3.994657845712926342e-17
3.983987987987988078e+01 3.901015107916441965e-17
3.987990990990991236e+01 3.809629577174805372e-17
3.991993993993994394e+01 3.720445341145386384e-17
3.995996996996997552e+01 3.633407909906013672e-17
4.000000000000000000e+01 3.548464178811711100e-17
