1.000000000000000021e-02 0.000000000000000000e+00
5.003003003003003712e-02 0.000000000000000000e+00
9.006006006006006537e-02 0.000000000000000000e+00
1.300900900900901214e-01 0.000000000000000000e+00
1.701201201201201496e-01 0.000000000000000000e+00
2.101501501501501779e-01 0.000000000000000000e+00
2.501801801801802339e-01 9.053975181911445641e-297
2.902102102102102621e-01 1.868682142009263662e-272
3.302402402402402903e-01 3.892287098706825462e-252
3.702702702702703186e-01 8.346372559982838266e-235
4.103003003003003468e-01 8.798812809078752864e-220
4.503303303303303751e-01 1.368935217665420774e-206
4.903603603603604588e-01 6.996343057387825999e-195
5.303903903903904871e-01 2.138479538107032953e-184
5.704204204204205153e-01 6.188732421721126151e-175
6.104504504504505435e-01 2.428999205950786375e-166
6.504804804804805718e-01 1.720967661211092067e-158
6.905105105105106000e-01 2.772963481803115651e-151
7.305405405405406283e-01 1.227494987318907645e-144
7.705705705705706565e-01 1.745576549161784208e-138
8.106006006006006848e-01 9.089012080568855875e-133
8.506306306306307130e-01 1.935097116004937587e-127
8.906606606606607413e-01 1.850548436458486411e-122
9.306906906906907695e-01 8.615736830503116047e-118
9.707207207207209088e-01 2.093513805667987376e-113
1.010750750750750937e+00 2.820197790296992236e-109
1.050780780780780965e+00 2.220322743200821591e-105
1.090810810810810993e+00 1.070055345797292818e-101
1.130840840840841022e+00 3.288555573724058718e-98
1.170870870870871050e+00 6.682689997844160838e-95
1.210900900900901078e+00 9.273713550771738108e-92
1.250930930930931106e+00 9.045459910762305750e-89
1.290960960960961135e+00 6.363694597418886543e-86
1.330990990990991163e+00 3.305164106089975395e-83
1.371021021021021191e+00 1.294204397345598552e-80
1.411051051051051219e+00 3.894018584252629058e-78
1.451081081081081248e+00 9.159637796879533905e-76
1.491111111111111276e+00 1.711087441497592293e-73
1.531141141141141304e+00 2.575210094907775639e-71
1.571171171171171332e+00 3.163753204039966132e-69
1.611201201201201361e+00 3.211232613564013113e-67
1.651231231231231389e+00 2.722866508903470285e-65
1.691261261261261417e+00 1.948463488129321236e-63
1.731291291291291445e+00 1.187827016854821330e-61
1.771321321321321474e+00 6.222773400388440730e-60
1.811351351351351502e+00 2.824100800081823645e-58
1.851381381381381530e+00 1.118624189333072045e-56
1.891411411411411558e+00 3.894111852631598609e-55
1.931441441441441809e+00 1.199101319085884168e-53
1.971471471471471837e+00 3.285781424537686774e-52
2.011501501501501643e+00 8.057389902943736875e-51
2.051531531531531449e+00 1.777464158939807723e-49
2.091561561561561700e+00 3.544781156555829504e-48
2.131591591591591506e+00 6.420322933786505388e-47
2.171621621621621756e+00 1.060659849753660082e-45
2.211651651651651562e+00 1.604745023524115062e-44
2.251681681681681813e+00 2.232030549647932259e-43
2.291711711711711619e+00 2.864274487453824922e-42
2.331741741741741869e+00 3.402637487930681872e-41
2.371771771771771675e+00 3.753928113257938403e-40
2.411801801801801926e+00 3.857719647355221366e-39
2.451831831831831732e+00 3.703250381292622330e-38
2.491861861861861982e+00 3.329733804215159985e-37
2.531891891891891788e+00 2.811343850885313033e-36
2.571921921921922038e+00 2.234304188365806488e-35
2.611951951951952289e+00 1.675275120434967104e-34
2.651981981981982095e+00 1.187644405455137373e-33
2.692012012012012345e+00 7.976946991199183284e-33
2.732042042042042151e+00 5.086114555695850959e-32
2.772072072072072402e+00 3.084198323097842041e-31
2.812102102102102208e+00 1.781860697041961189e-30
2.852132132132132458e+00 9.824544748866396175e-30
2.892162162162162264e+00 5.177926527848947192e-29
2.932192192192192515e+00 2.612577942845611346e-28
2.972222222222222321e+00 1.263825891346312522e-27
3.012252252252252571e+00 5.869699372593093814e-27
3.052282282282282377e+00 2.620800895204790133e-26
3.092312312312312628e+00 1.126406561546622321e-25
3.132342342342342434e+00 4.665826649244179170e-25
3.172372372372372684e+00 1.864836872448118561e-24
3.212402402402402490e+00 7.199741743501174849e-24
3.252432432432432741e+00 2.687951553778348380e-23
3.292462462462462547e+00 9.714036593578581341e-23
3.332492492492492797e+00 3.401565712631036600e-22
3.372522522522522603e+00 1.155230239598666968e-21
3.412552552552552854e+00 3.808571081117297041e-21
3.452582582582582660e+00 1.219936117510608387e-20
3.492612612612612910e+00 3.799762652323407002e-20
3.532642642642642716e+00 1.151778503801831265e-19
3.572672672672672967e+00 3.400242973009247310e-19
3.612702702702702773e+00 9.783675460404762176e-19
3.652732732732733023e+00 2.745716626036308359e-18
3.692762762762762829e+00 7.520901607777558628e-18
3.732792792792793080e+00 2.012021116798109912e-17
3.772822822822822886e+00 5.260427154001292393e-17
3.812852852852853136e+00 1.344939457058013431e-16
3.852882882882883386e+00 3.364616303620014663e-16
3.892912912912913193e+00 8.240776809266798313e-16
3.932942942942943443e+00 1.977154221852564717e-15
3.972972972972973249e+00 4.649265901484415994e-15
4.013003003003003499e+00 1.072070526118843462e-14
4.053033033033033306e+00 2.425345006699922960e-14
4.093063063063063112e+00 5.385718689809127410e-14
4.133093093093093806e+00 1.174452784848882100e-13
4.173123123123123612e+00 2.516195114482343617e-13
4.213153153153153418e+00 5.298569230367148547e-13
4.253183183183183225e+00 1.097137357921988489e-12
4.293213213213213919e+00 2.234745851953584090e-12
4.333243243243243725e+00 4.479515323494309958e-12
4.373273273273273531e+00 8.839653536533963939e-12
4.413303303303303338e+00 1.717912992626087537e-11
4.453333333333334032e+00 3.289153655559146856e-11
4.493363363363363838e+00 6.206329196346063145e-11
4.533393393393393644e+00 1.154513601478508921e-10
4.573423423423423451e+00 2.117963229370079847e-10
4.613453453453454145e+00 3.832923412884708661e-10
4.653483483483483951e+00 6.844904167164714968e-10
4.693513513513513757e+00 1.206588823029927825e-09
4.733543543543543564e+00 2.100058080525231164e-09
4.773573573573574258e+00 3.609982698785700939e-09
4.813603603603604064e+00 6.130542930348247826e-09
4.853633633633633870e+00 1.028791946670491827e-08
4.893663663663663677e+00 1.706485080636050907e-08
4.933693693693694371e+00 2.798543875625119135e-08
4.973723723723724177e+00 4.538598302874817062e-08
5.013753753753753983e+00 7.280710340967583729e-08
5.053783783783783790e+00 1.155547186320371793e-07
5.093813813813814484e+00 1.814931955699183781e-07
5.133843843843844290e+00 2.821538026353161584e-07
5.173873873873874096e+00 4.342661513905325317e-07
5.213903903903904791e+00 6.618502146103812552e-07
5.253933933933934597e+00 9.990423056923212425e-07
5.293963963963964403e+00 1.493870475221983140e-06
5.333993993993994209e+00 2.213243266179833009e-06
5.374024024024024904e+00 3.249470472134903984e-06
5.414054054054054710e+00 4.728694821842592686e-06
5.454084084084084516e+00 6.821678176346294892e-06
5.494114114114114322e+00 9.757453022926861796e-06
5.534144144144145017e+00 1.384041719028319061e-05
5.574174174174174823e+00 1.947151338558071774e-05
5.614204204204204629e+00 2.717419111864575841e-05
5.654234234234234435e+00 3.762589175856495403e-05
5.694264264264265130e+00 5.169582204035130194e-05
5.734294294294294936e+00 7.048978087432914222e-05
5.774324324324324742e+00 9.540277198854435795e-05
5.814354354354354548e+00 1.281800638374531553e-04
5.854384384384385243e+00 1.709872416896880600e-04
5.894414414414415049e+00 2.264896289139028008e-04
5.934444444444444855e+00 2.979412304436816327e-04
5.974474474474474661e+00 3.892830681359911319e-04
6.014504504504505356e+00 5.052504343555837838e-04
6.054534534534535162e+00 6.514881884081244771e-04
6.094564564564564968e+00 8.346727652865051266e-04
6.134594594594594774e+00 1.062639065868266558e-03
6.174624624624625469e+00 1.344509864068236041e-03
6.214654654654655275e+00 1.690824814957437965e-03
6.254684684684685081e+00 2.113665597362035086e-03
6.294714714714714887e+00 2.626773196821464724e-03
6.334744744744745581e+00 3.245652854291884541e-03
6.374774774774775388e+00 3.987661798505522104e-03
6.414804804804805194e+00 4.872074571917095823e-03
6.454834834834835888e+00 5.920120577621392627e-03
6.494864864864865694e+00 7.154988441646367194e-03
6.534894894894895501e+00 8.601791922654877104e-03
6.574924924924925307e+00 1.028749242597614723e-02
6.614954954954956001e+00 1.224077370210695064e-02
6.654984984984985807e+00 1.449186503581263719e-02
6.695015015015015614e+00 1.707231015770160551e-02
6.735045045045045420e+00 2.001468022463057453e-02
6.775075075075076114e+00 2.335223049929407643e-02
6.815105105105105920e+00 2.711850178554450763e-02
6.855135135135135727e+00 3.134686920952099026e-02
6.895165165165165533e+00 3.607004253598358051e-02
6.935195195195196227e+00 4.131952382737402729e-02
6.975225225225226033e+00 4.712502983916760924e-02
7.015255255255255840e+00 5.351388804602563026e-02
7.055285285285285646e+00 6.051041655593187435e-02
7.095315315315316340e+00 6.813529934260370569e-02
7.135345345345346146e+00 7.640496916263163352e-02
7.175375375375375953e+00 8.533101118151124875e-02
7.215405405405405759e+00 9.491960067811726354e-02
7.255435435435436453e+00 1.051709882055094913e-01
7.295465465465466259e+00 1.160790452427998970e-01
7.335495495495496066e+00 1.276308826748202563e-01
7.375525525525525872e+00 1.398065533915876235e-01
7.415555555555556566e+00 1.525788489275294313e-01
7.455585585585586372e+00 1.659131983913169073e-01
7.495615615615616179e+00 1.797676760112154326e-01
7.535645645645645985e+00 1.940931214866634669e-01
7.575675675675676679e+00 2.088333750501650543e-01
7.615705705705706485e+00 2.239256267651234256e-01
7.655735735735736291e+00 2.393008771787561717e-01
7.695765765765766986e+00 2.548845040792576122e-01
7.735795795795796792e+00 2.705969278363766217e-01
7.775825825825826598e+00 2.863543656945365390e-01
7.815855855855856404e+00 3.020696634923566992e-01
7.855885885885887099e+00 3.176531916501669217e-01
7.895915915915916905e+00 3.330137909373129257e-01
7.935945945945946711e+00 3.480597525345637266e-01
7.975975975975976517e+00 3.626998162639402667e-01
8.016006006006007212e+00 3.768441705792585639e-01
8.056036036036037018e+00 3.904054379952222043e-01
8.096066066066066824e+00 4.032996300710530169e-01
8.136096096096096630e+00 4.154470568369889039e-01
8.176126126126126437e+00 4.267731766306832597e-01
8.216156156156156243e+00 4.372093736607641778e-01
8.256186186186187825e+00 4.466936521956895167e-01
8.296216216216217632e+00 4.551712380424746129e-01
8.336246246246247438e+00 4.625950798836881428e-01
8.376276276276277244e+00 4.689262450330252685e-01
8.416306306306307050e+00 4.741342062003469082e-01
8.456336336336336856e+00 4.781970178784995529e-01
8.496366366366366663e+00 4.811013829314208512e-01
8.536396396396396469e+00 4.828426118346020313e-01
8.576426426426428051e+00 4.834244787583329428e-01
8.616456456456457857e+00 4.828589802600296021e-01
8.656486486486487664e+00 4.811660037389606237e-01
8.696516516516517470e+00 4.783729139856149337e-01
8.736546546546547276e+00 4.745140671157513923e-01
8.776576576576577082e+00 4.696302619089644526e-01
8.816606606606606888e+00 4.637681390722961372e-01
8.856636636636636695e+00 4.569795392254090149e-01
8.896666666666668277e+00 4.493208304643442341e-01
8.936696696696698083e+00 4.408522162194639105e-01
8.976726726726727890e+00 4.316370337969014370e-01
9.016756756756757696e+00 4.217410535017026008e-01
9.056786786786787502e+00 4.112317876069025990e-01
9.096816816816817308e+00 4.001778176795126596e-01
9.136846846846847114e+00 3.886481479259795702e-01
9.176876876876878697e+00 3.767115913003499794e-01
9.216906906906908503e+00 3.644361941517553216e-01
9.256936936936938309e+00 3.518887041966319296e-01
9.296966966966968116e+00 3.391340856063873588e-01
9.336996996996997922e+00 3.262350840223192661e-01
9.377027027027027728e+00 3.132518433636807820e-01
9.417057057057057534e+00 3.002415753967200285e-01
9.457087087087087340e+00 2.872582821947969878e-01
9.497117117117118923e+00 2.743525308522227202e-01
9.537147147147148729e+00 2.615712791249651947e-01
9.577177177177178535e+00 2.489577500649633179e-01
9.617207207207208342e+00 2.365513531945544479e-01
9.657237237237238148e+00 2.243876493344413303e-01
9.697267267267267954e+00 2.124983558518249438e-01
9.737297297297297760e+00 2.009113888323263153e-01
9.777327327327327566e+00 1.896509384963139810e-01
9.817357357357359149e+00 1.787375740721129369e-01
9.857387387387388955e+00 1.681883742995729791e-01
9.897417417417418761e+00 1.580170797607637068e-01
9.937447447447448567e+00 1.482342633134161869e-01
9.977477477477478374e+00 1.388475150294632421e-01
1.001750750750750818e+01 1.298616382086455467e-01
1.005753753753753799e+01 1.212788532379759365e-01
1.009756756756756779e+01 1.130990062951632430e-01
1.013759759759759937e+01 1.053197801408612272e-01
1.017762762762762918e+01 9.793690450476967568e-02
1.021765765765765899e+01 9.094436383824526515e-02
1.025768768768768879e+01 8.433460047602274468e-02
1.029771771771771860e+01 7.809871151726613392e-02
1.033774774774774841e+01 7.222663799745017432e-02
1.037777777777777821e+01 6.670734517408431763e-02
1.041780780780780979e+01 6.152899298826758345e-02
1.045783783783783960e+01 5.667909598824416584e-02
1.049786786786786941e+01 5.214467220879431125e-02
1.053789789789789921e+01 4.791238069034509800e-02
1.057792792792792902e+01 4.396864749324442406e-02
1.061795795795795883e+01 4.029978021553529827e-02
1.065798798798798863e+01 3.689207115672046150e-02
1.069801801801801844e+01 3.373188938582311058e-02
1.073804804804805002e+01 3.080576207011291590e-02
1.077807807807807983e+01 2.810044550203573757e-02
1.081810810810810963e+01 2.560298632708059297e-02
1.085813813813813944e+01 2.330077352576403679e-02
1.089816816816816925e+01 2.118158173970981217e-02
1.093819819819819905e+01 1.923360655630429114e-02
1.097822822822822886e+01 1.744549237985456441e-02
1.101825825825825866e+01 1.580635352087286782e-02
1.105828828828829025e+01 1.430578913031693017e-02
1.109831831831832005e+01 1.293389259356826290e-02
1.113834834834834986e+01 1.168125598076038239e-02
1.117837837837837967e+01 1.053897012691052890e-02
1.121840840840840947e+01 9.498620888143211038e-03
1.125843843843843928e+01 8.552282090081134852e-03
1.129846846846846908e+01 7.692505652040934790e-03
1.133849849849849889e+01 6.912309336784583889e-03
1.137852852852853047e+01 6.205162540893629543e-03
1.141855855855856028e+01 5.564970505947983842e-03
1.145858858858859008e+01 4.986057296094381988e-03
1.149861861861861989e+01 4.463147853711254241e-03
1.153864864864864970e+01 3.991349412058759448e-03
1.157867867867867950e+01 3.566132512328919375e-03
1.161870870870870931e+01 3.183311842602435174e-03
1.165873873873874089e+01 2.839027088032056514e-03
1.169876876876877070e+01 2.529723955230499515e-03
1.173879879879880050e+01 2.252135509401997741e-03
1.177882882882883031e+01 2.003263940265373293e-03
1.181885885885886012e+01 1.780362852259247510e-03
1.185888888888888992e+01 1.580920155877312992e-03
1.189891891891891973e+01 1.402641620199912521e-03
1.193894894894894954e+01 1.243435131695628344e-03
1.197897897897898112e+01 1.101395691084251045e-03
1.201900900900901092e+01 9.747911683828018679e-04
1.205903903903904073e+01 8.620488260986449184e-04
1.209906906906907054e+01 7.617426117829731707e-04
1.213909909909910034e+01 6.725812137019757152e-04
1.217912912912913015e+01 5.933968671168663150e-04
1.221915915915915996e+01 5.231348934751530984e-04
1.225918918918918976e+01 4.608439506029204957e-04
1.229921921921922134e+01 4.056669686470546583e-04
1.233924924924925115e+01 3.568327439518236628e-04
1.237927927927928096e+01 3.136481611749201200e-04
1.241930930930931076e+01 2.754910126669352045e-04
1.245933933933934057e+01 2.418033833771194273e-04
1.249936936936937038e+01 2.120855692325724685e-04
1.253939939939940018e+01 1.858904970012506986e-04
1.257942942942942999e+01 1.628186140295829695e-04
1.261945945945946157e+01 1.425132168884241676e-04
1.265948948948949138e+01 1.246561888166575205e-04
1.269951951951952118e+01 1.089641168762987958e-04
1.273954954954955099e+01 9.518476088736044444e-05
1.277957957957958079e+01 8.309384746113696334e-05
1.281960960960961060e+01 7.249216376732561112e-05
1.285963963963964041e+01 6.320292702797052358e-05
1.289966966966967199e+01 5.506940710801558363e-05
1.293969969969970180e+01 4.795278094984640067e-05
1.297972972972973160e+01 4.173019896237653082e-05
1.301975975975976141e+01 3.629304481151731656e-05
1.305978978978979121e+01 3.154537135813575402e-05
1.309981981981982102e+01 2.740249674397000302e-05
1.313984984984985083e+01 2.378974582938029616e-05
1.317987987987988063e+01 2.064132333487570691e-05
1.321990990990991222e+01 1.789930612805793036e-05
1.325993993993994202e+01 1.551274312718572976e-05
1.329996996996997183e+01 1.343685226118456974e-05
1.334000000000000163e+01 1.163230483371134468e-05
1.338003003003003144e+01 1.006458848652705366e-05
1.342006006006006125e+01 8.703440746345142811e-06
1.346009009009009105e+01 7.522345871206861560e-06
1.350012012012012086e+01 6.498088389459483830e-06
1.354015015015015244e+01 5.610357348939614887e-06
1.358018018018018225e+01 4.841395868555391643e-06
1.362021021021021205e+01 4.175691111810703007e-06
1.366024024024024186e+01 3.599700284652845771e-06
1.370027027027027167e+01 3.101608701128211345e-06
1.374030030030030147e+01 2.671116362443300189e-06
1.378033033033033128e+01 2.299249860838264429e-06
1.382036036036036108e+01 1.978196751824528273e-06
1.386039039039039267e+01 1.701159839338039222e-06
1.390042042042042247e+01 1.462229090648126761e-06
1.394045045045045228e+01 1.256269143745189862e-06
1.398048048048048209e+01 1.078820591599480575e-06
1.402051051051051189e+01 9.260134271967962556e-07
1.406054054054054170e+01 7.944912125497630998e-07
1.410057057057057150e+01 6.813446957596795738e-07
1.414060060060060309e+01 5.840537443459226121e-07
1.418063063063063289e+01 5.004365920222235757e-07
1.422066066066066270e+01 4.286055113231171749e-07
1.426069069069069251e+01 3.669281272952536618e-07
1.430072072072072231e+01 3.139936790835855018e-07
1.434075075075075212e+01 2.685836177792310619e-07
1.438078078078078192e+01 2.296460013730257602e-07
1.442081081081081173e+01 1.962732120050497736e-07
1.446084084084084331e+01 1.676825777627963223e-07
1.450087087087087312e+01 1.431995318246094485e-07
1.454090090090090293e+01 1.222429864664254359e-07
1.458093093093093273e+01 1.043126389762934171e-07
1.462096096096096254e+01 8.897796141900648166e-08
1.466099099099099234e+01 7.586865697292775743e-08
1.470102102102102215e+01 6.466639268104806391e-08
1.474105105105105196e+01 5.509764233022894316e-08
1.478108108108108354e+01 4.692749416494817784e-08
1.482111111111111335e+01 3.995429658493143628e-08
1.486114114114114315e+01 3.400503116403332913e-08
1.490117117117117296e+01 2.893131652382759211e-08
1.494120120120120276e+01 2.460595903346745852e-08
1.498123123123123257e+01 2.091997719571578749e-08
1.502126126126126238e+01 1.778003610272622946e-08
1.506129129129129218e+01 1.510623666811630088e-08
1.510132132132132377e+01 1.283021160965456858e-08
1.514135135135135357e+01 1.089348649810526165e-08
1.518138138138138338e+01 9.246069716230201384e-09
1.522141141141141318e+01 7.845239988089468226e-09
1.526144144144144299e+01 6.654504331178608482e-09
1.530147147147147280e+01 5.642702930696437673e-09
1.534150150150150260e+01 4.783240605017652265e-09
1.538153153153153418e+01 4.053427284658631592e-09
1.542156156156156399e+01 3.433912316755762668e-09
1.546159159159159380e+01 2.908199479833700412e-09
1.550162162162162360e+01 2.462231390282456407e-09
1.554165165165165341e+01 2.084033538197766530e-09
1.558168168168168322e+01 1.763409537368946540e-09
1.562171171171171302e+01 1.491680339553931509e-09
1.566174174174174283e+01 1.261461170651870999e-09
1.570177177177177441e+01 1.066470816818145624e-09
1.574180180180180422e+01 9.013686401346730701e-10
1.578183183183183402e+01 7.616153519968071422e-10
1.582186186186186383e+01 6.433541316889722710e-10
1.586189189189189364e+01 5.433091596944119154e-10
1.590192192192192344e+01 4.586990505436882754e-10
1.594195195195195325e+01 3.871630275100856874e-10
1.598198198198198305e+01 3.266979890693717760e-10
1.602201201201201641e+01 2.756048815723992421e-10
1.606204204204204444e+01 2.324430199430830325e-10
1.610207207207207603e+01 1.959911935279350467e-10
1.614210210210210406e+01 1.652145619173006027e-10
1.618213213213213564e+01 1.392364894630573980e-10
1.622216216216216722e+01 1.173145906457739137e-10
1.626219219219219525e+01 9.882036425551743971e-11
1.630222222222222683e+01 8.322188501531104252e-11
1.634225225225225486e+01 7.006909892429052397e-11
1.638228228228228645e+01 5.898133506599378872e-11
1.642231231231231448e+01 4.963670349891110995e-11
1.646234234234234606e+01 4.176309748384855638e-11
1.650237237237237764e+01 3.513055987939634220e-11
1.654240240240240567e+01 2.954480906143420592e-11
1.658243243243243725e+01 2.484175006272358442e-11
1.662246246246246528e+01 2.088282252950182377e-11
1.666249249249249686e+01 1.755105919342015716e-11
1.670252252252252489e+01 1.474774740862613604e-11
1.674255255255255648e+01 1.238960237624592080e-11
1.678258258258258806e+01 1.040637437607965600e-11
1.682261261261261609e+01 8.738823994033560786e-12
1.686264264264264767e+01 7.337009270235354491e-12
1.690267267267267570e+01 6.158837150673862614e-12
1.694270270270270728e+01 5.168838821766833859e-12
1.698273273273273531e+01 4.337134628228845361e-12
1.702276276276276690e+01 3.638559478736074628e-12
1.706279279279279493e+01 3.051924066861047355e-12
1.710282282282282651e+01 2.559390992403798723e-12
1.714285285285285809e+01 2.145948059514954628e-12
1.718288288288288612e+01 1.798963737263668458e-12
1.722291291291291770e+01 1.507812067544975963e-12
1.726294294294294573e+01 1.263556255805483902e-12
1.730297297297297732e+01 1.058681834294239866e-12
1.734300300300300535e+01 8.868716899636450714e-13
1.738303303303303693e+01 7.428164376787471698e-13
1.742306306306306851e+01 6.220546263357508867e-13
1.746309309309309654e+01 5.208381182955057079e-13
1.750312312312312812e+01 4.360187045764299027e-13
1.754315315315315615e+01 3.649526293717562930e-13
1.758318318318318774e+01 3.054202145384912966e-13
1.762321321321321577e+01 2.555582120836076110e-13
1.766324324324324735e+01 2.138028825176239005e-13
1.770327327327327538e+01 1.788421095913274244e-13
1.774330330330330696e+01 1.495751261448424720e-13
1.778333333333333854e+01 1.250786490155010464e-13
1.782336336336336657e+01 1.045784094796895897e-13
1.786339339339339816e+01 8.742522488784926797e-14
1.790342342342342619e+01 7.307489152131574524e-14
1.794345345345345777e+01 6.107129209062019421e-14
1.798348348348348580e+01 5.103220695697144146e-14
1.802351351351351738e+01 4.263739884079690412e-14
1.806354354354354896e+01 3.561860881200932988e-14
1.810357357357357699e+01 2.975115870380835134e-14
1.814360360360360858e+01 2.484690342098530155e-14
1.818363363363363661e+01 2.074831733227107213e-14
1.822366366366366819e+01 1.732353323395381060e-14
1.826369369369369622e+01 1.446218125418353056e-14
1.830372372372372780e+01 1.207189938295000659e-14
1.834375375375375938e+01 1.007540777888460725e-14
1.838378378378378741e+01 8.408056225884393034e-15
1.842381381381381900e+01 7.015768601001679273e-15
1.846384384384384703e+01 5.853320401067043386e-15
1.850387387387387861e+01 4.882895622557809427e-15
1.854390390390390664e+01 4.072877903918947787e-15
1.858393393393393822e+01 3.396838080215190746e-15
1.862396396396396625e+01 2.832686384485243159e-15
1.866399399399399783e+01 2.361962641940842516e-15
1.870402402402402942e+01 1.969242096805140198e-15
1.874405405405405745e+01 1.641638117257520262e-15
1.878408408408408903e+01 1.368386051260894028e-15
1.882411411411411706e+01 1.140495047221002379e-15
1.886414414414414864e+01 9.504567860937069856e-16
1.890417417417417667e+01 7.920018610284267323e-16
1.894420420420420825e+01 6.598960418293551838e-16
1.898423423423423984e+01 5.497699206318260845e-16
1.902426426426426787e+01 4.579764910537608309e-16
1.906429429429429945e+01 3.814720983345559504e-16
1.910432432432432748e+01 3.177169400401932247e-16
1.914435435435435906e+01 2.645919188387567380e-16
1.918438438438438709e+01 2.203291699882329556e-16
1.922441441441441867e+01 1.834540227821818257e-16
1.926444444444445026e+01 1.527365209155580343e-16
1.930447447447447828e+01 1.271509330165377736e-16
1.934450450450450987e+01 1.058419410550338834e-16
1.938453453453453790e+01 8.809640904996862151e-17
1.942456456456456948e+01 7.331981422302336814e-17
1.946459459459459751e+01 6.101657316129188291e-17
1.950462462462462909e+01 5.077362141438212516e-17
1.954465465465465712e+01 4.224671025365937352e-17
1.958468468468468870e+01 3.514897240646411716e-17
1.962471471471472029e+01 2.924138225002427026e-17
1.966474474474474832e+01 2.432479755680079766e-17
1.970477477477477990e+01 2.023332139318035978e-17
1.974480480480480793e+01 1.682876583477741193e-17
1.978483483483483951e+01 1.399603515461072078e-17
1.982486486486486754e+01 1.163927622075418892e-17
1.986489489489489912e+01 9.678668975362421473e-18
1.990492492492493071e+01 8.047750867141894160e-18
1.994495495495495874e+01 6.691186652080671253e-18
1.998498498498499032e+01 5.562909629854569119e-18
2.002501501501501835e+01 4.624572620093449748e-18
2.006504504504504993e+01 3.844257200643898361e-18
2.010507507507507796e+01 3.195398260943439441e-18
2.014510510510510954e+01 2.655888045221312286e-18
2.018513513513513757e+01 2.207329804516566999e-18
2.022516516516516916e+01 1.834416137442115712e-18
2.026519519519520074e+01 1.524411239366992439e-18
2.030522522522522877e+01 1.266719733731739821e-18
2.034525525525526035e+01 1.052527640783861580e-18
2.038528528528528838e+01 8.745034426960234094e-19
2.042531531531531996e+01 7.265492088361826306e-19
2.046534534534534799e+01 6.035934168765787590e-19
2.050537537537537958e+01 5.014184995743843183e-19
2.054540540540541116e+01 4.165173094439361763e-19
2.058543543543543919e+01 3.459736625832350429e-19
2.062546546546547077e+01 2.873629306893026387e-19
2.066549549549549880e+01 2.386693235577301812e-19
2.070552552552553038e+01 1.982170654532336471e-19
2.074555555555555841e+01 1.646131362956729364e-19
2.078558558558559000e+01 1.366996381815674746e-19
2.082561561561562158e+01 1.135141723273148579e-19
2.086564564564564961e+01 9.425688189687793422e-20
2.090567567567568119e+01 7.826304138921564058e-20
2.094570570570570922e+01 6.498026083414763007e-20
2.098573573573574080e+01 5.394952925513880570e-20
2.102576576576576883e+01 4.478945193538710583e-20
2.106579579579580042e+01 3.718314433047618728e-20
2.110582582582582845e+01 3.086733564253892373e-20
2.114585585585586003e+01 2.562331013661594839e-20
2.118588588588589161e+01 2.126937676495224325e-20
2.122591591591591964e+01 1.765460967292064642e-20
2.126594594594595122e+01 1.465364544424361232e-20
2.130597597597597925e+01 1.216235896326071841e-20
2.134600600600601084e+01 1.009426974481858355e-20
2.138603603603603887e+01 8.377555520945300054e-21
2.142606606606607045e+01 6.952570621745465842e-21
2.146609609609610203e+01 5.769783948570741617e-21
2.150612612612613006e+01 4.788065695551457472e-21
2.154615615615616164e+01 3.973263918247199634e-21
2.158618618618618967e+01 3.297021980990672043e-21
2.162621621621622126e+01 2.735796175101105328e-21
2.166624624624624929e+01 2.270039669529533443e-21
2.170627627627628087e+01 1.883524667549952626e-21
2.174630630630630890e+01 1.562779392479477645e-21
2.178633633633634048e+01 1.296620474044704053e-21
2.182636636636637206e+01 1.075764589703878865e-21
2.186639639639640009e+01 8.925059440950951517e-22
2.190642642642643168e+01 7.404484380991421963e-22
2.194645645645645970e+01 6.142832643879404152e-22
2.198648648648649129e+01 5.096042333080725917e-22
2.202651651651651932e+01 4.227544352258948029e-22
2.206654654654655090e+01 3.506989276722570232e-22
2.210657657657658248e+01 2.909190349105825572e-22
2.214660660660661051e+01 2.413245947817725544e-22
2.218663663663664209e+01 2.001811085301531420e-22
2.222666666666667012e+01 1.660492651279952982e-22
2.226669669669670171e+01 1.377347401405573043e-22
2.230672672672672974e+01 1.142465251587310894e-22
2.234675675675676132e+01 9.476233953610523748e-23
2.238678678678679290e+01 7.859992179434407951e-23
2.242681681681682093e+01 6.519320207558754500e-23
2.246684684684685251e+01 5.407252646530541216e-23
2.250687687687688054e+01 4.484824473311154891e-23
2.254690690690691213e+01 3.719708990568717033e-23
2.258693693693694016e+01 3.085087513453646451e-23
2.262696696696697174e+01 2.558711390880933170e-23
2.266699699699699977e+01 2.122123657893669398e-23
2.270702702702703135e+01 1.760013171701266101e-23
2.274705705705706293e+01 1.459678696992515162e-23
2.278708708708709096e+01 1.210584235978929963e-23
2.282711711711712255e+01 1.003990078163628585e-23
2.286714714714715058e+01 8.326466843626873157e-24
2.290717717717718216e+01 6.905407106491430678e-24
2.294720720720721019e+01 5.726842967527083190e-24
2.298723723723724177e+01 4.749402532094870675e-24
2.302726726726727335e+01 3.938770347062576374e-24
2.306729729729730138e+01 3.266484271764134683e-24
2.310732732732733297e+01 2.708937394635648658e-24
2.314735735735736100e+01 2.246550068219326658e-24
2.318738738738739258e+01 1.863083081131675892e-24
2.322741741741742061e+01 1.545067919993077231e-24
2.326744744744745219e+01 1.281334169140337790e-24
2.330747747747748377e+01 1.062617493948839176e-24
2.334750750750751180e+01 8.812344732494736173e-25
2.338753753753754339e+01 7.308128860159575090e-25
2.342756756756757142e+01 6.060679988548638335e-25
2.346759759759760300e+01 5.026170116262499747e-25
2.350762762762763103e+01 4.168251550075097991e-25
2.354765765765766261e+01 3.456780426657325509e-25
2.358768768768769064e+01 2.866758006755694820e-25
2.362771771771772222e+01 2.377452600607411670e-25
2.366774774774775381e+01 1.971671315357582101e-25
2.370777777777778184e+01 1.635156068228626979e-25
2.374780780780781342e+01 1.356082666954513703e-25
2.378783783783784145e+01 1.124645374003413972e-25
2.382786786786787303e+01 9.327123699102754814e-26
2.386789789789790106e+01 7.735400186140790758e-26
2.390792792792793264e+01 6.415359011430787347e-26
2.394795795795796423e+01 5.320622956079304338e-26
2.398798798798799226e+01 4.412732011939251532e-26
2.402801801801802384e+01 3.659791814587383125e-26
2.406804804804805187e+01 3.035352790022738305e-26
2.410807807807808345e+01 2.517480637314993751e-26
2.414810810810811148e+01 2.087985488995099839e-26
2.418813813813814306e+01 1.731782664198581264e-26
2.422816816816817109e+01 1.436362551962678964e-26
2.426819819819820268e+01 1.191350995784995220e-26
2.430822822822823426e+01 9.881447301076690567e-27
2.434825825825826229e+01 8.196090563834448089e-27
2.438828828828829387e+01 6.798271333584618983e-27
2.442831831831832190e+01 5.638920699549581132e-27
2.446834834834835348e+01 4.677345133300218447e-27
2.450837837837838151e+01 3.879796721447123100e-27
2.454840840840841310e+01 3.218287496114122194e-27
2.458843843843844468e+01 2.669606188321537594e-27
2.462846846846847271e+01 2.214502844317077406e-27
2.466849849849850429e+01 1.837012645249420987e-27
2.470852852852853232e+01 1.523895163656140616e-27
2.474855855855856390e+01 1.264169347976695648e-27
2.478858858858859193e+01 1.048727891289241783e-27
2.482861861861862351e+01 8.700174309615423739e-28
2.486864864864865510e+01 7.217733399684106091e-28
2.490867867867868313e+01 5.987997896045148551e-28
2.494870870870871471e+01 4.967873546502236097e-28
2.498873873873874274e+01 4.121617516777298967e-28
2.502876876876877432e+01 3.419583954943671009e-28
2.506879879879880235e+01 2.837183661860628407e-28
2.510882882882883393e+01 2.354021317430691708e-28
2.514885885885886196e+01 1.953179952818421620e-28
2.518888888888889355e+01 1.620627533575334854e-28
2.522891891891892513e+01 1.344724809855289164e-28
2.526894894894895316e+01 1.115817148441034647e-28
2.530897897897898474e+01 9.258960122458875354e-29
2.534900900900901277e+01 7.683182000525173698e-29
2.538903903903904435e+01 6.375729885349658627e-29
2.542906906906907238e+01 5.290890014222944503e-29
2.546909909909910397e+01 4.390740261645992647e-29
2.550912912912913555e+01 3.643821557100219551e-29
2.554915915915916358e+01 3.024035926794464178e-29
2.558918918918919516e+01 2.509732490647912815e-29
2.562921921921922319e+01 2.082949345551894105e-29
2.566924924924925477e+01 1.728784739064171162e-29
2.570927927927928280e+01 1.434875476525214013e-29
2.574930930930931439e+01 1.190964268636207825e-29
2.578933933933934597e+01 9.885408480935953901e-30
2.582936936936937400e+01 8.205442726258295907e-30
2.586939939939940558e+01 6.811159786806669047e-30
2.590942942942943361e+01 5.653949305007085358e-30
2.594945945945946519e+01 4.693476859468754800e-30
2.598948948948949322e+01 3.896274250629661339e-30
2.602951951951952481e+01 3.234570030232065232e-30
2.606954954954955284e+01 2.685319314503306828e-30
2.610957957957958442e+01 2.229398907062360002e-30
2.614960960960961600e+01 1.850939551784095605e-30
2.618963963963964403e+01 1.536771941502106428e-30
2.622966966966967561e+01 1.275967094269740232e-30
2.626969969969970364e+01 1.059455014792872416e-30
2.630972972972973523e+01 8.797083006491514317e-31
2.634975975975976326e+01 7.304796272197988702e-31
2.638978978978979484e+01 6.065839316862137233e-31
2.642981981981982642e+01 5.037176811599334509e-31
2.646984984984985445e+01 4.183089079062574116e-31
2.650987987987988603e+01 3.473927712055768229e-31
2.654990990990991406e+01 2.885082984229177447e-31
2.658993993993994565e+01 2.396126986335358164e-31
2.662996996996997368e+01 1.990102566491151438e-31
2.667000000000000526e+01 1.652933250387560314e-31
2.671003003003003329e+01 1.372933546066388295e-31
2.675006006006006487e+01 1.140402545863648341e-31
2.679009009009009645e+01 9.472866483064841368e-32
2.683012012012012448e+01 7.868996370444186193e-32
2.687015015015015607e+01 6.536903568422264541e-32
2.691018018018018410e+01 5.430498883790402263e-32
2.695021021021021568e+01 4.511515022421494362e-32
2.699024024024024371e+01 3.748178163253829395e-32
2.703027027027027529e+01 3.114105298526947233e-32
2.707030030030030687e+01 2.587388946469220443e-32
2.711033033033033490e+01 2.149837375850393344e-32
2.715036036036036649e+01 1.786343902686950729e-32
2.719039039039039451e+01 1.484363317401357003e-32
2.723042042042042610e+01 1.233477233082435189e-32
2.727045045045045413e+01 1.025033242586100852e-32
2.731048048048048571e+01 8.518453422245340190e-33
2.735051051051051729e+01 7.079452124789553440e-33
2.739054054054054532e+01 5.883757159908026559e-33
2.743057057057057690e+01 4.890194418154272239e-33
2.747060060060060493e+01 4.064563438150534960e-33
2.751063063063063652e+01 3.378455326448613669e-33
2.755066066066066455e+01 2.808271203346478266e-33
2.759069069069069613e+01 2.334407132553258897e-33
2.763072072072072416e+01 1.940577275824130546e-33
2.767075075075075574e+01 1.613251813747134562e-33
2.771078078078078732e+01 1.341190158051265503e-33
2.775081081081081535e+01 1.115053287852732910e-33
2.779084084084084694e+01 9.270817873386066082e-34
2.783087087087087497e+01 7.708284410577987395e-34
2.787090090090090655e+01 6.409361345449682604e-34
2.791093093093093458e+01 5.329533782593878455e-34
2.795096096096096616e+01 4.431810763839545316e-34
2.799099099099099774e+01 3.685452442334333257e-34
2.803102102102102577e+01 3.064912764731696412e-34
2.807105105105105736e+01 2.548961142785215929e-34
2.811108108108108539e+01 2.119952788774798554e-34
2.815111111111111697e+01 1.763222531248556228e-34
2.819114114114114500e+01 1.466581197053801779e-34
2.823117117117117658e+01 1.219897190737894695e-34
2.827120120120120816e+01 1.014748846114815852e-34
2.831123123123123619e+01 8.441355692044634419e-35
2.835126126126126778e+01 7.022378216278348534e-35
2.839129129129129581e+01 5.842176792205107765e-35
2.843132132132132739e+01 4.860531005257443679e-35
2.847135135135135542e+01 4.044002024312381910e-35
2.851138138138138700e+01 3.364788057757871310e-35
2.855141141141141503e+01 2.799773156954665511e-35
2.859144144144144661e+01 2.329736675496584631e-35
2.863147147147147820e+01 1.938696225072986564e-35
2.867150150150150623e+01 1.613361564082264070e-35
2.871153153153153781e+01 1.342680672314640277e-35
2.875156156156156584e+01 1.117462435866656693e-35
2.879159159159159742e+01 9.300630005207528175e-36
2.883162162162162545e+01 7.741250400485875669e-36
2.887165165165165703e+01 6.443610038091198895e-36
2.891168168168168862e+01 5.363729183346024593e-36
2.895171171171171665e+01 4.465025724112928562e-36
2.899174174174174823e+01 3.717069577370454543e-36
2.903177177177177626e+01 3.094547034991606368e-36
2.907180180180180784e+01 2.576399630060018906e-36
2.911183183183183587e+01 2.145108086157603226e-36
2.915186186186186745e+01 1.786096882190387781e-36
2.919189189189189548e+01 1.487239095561213437e-36
2.923192192192192707e+01 1.238444618869317340e-36
2.927195195195195865e+01 1.031317697867857834e-36
2.931198198198198668e+01 8.588721091606789185e-37
2.935201201201201826e+01 7.152942665240057744e-37
2.939204204204204629e+01 5.957461824698356683e-37
2.943207207207207787e+01 4.962015729363229719e-37
2.947210210210210590e+01 4.133095245155100364e-37
2.951213213213213749e+01 3.442810842159067145e-37
2.955216216216216907e+01 2.867949136600402711e-37
2.959219219219219710e+01 2.389187996284812322e-37
2.963222222222222868e+01 1.990443532539752045e-37
2.967225225225225671e+01 1.658326794423075362e-37
2.971228228228228829e+01 1.381691716334447105e-37
2.975231231231231632e+01 1.151258975931560988e-37
2.979234234234234791e+01 9.593030016663551915e-38
2.983237237237237949e+01 7.993915165813303133e-38
2.987240240240240752e+01 6.661687906185985940e-38
2.991243243243243910e+01 5.551752585879237007e-38
2.995246246246246713e+01 4.626973958096255211e-38
2.999249249249249871e+01 3.856427704285523609e-38
3.003252252252252674e+01 3.214360455286112151e-38
3.007255255255255832e+01 2.679324145754441200e-38
3.011258258258258635e+01 2.233455445957787397e-38
3.015261261261261794e+01 1.861875929913507466e-38
3.019264264264264952e+01 1.552192727196147280e-38
3.023267267267267755e+01 1.294082806663727919e-38
3.027270270270270913e+01 1.078946869584157568e-38
3.031273273273273716e+01 8.996211833641382347e-39
3.035276276276276874e+01 7.501376453018439262e-39
3.039279279279279677e+01 6.255239950317214901e-39
3.043282282282282836e+01 5.216374499215781365e-39
3.047285285285285994e+01 4.350261656382053745e-39
3.051288288288288797e+01 3.628138626797708127e-39
3.055291291291291955e+01 3.026037407113668940e-39
3.059294294294294758e+01 2.523984525059940417e-39
3.063297297297297916e+01 2.105334502075358935e-39
3.067300300300300719e+01 1.756214668102797732e-39
3.071303303303303878e+01 1.465062704298845482e-39
3.075306306306307036e+01 1.222241407976400396e-39
3.079309309309309839e+01 1.019717769884303705e-39
3.083312312312312997e+01 8.507956146743569358e-40
3.087315315315315800e+01 7.098928540932879726e-40
3.091318318318318958e+01 5.923558998023396376e-40
3.095321321321321761e+01 4.943050293098677843e-40
3.099324324324324920e+01 4.125055363433906320e-40
3.103327327327327723e+01 3.442603610859341646e-40
3.107330330330330881e+01 2.873206151730513555e-40
3.111333333333334039e+01 2.398110154262861272e-40
3.115336336336336842e+01 2.001677391553073769e-40
3.119339339339340000e+01 1.670866292779440483e-40
3.123342342342342803e+01 1.394800234609233482e-40
3.127345345345345962e+01 1.164407695984531731e-40
3.131348348348348765e+01 9.721222990582978351e-41
3.135351351351351923e+01 8.116327576550678456e-41
3.139354354354355081e+01 6.776744193516567400e-41
3.143357357357357884e+01 5.658554739280971576e-41
3.147360360360361042e+01 4.725120560518970460e-41
3.151363363363363845e+01 3.945874323214129762e-41
3.155366366366367004e+01 3.295312644495032386e-41
3.159369369369369807e+01 2.752156082519494004e-41
3.163372372372372965e+01 2.298648645654650424e-41
3.167375375375375768e+01 1.919973618695811425e-41
3.171378378378378926e+01 1.603766367203721097e-41
3.175381381381382084e+01 1.339708000343171607e-41
3.179384384384384887e+01 1.119186455325691185e-41
3.183387387387388046e+01 9.350138022695203217e-42
3.187390390390390849e+01 7.811904315470693717e-42
3.191393393393394007e+01 6.527083386216305511e-42
3.195396396396396810e+01 5.453870157332348115e-42
3.199399399399399968e+01 4.557365386752335387e-42
3.203402402402402771e+01 3.808433362326654736e-42
3.207405405405405929e+01 3.182748795431330422e-42
3.211408408408408377e+01 2.660001536237834542e-42
3.215411411411411535e+01 2.223232943500530757e-42
3.219414414414414694e+01 1.858282085853231127e-42
3.223417417417417852e+01 1.553323573622328690e-42
3.227420420420420299e+01 1.298481840274816264e-42
3.231423423423423458e+01 1.085509210959581248e-42
3.235426426426426616e+01 9.075171956428790552e-43
3.239429429429429774e+01 7.587521956561134374e-43
3.243432432432432933e+01 6.344082730367181191e-43
3.247435435435435380e+01 5.304708501931227862e-43
3.251438438438438538e+01 4.435862234392146968e-43
3.255441441441441697e+01 3.709526214116534081e-43
3.259444444444444855e+01 3.102292462985242373e-43
3.263447447447448013e+01 2.594603255103691072e-43
3.267450450450450461e+01 2.170116933749982870e-43
3.271453453453453619e+01 1.815178328604107841e-43
3.275456456456456777e+01 1.518376497530990593e-43
3.279459459459459936e+01 1.270175374238686983e-43
3.283462462462462383e+01 1.062605287062641653e-43
3.287465465465465542e+01 8.890053033884018689e-44
3.291468468468468700e+01 7.438080142426904403e-44
3.295471471471471858e+01 6.223597589152396186e-44
3.299474474474475016e+01 5.207704456443167256e-44
3.303477477477477464e+01 4.357880893502718283e-44
3.307480480480480622e+01 3.646939928143336697e-44
3.311483483483483781e+01 3.052151699777141620e-44
3.315486486486486939e+01 2.554511712171279646e-44
3.319489489489489387e+01 2.138129389227127714e-44
3.323492492492492545e+01 1.789717127969788403e-44
3.327495495495495703e+01 1.498163308078068922e-44
3.331498498498498861e+01 1.254175443414999985e-44
3.335501501501502020e+01 1.049981937243234182e-44
3.339504504504504467e+01 8.790828034633694331e-45
3.343507507507507626e+01 7.360413033607917120e-45
3.347510510510510784e+01 6.163097727634402575e-45
3.351513513513513942e+01 5.160840214152248654e-45
3.355516516516517100e+01 4.321816108387403177e-45
3.359519519519519548e+01 3.619400890983573830e-45
3.363522522522522706e+01 3.031319058183548016e-45
3.367525525525525865e+01 2.538932695419305862e-45
3.371528528528529023e+01 2.126646595488070797e-45
3.375531531531531471e+01 1.781410802081430730e-45
3.379534534534534629e+01 1.492304600360380864e-45
3.383537537537537787e+01 1.250188600491294865e-45
3.387540540540540945e+01 1.047413752681746063e-45
3.391543543543544104e+01 8.775779643724810222e-46
3.395546546546546551e+01 7.353225211989704549e-46
3.399549549549549710e+01 6.161617927141463816e-46
3.403552552552552868e+01 5.163407730522725498e-46
3.407555555555556026e+01 4.327159003018764890e-46
3.411558558558558474e+01 3.626553452158738251e-46
3.415561561561561632e+01 3.039555841507415855e-46
3.419564564564564790e+01 2.547715929430116753e-46
3.423567567567567949e+01 2.135584346383099834e-46
3.427570570570571107e+01 1.790223786492322101e-46
3.431573573573573555e+01 1.500799937854999007e-46
3.435576576576576713e+01 1.258239124912005546e-46
3.439579579579579871e+01 1.054941767432249882e-46
3.443582582582583029e+01 8.845425426745697130e-47
3.447585585585585477e+01 7.417096274428644722e-47
3.451588588588588635e+01 6.219766428895301955e-47
3.455591591591591794e+01 5.216019670739004198e-47
3.459594594594594952e+01 4.374509518762151876e-47
3.463597597597598110e+01 3.668973098657583646e-47
3.467600600600600558e+01 3.077405464786262497e-47
3.471603603603603716e+01 2.581368229145313590e-47
3.475606606606606874e+01 2.165410618345051126e-47
3.479609609609610033e+01 1.816584648854131879e-47
3.483612612612613191e+01 1.524039097033444577e-47
3.487615615615615638e+01 1.278679438984960549e-47
3.491618618618618797e+01 1.072883025764044900e-47
3.495621621621621955e+01 9.002605087720482594e-48
3.499624624624625113e+01 7.554559939338462556e-48
3.503627627627627561e+01 6.339796282384385477e-48
3.507630630630630719e+01 5.320673473966949052e-48
3.511633633633633877e+01 4.465633713797662530e-48
3.515636636636637036e+01 3.748217527495406920e-48
3.519639639639640194e+01 3.146238838042081506e-48
3.523642642642642642e+01 2.641093717428057381e-48
3.527645645645645800e+01 2.217181122778029491e-48
3.531648648648648958e+01 1.861417447645896108e-48
3.535651651651652116e+01 1.562829671527745375e-48
3.539654654654654564e+01 1.312214362562794056e-48
3.543657657657657722e+01 1.101851858160340255e-48
3.547660660660660881e+01 9.252666814340630242e-49
3.551663663663664039e+01 7.770267026657599698e-49
3.555666666666667197e+01 6.525747704564289400e-49
3.559669669669669645e+01 5.480875551459187425e-49
3.563672672672672803e+01 4.603571996407553771e-49
3.567675675675675961e+01 3.866920868897799049e-49
3.571678678678679120e+01 3.248336314024810764e-49
3.575681681681682278e+01 2.728865032750947853e-49
3.579684684684684726e+01 2.292601129510483811e-49
3.583687687687687884e+01 1.926195366113989534e-49
3.587690690690691042e+01 1.618443567291083638e-49
3.591693693693694200e+01 1.359941391907595942e-49
3.595696696696696648e+01 1.142794752470672538e-49
3.599699699699699806e+01 9.603768989403193429e-50
3.603702702702702965e+01 8.071246354879851050e-50
3.607705705705706123e+01 6.783673562301730647e-50
3.611708708708709281e+01 5.701836062738732204e-50
3.615711711711711729e+01 4.792807295882620556e-50
3.619714714714714887e+01 4.028938820332419194e-50
3.623717717717718045e+01 3.387012887470526044e-50
3.627720720720721204e+01 2.847531288077226836e-50
3.631723723723723651e+01 2.394118523669971772e-50
3.635726726726726810e+01 2.013020894989800513e-50
3.639729729729729968e+01 1.692686068474600359e-50
3.643732732732733126e+01 1.423410170581452604e-50
3.647735735735736284e+01 1.197041546930324553e-50
3.651738738738738732e+01 1.006732073478353298e-50
3.655741741741741890e+01 8.467283747346280539e-51
3.659744744744745049e+01 7.121965350355457385e-51
3.663747747747748207e+01 5.990749213940376478e-51
3.667750750750751365e+01 5.039506024544541576e-51
3.671753753753753813e+01 4.239555745314510351e-51
3.675756756756756971e+01 3.566796150986466881e-51
3.679759759759760129e+01 3.000970953244730851e-51
3.683762762762763288e+01 2.525055121557868852e-51
3.687765765765765735e+01 2.124738603073395531e-51
3.691768768768768894e+01 1.787992664577855975e-51
3.695771771771772052e+01 1.504705613156466392e-51
3.699774774774775210e+01 1.266376778304039857e-51
3.703777777777778368e+01 1.065859422488252326e-51
3.707780780780780816e+01 8.971447446047937058e-52
3.711783783783783974e+01 7.551803975679510116e-52
3.715786786786787133e+01 6.357179961776743960e-52
3.719789789789790291e+01 5.351849768822772221e-52
3.723792792792792739e+01 4.505769143702380302e-52
3.727795795795795897e+01 3.793670239287231981e-52
3.731798798798799055e+01 3.194301023878350803e-52
3.735801801801802213e+01 2.689786003128611871e-52
3.739804804804805372e+01 2.265088874172379218e-52
3.743807807807807819e+01 1.907560832749479171e-52
3.747810810810810978e+01 1.606560858157681051e-52
3.751813813813814136e+01 1.353136487728966389e-52
3.755816816816817294e+01 1.139755429093864145e-52
3.759819819819820452e+01 9.600799010183319648e-53
3.763822822822822900e+01 8.087768891886114470e-53
3.767825825825826058e+01 6.813585915899666376e-53
3.771828828828829216e+01 5.740482423030560920e-53
3.775831831831832375e+01 4.836672705103526925e-53
3.779834834834834822e+01 4.075403967001365136e-53
3.783837837837837981e+01 3.434158101225025195e-53
3.787840840840841139e+01 2.893980270105791801e-53
3.791843843843844297e+01 2.438914117846626005e-53
3.795846846846847455e+01 2.055526650511672204e-53
3.799849849849849903e+01 1.732508524626288127e-53
3.803852852852853061e+01 1.460337756314597925e-53
3.807855855855856220e+01 1.230996771802732278e-53
3.811858858858859378e+01 1.037734324566219232e-53
3.815861861861861826e+01 8.748651530349476699e-54
3.819864864864864984e+01 7.376013864393353430e-54
3.823867867867868142e+01 6.219106594045308245e-54
3.827870870870871300e+01 5.243966971142974197e-54
3.831873873873874459e+01 4.421988064832292283e-54
3.835876876876876906e+01 3.729072751600372148e-54
3.839879879879880065e+01 3.144921564226230533e-54
3.843882882882883223e+01 2.652433184967873981e-54
3.847885885885886381e+01 2.237199736045615447e-54
3.851888888888889539e+01 1.887081852726022427e-54
3.855891891891891987e+01 1.591850906367295278e-54
3.859894894894895145e+01 1.342887748307794674e-54
3.863897897897898304e+01 1.132929030729378581e-54
3.867900900900901462e+01 9.558535782402553939e-55
3.871903903903903910e+01 8.065024764751679484e-55
3.875906906906907068e+01 6.805275472896693391e-55
3.879909909909910226e+01 5.742637242229076257e-55
3.883912912912913384e+01 4.846215521115478923e-55
3.887915915915916543e+01 4.089966323332700575e-55
3.891918918918918990e+01 3.451933380246419806e-55
3.895921921921922149e+01 2.913605467956867670e-55
3.899924924924925307e+01 2.459374946011434774e-55
3.903927927927928465e+01 2.076081541659761052e-55
3.907930930930930913e+01 1.752627936434472859e-55
3.911933933933934071e+01 1.479655835368064094e-55
3.915936936936937229e+01 1.249272986689464575e-55
3.919939939939940388e+01 1.054823124629073232e-55
3.923942942942943546e+01 8.906920748069322917e-56
3.927945945945945994e+01 7.521443282598032046e-56
3.931948948948949152e+01 6.351852881974391221e-56
3.935951951951952310e+01 5.364451497404841949e-56
3.939954954954955468e+01 4.530810096339449797e-56
3.943957957957957916e+01 3.826943391419239687e-56
3.947960960960961074e+01 3.232614049094124357e-56
3.951963963963964233e+01 2.730746029057539574e-56
3.955966966966967391e+01 2.306929909005703229e-56
3.959969969969970549e+01 1.949005747489012817e-56
3.963972972972972997e+01 1.646711310520796111e-56
3.967975975975976155e+01 1.391385402332210801e-56
3.971978978978979313e+01 1.175717653745716048e-56
3.975981981981982472e+01 9.935374806737988242e-57
3.979984984984985630e+01 8.396360703180177684e-57
3.983987987987988078e+01 7.096162174917153193e-57
3.987990990990991236e+01 5.997656465194515666e-57
3.991993993993994394e+01 5.069501393196115675e-57
3.995996996996997552e+01 4.285233676837341852e-57
4.000000000000000000e+01 3.622508144183575714e-57
