5.000000000000000000e-01 2.629843758016830861e+02
5.157657657657657158e-01 2.632650427855778048e+02
5.315315315315315425e-01 2.635460483875635305e+02
5.472972972972972583e-01 2.638273928415877094e+02
5.630630630630630851e-01 2.641090763783277566e+02
5.788288288288288008e-01 2.643910992252086771e+02
5.945945945945946276e-01 2.646734616063774297e+02
6.103603603603603434e-01 2.649561637426688776e+02
6.261261261261261701e-01 2.652392058516437601e+02
6.418918918918918859e-01 2.655225881475445817e+02
6.576576576576576016e-01 2.658063108412560496e+02
6.734234234234234284e-01 2.660903741403407707e+02
6.891891891891891442e-01 2.663747782490201530e+02
7.049549549549549710e-01 2.666595233681064769e+02
7.207207207207206867e-01 2.669446096950794640e+02
7.364864864864864025e-01 2.672300374239885628e+02
7.522522522522522292e-01 2.675158067454926822e+02
7.680180180180180560e-01 2.678019178468323958e+02
7.837837837837837718e-01 2.680883709118060665e+02
7.995495495495494875e-01 2.683751661207608095e+02
8.153153153153153143e-01 2.686623036505978348e+02
8.310810810810810301e-01 2.689497836747471524e+02
8.468468468468468568e-01 2.692376063631353986e+02
8.626126126126125726e-01 2.695257718821976596e+02
8.783783783783782884e-01 2.698142803948644541e+02
8.941441441441441151e-01 2.701031320605182486e+02
9.099099099099099419e-01 2.703923270350194343e+02
9.256756756756756577e-01 2.706818654706839311e+02
9.414414414414413734e-01 2.709717475162390201e+02
9.572072072072070892e-01 2.712619733168252196e+02
9.729729729729729160e-01 2.715525430140219214e+02
9.887387387387387427e-01 2.718434567457777007e+02
1.004504504504504458e+00 2.721347146464231059e+02
1.020270270270270174e+00 2.724263168466469551e+02
1.036036036036036112e+00 2.727182634735128204e+02
1.051801801801801606e+00 2.730105546503867799e+02
1.067567567567567544e+00 2.733031904969985817e+02
1.083333333333333259e+00 2.735961711293498979e+02
1.099099099099098975e+00 2.738894966597719076e+02
1.114864864864864913e+00 2.741831671968414526e+02
1.130630630630630629e+00 2.744771828454612432e+02
1.146396396396396344e+00 2.747715437067169546e+02
1.162162162162162060e+00 2.750662498779980751e+02
1.177927927927927776e+00 2.753613014528879717e+02
1.193693693693693714e+00 2.756566985211838983e+02
1.209459459459459429e+00 2.759524411688964278e+02
1.225225225225225145e+00 2.762485294782099459e+02
1.240990990990991083e+00 2.765449635274951561e+02
1.256756756756756577e+00 2.768417433912645151e+02
1.272522522522522515e+00 2.771388691401826350e+02
1.288288288288288230e+00 2.774363408410384864e+02
1.304054054054053946e+00 2.777341585567457969e+02
1.319819819819819884e+00 2.780323223463119007e+02
1.335585585585585378e+00 2.783308322648255739e+02
1.351351351351351315e+00 2.786296883634640835e+02
1.367117117117117031e+00 2.789288906894684033e+02
1.382882882882882747e+00 2.792284392861076867e+02
1.398648648648648685e+00 2.795283341926821095e+02
1.414414414414414178e+00 2.798285754445193447e+02
1.430180180180180116e+00 2.801291630729557482e+02
1.445945945945945832e+00 2.804300971053050944e+02
1.461711711711711548e+00 2.807313775648555634e+02
1.477477477477477485e+00 2.810330044708633750e+02
1.493243243243243201e+00 2.813349778385284026e+02
1.509009009009008917e+00 2.816372976789859877e+02
1.524774774774774633e+00 2.819399639992752782e+02
1.540540540540540349e+00 2.822429768023703218e+02
1.556306306306306286e+00 2.825463360871074201e+02
1.572072072072072002e+00 2.828500418482052510e+02
1.587837837837837718e+00 2.831540940762536707e+02
1.603603603603603434e+00 2.834584927576879068e+02
1.619369369369369371e+00 2.837632378747513826e+02
1.635135135135135087e+00 2.840683294055573356e+02
1.650900900900900803e+00 2.843737673239766650e+02
1.666666666666666519e+00 2.846795515996893755e+02
1.682432432432432234e+00 2.849856821981576900e+02
1.698198198198198172e+00 2.852921590806110430e+02
1.713963963963963888e+00 2.855989822039978776e+02
1.729729729729729604e+00 2.859061515210461266e+02
1.745495495495495319e+00 2.862136669801512312e+02
1.761261261261261257e+00 2.865215285254585638e+02
1.777027027027026973e+00 2.868297360967766281e+02
1.792792792792792689e+00 2.871382896296082095e+02
1.808558558558558405e+00 2.874471890551086517e+02
1.824324324324324120e+00 2.877564343001074576e+02
1.840090090090090058e+00 2.880660252870372915e+02
1.855855855855855774e+00 2.883759619339667211e+02
1.871621621621621490e+00 2.886862441545505362e+02
1.887387387387387205e+00 2.889968718580860809e+02
1.903153153153152921e+00 2.893078449493956441e+02
1.918918918918918859e+00 2.896191633288917728e+02
1.934684684684684575e+00 2.899308268925294101e+02
1.950450450450450290e+00 2.902428355318184003e+02
1.966216216216216006e+00 2.905551891337464667e+02
1.981981981981981944e+00 2.908678875808687962e+02
1.997747747747747660e+00 2.911809307511865654e+02
2.013513513513513153e+00 2.914943185181966783e+02
2.029279279279279091e+00 2.918080507508635151e+02
2.045045045045045029e+00 2.921221273136108039e+02
2.060810810810810523e+00 2.924365480662831942e+02
2.076576576576576461e+00 2.927513128641535900e+02
2.092342342342342398e+00 2.930664215579048459e+02
2.108108108108107892e+00 2.933818739936272095e+02
2.123873873873873830e+00 2.936976700127753475e+02
2.139639639639639768e+00 2.940138094521869334e+02
2.155405405405405261e+00 2.943302921440341038e+02
2.171171171171170755e+00 2.946471179158339737e+02
2.186936936936936693e+00 2.949642865904480686e+02
2.202702702702702631e+00 2.952817979860200808e+02
2.218468468468468124e+00 2.955996519160310072e+02
2.234234234234234062e+00 2.959178481892067225e+02
2.250000000000000000e+00 2.962363866095507206e+02
2.265765765765765494e+00 2.965552669763324047e+02
2.281531531531531432e+00 2.968744890840804374e+02
2.297297297297297369e+00 2.971940527225023061e+02
2.313063063063062863e+00 2.975139576765643596e+02
2.328828828828828357e+00 2.978342037264324631e+02
2.344594594594594739e+00 2.981547906474255001e+02
2.360360360360360232e+00 2.984757182100691466e+02
2.376126126126125726e+00 2.987969861800393119e+02
2.391891891891891664e+00 2.991185943181437779e+02
2.407657657657657602e+00 2.994405423803254394e+02
2.423423423423423095e+00 2.997628301176743548e+02
2.439189189189189033e+00 3.000854572763614101e+02
2.454954954954954971e+00 3.004084235976378636e+02
2.470720720720720465e+00 3.007317288178788317e+02
2.486486486486486402e+00 3.010553726684627804e+02
2.502252252252251896e+00 3.013793548758661700e+02
2.518018018018017834e+00 3.017036751615747221e+02
2.533783783783783772e+00 3.020283332421191744e+02
2.549549549549549265e+00 3.023533288290309429e+02
2.565315315315315203e+00 3.026786616288329697e+02
2.581081081081080697e+00 3.030043313430300600e+02
2.596846846846846635e+00 3.033303376681237182e+02
2.612612612612612573e+00 3.036566802955303501e+02
2.628378378378378066e+00 3.039833589116594226e+02
2.644144144144144004e+00 3.043103731977964799e+02
2.659909909909909498e+00 3.046377228301949458e+02
2.675675675675675436e+00 3.049654074799668706e+02
2.691441441441441373e+00 3.052934268131535873e+02
2.707207207207206867e+00 3.056217804906623314e+02
2.722972972972972805e+00 3.059504681682522573e+02
2.738738738738738743e+00 3.062794894965521166e+02
2.754504504504504236e+00 3.066088441209928988e+02
2.770270270270270174e+00 3.069385316818755882e+02
2.786036036036035668e+00 3.072685518143138097e+02
2.801801801801801606e+00 3.075989041481736308e+02
2.817567567567567544e+00 3.079295883081716170e+02
2.833333333333333037e+00 3.082606039137218090e+02
2.849099099099098975e+00 3.085919505790778885e+02
2.864864864864864469e+00 3.089236279131721972e+02
2.880630630630630407e+00 3.092556355197449420e+02
2.896396396396396344e+00 3.095879729971858296e+02
2.912162162162161838e+00 3.099206399386603721e+02
2.927927927927927776e+00 3.102536359319724397e+02
2.943693693693693270e+00 3.105869605596594738e+02
2.959459459459459207e+00 3.109206133988921579e+02
2.975225225225225145e+00 3.112545940215346150e+02
2.990990990990990639e+00 3.115889019940837557e+02
3.006756756756756577e+00 3.119235368776812152e+02
3.022522522522522515e+00 3.122584982280646955e+02
3.038288288288288008e+00 3.125937855956113935e+02
3.054054054054053946e+00 3.129293985252704715e+02
3.069819819819819440e+00 3.132653365566225716e+02
3.085585585585585378e+00 3.136015992237506680e+02
3.101351351351351315e+00 3.139381860553835963e+02
3.117117117117116809e+00 3.142750965747461009e+02
3.132882882882882747e+00 3.146123302995747508e+02
3.148648648648648241e+00 3.149498867422217359e+02
3.164414414414414178e+00 3.152877654094648392e+02
3.180180180180180116e+00 3.156259658026351644e+02
3.195945945945945610e+00 3.159644874175194786e+02
3.211711711711711548e+00 3.163033297444158620e+02
3.227477477477477041e+00 3.166424922680698160e+02
3.243243243243242979e+00 3.169819744676814253e+02
3.259009009009008917e+00 3.173217758169183185e+02
3.274774774774774411e+00 3.176618957838066422e+02
3.290540540540540349e+00 3.180023338309022165e+02
3.306306306306305842e+00 3.183430894150691870e+02
3.322072072072071780e+00 3.186841619876273057e+02
3.337837837837837718e+00 3.190255509942796834e+02
3.353603603603603212e+00 3.193672558750722033e+02
3.369369369369369149e+00 3.197092760644132454e+02
3.385135135135135087e+00 3.200516109911311560e+02
3.400900900900900581e+00 3.203942600783149715e+02
3.416666666666666519e+00 3.207372227433809257e+02
3.432432432432432012e+00 3.210804983981407190e+02
3.448198198198197950e+00 3.214240864486647524e+02
3.463963963963963888e+00 3.217679862953090719e+02
3.479729729729729382e+00 3.221121973327267938e+02
3.495495495495495319e+00 3.224567189498590096e+02
3.511261261261260813e+00 3.228015505298904486e+02
3.527027027027026751e+00 3.231466914502993291e+02
3.542792792792792689e+00 3.234921410827459454e+02
3.558558558558558182e+00 3.238378987931418465e+02
3.574324324324324120e+00 3.241839639416907062e+02
3.590090090090089614e+00 3.245303358827036959e+02
3.605855855855855552e+00 3.248770139647314750e+02
3.621621621621621490e+00 3.252239975305635085e+02
3.637387387387386983e+00 3.255712859170926095e+02
3.653153153153152921e+00 3.259188784554340828e+02
3.668918918918918415e+00 3.262667744708366513e+02
3.684684684684684353e+00 3.266149732827245202e+02
3.700450450450450290e+00 3.269634742046362135e+02
3.716216216216215784e+00 3.273122765442569175e+02
3.731981981981981722e+00 3.276613796033775543e+02
3.747747747747747660e+00 3.280107826779133120e+02
3.763513513513513153e+00 3.283604850578834089e+02
3.779279279279279091e+00 3.287104860273967688e+02
3.795045045045044585e+00 3.290607848645774425e+02
3.810810810810810523e+00 3.294113808417588416e+02
3.826576576576576461e+00 3.297622732252353899e+02
3.842342342342341954e+00 3.301134612753405690e+02
3.858108108108107892e+00 3.304649442465304219e+02
3.873873873873873386e+00 3.308167213872641241e+02
3.889639639639639324e+00 3.311687919399832936e+02
3.905405405405405261e+00 3.315211551411783262e+02
3.921171171171170755e+00 3.318738102213978891e+02
3.936936936936936693e+00 3.322267564050785609e+02
3.952702702702702187e+00 3.325799929107523099e+02
3.968468468468468124e+00 3.329335189508419148e+02
3.984234234234234062e+00 3.332873337318519589e+02
3.999999999999999556e+00 3.336414364541457758e+02
4.015765765765765494e+00 3.339958263120739730e+02
4.031531531531530987e+00 3.343505024939838108e+02
4.047297297297296481e+00 3.347054641820706706e+02
4.063063063063062863e+00 3.350607105525364204e+02
4.078828828828828357e+00 3.354162407754984088e+02
4.094594594594594739e+00 3.357720540149023236e+02
4.110360360360360232e+00 3.361281494287369469e+02
4.126126126126125726e+00 3.364845261687619313e+02
4.141891891891891220e+00 3.368411833806875393e+02
4.157657657657656713e+00 3.371981202041138772e+02
4.173423423423423095e+00 3.375553357724845682e+02
4.189189189189189477e+00 3.379128292131318290e+02
4.204954954954954971e+00 3.382705996472348602e+02
4.220720720720720465e+00 3.386286461898199605e+02
4.236486486486485958e+00 3.389869679497618904e+02
4.252252252252251452e+00 3.393455640297922287e+02
4.268018018018017834e+00 3.397044335264336041e+02
4.283783783783783328e+00 3.400635755300658047e+02
4.299549549549549710e+00 3.404229891248505737e+02
4.315315315315315203e+00 3.407826733887784485e+02
4.331081081081080697e+00 3.411426273936586995e+02
4.346846846846846191e+00 3.415028502050466273e+02
4.362612612612611684e+00 3.418633408823067725e+02
4.378378378378378066e+00 3.422240984786226932e+02
4.394144144144144448e+00 3.425851220409123243e+02
4.409909909909909942e+00 3.429464106098226921e+02
4.425675675675675436e+00 3.433079632198547984e+02
4.441441441441440929e+00 3.436697788991987181e+02
4.457207207207206423e+00 3.440318566698181826e+02
4.472972972972972805e+00 3.443941955473969756e+02
4.488738738738738299e+00 3.447567945414103860e+02
4.504504504504503792e+00 3.451196526549872488e+02
4.520270270270270174e+00 3.454827688850419918e+02
4.536036036036035668e+00 3.458461422221777184e+02
4.551801801801801162e+00 3.462097716507422547e+02
4.567567567567567544e+00 3.465736561487260587e+02
4.583333333333333037e+00 3.469377946878938701e+02
4.599099099099098531e+00 3.473021862336679533e+02
4.614864864864864913e+00 3.476668297451936382e+02
4.630630630630630407e+00 3.480317241752889572e+02
4.646396396396395900e+00 3.483968684704265115e+02
4.662162162162161394e+00 3.487622615708067997e+02
4.677927927927927776e+00 3.491279024102382209e+02
4.693693693693693270e+00 3.494937899162839017e+02
4.709459459459458763e+00 3.498599230100414275e+02
4.725225225225225145e+00 3.502263006064181354e+02
4.740990990990990639e+00 3.505929216138554807e+02
4.756756756756756133e+00 3.509597849345239524e+02
4.772522522522522515e+00 3.513268894641810789e+02
4.788288288288288008e+00 3.516942340922509516e+02
4.804054054054053502e+00 3.520618177017998391e+02
4.819819819819818996e+00 3.524296391695153829e+02
4.835585585585585378e+00 3.527976973657050621e+02
4.851351351351350871e+00 3.531659911543430326e+02
4.867117117117116365e+00 3.535345193929916263e+02
4.882882882882882747e+00 3.539032809328035682e+02
4.898648648648648241e+00 3.542722746186148584e+02
4.914414414414413734e+00 3.546414992888110191e+02
4.930180180180180116e+00 3.550109537754347002e+02
4.945945945945945610e+00 3.553806369040851223e+02
4.961711711711711104e+00 3.557505474940130625e+02
4.977477477477477485e+00 3.561206843580659438e+02
4.993243243243242979e+00 3.564910463025757394e+02
5.009009009009008473e+00 3.568616321276508643e+02
5.024774774774773967e+00 3.572324406268628536e+02
5.040540540540540349e+00 3.576034705874005795e+02
5.056306306306305842e+00 3.579747207900362014e+02
5.072072072072071336e+00 3.583461900091571124e+02
5.087837837837837718e+00 3.587178770127358121e+02
5.103603603603603212e+00 3.590897805621921179e+02
5.119369369369368705e+00 3.594618994127445148e+02
5.135135135135135087e+00 3.598342323130065097e+02
5.150900900900900581e+00 3.602067780052361172e+02
5.166666666666666075e+00 3.605795352252993098e+02
5.182432432432431568e+00 3.609525027025767940e+02
5.198198198198197950e+00 3.613256791600063593e+02
5.213963963963963444e+00 3.616990633141663807e+02
5.229729729729728938e+00 3.620726538751184194e+02
5.245495495495495319e+00 3.624464495465587675e+02
5.261261261261260813e+00 3.628204490256880490e+02
5.277027027027026307e+00 3.631946510033571371e+02
5.292792792792792689e+00 3.635690541638991817e+02
5.308558558558558182e+00 3.639436571852417615e+02
5.324324324324323676e+00 3.643184587388847717e+02
5.340090090090090058e+00 3.646934574898737651e+02
5.355855855855855552e+00 3.650686520968214950e+02
5.371621621621621046e+00 3.654440412119048460e+02
5.387387387387386539e+00 3.658196234808453369e+02
5.403153153153152921e+00 3.661953975429839261e+02
5.418918918918918415e+00 3.665713620311664158e+02
5.434684684684683909e+00 3.669475155718096175e+02
5.450450450450450290e+00 3.673238567849280116e+02
5.466216216216215784e+00 3.677003842840466632e+02
5.481981981981981278e+00 3.680770966762899548e+02
5.497747747747747660e+00 3.684539925623789713e+02
5.513513513513513153e+00 3.688310705365423701e+02
5.529279279279278647e+00 3.692083291865994283e+02
5.545045045045045029e+00 3.695857670939558375e+02
5.560810810810810523e+00 3.699633828335199723e+02
5.576576576576576016e+00 3.703411749739059360e+02
5.592342342342341510e+00 3.707191420771861772e+02
5.608108108108107892e+00 3.710972826990065982e+02
5.623873873873873386e+00 3.714755953886739235e+02
5.639639639639638879e+00 3.718540786890003460e+02
5.655405405405405261e+00 3.722327311364280717e+02
5.671171171171170755e+00 3.726115512609124494e+02
5.686936936936936249e+00 3.729905375861072798e+02
5.702702702702702631e+00 3.733696886291454575e+02
5.718468468468468124e+00 3.737490029008063743e+02
5.734234234234233618e+00 3.741284789054486168e+02
5.749999999999999112e+00 3.745081151410367966e+02
5.765765765765765494e+00 3.748879100991222799e+02
5.781531531531530987e+00 3.752678622648716669e+02
5.797297297297296481e+00 3.756479701170586623e+02
5.813063063063062863e+00 3.760282321279960911e+02
5.828828828828828357e+00 3.764086467637729356e+02
5.844594594594593850e+00 3.767892124838865584e+02
5.860360360360360232e+00 3.771699277416423115e+02
5.876126126126125726e+00 3.775507909838588603e+02
5.891891891891891220e+00 3.779318006510051191e+02
5.907657657657657602e+00 3.783129551771839942e+02
5.923423423423423095e+00 3.786942529901500620e+02
5.939189189189188589e+00 3.790756925112985982e+02
5.954954954954954083e+00 3.794572721556192505e+02
5.970720720720720465e+00 3.798389903318218330e+02
5.986486486486485958e+00 3.802208454422432737e+02
6.002252252252251452e+00 3.806028358828576756e+02
6.018018018018017834e+00 3.809849600433057049e+02
6.033783783783783328e+00 3.813672163069768999e+02
6.049549549549548821e+00 3.817496030508286253e+02
6.065315315315315203e+00 3.821321186455427892e+02
6.081081081081080697e+00 3.825147614554914526e+02
6.096846846846846191e+00 3.828975298387439921e+02
6.112612612612611684e+00 3.832804221470692596e+02
6.128378378378378066e+00 3.836634367259077862e+02
6.144144144144143560e+00 3.840465719144274885e+02
6.159909909909909054e+00 3.844298260455593663e+02
6.175675675675675436e+00 3.848131974458742661e+02
6.191441441441440929e+00 3.851966844357108926e+02
6.207207207207206423e+00 3.855802853291416454e+02
6.222972972972972805e+00 3.859639984340388423e+02
6.238738738738738299e+00 3.863478220519095316e+02
6.254504504504503792e+00 3.867317544780988783e+02
6.270270270270270174e+00 3.871157940017070587e+02
6.286036036036035668e+00 3.874999389055594179e+02
6.301801801801801162e+00 3.878841874663235672e+02
6.317567567567566655e+00 3.882685379544490161e+02
6.333333333333333037e+00 3.886529886340914004e+02
6.349099099099098531e+00 3.890375377632755090e+02
6.364864864864864025e+00 3.894221835938988079e+02
6.380630630630630407e+00 3.898069243715071934e+02
6.396396396396395900e+00 3.901917583356926116e+02
6.412162162162161394e+00 3.905766837196867982e+02
6.427927927927927776e+00 3.909616987506424834e+02
6.443693693693693270e+00 3.913468016495640427e+02
6.459459459459458763e+00 3.917319906313745719e+02
6.475225225225224257e+00 3.921172639047852044e+02
6.490990990990990639e+00 3.925026196723588896e+02
6.506756756756756133e+00 3.928880561306209529e+02
6.522522522522521626e+00 3.932735714700324365e+02
6.538288288288288008e+00 3.936591638748433866e+02
6.554054054054053502e+00 3.940448315232814025e+02
6.569819819819818996e+00 3.944305725875465782e+02
6.585585585585585378e+00 3.948163852336620607e+02
6.601351351351350871e+00 3.952022676217237063e+02
6.617117117117116365e+00 3.955882179057007306e+02
6.632882882882882747e+00 3.959742342335671310e+02
6.648648648648648241e+00 3.963603147472684327e+02
6.664414414414413734e+00 3.967464575827024191e+02
6.680180180180179228e+00 3.971326608698846030e+02
6.695945945945945610e+00 3.975189227326437162e+02
6.711711711711711104e+00 3.979052412890317783e+02
6.727477477477476597e+00 3.982916146509894020e+02
6.743243243243242979e+00 3.986780409246028398e+02
6.759009009009008473e+00 3.990645182100102488e+02
6.774774774774773967e+00 3.994510446012838543e+02
6.790540540540540349e+00 3.998376181867072887e+02
6.806306306306305842e+00 4.002242370486739560e+02
6.822072072072071336e+00 4.006108992635662389e+02
6.837837837837836830e+00 4.009976029019589419e+02
6.853603603603603212e+00 4.013843460285677907e+02
6.869369369369368705e+00 4.017711267021977619e+02
6.885135135135134199e+00 4.021579429758691617e+02
6.900900900900900581e+00 4.025447928967070652e+02
6.916666666666666075e+00 4.029316745060463631e+02
6.932432432432431568e+00 4.033185858394219281e+02
6.948198198198197950e+00 4.037055249265344514e+02
6.963963963963963444e+00 4.040924897914220537e+02
6.979729729729728938e+00 4.044794784522297846e+02
6.995495495495495319e+00 4.048664889213653169e+02
7.011261261261260813e+00 4.052535192055135553e+02
7.027027027027026307e+00 4.056405673056859200e+02
7.042792792792791801e+00 4.060276312171468476e+02
7.058558558558558182e+00 4.064147089294625630e+02
7.074324324324323676e+00 4.068017984264639608e+02
7.090090090090089170e+00 4.071888976863969560e+02
7.105855855855855552e+00 4.075760046818708133e+02
7.121621621621621046e+00 4.079631173797708357e+02
7.137387387387386539e+00 4.083502337413704026e+02
7.153153153153152921e+00 4.087373517223907129e+02
7.168918918918918415e+00 4.091244692729707140e+02
7.184684684684683909e+00 4.095115843375737654e+02
7.200450450450449402e+00 4.098986948551934120e+02
7.216216216216215784e+00 4.102857987592811924e+02
7.231981981981981278e+00 4.106728939776717198e+02
7.247747747747746772e+00 4.110599784328281316e+02
7.263513513513513153e+00 4.114470500415414449e+02
7.279279279279278647e+00 4.118341067152713322e+02
7.295045045045044141e+00 4.122211463599069248e+02
7.310810810810810523e+00 4.126081668759879335e+02
7.326576576576576016e+00 4.129951661584972840e+02
7.342342342342341510e+00 4.133821420971818270e+02
7.358108108108107892e+00 4.137690925762355505e+02
7.373873873873873386e+00 4.141560154745197906e+02
7.389639639639638879e+00 4.145429086655686888e+02
7.405405405405404373e+00 4.149297700174894885e+02
7.421171171171170755e+00 4.153165973931516533e+02
7.436936936936936249e+00 4.157033886501724282e+02
7.452702702702701743e+00 4.160901416406337603e+02
7.468468468468468124e+00 4.164768542115749028e+02
7.484234234234233618e+00 4.168635242047185443e+02
7.499999999999999112e+00 4.172501494564940572e+02
7.515765765765765494e+00 4.176367277981747748e+02
7.531531531531530987e+00 4.180232570558066527e+02
7.547297297297296481e+00 4.184097350502481163e+02
7.563063063063061975e+00 4.187961595972684563e+02
7.578828828828828357e+00 4.191825285074061753e+02
7.594594594594593850e+00 4.195688395860792639e+02
7.610360360360359344e+00 4.199550906336697267e+02
7.626126126126125726e+00 4.203412794454336563e+02
7.641891891891891220e+00 4.207274038115562007e+02
7.657657657657656713e+00 4.211134615171721975e+02
7.673423423423423095e+00 4.214994503424385357e+02
7.689189189189188589e+00 4.218853680624601452e+02
7.704954954954954083e+00 4.222712124474003872e+02
7.720720720720720465e+00 4.226569812624132396e+02
7.736486486486485958e+00 4.230426722676950249e+02
7.752252252252251452e+00 4.234282832186289056e+02
7.768018018018016946e+00 4.238138118656090114e+02
7.783783783783783328e+00 4.241992559541039896e+02
7.799549549549548821e+00 4.245846132247921219e+02
7.815315315315314315e+00 4.249698814135603584e+02
7.831081081081080697e+00 4.253550582514525900e+02
7.846846846846846191e+00 4.257401414646018907e+02
7.862612612612611684e+00 4.261251287744481715e+02
7.878378378378378066e+00 4.265100178977184555e+02
7.894144144144143560e+00 4.268948065464355182e+02
7.909909909909909054e+00 4.272794924277498012e+02
7.925675675675675436e+00 4.276640732443079287e+02
7.941441441441440929e+00 4.280485466940629635e+02
7.957207207207206423e+00 4.284329104701459414e+02
7.972972972972971917e+00 4.288171622613222098e+02
7.988738738738738299e+00 4.292012997516112023e+02
8.004504504504502904e+00 4.295853206205320021e+02
8.020270270270270174e+00 4.299692225429981249e+02
8.036036036036035668e+00 4.303530031894617878e+02
8.051801801801801162e+00 4.307366602257471868e+02
8.067567567567566655e+00 4.311201913134294159e+02
8.083333333333332149e+00 4.315035941093614724e+02
8.099099099099099419e+00 4.318868662661488997e+02
8.114864864864863137e+00 4.322700054319311107e+02
8.130630630630630407e+00 4.326530092505009861e+02
8.146396396396395900e+00 4.330358753612374585e+02
8.162162162162161394e+00 4.334186013992339213e+02
8.177927927927926888e+00 4.338011849952535499e+02
8.193693693693692381e+00 4.341836237757351569e+02
8.209459459459459651e+00 4.345659153629308094e+02
8.225225225225223369e+00 4.349480573748491565e+02
8.240990990990990639e+00 4.353300474252471872e+02
8.256756756756756133e+00 4.357118831237295922e+02
8.272522522522521626e+00 4.360935620757138622e+02
8.288288288288288896e+00 4.364750818824854264e+02
8.304054054054052614e+00 4.368564401413247538e+02
8.319819819819819884e+00 4.372376344452279113e+02
8.335585585585583601e+00 4.376186623833852991e+02
8.351351351351350871e+00 4.379995215406762554e+02
8.367117117117116365e+00 4.383802094982681297e+02
8.382882882882881859e+00 4.387607238331155486e+02
8.398648648648649129e+00 4.391410621183658805e+02
8.414414414414412846e+00 4.395212219231637505e+02
8.430180180180180116e+00 4.399012008128513003e+02
8.445945945945945610e+00 4.402809963487574691e+02
8.461711711711711104e+00 4.406606060884627709e+02
8.477477477477476597e+00 4.410400275857792849e+02
8.493243243243242091e+00 4.414192583906160507e+02
8.509009009009007585e+00 4.417982960491419249e+02
8.524774774774774855e+00 4.421771381039082485e+02
8.540540540540540349e+00 4.425557820936332405e+02
8.556306306306305842e+00 4.429342255534023707e+02
8.572072072072071336e+00 4.433124660146092424e+02
8.587837837837836830e+00 4.436905010051333988e+02
8.603603603603602323e+00 4.440683280491510345e+02
8.619369369369367817e+00 4.444459446673654952e+02
8.635135135135135087e+00 4.448233483768336214e+02
8.650900900900900581e+00 4.452005366911140527e+02
8.666666666666666075e+00 4.455775071204793107e+02
8.682432432432431568e+00 4.459542571715014674e+02
8.698198198198197062e+00 4.463307843475189998e+02
8.713963963963962556e+00 4.467070861482959003e+02
8.729729729729729826e+00 4.470831600703827462e+02
8.745495495495495319e+00 4.474590036069575376e+02
8.761261261261260813e+00 4.478346142478214915e+02
8.777027027027026307e+00 4.482099894796826902e+02
8.792792792792791801e+00 4.485851267858029701e+02
8.808558558558557294e+00 4.489600236462773637e+02
8.824324324324322788e+00 4.493346775381612588e+02
8.840090090090090058e+00 4.497090859351413883e+02
8.855855855855855552e+00 4.500832463079702279e+02
8.871621621621621046e+00 4.504571561240992423e+02
8.887387387387386539e+00 4.508308128481598374e+02
8.903153153153152033e+00 4.512042139415769384e+02
8.918918918918917527e+00 4.515773568627846544e+02
8.934684684684684797e+00 4.519502390673823129e+02
8.950450450450450290e+00 4.523228580078599066e+02
8.966216216216215784e+00 4.526952111339189742e+02
8.981981981981981278e+00 4.530672958923009332e+02
8.997747747747746772e+00 4.534391097269350439e+02
9.013513513513512265e+00 4.538106500789547795e+02
9.029279279279277759e+00 4.541819143867355137e+02
9.045045045045045029e+00 4.545529000857341657e+02
9.060810810810810523e+00 4.549236046089326919e+02
9.076576576576576016e+00 4.552940253864469469e+02
9.092342342342341510e+00 4.556641598458560907e+02
9.108108108108107004e+00 4.560340054120629247e+02
9.123873873873872498e+00 4.564035595072194269e+02
9.139639639639637991e+00 4.567728195512689808e+02
9.155405405405405261e+00 4.571417829613769754e+02
9.171171171171170755e+00 4.575104471522178642e+02
9.186936936936936249e+00 4.578788095361090882e+02
9.202702702702701743e+00 4.582468675229355313e+02
9.218468468468467236e+00 4.586146185200364584e+02
9.234234234234232730e+00 4.589820599326582737e+02
9.250000000000000000e+00 4.593491891633878481e+02
9.265765765765765494e+00 4.597160036127860963e+02
9.281531531531530987e+00 4.600825006791102396e+02
9.297297297297296481e+00 4.604486777582915806e+02
9.313063063063061975e+00 4.608145322440466884e+02
9.328828828828827469e+00 4.611800615281110254e+02
9.344594594594592962e+00 4.615452629999459191e+02
9.360360360360360232e+00 4.619101340469917432e+02
9.376126126126125726e+00 4.622746720545081303e+02
9.391891891891891220e+00 4.626388744059067335e+02
9.407657657657656713e+00 4.630027384825386321e+02
9.423423423423422207e+00 4.633662616638168288e+02
9.439189189189187701e+00 4.637294413270749942e+02
9.454954954954954971e+00 4.640922748480421660e+02
9.470720720720720465e+00 4.644547596003855574e+02
9.486486486486485958e+00 4.648168929560164884e+02
9.502252252252251452e+00 4.651786722851173295e+02
9.518018018018016946e+00 4.655400949560691402e+02
9.533783783783782440e+00 4.659011583354770778e+02
9.549549549549547933e+00 4.662618597884538758e+02
9.565315315315315203e+00 4.666221966783089670e+02
9.581081081081080697e+00 4.669821663668589053e+02
9.596846846846846191e+00 4.673417662142892937e+02
9.612612612612611684e+00 4.677009935792287934e+02
9.628378378378377178e+00 4.680598458188388236e+02
9.644144144144142672e+00 4.684183202889232689e+02
9.659909909909909942e+00 4.687764143436818927e+02
9.675675675675675436e+00 4.691341253360104133e+02
9.691441441441440929e+00 4.694914506175094289e+02
9.707207207207206423e+00 4.698483875383354871e+02
9.722972972972971917e+00 4.702049334474724560e+02
9.738738738738737410e+00 4.705610856926883798e+02
9.754504504504502904e+00 4.709168416204133791e+02
9.770270270270270174e+00 4.712721985759714585e+02
9.786036036036035668e+00 4.716271539036281411e+02
9.801801801801801162e+00 4.719817049464104457e+02
9.817567567567566655e+00 4.723358490463731982e+02
9.833333333333332149e+00 4.726895835445640728e+02
9.849099099099097643e+00 4.730429057810108588e+02
9.864864864864863137e+00 4.733958130947170275e+02
9.880630630630630407e+00 4.737483028240727663e+02
9.896396396396395900e+00 4.741003723061581923e+02
9.912162162162161394e+00 4.744520188775798033e+02
9.927927927927926888e+00 4.748032398739354676e+02
9.943693693693692381e+00 4.751540326302108497e+02
9.959459459459457875e+00 4.755043944805003093e+02
9.975225225225225145e+00 4.758543227583714383e+02
9.990990990990990639e+00 4.762038147966423480e+02
1.000675675675675613e+01 4.765528679275848845e+02
1.002252252252252163e+01 4.769014794828734125e+02
1.003828828828828712e+01 4.772496467936335307e+02
1.005405405405405261e+01 4.775973671905912283e+02
1.006981981981981811e+01 4.779446380038570510e+02
1.008558558558558538e+01 4.782914565631539290e+02
1.010135135135135087e+01 4.786378201979977121e+02
1.011711711711711636e+01 4.789837262374492752e+02
1.013288288288288186e+01 4.793291720102592990e+02
1.014864864864864735e+01 4.796741548446960905e+02
1.016441441441441285e+01 4.800186720693394591e+02
1.018018018018018012e+01 4.803627210120942550e+02
1.019594594594594561e+01 4.807062990009411010e+02
1.021171171171171110e+01 4.810494033636531981e+02
1.022747747747747660e+01 4.813920314280965727e+02
1.024324324324324209e+01 4.817341805218934496e+02
1.025900900900900758e+01 4.820758479727738859e+02
1.027477477477477308e+01 4.824170311087044070e+02
1.029054054054054035e+01 4.827577272572661968e+02
1.030630630630630584e+01 4.830979337467006189e+02
1.032207207207207134e+01 4.834376479050822581e+02
1.033783783783783683e+01 4.837768670607323429e+02
1.035360360360360232e+01 4.841155885423969494e+02
1.036936936936936782e+01 4.844538096789277688e+02
1.038513513513513509e+01 4.847915277994649728e+02
1.040090090090090058e+01 4.851287402336965329e+02
1.041666666666666607e+01 4.854654443116617131e+02
1.043243243243243157e+01 4.858016373636900767e+02
1.044819819819819706e+01 4.861373167208037671e+02
1.046396396396396256e+01 4.864724797144469335e+02
1.047972972972972805e+01 4.868071236766285779e+02
1.049549549549549532e+01 4.871412459400094690e+02
1.051126126126126081e+01 4.874748438377179696e+02
1.052702702702702631e+01 4.878079147038119459e+02
1.054279279279279180e+01 4.881404558730944814e+02
1.055855855855855729e+01 4.884724646807884483e+02
1.057432432432432279e+01 4.888039384632937185e+02
1.059009009009009006e+01 4.891348745576914894e+02
1.060585585585585555e+01 4.894652703019659725e+02
1.062162162162162105e+01 4.897951230350130913e+02
1.063738738738738654e+01 4.901244300967417189e+02
1.065315315315315203e+01 4.904531888280486669e+02
1.066891891891891753e+01 4.907813965708700721e+02
1.068468468468468302e+01 4.911090506683206627e+02
1.070045045045045029e+01 4.914361484644179541e+02
1.071621621621621578e+01 4.917626873046187939e+02
1.073198198198198128e+01 4.920886645354646021e+02
1.074774774774774677e+01 4.924140775047502530e+02
1.076351351351351227e+01 4.927389235616003020e+02
1.077927927927927776e+01 4.930632000564475561e+02
1.079504504504504325e+01 4.933869043411032749e+02
1.081081081081081052e+01 4.937100337687986098e+02
1.082657657657657602e+01 4.940325856943147187e+02
1.084234234234234151e+01 4.943545574736792787e+02
1.085810810810810700e+01 4.946759464648090443e+02
1.087387387387387250e+01 4.949967500269781908e+02
1.088963963963963799e+01 4.953169655211029863e+02
1.090540540540540526e+01 4.956365903097349133e+02
1.092117117117117076e+01 4.959556217573472168e+02
1.093693693693693625e+01 4.962740572299966288e+02
1.095270270270270174e+01 4.965918940954483674e+02
1.096846846846846724e+01 4.969091297234444937e+02
1.098423423423423273e+01 4.972257614855745373e+02
1.099999999999999822e+01 4.975417867552552025e+02
1.101576576576576549e+01 4.978572029080108905e+02
1.103153153153153099e+01 4.981720073212177908e+02
1.104729729729729648e+01 4.984861973744102670e+02
1.106306306306306197e+01 4.987997704490669548e+02
1.107882882882882747e+01 4.991127239289082240e+02
1.109459459459459296e+01 4.994250551998122774e+02
1.111036036036036023e+01 4.997367616497015206e+02
1.112612612612612573e+01 5.000478406690104975e+02
1.114189189189189122e+01 5.003582896502234689e+02
1.115765765765765671e+01 5.006681059883982243e+02
1.117342342342342221e+01 5.009772870806402807e+02
1.118918918918918770e+01 5.012858303267760789e+02
1.120495495495495319e+01 5.015937331289126746e+02
1.122072072072072046e+01 5.019009928918235914e+02
1.123648648648648596e+01 5.022076070224973705e+02
1.125225225225225145e+01 5.025135729308404393e+02
1.126801801801801695e+01 5.028188880293212151e+02
1.128378378378378244e+01 5.031235497328565884e+02
1.129954954954954793e+01 5.034275554592900903e+02
1.131531531531531520e+01 5.037309026292135741e+02
1.133108108108108070e+01 5.040335886657765627e+02
1.134684684684684619e+01 5.043356109953293185e+02
1.136261261261261168e+01 5.046369670467624928e+02
1.137837837837837718e+01 5.049376542520727753e+02
1.139414414414414267e+01 5.052376700460835650e+02
1.140990990990990817e+01 5.055370118667545967e+02
1.142567567567567544e+01 5.058356771550886606e+02
1.144144144144144093e+01 5.061336633549612998e+02
1.145720720720720642e+01 5.064309679135952251e+02
1.147297297297297192e+01 5.067275882813920589e+02
1.148873873873873741e+01 5.070235219118245595e+02
1.150450450450450290e+01 5.073187662615661111e+02
1.152027027027026840e+01 5.076133187908457671e+02
1.153603603603603567e+01 5.079071769629774167e+02
1.155180180180180116e+01 5.082003382447981039e+02
1.156756756756756666e+01 5.084928001065944159e+02
1.158333333333333215e+01 5.087845600218392974e+02
1.159909909909909764e+01 5.090756154678230132e+02
1.161486486486486314e+01 5.093659639252520606e+02
1.163063063063063041e+01 5.096556028785150261e+02
1.164639639639639590e+01 5.099445298153463000e+02
1.166216216216216139e+01 5.102327422274789228e+02
1.167792792792792689e+01 5.105202376102730000e+02
1.169369369369369238e+01 5.108070134627563448e+02
1.170945945945945788e+01 5.110930672877055372e+02
1.172522522522522337e+01 5.113783965919258208e+02
1.174099099099099064e+01 5.116629988859070295e+02
1.175675675675675613e+01 5.119468716843110201e+02
1.177252252252252163e+01 5.122300125054503042e+02
1.178828828828828712e+01 5.125124188719275935e+02
1.180405405405405261e+01 5.127940883100754945e+02
1.181981981981981811e+01 5.130750183506911526e+02
1.183558558558558538e+01 5.133552065283390675e+02
1.185135135135135087e+01 5.136346503821079068e+02
1.186711711711711636e+01 5.139133474549279299e+02
1.188288288288288186e+01 5.141912952942823267e+02
1.189864864864864735e+01 5.144684914518983305e+02
1.191441441441441285e+01 5.147449334836305752e+02
1.193018018018017834e+01 5.150206189499342599e+02
1.194594594594594561e+01 5.152955454156428914e+02
1.196171171171171110e+01 5.155697104499034822e+02
1.197747747747747660e+01 5.158431116266260688e+02
1.199324324324324209e+01 5.161157465240682995e+02
1.200900900900900758e+01 5.163876127249732235e+02
1.202477477477477308e+01 5.166587078171039593e+02
1.204054054054054035e+01 5.169290293925404285e+02
1.205630630630630584e+01 5.171985750481740070e+02
1.207207207207207134e+01 5.174673423855775809e+02
1.208783783783783683e+01 5.177353290112920376e+02
1.210360360360360232e+01 5.180025325365946856e+02
1.211936936936936782e+01 5.182689505775689440e+02
1.213513513513513331e+01 5.185345807553144368e+02
1.215090090090090058e+01 5.187994206958416044e+02
1.216666666666666607e+01 5.190634680300439641e+02
1.218243243243243157e+01 5.193267203941936714e+02
1.219819819819819706e+01 5.195891754292147198e+02
1.221396396396396256e+01 5.198508307813405054e+02
1.222972972972972805e+01 5.201116841020540278e+02
1.224549549549549354e+01 5.203717330478931444e+02
1.226126126126126081e+01 5.206309752807850373e+02
1.227702702702702631e+01 5.208894084677276624e+02
1.229279279279279180e+01 5.211470302812432465e+02
1.230855855855855729e+01 5.214038383991507999e+02
1.232432432432432279e+01 5.216598305045345114e+02
1.234009009009008828e+01 5.219150042860831036e+02
1.235585585585585555e+01 5.221693574379570464e+02
1.237162162162162105e+01 5.224228876597344424e+02
1.238738738738738654e+01 5.226755926567365123e+02
1.240315315315315203e+01 5.229274701395858074e+02
1.241891891891891753e+01 5.231785178248890134e+02
1.243468468468468302e+01 5.234287334346839771e+02
1.245045045045044851e+01 5.236781146969672136e+02
1.246621621621621578e+01 5.239266593452080087e+02
1.248198198198198128e+01 5.241743651188504600e+02
1.249774774774774677e+01 5.244212297632017226e+02
1.251351351351351227e+01 5.246672510293416281e+02
1.252927927927927776e+01 5.249124266744787519e+02
1.254504504504504325e+01 5.251567544613865266e+02
1.256081081081081052e+01 5.254002321592485032e+02
1.257657657657657602e+01 5.256428575430862793e+02
1.259234234234234151e+01 5.258846283941194315e+02
1.260810810810810700e+01 5.261255424993894394e+02
1.262387387387387250e+01 5.263655976525757296e+02
1.263963963963963799e+01 5.266047916530710609e+02
1.265540540540540349e+01 5.268431223067826750e+02
1.267117117117117076e+01 5.270805874258339827e+02
1.268693693693693625e+01 5.273171848285725218e+02
1.270270270270270174e+01 5.275529123398897582e+02
1.271846846846846724e+01 5.277877677908523992e+02
1.273423423423423273e+01 5.280217490189885439e+02
1.274999999999999822e+01 5.282548538686278334e+02
1.276576576576576549e+01 5.284870801899608068e+02
1.278153153153153099e+01 5.287184258403214017e+02
1.279729729729729648e+01 5.289488886833463539e+02
1.281306306306306197e+01 5.291784665892351995e+02
1.282882882882882747e+01 5.294071574351467007e+02
1.284459459459459296e+01 5.296349591044559020e+02
1.286036036036035846e+01 5.298618694877491180e+02
1.287612612612612573e+01 5.300878864821061143e+02
1.289189189189189122e+01 5.303130079915285933e+02
1.290765765765765671e+01 5.305372319267895591e+02
1.292342342342342221e+01 5.307605562055781547e+02
1.293918918918918770e+01 5.309829787524547555e+02
1.295495495495495319e+01 5.312044974991019899e+02
1.297072072072072046e+01 5.314251103839225152e+02
1.298648648648648596e+01 5.316448153526308715e+02
1.300225225225225145e+01 5.318636103578412531e+02
1.301801801801801695e+01 5.320814933592992020e+02
1.303378378378378244e+01 5.322984623239196935e+02
1.304954954954954793e+01 5.325145152257272230e+02
1.306531531531531343e+01 5.327296500462069844e+02
1.308108108108108070e+01 5.329438647737489418e+02
1.309684684684684619e+01 5.331571574041645363e+02
1.311261261261261168e+01 5.333695259407538742e+02
1.312837837837837718e+01 5.335809683939675097e+02
1.314414414414414267e+01 5.337914827817877494e+02
1.315990990990990817e+01 5.340010671294375015e+02
1.317567567567567366e+01 5.342097194698044405e+02
1.319144144144144093e+01 5.344174378432315962e+02
1.320720720720720642e+01 5.346242202976458202e+02
1.322297297297297192e+01 5.348300648883825943e+02
1.323873873873873741e+01 5.350349696783957825e+02
1.325450450450450290e+01 5.352389327386399600e+02
1.327027027027026840e+01 5.354419521474101202e+02
1.328603603603603567e+01 5.356440259906563597e+02
1.330180180180180116e+01 5.358451523623136836e+02
1.331756756756756666e+01 5.360453293639930052e+02
1.333333333333333215e+01 5.362445551051127950e+02
1.334909909909909764e+01 5.364428277031792049e+02
1.336486486486486314e+01 5.366401452830789367e+02
1.338063063063062863e+01 5.368365059781128821e+02
1.339639639639639590e+01 5.370319079293069535e+02
1.341216216216216139e+01 5.372263492857217670e+02
1.342792792792792689e+01 5.374198282044263806e+02
1.344369369369369238e+01 5.376123428506105029e+02
1.345945945945945788e+01 5.378038913974216939e+02
1.347522522522522337e+01 5.379944720263466706e+02
1.349099099099099064e+01 5.381840829268313655e+02
1.350675675675675613e+01 5.383727222967044099e+02
1.352252252252252163e+01 5.385603883416052895e+02
1.353828828828828712e+01 5.387470792760537961e+02
1.355405405405405261e+01 5.389327933224142271e+02
1.356981981981981811e+01 5.391175287116244590e+02
1.358558558558558360e+01 5.393012836826709417e+02
1.360135135135135087e+01 5.394840564831876009e+02
1.361711711711711636e+01 5.396658453692159583e+02
1.363288288288288186e+01 5.398466486051502216e+02
1.364864864864864735e+01 5.400264644639679545e+02
1.366441441441441285e+01 5.402052912270257821e+02
1.368018018018017834e+01 5.403831271843098421e+02
1.369594594594594561e+01 5.405599706346243920e+02
1.371171171171171110e+01 5.407358198848922939e+02
1.372747747747747660e+01 5.409106732511005475e+02
1.374324324324324209e+01 5.410845290575639410e+02
1.375900900900900758e+01 5.412573856377808852e+02
1.377477477477477308e+01 5.414292413334395633e+02
1.379054054054053857e+01 5.416000944954306533e+02
1.380630630630630584e+01 5.417699434831366716e+02
1.382207207207207134e+01 5.419387866651228478e+02
1.383783783783783683e+01 5.421066224184457951e+02
1.385360360360360232e+01 5.422734491291633958e+02
1.386936936936936782e+01 5.424392651923838002e+02
1.388513513513513331e+01 5.426040690120124736e+02
1.390090090090089880e+01 5.427678590010887092e+02
1.391666666666666607e+01 5.429306335814427484e+02
1.393243243243243157e+01 5.430923911842136249e+02
1.394819819819819706e+01 5.432531302493500789e+02
1.396396396396396256e+01 5.434128492260539360e+02
1.397972972972972805e+01 5.435715465725946842e+02
1.399549549549549354e+01 5.437292207564651108e+02
1.401126126126126081e+01 5.438858702541874663e+02
1.402702702702702631e+01 5.440414935516762398e+02
1.404279279279279180e+01 5.441960891439510988e+02
1.405855855855855729e+01 5.443496555355370674e+02
1.407432432432432279e+01 5.445021912398096902e+02
1.409009009009008828e+01 5.446536947798454094e+02
1.410585585585585378e+01 5.448041646880295730e+02
1.412162162162162105e+01 5.449535995060213054e+02
1.413738738738738654e+01 5.451019977847888640e+02
1.415315315315315203e+01 5.452493580850233457e+02
1.416891891891891753e+01 5.453956789766042448e+02
1.418468468468468302e+01 5.455409590391594747e+02
1.420045045045044851e+01 5.456851968615036412e+02
1.421621621621621578e+01 5.458283910423876932e+02
1.423198198198198128e+01 5.459705401897524553e+02
1.424774774774774677e+01 5.461116429213668653e+02
1.426351351351351227e+01 5.462516978645508061e+02
1.427927927927927776e+01 5.463907036562160329e+02
1.429504504504504325e+01 5.465286589430379536e+02
1.431081081081080875e+01 5.466655623813242073e+02
1.432657657657657602e+01 5.468014126371996326e+02
1.434234234234234151e+01 5.469362083863069302e+02
1.435810810810810700e+01 5.470699483143464477e+02
1.437387387387387250e+01 5.472026311166714549e+02
1.438963963963963799e+01 5.473342554984599246e+02
1.440540540540540349e+01 5.474648201748492511e+02
1.442117117117117076e+01 5.475943238704800251e+02
1.443693693693693625e+01 5.477227653203913178e+02
1.445270270270270174e+01 5.478501432690953834e+02
1.446846846846846724e+01 5.479764564714996595e+02
1.448423423423423273e+01 5.481017036921170984e+02
1.449999999999999822e+01 5.482258837054781679e+02
1.451576576576576372e+01 5.483489952963443557e+02
1.453153153153153099e+01 5.484710372592604699e+02
1.454729729729729648e+01 5.485920083991187539e+02
1.456306306306306197e+01 5.487119075304581202e+02
1.457882882882882747e+01 5.488307334783312399e+02
1.459459459459459296e+01 5.489484850777370184e+02
1.461036036036035846e+01 5.490651611739825739e+02
1.462612612612612395e+01 5.491807606221976812e+02
1.464189189189189122e+01 5.492952822880396297e+02
1.465765765765765671e+01 5.494087250471914103e+02
1.467342342342342221e+01 5.495210877857743981e+02
1.468918918918918770e+01 5.496323693998552926e+02
1.470495495495495319e+01 5.497425687960358118e+02
1.472072072072071869e+01 5.498516848911298212e+02
1.473648648648648596e+01 5.499597166121479859e+02
1.475225225225225145e+01 5.500666628968510850e+02
1.476801801801801695e+01 5.501725226928126631e+02
1.478378378378378244e+01 5.502772949581005832e+02
1.479954954954954793e+01 5.503809786616425299e+02
1.481531531531531343e+01 5.504835727823769957e+02
1.483108108108107892e+01 5.505850763095972979e+02
1.484684684684684619e+01 5.506854882433119656e+02
1.486261261261261168e+01 5.507848075940493118e+02
1.487837837837837718e+01 5.508830333824741956e+02
1.489414414414414267e+01 5.509801646399465653e+02
1.490990990990990817e+01 5.510762004086147954e+02
1.492567567567567366e+01 5.511711397409666233e+02
1.494144144144144093e+01 5.512649816997967491e+02
1.495720720720720642e+01 5.513577253588343865e+02
1.497297297297297192e+01 5.514493698024764399e+02
1.498873873873873741e+01 5.515399141253946027e+02
1.500450450450450290e+01 5.516293574330990168e+02
1.502027027027026840e+01 5.517176988418771089e+02
1.503603603603603389e+01 5.518049374783745407e+02
1.505180180180180116e+01 5.518910724802124150e+02
1.506756756756756666e+01 5.519761029955834601e+02
1.508333333333333215e+01 5.520600281834095995e+02
1.509909909909909764e+01 5.521428472133927698e+02
1.511486486486486314e+01 5.522245592659185149e+02
1.513063063063062863e+01 5.523051635322868833e+02
1.514639639639639590e+01 5.523846592143947873e+02
1.516216216216216139e+01 5.524630455250065779e+02
1.517792792792792689e+01 5.525403216878407875e+02
1.519369369369369238e+01 5.526164869372065596e+02
1.520945945945945788e+01 5.526915405184053043e+02
1.522522522522522337e+01 5.527654816876899986e+02
1.524099099099098886e+01 5.528383097119801732e+02
1.525675675675675613e+01 5.529100238691796676e+02
1.527252252252252163e+01 5.529806234479990508e+02
1.528828828828828712e+01 5.530501077482524579e+02
1.530405405405405261e+01 5.531184760806582972e+02
1.531981981981981811e+01 5.531857277666728123e+02
1.533558558558558360e+01 5.532518621389219788e+02
1.535135135135135087e+01 5.533168785407902988e+02
1.536711711711711636e+01 5.533807763269820725e+02
1.538288288288288186e+01 5.534435548627750450e+02
1.539864864864864735e+01 5.535052135247558454e+02
1.541441441441441285e+01 5.535657517004985948e+02
1.543018018018017834e+01 5.536251687883745944e+02
1.544594594594594383e+01 5.536834641981205323e+02
1.546171171171171110e+01 5.537406373503130226e+02
1.547747747747747660e+01 5.537966876766124642e+02
1.549324324324324209e+01 5.538516146196807313e+02
1.550900900900900758e+01 5.539054176335645252e+02
1.552477477477477308e+01 5.539580961831666173e+02
1.554054054054053857e+01 5.540096497444582155e+02
1.555630630630630407e+01 5.540600778046779169e+02
1.557207207207207134e+01 5.541093798620921689e+02
1.558783783783783683e+01 5.541575554261361276e+02
1.560360360360360232e+01 5.542046040173013353e+02
1.561936936936936782e+01 5.542505251674822375e+02
1.563513513513513331e+01 5.542953184194431060e+02
1.565090090090089880e+01 5.543389833272850638e+02
1.566666666666666607e+01 5.543815194561500448e+02
1.568243243243243157e+01 5.544229263826376837e+02
1.569819819819819706e+01 5.544632036943047524e+02
1.571396396396396256e+01 5.545023509899319833e+02
1.572972972972972805e+01 5.545403678796549229e+02
1.574549549549549354e+01 5.545772539847969256e+02
1.576126126126125904e+01 5.546130089375016041e+02
1.577702702702702631e+01 5.546476323818338869e+02
1.579279279279279180e+01 5.546811239727200018e+02
1.580855855855855729e+01 5.547134833763270763e+02
1.582432432432432279e+01 5.547447102700409687e+02
1.584009009009008828e+01 5.547748043427152425e+02
1.585585585585585378e+01 5.548037652943575040e+02
1.587162162162162105e+01 5.548315928361598708e+02
1.588738738738738654e+01 5.548582866906683648e+02
1.590315315315315203e+01 5.548838465917222038e+02
1.591891891891891753e+01 5.549082722844378850e+02
1.593468468468468302e+01 5.549315635253244636e+02
1.595045045045044851e+01 5.549537200820450380e+02
1.596621621621621401e+01 5.549747417335273667e+02
1.598198198198198128e+01 5.549946282701604332e+02
1.599774774774774677e+01 5.550133794935907190e+02
1.601351351351351227e+01 5.550309952167448273e+02
1.602927927927927954e+01 5.550474752639773897e+02
1.604504504504504325e+01 5.550628194706943077e+02
1.606081081081080697e+01 5.550770276838940163e+02
1.607657657657657779e+01 5.550900997619163491e+02
1.609234234234234151e+01 5.551020355742324455e+02
1.610810810810810523e+01 5.551128350016263084e+02
1.612387387387387250e+01 5.551224979365587160e+02
1.613963963963963977e+01 5.551310242825311434e+02
1.615540540540540349e+01 5.551384139544086338e+02
1.617117117117116720e+01 5.551446668784878966e+02
1.618693693693693803e+01 5.551497829924664984e+02
1.620270270270270174e+01 5.551537622450958906e+02
1.621846846846846546e+01 5.551566045967651917e+02
1.623423423423423273e+01 5.551583100191431868e+02
1.625000000000000000e+01 5.551588784951740081e+02
