0.000000000000000000e+00 2.438121199450868914e-01
5.374999999999999778e-01 2.517547711170232683e-01
1.074999999999999956e+00 2.586871743970731718e-01
1.612499999999999822e+00 2.647399338330581053e-01
2.149999999999999911e+00 2.700265692161206710e-01
2.687500000000000000e+00 2.746451011202548642e-01
3.224999999999999645e+00 2.786797731094097230e-01
3.762499999999999734e+00 2.822027316911781547e-01
4.299999999999999822e+00 2.852755788917409330e-01
4.837499999999999467e+00 2.879507634881212641e-01
5.375000000000000000e+00 2.902728039831252715e-01
5.912499999999999645e+00 2.922793500166392389e-01
6.449999999999999289e+00 2.940020950495462748e-01
6.987499999999999822e+00 2.954675551875973194e-01
7.524999999999999467e+00 2.966977288263220047e-01
8.062500000000000000e+00 2.977106504732924264e-01
8.599999999999999645e+00 2.985208502608401870e-01
9.137499999999999289e+00 2.991397286596000349e-01
9.674999999999998934e+00 2.995758539471869430e-01
1.021250000000000036e+01 2.998351881893010495e-01
1.075000000000000000e+01 2.999212459022180255e-01
