5.000000000000000000e-01 7.703697006331192654e+01
5.170170170170169666e-01 7.707821288974953688e+01
5.340340340340340441e-01 7.711932780948154686e+01
5.510510510510510107e-01 7.716031524923700147e+01
5.680680680680680883e-01 7.720117563464071964e+01
5.850850850850850549e-01 7.724190939021112001e+01
6.021021021021021324e-01 7.728251693935840194e+01
6.191191191191190990e-01 7.732299870438214384e+01
6.361361361361361766e-01 7.736335510646982527e+01
6.531531531531531432e-01 7.740358656569463847e+01
6.701701701701702207e-01 7.744369350101391092e+01
6.871871871871871873e-01 7.748367633026721535e+01
7.042042042042042649e-01 7.752353547017480651e+01
7.212212212212212314e-01 7.756327133633595849e+01
7.382382382382381980e-01 7.760288434322740159e+01
7.552552552552552756e-01 7.764237490420187271e+01
7.722722722722723532e-01 7.768174343148660910e+01
7.892892892892893197e-01 7.772099033618206931e+01
8.063063063063062863e-01 7.776011602826056901e+01
8.233233233233233639e-01 7.779912091656503037e+01
8.403403403403404415e-01 7.783800540880763208e+01
8.573573573573574080e-01 7.787676991156894246e+01
8.743743743743743746e-01 7.791541483029661208e+01
8.913913913913914522e-01 7.795394056930433635e+01
9.084084084084084187e-01 7.799234753177096025e+01
9.254254254254254963e-01 7.803063611973955460e+01
9.424424424424424629e-01 7.806880673411642135e+01
9.594594594594594295e-01 7.810685977467028351e+01
9.764764764764765070e-01 7.814479564003170253e+01
9.934934934934935846e-01 7.818261472769199827e+01
1.010510510510510551e+00 7.822031743400293635e+01
1.027527527527527518e+00 7.825790415417581869e+01
1.044544544544544706e+00 7.829537528228111398e+01
1.061561561561561451e+00 7.833273121124773297e+01
1.078578578578578639e+00 7.836997233286277265e+01
1.095595595595595606e+00 7.840709903777087675e+01
1.112612612612612573e+00 7.844411171547389472e+01
1.129629629629629761e+00 7.848101075433064011e+01
1.146646646646646728e+00 7.851779654155650690e+01
1.163663663663663694e+00 7.855446946322327051e+01
1.180680680680680883e+00 7.859102990425881785e+01
1.197697697697697627e+00 7.862747824844704780e+01
1.214714714714714816e+00 7.866381487842771492e+01
1.231731731731731783e+00 7.870004017569637256e+01
1.248748748748748749e+00 7.873615452060434450e+01
1.265765765765765938e+00 7.877215829235876754e+01
1.282782782782782904e+00 7.880805186902257731e+01
1.299799799799799871e+00 7.884383562751460772e+01
1.316816816816816837e+00 7.887950994360983259e+01
1.333833833833833804e+00 7.891507519193940823e+01
1.350850850850850993e+00 7.895053174599094348e+01
1.367867867867867959e+00 7.898587997810876971e+01
1.384884884884884926e+00 7.902112025949426766e+01
1.401901901901902114e+00 7.905625296020608062e+01
1.418918918918918859e+00 7.909127844916059757e+01
1.435935935935936048e+00 7.912619709413230851e+01
1.452952952952953014e+00 7.916100926175428754e+01
1.469969969969969981e+00 7.919571531751853399e+01
1.486986986986987169e+00 7.923031562577682507e+01
1.504004004004004136e+00 7.926481054974085794e+01
1.521021021021021102e+00 7.929920045148307395e+01
1.538038038038038069e+00 7.933348569193728395e+01
1.555055055055055258e+00 7.936766663089922247e+01
1.572072072072072224e+00 7.940174362702732935e+01
1.589089089089089191e+00 7.943571703784341764e+01
1.606106106106106157e+00 7.946958721973345519e+01
1.623123123123123124e+00 7.950335452794840307e+01
1.640140140140140312e+00 7.953701931660491198e+01
1.657157157157157279e+00 7.957058193868624585e+01
1.674174174174174246e+00 7.960404274604326247e+01
1.691191191191191212e+00 7.963740208939518084e+01
1.708208208208208401e+00 7.967066031833059014e+01
1.725225225225225367e+00 7.970381778130843031e+01
1.742242242242242334e+00 7.973687482565904361e+01
1.759259259259259300e+00 7.976983179758509834e+01
1.776276276276276489e+00 7.980268904216272574e+01
1.793293293293293456e+00 7.983544690334268523e+01
1.810310310310310422e+00 7.986810572395125973e+01
1.827327327327327389e+00 7.990066584569169095e+01
1.844344344344344577e+00 7.993312760914523096e+01
1.861361361361361544e+00 7.996549135377222228e+01
1.878378378378378510e+00 7.999775741791354733e+01
1.895395395395395477e+00 8.002992613879172268e+01
1.912412412412412444e+00 8.006199785251226331e+01
1.929429429429429632e+00 8.009397289406498999e+01
1.946446446446446599e+00 8.012585159732533668e+01
1.963463463463463565e+00 8.015763429505574322e+01
1.980480480480480532e+00 8.018932131890699111e+01
1.997497497497497720e+00 8.022091299941961040e+01
2.014514514514514687e+00 8.025240966602542869e+01
2.031531531531531876e+00 8.028381164704885009e+01
2.048548548548548620e+00 8.031511926970843263e+01
2.065565565565565809e+00 8.034633286011846565e+01
2.082582582582582553e+00 8.037745274329030565e+01
2.099599599599599742e+00 8.040847924313409578e+01
2.116616616616616930e+00 8.043941268246022958e+01
2.133633633633633675e+00 8.047025338298097097e+01
2.150650650650650864e+00 8.050100166531211698e+01
2.167667667667667608e+00 8.053165784897454671e+01
2.184684684684684797e+00 8.056222225239588397e+01
2.201701701701701985e+00 8.059269519291230210e+01
2.218718718718719174e+00 8.062307698676998768e+01
2.235735735735735918e+00 8.065336794912707319e+01
2.252752752752752663e+00 8.068356839405521441e+01
2.269769769769769852e+00 8.071367863454140945e+01
2.286786786786787040e+00 8.074369898248984612e+01
2.303803803803804229e+00 8.077362974872347934e+01
2.320820820820820973e+00 8.080347124298603489e+01
2.337837837837837718e+00 8.083322377394375735e+01
2.354854854854854906e+00 8.086288764918728589e+01
2.371871871871872095e+00 8.089246317523338803e+01
2.388888888888889284e+00 8.092195065752702021e+01
2.405905905905906028e+00 8.095135040044313257e+01
2.422922922922922773e+00 8.098066270728855898e+01
2.439939939939939961e+00 8.100988788030397814e+01
2.456956956956957150e+00 8.103902622066578942e+01
2.473973973973974338e+00 8.106807802848820188e+01
2.490990990990991083e+00 8.109704360282512425e+01
2.508008008008008272e+00 8.112592324167206925e+01
2.525025025025025016e+00 8.115471724196835623e+01
2.542042042042042205e+00 8.118342589959894440e+01
2.559059059059059393e+00 8.121204950939656442e+01
2.576076076076076138e+00 8.124058836514379323e+01
2.593093093093093326e+00 8.126904275957494406e+01
2.610110110110110515e+00 8.129741298437831176e+01
2.627127127127127260e+00 8.132569933019823338e+01
2.644144144144144448e+00 8.135390208663717715e+01
2.661161161161161193e+00 8.138202154225783147e+01
2.678178178178178381e+00 8.141005798458510867e+01
2.695195195195195570e+00 8.143801170010857504e+01
2.712212212212212314e+00 8.146588297428438352e+01
2.729229229229229503e+00 8.149367209153750480e+01
2.746246246246246248e+00 8.152137933526378788e+01
2.763263263263263436e+00 8.154900498783243279e+01
2.780280280280280625e+00 8.157654933058783797e+01
2.797297297297297369e+00 8.160401264385211562e+01
2.814314314314314558e+00 8.163139520692702433e+01
2.831331331331331747e+00 8.165869729809642763e+01
2.848348348348348491e+00 8.168591919462842554e+01
2.865365365365365680e+00 8.171306117277768521e+01
2.882382382382382424e+00 8.174012350778751568e+01
2.899399399399399613e+00 8.176710647389241160e+01
2.916416416416416801e+00 8.179401034432011386e+01
2.933433433433433546e+00 8.182083539129392591e+01
2.950450450450450735e+00 8.184758188603520068e+01
2.967467467467467479e+00 8.187425009876537274e+01
2.984484484484484668e+00 8.190084029870850202e+01
3.001501501501501856e+00 8.192735275409341966e+01
3.018518518518518601e+00 8.195378773215624335e+01
3.035535535535535789e+00 8.198014549914253735e+01
3.052552552552552978e+00 8.200642632030972834e+01
3.069569569569569722e+00 8.203263045992962077e+01
3.086586586586586911e+00 8.205875818129050003e+01
3.103603603603603656e+00 8.208480974669966201e+01
3.120620620620620844e+00 8.211078541748575788e+01
3.137637637637638033e+00 8.213668545400115306e+01
3.154654654654654777e+00 8.216251011562437156e+01
3.171671671671671966e+00 8.218825966076251177e+01
3.188688688688689155e+00 8.221393434685354862e+01
3.205705705705705899e+00 8.223953443036883471e+01
3.222722722722723088e+00 8.226506016681550193e+01
3.239739739739739832e+00 8.229051181073889154e+01
3.256756756756757021e+00 8.231588961572495577e+01
3.273773773773774209e+00 8.234119383440271633e+01
3.290790790790790954e+00 8.236642471844675129e+01
3.307807807807808143e+00 8.239158251857949722e+01
3.324824824824824887e+00 8.241666748457390668e+01
3.341841841841842076e+00 8.244167986525579295e+01
3.358858858858859264e+00 8.246661990850626012e+01
3.375875875875876009e+00 8.249148786126420418e+01
3.392892892892893197e+00 8.251628396952878575e+01
3.409909909909910386e+00 8.254100847836204480e+01
3.426926926926927131e+00 8.256566163189116025e+01
3.443943943943944319e+00 8.259024367331096528e+01
3.460960960960961064e+00 8.261475484488666154e+01
3.477977977977978252e+00 8.263919538795599351e+01
3.494994994994995441e+00 8.266356554293201953e+01
3.512012012012012185e+00 8.268786554930544241e+01
3.529029029029029374e+00 8.271209564564722427e+01
3.546046046046046119e+00 8.273625606961097390e+01
3.563063063063063307e+00 8.276034705793558999e+01
3.580080080080080496e+00 8.278436884644763438e+01
3.597097097097097240e+00 8.280832167006400368e+01
3.614114114114114429e+00 8.283220576279430247e+01
3.631131131131131617e+00 8.285602135774350074e+01
3.648148148148148362e+00 8.287976868711437817e+01
3.665165165165165551e+00 8.290344798220996836e+01
3.682182182182182295e+00 8.292705947343628736e+01
3.699199199199199484e+00 8.295060339030472107e+01
3.716216216216216672e+00 8.297407996143466846e+01
3.733233233233233417e+00 8.299748941455588636e+01
3.750250250250250605e+00 8.302083197651123214e+01
3.767267267267267350e+00 8.304410787325915067e+01
3.784284284284284539e+00 8.306731732987604744e+01
3.801301301301301727e+00 8.309046057055913082e+01
3.818318318318318472e+00 8.311353781862867152e+01
3.835335335335335660e+00 8.313654929653070269e+01
3.852352352352352849e+00 8.315949522583962050e+01
3.869369369369369593e+00 8.318237582726045787e+01
3.886386386386386782e+00 8.320519132063178347e+01
3.903403403403403527e+00 8.322794192492794707e+01
3.920420420420420715e+00 8.325062785826189327e+01
3.937437437437437904e+00 8.327324933788750627e+01
3.954454454454454648e+00 8.329580658020216788e+01
3.971471471471471837e+00 8.331829980074954278e+01
3.988488488488489025e+00 8.334072921422178126e+01
4.005505505505505326e+00 8.336309503446237557e+01
4.022522522522523403e+00 8.338539747446847628e+01
4.039539539539539703e+00 8.340763674639369185e+01
4.056556556556556892e+00 8.342981306155040500e+01
4.073573573573574080e+00 8.345192663041234482e+01
4.090590590590590381e+00 8.347397766261734375e+01
4.107607607607608458e+00 8.349596636696968233e+01
4.124624624624624758e+00 8.351789295144266134e+01
4.141641641641641947e+00 8.353975762318128773e+01
4.158658658658659135e+00 8.356156058850470458e+01
4.175675675675675436e+00 8.358330205290870651e+01
4.192692692692693512e+00 8.360498222106836863e+01
4.209709709709709813e+00 8.362660129684060450e+01
4.226726726726727001e+00 8.364815948326656780e+01
4.243743743743744190e+00 8.366965698257443762e+01
4.260760760760760490e+00 8.369109399618166378e+01
4.277777777777778567e+00 8.371247072469779482e+01
4.294794794794794868e+00 8.373378736792679433e+01
4.311811811811812056e+00 8.375504412486969841e+01
4.328828828828829245e+00 8.377624119372717360e+01
4.345845845845845545e+00 8.379737877190186168e+01
4.362862862862863622e+00 8.381845705600120766e+01
4.379879879879879923e+00 8.383947624183973346e+01
4.396896896896897111e+00 8.386043652444166696e+01
4.413913913913914300e+00 8.388133809804347152e+01
4.430930930930931488e+00 8.390218115609640392e+01
4.447947947947948677e+00 8.392296589126894446e+01
4.464964964964964977e+00 8.394369249544946854e+01
4.481981981981982166e+00 8.396436115974850622e+01
4.498998998998999355e+00 8.398497207450158442e+01
4.516016016016016543e+00 8.400552542927148636e+01
4.533033033033033732e+00 8.402602141285086645e+01
4.550050050050050032e+00 8.404646021326476557e+01
4.567067067067067221e+00 8.406684201777309795e+01
4.584084084084084409e+00 8.408716701287313811e+01
4.601101101101101598e+00 8.410743538430203614e+01
4.618118118118118787e+00 8.412764731703934729e+01
4.635135135135135087e+00 8.414780299530950458e+01
4.652152152152152276e+00 8.416790260258420631e+01
4.669169169169169464e+00 8.418794632158521551e+01
4.686186186186186653e+00 8.420793433428642061e+01
4.703203203203203842e+00 8.422786682191663488e+01
4.720220220220221030e+00 8.424774396496201234e+01
4.737237237237237331e+00 8.426756594316843518e+01
4.754254254254254519e+00 8.428733293554404327e+01
4.771271271271271708e+00 8.430704512036176368e+01
4.788288288288288896e+00 8.432670267516169815e+01
4.805305305305306085e+00 8.434630577675355312e+01
4.822322322322322385e+00 8.436585460121925450e+01
4.839339339339339574e+00 8.438534932391523569e+01
4.856356356356356763e+00 8.440479011947503807e+01
4.873373373373373951e+00 8.442417716181162746e+01
4.890390390390391140e+00 8.444351062411993780e+01
4.907407407407407440e+00 8.446279067887925862e+01
4.924424424424424629e+00 8.448201749785569348e+01
4.941441441441441818e+00 8.450119125210470372e+01
4.958458458458459006e+00 8.452031211197324012e+01
4.975475475475476195e+00 8.453938024710258503e+01
4.992492492492492495e+00 8.455839582643039876e+01
5.009509509509509684e+00 8.457735901819336277e+01
5.026526526526526872e+00 8.459626998992956715e+01
5.043543543543544061e+00 8.461512890848077006e+01
5.060560560560561250e+00 8.463393593999509790e+01
5.077577577577578438e+00 8.465269124992914840e+01
5.094594594594594739e+00 8.467139500305063393e+01
5.111611611611611927e+00 8.469004736344042783e+01
5.128628628628629116e+00 8.470864849449553446e+01
5.145645645645646304e+00 8.472719855893083718e+01
5.162662662662663493e+00 8.474569771878201152e+01
5.179679679679679793e+00 8.476414613540748633e+01
5.196696696696696982e+00 8.478254396949112959e+01
5.213713713713714171e+00 8.480089138104436586e+01
5.230730730730731359e+00 8.481918852940881948e+01
5.247747747747748548e+00 8.483743557325844620e+01
5.264764764764764848e+00 8.485563267060189219e+01
5.281781781781782037e+00 8.487377997878515146e+01
5.298798798798799226e+00 8.489187765449345591e+01
5.315815815815816414e+00 8.490992585375393276e+01
5.332832832832833603e+00 8.492792473193780722e+01
5.349849849849849903e+00 8.494587444376294627e+01
5.366866866866867092e+00 8.496377514329586234e+01
5.383883883883884280e+00 8.498162698395422865e+01
5.400900900900901469e+00 8.499943011850923824e+01
5.417917917917918658e+00 8.501718469908782083e+01
5.434934934934934958e+00 8.503489087717497341e+01
5.451951951951952147e+00 8.505254880361609082e+01
5.468968968968969335e+00 8.507015862861921107e+01
5.485985985985986524e+00 8.508772050175740276e+01
5.503003003003003712e+00 8.510523457197102459e+01
5.520020020020020901e+00 8.512270098756991388e+01
5.537037037037037202e+00 8.514011989623580234e+01
5.554054054054054390e+00 8.515749144502443357e+01
5.571071071071071579e+00 8.517481578036814938e+01
5.588088088088088767e+00 8.519209304807769456e+01
5.605105105105105956e+00 8.520932339334483174e+01
5.622122122122122256e+00 8.522650696074454402e+01
5.639139139139139445e+00 8.524364389423705290e+01
5.656156156156156634e+00 8.526073433717044736e+01
5.673173173173173822e+00 8.527777843228248855e+01
5.690190190190191011e+00 8.529477632170329571e+01
5.707207207207207311e+00 8.531172814695717932e+01
5.724224224224224500e+00 8.532863404896507120e+01
5.741241241241241688e+00 8.534549416804679822e+01
5.758258258258258877e+00 8.536230864392305762e+01
5.775275275275276066e+00 8.537907761571784704e+01
5.792292292292292366e+00 8.539580122196061041e+01
5.809309309309309555e+00 8.541247960058834110e+01
5.826326326326326743e+00 8.542911288894798361e+01
5.843343343343343932e+00 8.544570122379833776e+01
5.860360360360361121e+00 8.546224474131244619e+01
5.877377377377378309e+00 8.547874357707975435e+01
5.894394394394394610e+00 8.549519786610817107e+01
5.911411411411411798e+00 8.551160774282638499e+01
5.928428428428428987e+00 8.552797334108579719e+01
5.945445445445446175e+00 8.554429479416295123e+01
5.962462462462463364e+00 8.556057223476159379e+01
5.979479479479479664e+00 8.557680579501463569e+01
5.996496496496496853e+00 8.559299560648646832e+01
6.013513513513514042e+00 8.560914180017510944e+01
6.030530530530531230e+00 8.562524450651420693e+01
6.047547547547548419e+00 8.564130385537538359e+01
6.064564564564564719e+00 8.565731997606999926e+01
6.081581581581581908e+00 8.567329299735156667e+01
6.098598598598599096e+00 8.568922304741778362e+01
6.115615615615616285e+00 8.570511025391253668e+01
6.132632632632633474e+00 8.572095474392816072e+01
6.149649649649649774e+00 8.573675664400721530e+01
6.166666666666666963e+00 8.575251608014498572e+01
6.183683683683684151e+00 8.576823317779133049e+01
6.200700700700701340e+00 8.578390806185269923e+01
6.217717717717718529e+00 8.579954085669430697e+01
6.234734734734734829e+00 8.581513168614216625e+01
6.251751751751752018e+00 8.583068067348507668e+01
6.268768768768769206e+00 8.584618794147685605e+01
6.285785785785786395e+00 8.586165361233814508e+01
6.302802802802803583e+00 8.587707780775868116e+01
6.319819819819820772e+00 8.589246064889907473e+01
6.336836836836837072e+00 8.590780225639306877e+01
6.353853853853854261e+00 8.592310275034942890e+01
6.370870870870871450e+00 8.593836225035393284e+01
6.387887887887888638e+00 8.595358087547157311e+01
6.404904904904905827e+00 8.596875874424833341e+01
6.421921921921922127e+00 8.598389597471330603e+01
6.438938938938939316e+00 8.599899268438059607e+01
6.455955955955956505e+00 8.601404899025142470e+01
6.472972972972973693e+00 8.602906500881606178e+01
6.489989989989990882e+00 8.604404085605575858e+01
6.507007007007007182e+00 8.605897664744477993e+01
6.524024024024024371e+00 8.607387249795228001e+01
6.541041041041041559e+00 8.608872852204443404e+01
6.558058058058058748e+00 8.610354483368611511e+01
6.575075075075075937e+00 8.611832154634308267e+01
6.592092092092092237e+00 8.613305877298391522e+01
6.609109109109109426e+00 8.614775662608172979e+01
6.626126126126126614e+00 8.616241521761632782e+01
6.643143143143143803e+00 8.617703465907598570e+01
6.660160160160160991e+00 8.619161506145948692e+01
6.677177177177178180e+00 8.620615653527796951e+01
6.694194194194194480e+00 8.622065919055680183e+01
6.711211211211211669e+00 8.623512313683755792e+01
6.728228228228228858e+00 8.624954848317979383e+01
6.745245245245246046e+00 8.626393533816313663e+01
6.762262262262263235e+00 8.627828380988893286e+01
6.779279279279279535e+00 8.629259400598230911e+01
6.796296296296296724e+00 8.630686603359389153e+01
6.813313313313313913e+00 8.632109999940189482e+01
6.830330330330331101e+00 8.633529600961361439e+01
6.847347347347348290e+00 8.634945416996778533e+01
6.864364364364364590e+00 8.636357458573593249e+01
6.881381381381381779e+00 8.637765736172454467e+01
6.898398398398398967e+00 8.639170260227673737e+01
6.915415415415416156e+00 8.640571041127418539e+01
6.932432432432433345e+00 8.641968089213888504e+01
6.949449449449449645e+00 8.643361414783500152e+01
6.966466466466466834e+00 8.644751028087078737e+01
6.983483483483484022e+00 8.646136939330000359e+01
7.000500500500501211e+00 8.647519158672437811e+01
7.017517517517518399e+00 8.648897696229468579e+01
7.034534534534534700e+00 8.650272562071309324e+01
7.051551551551551889e+00 8.651643766223465093e+01
7.068568568568569077e+00 8.653011318666922591e+01
7.085585585585586266e+00 8.654375229338307918e+01
7.102602602602603454e+00 8.655735508130081257e+01
7.119619619619620643e+00 8.657092164890713093e+01
7.136636636636636943e+00 8.658445209424853317e+01
7.153653653653654132e+00 8.659794651493498918e+01
7.170670670670671321e+00 8.661140500814187249e+01
7.187687687687688509e+00 8.662482767061160871e+01
7.204704704704705698e+00 8.663821459865528141e+01
7.221721721721721998e+00 8.665156588815457894e+01
7.238738738738739187e+00 8.666488163456342875e+01
7.255755755755756375e+00 8.667816193290963156e+01
7.272772772772773564e+00 8.669140687779669463e+01
7.289789789789790753e+00 8.670461656340548018e+01
7.306806806806807053e+00 8.671779108349596754e+01
7.323823823823824242e+00 8.673093053140884479e+01
7.340840840840841430e+00 8.674403500006715717e+01
7.357857857857858619e+00 8.675710458197832509e+01
7.374874874874875808e+00 8.677013936923536619e+01
7.391891891891892108e+00 8.678313945351877123e+01
7.408908908908909297e+00 8.679610492609837991e+01
7.425925925925926485e+00 8.680903587783468822e+01
7.442942942942943674e+00 8.682193239918063909e+01
7.459959959959960862e+00 8.683479458018342712e+01
7.476976976976978051e+00 8.684762251048584858e+01
7.493993993993994351e+00 8.686041627932821996e+01
7.511011011011011540e+00 8.687317597554984161e+01
7.528028028028028729e+00 8.688590168759063204e+01
7.545045045045045917e+00 8.689859350349287581e+01
7.562062062062063106e+00 8.691125151090270151e+01
7.579079079079079406e+00 8.692387579707181544e+01
7.596096096096096595e+00 8.693646644885895114e+01
7.613113113113113783e+00 8.694902355273158889e+01
7.630130130130130972e+00 8.696154719476744788e+01
7.647147147147148161e+00 8.697403746065636199e+01
7.664164164164164461e+00 8.698649443570145934e+01
7.681181181181181650e+00 8.699891820482092442e+01
7.698198198198198838e+00 8.701130885254968916e+01
7.715215215215216027e+00 8.702366646304081144e+01
7.732232232232233216e+00 8.703599112006710925e+01
7.749249249249249516e+00 8.704828290702269555e+01
7.766266266266266705e+00 8.706054190692465511e+01
7.783283283283283893e+00 8.707276820241439452e+01
7.800300300300301082e+00 8.708496187575930492e+01
7.817317317317318270e+00 8.709712300885425407e+01
7.834334334334335459e+00 8.710925168322314960e+01
7.851351351351351759e+00 8.712134798002044533e+01
7.868368368368368948e+00 8.713341198003259080e+01
7.885385385385386137e+00 8.714544376367965128e+01
7.902402402402403325e+00 8.715744341101682835e+01
7.919419419419420514e+00 8.716941100173583834e+01
7.936436436436436814e+00 8.718134661516648976e+01
7.953453453453454003e+00 8.719325033027817540e+01
7.970470470470471192e+00 8.720512222568127925e+01
7.987487487487488380e+00 8.721696237962886755e+01
8.004504504504506457e+00 8.722877087001792518e+01
8.021521521521520981e+00 8.724054777439091879e+01
8.038538538538539058e+00 8.725229316993724638e+01
8.055555555555557135e+00 8.726400713349477201e+01
8.072572572572573435e+00 8.727568974155124693e+01
8.089589589589589735e+00 8.728734107024567379e+01
8.106606606606607812e+00 8.729896119536981303e+01
8.123623623623624113e+00 8.731055019236971759e+01
8.140640640640640413e+00 8.732210813634692670e+01
8.157657657657658490e+00 8.733363510206008584e+01
8.174674674674676567e+00 8.734513116392643894e+01
8.191691691691691091e+00 8.735659639602303628e+01
8.208708708708709167e+00 8.736803087208818397e+01
8.225725725725727244e+00 8.737943466552302141e+01
8.242742742742743545e+00 8.739080784939277180e+01
8.259759759759759845e+00 8.740215049642817746e+01
8.276776776776777922e+00 8.741346267902693512e+01
8.293793793793794222e+00 8.742474446925498910e+01
8.310810810810810523e+00 8.743599593884795240e+01
8.327827827827828600e+00 8.744721715921254201e+01
8.344844844844846676e+00 8.745840820142795735e+01
8.361861861861862977e+00 8.746956913624710239e+01
8.378878878878879277e+00 8.748070003409809203e+01
8.395895895895897354e+00 8.749180096508563054e+01
8.412912912912913654e+00 8.750287199899213419e+01
8.429929929929929955e+00 8.751391320527935136e+01
8.446946946946948032e+00 8.752492465308965564e+01
8.463963963963964332e+00 8.753590641124712590e+01
8.480980980980980632e+00 8.754685854825926583e+01
8.497997997997998709e+00 8.755778113231795601e+01
8.515015015015015010e+00 8.756867423130114503e+01
8.532032032032033086e+00 8.757953791277385847e+01
8.549049049049049387e+00 8.759037224398967680e+01
8.566066066066067464e+00 8.760117729189191493e+01
8.583083083083083764e+00 8.761195312311517114e+01
8.600100100100100065e+00 8.762269980398632185e+01
8.617117117117118141e+00 8.763341740052597117e+01
8.634134134134134442e+00 8.764410597844977246e+01
8.651151151151152519e+00 8.765476560316963628e+01
8.668168168168168819e+00 8.766539633979499513e+01
8.685185185185185119e+00 8.767599825313415352e+01
8.702202202202203196e+00 8.768657140769555269e+01
8.719219219219219497e+00 8.769711586768887912e+01
8.736236236236237573e+00 8.770763169702655659e+01
8.753253253253253874e+00 8.771811895932484049e+01
8.770270270270270174e+00 8.772857771790509673e+01
8.787287287287288251e+00 8.773900803579515184e+01
8.804304304304304551e+00 8.774940997573027346e+01
8.821321321321322628e+00 8.775978360015473356e+01
8.838338338338338929e+00 8.777012897122278900e+01
8.855355355355357005e+00 8.778044615080004576e+01
8.872372372372373306e+00 8.779073520046468104e+01
8.889389389389389606e+00 8.780099618150839547e+01
8.906406406406407683e+00 8.781122915493810410e+01
8.923423423423423984e+00 8.782143418147676073e+01
8.940440440440442060e+00 8.783161132156469364e+01
8.957457457457458361e+00 8.784176063536075674e+01
8.974474474474474661e+00 8.785188218274356586e+01
8.991491491491492738e+00 8.786197602331273515e+01
9.008508508508509038e+00 8.787204221638995705e+01
9.025525525525527115e+00 8.788208082102019603e+01
9.042542542542543416e+00 8.789209189597295335e+01
9.059559559559559716e+00 8.790207549974343237e+01
9.076576576576577793e+00 8.791203169055347644e+01
9.093593593593594093e+00 8.792196052635307524e+01
9.110610610610612170e+00 8.793186206482121747e+01
9.127627627627628470e+00 8.794173636336729771e+01
9.144644644644644771e+00 8.795158347913211117e+01
9.161661661661662848e+00 8.796140346898897633e+01
9.178678678678679148e+00 8.797119638954497134e+01
9.195695695695697225e+00 8.798096229714201399e+01
9.212712712712713525e+00 8.799070124785806968e+01
9.229729729729729826e+00 8.800041329750806085e+01
9.246746746746747903e+00 8.801009850164528814e+01
9.263763763763764203e+00 8.801975691556231141e+01
9.280780780780782280e+00 8.802938859429215768e+01
9.297797797797798580e+00 8.803899359260947222e+01
9.314814814814814881e+00 8.804857196503157013e+01
9.331831831831832957e+00 8.805812376581945955e+01
9.348848848848849258e+00 8.806764904897907797e+01
9.365865865865867335e+00 8.807714786826224440e+01
9.382882882882883635e+00 8.808662027716799514e+01
9.399899899899899935e+00 8.809606632894332279e+01
9.416916916916918012e+00 8.810548607658444098e+01
9.433933933933934313e+00 8.811487957283793548e+01
9.450950950950952389e+00 8.812424687020168790e+01
9.467967967967968690e+00 8.813358802092596989e+01
9.484984984984984990e+00 8.814290307701455163e+01
9.502002002002003067e+00 8.815219209022579605e+01
9.519019019019019368e+00 8.816145511207352570e+01
9.536036036036037444e+00 8.817069219382827328e+01
9.553053053053053745e+00 8.817990338651829063e+01
9.570070070070070045e+00 8.818908874093054351e+01
9.587087087087088122e+00 8.819824830761160683e+01
9.604104104104104422e+00 8.820738213686905738e+01
9.621121121121122499e+00 8.821649027877211324e+01
9.638138138138138800e+00 8.822557278315296969e+01
9.655155155155156876e+00 8.823462969960763758e+01
9.672172172172173177e+00 8.824366107749698074e+01
9.689189189189189477e+00 8.825266696594772498e+01
9.706206206206207554e+00 8.826164741385363754e+01
9.723223223223223854e+00 8.827060246987622349e+01
9.740240240240241931e+00 8.827953218244597622e+01
9.757257257257258232e+00 8.828843659976331537e+01
9.774274274274274532e+00 8.829731576979946794e+01
9.791291291291292609e+00 8.830616974029760513e+01
9.808308308308308909e+00 8.831499855877376604e+01
9.825325325325326986e+00 8.832380227251779559e+01
9.842342342342343287e+00 8.833258092859436772e+01
9.859359359359359587e+00 8.834133457384398014e+01
9.876376376376377664e+00 8.835006325488392065e+01
9.893393393393393964e+00 8.835876701810911982e+01
9.910410410410412041e+00 8.836744590969323099e+01
9.927427427427428341e+00 8.837609997558956820e+01
9.944444444444444642e+00 8.838472926153205833e+01
9.961461461461462719e+00 8.839333381303620740e+01
9.978478478478479019e+00 8.840191367539991063e+01
9.995495495495497096e+00 8.841046889370451822e+01
1.001251251251251340e+01 8.841899951281587278e+01
1.002952952952952970e+01 8.842750557738503403e+01
1.004654654654654777e+01 8.843598713184928783e+01
1.006356356356356407e+01 8.844444422043315512e+01
1.008058058058058215e+01 8.845287688714917351e+01
1.009759759759759845e+01 8.846128517579897732e+01
1.011461461461461475e+01 8.846966912997403654e+01
1.013163163163163283e+01 8.847802879305669421e+01
1.014864864864864913e+01 8.848636420822100490e+01
1.016566566566566721e+01 8.849467541843380047e+01
1.018268268268268351e+01 8.850296246645530118e+01
1.019969969969969981e+01 8.851122539484028096e+01
1.021671671671671788e+01 8.851946424593882057e+01
1.023373373373373418e+01 8.852767906189723135e+01
1.025075075075075226e+01 8.853586988465895047e+01
1.026776776776776856e+01 8.854403675596535095e+01
1.028478478478478486e+01 8.855217971735683591e+01
1.030180180180180294e+01 8.856029881017347805e+01
1.031881881881881924e+01 8.856839407555595756e+01
1.033583583583583732e+01 8.857646555444645742e+01
1.035285285285285362e+01 8.858451328758957288e+01
1.036986986986986992e+01 8.859253731553307887e+01
1.038688688688688799e+01 8.860053767862886787e+01
1.040390390390390429e+01 8.860851441703370313e+01
1.042092092092092237e+01 8.861646757071024183e+01
1.043793793793793867e+01 8.862439717942770301e+01
1.045495495495495675e+01 8.863230328276277703e+01
1.047197197197197305e+01 8.864018592010053510e+01
1.048898898898898935e+01 8.864804513063511138e+01
1.050600600600600742e+01 8.865588095337076879e+01
1.052302302302302373e+01 8.866369342712243906e+01
1.054004004004004180e+01 8.867148259051683112e+01
1.055705705705705810e+01 8.867924848199311327e+01
1.057407407407407440e+01 8.868699113980359527e+01
1.059109109109109248e+01 8.869471060201492207e+01
1.060810810810810878e+01 8.870240690650850013e+01
1.062512512512512686e+01 8.871008009098150637e+01
1.064214214214214316e+01 8.871773019294766982e+01
1.065915915915915946e+01 8.872535724973809579e+01
1.067617617617617753e+01 8.873296129850199065e+01
1.069319319319319384e+01 8.874054237620748609e+01
1.071021021021021191e+01 8.874810051964247748e+01
1.072722722722722821e+01 8.875563576541537714e+01
1.074424424424424451e+01 8.876314814995588165e+01
1.076126126126126259e+01 8.877063770951581034e+01
1.077827827827827889e+01 8.877810448016987266e+01
1.079529529529529697e+01 8.878554849781640712e+01
1.081231231231231327e+01 8.879296979817812030e+01
1.082932932932932957e+01 8.880036841680296789e+01
1.084634634634634764e+01 8.880774438906490786e+01
1.086336336336336394e+01 8.881509775016454000e+01
1.088038038038038202e+01 8.882242853512995850e+01
1.089739739739739832e+01 8.882973677881756203e+01
1.091441441441441462e+01 8.883702251591270738e+01
1.093143143143143270e+01 8.884428578093044848e+01
1.094844844844844900e+01 8.885152660821637483e+01
1.096546546546546708e+01 8.885874503194739304e+01
1.098248248248248338e+01 8.886594108613226695e+01
1.099949949949949968e+01 8.887311480461249857e+01
1.101651651651651775e+01 8.888026622106310981e+01
1.103353353353353405e+01 8.888739536899325344e+01
1.105055055055055213e+01 8.889450228174696633e+01
1.106756756756756843e+01 8.890158699250403629e+01
1.108458458458458473e+01 8.890864953428045681e+01
1.110160160160160281e+01 8.891568993992942183e+01
1.111861861861861911e+01 8.892270824214185154e+01
1.113563563563563719e+01 8.892970447344720242e+01
1.115265265265265349e+01 8.893667866621416351e+01
1.116966966966966979e+01 8.894363085265123914e+01
1.118668668668668786e+01 8.895056106480774361e+01
1.120370370370370416e+01 8.895746933457412808e+01
1.122072072072072224e+01 8.896435569368296115e+01
1.123773773773773854e+01 8.897122017370953984e+01
1.125475475475475662e+01 8.897806280607251495e+01
1.127177177177177292e+01 8.898488362203467261e+01
1.128878878878878922e+01 8.899168265270351696e+01
1.130580580580580730e+01 8.899845992903209435e+01
1.132282282282282360e+01 8.900521548181946230e+01
1.133983983983984167e+01 8.901194934171168427e+01
1.135685685685685797e+01 8.901866153920209968e+01
1.137387387387387427e+01 8.902535210463231863e+01
1.139089089089089235e+01 8.903202106819270512e+01
1.140790790790790865e+01 8.903866845992320123e+01
1.142492492492492673e+01 8.904529430971373927e+01
1.144194194194194303e+01 8.905189864730516547e+01
1.145895895895895933e+01 8.905848150228975157e+01
1.147597597597597741e+01 8.906504290411179170e+01
1.149299299299299371e+01 8.907158288206844077e+01
1.151001001001001178e+01 8.907810146531009821e+01
1.152702702702702808e+01 8.908459868284133165e+01
1.154404404404404438e+01 8.909107456352128906e+01
1.156106106106106246e+01 8.909752913606446612e+01
1.157807807807807876e+01 8.910396242904124620e+01
1.159509509509509684e+01 8.911037447087859675e+01
1.161211211211211314e+01 8.911676528986065193e+01
1.162912912912912944e+01 8.912313491412935207e+01
1.164614614614614752e+01 8.912948337168508317e+01
1.166316316316316382e+01 8.913581069038723115e+01
1.168018018018018189e+01 8.914211689795492077e+01
1.169719719719719819e+01 8.914840202196741359e+01
1.171421421421421449e+01 8.915466608986497477e+01
1.173123123123123257e+01 8.916090912894915732e+01
1.174824824824824887e+01 8.916713116638374004e+01
1.176526526526526695e+01 8.917333222919518221e+01
1.178228228228228325e+01 8.917951234427304996e+01
1.179929929929929955e+01 8.918567153837089734e+01
1.181631631631631763e+01 8.919180983810670682e+01
1.183333333333333393e+01 8.919792726996341514e+01
1.185035035035035200e+01 8.920402386028958119e+01
1.186736736736736830e+01 8.921009963529994025e+01
1.188438438438438460e+01 8.921615462107608607e+01
1.190140140140140268e+01 8.922218884356679780e+01
1.191841841841841898e+01 8.922820232858880729e+01
1.193543543543543706e+01 8.923419510182732495e+01
1.195245245245245336e+01 8.924016718883659394e+01
1.196946946946946966e+01 8.924611861504034493e+01
1.198648648648648773e+01 8.925204940573257772e+01
1.200350350350350404e+01 8.925795958607790226e+01
1.202052052052052211e+01 8.926384918111216393e+01
1.203753753753753841e+01 8.926971821574304045e+01
1.205455455455455649e+01 8.927556671475048233e+01
1.207157157157157279e+01 8.928139470278735246e+01
1.208858858858858909e+01 8.928720220437988075e+01
1.210560560560560717e+01 8.929298924392830372e+01
1.212262262262262347e+01 8.929875584570720548e+01
1.213963963963964154e+01 8.930450203386628516e+01
1.215665665665665784e+01 8.931022783243065533e+01
1.217367367367367414e+01 8.931593326530159516e+01
1.219069069069069222e+01 8.932161835625679203e+01
1.220770770770770852e+01 8.932728312895105205e+01
1.222472472472472660e+01 8.933292760691684009e+01
1.224174174174174290e+01 8.933855181356460662e+01
1.225875875875875920e+01 8.934415577218344140e+01
1.227577577577577728e+01 8.934973950594154246e+01
1.229279279279279358e+01 8.935530303788655715e+01
1.230980980980981165e+01 8.936084639094644899e+01
1.232682682682682795e+01 8.936636958792956875e+01
1.234384384384384425e+01 8.937187265152536497e+01
1.236086086086086233e+01 8.937735560430493820e+01
1.237787787787787863e+01 8.938281846872123992e+01
1.239489489489489671e+01 8.938826126710985420e+01
1.241191191191191301e+01 8.939368402168932448e+01
1.242892892892892931e+01 8.939908675456156573e+01
1.244594594594594739e+01 8.940446948771254654e+01
1.246296296296296369e+01 8.940983224301250232e+01
1.247997997997998176e+01 8.941517504221651791e+01
1.249699699699699806e+01 8.942049790696508182e+01
1.251401401401401436e+01 8.942580085878431362e+01
1.253103103103103244e+01 8.943108391908661758e+01
1.254804804804804874e+01 8.943634710917099540e+01
1.256506506506506682e+01 8.944159045022361454e+01
1.258208208208208312e+01 8.944681396331812095e+01
1.259909909909909942e+01 8.945201766941622168e+01
1.261611611611611750e+01 8.945720158936792643e+01
1.263313313313313380e+01 8.946236574391221552e+01
1.265015015015015187e+01 8.946751015367719617e+01
1.266716716716716817e+01 8.947263483918079885e+01
1.268418418418418447e+01 8.947773982083100464e+01
1.270120120120120255e+01 8.948282511892637103e+01
1.271821821821821885e+01 8.948789075365640144e+01
1.273523523523523693e+01 8.949293674510192886e+01
1.275225225225225323e+01 8.949796311323557063e+01
1.276926926926926953e+01 8.950296987792214054e+01
1.278628628628628761e+01 8.950795705891904674e+01
1.280330330330330391e+01 8.951292467587657598e+01
1.282032032032032198e+01 8.951787274833854724e+01
1.283733733733733828e+01 8.952280129574239709e+01
1.285435435435435636e+01 8.952771033741976225e+01
1.287137137137137266e+01 8.953259989259682072e+01
1.288838838838838896e+01 8.953746998039470384e+01
1.290540540540540704e+01 8.954232061982973789e+01
1.292242242242242334e+01 8.954715182981398414e+01
1.293943943943944141e+01 8.955196362915562247e+01
1.295645645645645772e+01 8.955675603655909356e+01
1.297347347347347402e+01 8.956152907062576674e+01
1.299049049049049209e+01 8.956628274985394000e+01
1.300750750750750839e+01 8.957101709263965006e+01
1.302452452452452647e+01 8.957573211727662965e+01
1.304154154154154277e+01 8.958042784195687602e+01
1.305855855855855907e+01 8.958510428477094933e+01
1.307557557557557715e+01 8.958976146370822846e+01
1.309259259259259345e+01 8.959439939665749364e+01
1.310960960960961152e+01 8.959901810140692646e+01
1.312662662662662783e+01 8.960361759564476358e+01
1.314364364364364413e+01 8.960819789695943882e+01
1.316066066066066220e+01 8.961275902283995265e+01
1.317767767767767850e+01 8.961730099067627009e+01
1.319469469469469658e+01 8.962182381775959072e+01
1.321171171171171288e+01 8.962632752128259028e+01
1.322872872872872918e+01 8.963081211833988959e+01
1.324574574574574726e+01 8.963527762592831039e+01
1.326276276276276356e+01 8.963972406094711687e+01
1.327977977977978163e+01 8.964415144019839943e+01
1.329679679679679793e+01 8.964855978038742990e+01
1.331381381381381424e+01 8.965294909812281787e+01
1.333083083083083231e+01 8.965731940991692284e+01
1.334784784784784861e+01 8.966167073218612416e+01
1.336486486486486669e+01 8.966600308125114793e+01
1.338188188188188299e+01 8.967031647333720912e+01
1.339889889889889929e+01 8.967461092457457994e+01
1.341591591591591737e+01 8.967888645099854728e+01
1.343293293293293367e+01 8.968314306854995266e+01
1.344994994994995174e+01 8.968738079307533440e+01
1.346696696696696804e+01 8.969159964032729704e+01
1.348398398398398434e+01 8.969579962596473877e+01
1.350100100100100242e+01 8.969998076555305033e+01
1.351801801801801872e+01 8.970414307456454139e+01
1.353503503503503680e+01 8.970828656837852577e+01
1.355205205205205310e+01 8.971241126228179041e+01
1.356906906906906940e+01 8.971651717146869487e+01
1.358608608608608748e+01 8.972060431104148392e+01
1.360310310310310378e+01 8.972467269601054340e+01
1.362012012012012185e+01 8.972872234129468438e+01
1.363713713713713815e+01 8.973275326172135635e+01
1.365415415415415623e+01 8.973676547202694564e+01
1.367117117117117253e+01 8.974075898685684649e+01
1.368818818818818883e+01 8.974473382076604366e+01
1.370520520520520691e+01 8.974868998821902721e+01
1.372222222222222321e+01 8.975262750359017616e+01
1.373923923923924129e+01 8.975654638116407114e+01
1.375625625625625759e+01 8.976044663513555122e+01
1.377327327327327389e+01 8.976432827961005501e+01
1.379029029029029196e+01 8.976819132860391903e+01
1.380730730730730826e+01 8.977203579604439199e+01
1.382432432432432634e+01 8.977586169577007524e+01
1.384134134134134264e+01 8.977966904153116445e+01
1.385835835835835894e+01 8.978345784698937848e+01
1.387537537537537702e+01 8.978722812571859890e+01
1.389239239239239332e+01 8.979097989120471368e+01
1.390940940940941140e+01 8.979471315684611454e+01
1.392642642642642770e+01 8.979842793595371120e+01
1.394344344344344400e+01 8.980212424175130081e+01
1.396046046046046207e+01 8.980580208737576697e+01
1.397747747747747837e+01 8.980946148587713651e+01
1.399449449449449645e+01 8.981310245021889216e+01
1.401151151151151275e+01 8.981672499327834203e+01
1.402852852852852905e+01 8.982032912784646328e+01
1.404554554554554713e+01 8.982391486662857005e+01
1.406256256256256343e+01 8.982748222224407186e+01
1.407957957957958151e+01 8.983103120722691415e+01
1.409659659659659781e+01 8.983456183402587669e+01
1.411361361361361411e+01 8.983807411500445994e+01
1.413063063063063218e+01 8.984156806244141080e+01
1.414764764764764848e+01 8.984504368853072265e+01
1.416466466466466656e+01 8.984850100538193374e+01
1.418168168168168286e+01 8.985194002502021249e+01
1.419869869869869916e+01 8.985536075938681222e+01
1.421571571571571724e+01 8.985876322033885799e+01
1.423273273273273354e+01 8.986214741964991504e+01
1.424974974974975162e+01 8.986551336900998876e+01
1.426676676676676792e+01 8.986886108002582318e+01
1.428378378378378422e+01 8.987219056422101460e+01
1.430080080080080229e+01 8.987550183303622475e+01
1.431781781781781859e+01 8.987879489782946507e+01
1.433483483483483667e+01 8.988206976987606822e+01
1.435185185185185297e+01 8.988532646036915708e+01
1.436886886886887105e+01 8.988856498041965892e+01
1.438588588588588735e+01 8.989178534105654705e+01
1.440290290290290365e+01 8.989498755322696866e+01
1.441991991991992172e+01 8.989817162779661430e+01
1.443693693693693803e+01 8.990133757554970373e+01
1.445395395395395610e+01 8.990448540718928427e+01
1.447097097097097240e+01 8.990761513333741561e+01
1.448798798798798870e+01 8.991072676453546819e+01
1.450500500500500678e+01 8.991382031124393848e+01
1.452202202202202308e+01 8.991689578384315951e+01
1.453903903903904116e+01 8.991995319263304509e+01
1.455605605605605746e+01 8.992299254783367246e+01
1.457307307307307376e+01 8.992601385958511173e+01
1.459009009009009183e+01 8.992901713794783802e+01
1.460710710710710813e+01 8.993200239290288778e+01
1.462412412412412621e+01 8.993496963435204350e+01
1.464114114114114251e+01 8.993791887211804692e+01
1.465815815815815881e+01 8.994085011594474111e+01
1.467517517517517689e+01 8.994376337549724099e+01
1.469219219219219319e+01 8.994665866036238810e+01
1.470920920920921127e+01 8.994953598004853745e+01
1.472622622622622757e+01 8.995239534398614012e+01
1.474324324324324387e+01 8.995523676152761539e+01
1.476026026026026194e+01 8.995806024194784811e+01
1.477727727727727824e+01 8.996086579444423137e+01
1.479429429429429632e+01 8.996365342813679433e+01
1.481131131131131262e+01 8.996642315206865703e+01
1.482832832832832892e+01 8.996917497520604456e+01
1.484534534534534700e+01 8.997190890643834393e+01
1.486236236236236330e+01 8.997462495457880038e+01
1.487937937937938138e+01 8.997732312836420476e+01
1.489639639639639768e+01 8.998000343645546195e+01
1.491341341341341398e+01 8.998266588743760508e+01
1.493043043043043205e+01 8.998531048982005132e+01
1.494744744744744835e+01 8.998793725203687188e+01
1.496446446446446643e+01 8.999054618244697679e+01
1.498148148148148273e+01 8.999313728933427114e+01
1.499849849849849903e+01 8.999571058090806730e+01
1.501551551551551711e+01 8.999826606530301376e+01
1.503253253253253341e+01 9.000080375057953574e+01
1.504954954954955149e+01 9.000332364472396307e+01
1.506656656656656779e+01 9.000582575564880017e+01
1.508358358358358409e+01 9.000831009119305293e+01
1.510060060060060216e+01 9.001077665912207237e+01
1.511761761761761846e+01 9.001322546712832207e+01
1.513463463463463654e+01 9.001565652283119334e+01
1.515165165165165284e+01 9.001806983377751692e+01
1.516866866866867092e+01 9.002046540744146341e+01
1.518568568568568722e+01 9.002284325122512598e+01
1.520270270270270352e+01 9.002520337245860560e+01
1.521971971971972160e+01 9.002754577840028105e+01
1.523673673673673790e+01 9.002987047623692263e+01
1.525375375375375597e+01 9.003217747308416108e+01
1.527077077077077227e+01 9.003446677598654446e+01
1.528778778778778857e+01 9.003673839191789341e+01
1.530480480480480665e+01 9.003899232778154271e+01
1.532182182182182295e+01 9.004122859041051186e+01
1.533883883883884103e+01 9.004344718656776081e+01
1.535585585585585733e+01 9.004564812294664478e+01
1.537287287287287363e+01 9.004783140617089998e+01
1.538988988988989171e+01 9.004999704279507000e+01
1.540690690690690801e+01 9.005214503930466208e+01
1.542392392392392608e+01 9.005427540211651660e+01
1.544094094094094238e+01 9.005638813757899186e+01
1.545795795795795868e+01 9.005848325197226245e+01
1.547497497497497676e+01 9.006056075150861773e+01
1.549199199199199306e+01 9.006262064233263231e+01
1.550900900900901114e+01 9.006466293052145033e+01
1.552602602602602744e+01 9.006668762208519752e+01
1.554304304304304374e+01 9.006869472296715173e+01
1.556006006006006182e+01 9.007068423904395615e+01
1.557707707707707812e+01 9.007265617612604558e+01
1.559409409409409619e+01 9.007461053995776012e+01
1.561111111111111249e+01 9.007654733621775733e+01
1.562812812812812879e+01 9.007846657051923955e+01
1.564514514514514687e+01 9.008036824841022394e+01
1.566216216216216317e+01 9.008225237537388352e+01
1.567917917917918125e+01 9.008411895682877457e+01
1.569619619619619755e+01 9.008596799812907818e+01
1.571321321321321385e+01 9.008779950456511187e+01
1.573023023023023192e+01 9.008961348136323011e+01
1.574724724724724823e+01 9.009140993368657746e+01
1.576426426426426630e+01 9.009318886663503179e+01
1.578128128128128260e+01 9.009495028524560212e+01
1.579829829829829890e+01 9.009669419449282657e+01
1.581531531531531698e+01 9.009842059928880076e+01
1.583233233233233328e+01 9.010012950448390256e+01
1.584934934934935136e+01 9.010182091486662159e+01
1.586636636636636766e+01 9.010349483516417024e+01
1.588338338338338396e+01 9.010515127004262581e+01
1.590040040040040203e+01 9.010679022410737105e+01
1.591741741741741833e+01 9.010841170190325045e+01
1.593443443443443641e+01 9.011001570791498239e+01
1.595145145145145271e+01 9.011160224656737228e+01
1.596846846846847079e+01 9.011317132222562520e+01
1.598548548548548709e+01 9.011472293919577226e+01
1.600250250250250161e+01 9.011625710172478421e+01
1.601951951951951969e+01 9.011777381400105469e+01
1.603653653653653777e+01 9.011927308015452809e+01
1.605355355355355584e+01 9.012075490425716850e+01
1.607057057057057392e+01 9.012221929032314449e+01
1.608758758758758844e+01 9.012366624230917012e+01
1.610460460460460652e+01 9.012509576411490286e+01
1.612162162162162105e+01 9.012650785958294364e+01
1.613863863863863912e+01 9.012790253249961836e+01
1.615565565565565720e+01 9.012927978659487849e+01
1.617267267267267528e+01 9.013063962554274156e+01
1.618968968968969335e+01 9.013198205296161802e+01
1.620670670670670788e+01 9.013330707241458128e+01
1.622372372372372595e+01 9.013461468740963767e+01
1.624074074074074048e+01 9.013590490140013856e+01
1.625775775775775855e+01 9.013717771778497934e+01
1.627477477477477663e+01 9.013843313990885520e+01
1.629179179179179471e+01 9.013967117106267324e+01
1.630880880880881278e+01 9.014089181448383670e+01
1.632582582582582731e+01 9.014209507335642968e+01
1.634284284284284183e+01 9.014328095081162928e+01
1.635985985985985991e+01 9.014444944992796138e+01
1.637687687687687799e+01 9.014560057373152802e+01
1.639389389389389606e+01 9.014673432519639107e+01
1.641091091091091414e+01 9.014785070724482807e+01
1.642792792792792866e+01 9.014894972274760221e+01
1.644494494494494674e+01 9.015003137452418969e+01
1.646196196196196126e+01 9.015109566534320606e+01
1.647897897897897934e+01 9.015214259792254836e+01
1.649599599599599742e+01 9.015317217492973612e+01
1.651301301301301550e+01 9.015418439898226666e+01
1.653003003003003002e+01 9.015517927264761511e+01
1.654704704704704810e+01 9.015615679844385966e+01
1.656406406406406617e+01 9.015711697883973841e+01
1.658108108108108425e+01 9.015805981625490517e+01
1.659809809809809877e+01 9.015898531306025632e+01
1.661511511511511685e+01 9.015989347157824341e+01
1.663213213213213493e+01 9.016078429408298689e+01
1.664914914914914945e+01 9.016165778280063137e+01
1.666616616616616753e+01 9.016251393990962981e+01
1.668318318318318561e+01 9.016335276754084305e+01
1.670020020020020013e+01 9.016417426777793764e+01
1.671721721721721821e+01 9.016497844265759909e+01
1.673423423423423628e+01 9.016576529416965968e+01
1.675125125125125436e+01 9.016653482425738275e+01
1.676826826826826888e+01 9.016728703481788898e+01
1.678528528528528696e+01 9.016802192770207114e+01
1.680230230230230504e+01 9.016873950471500621e+01
1.681931931931931956e+01 9.016943976761615431e+01
1.683633633633633764e+01 9.017012271811948665e+01
1.685335335335335571e+01 9.017078835789386915e+01
1.687037037037037024e+01 9.017143668856310512e+01
1.688738738738738832e+01 9.017206771170614843e+01
1.690440440440440639e+01 9.017268142885745874e+01
1.692142142142142447e+01 9.017327784150701575e+01
1.693843843843843899e+01 9.017385695110061761e+01
1.695545545545545707e+01 9.017441875904002302e+01
1.697247247247247515e+01 9.017496326668315021e+01
1.698948948948948967e+01 9.017549047534427586e+01
1.700650650650650775e+01 9.017600038629413461e+01
1.702352352352352582e+01 9.017649300076008956e+01
1.704054054054054035e+01 9.017696831992647333e+01
1.705755755755755843e+01 9.017742634493448861e+01
1.707457457457457650e+01 9.017786707688254921e+01
1.709159159159159458e+01 9.017829051682632269e+01
1.710860860860860910e+01 9.017869666577894350e+01
1.712562562562562718e+01 9.017908552471111250e+01
1.714264264264264526e+01 9.017945709455119641e+01
1.715965965965965978e+01 9.017981137618542675e+01
1.717667667667667786e+01 9.018014837045802778e+01
1.719369369369369593e+01 9.018046807817118804e+01
1.721071071071071401e+01 9.018077050008538720e+01
1.722772772772772854e+01 9.018105563691935345e+01
1.724474474474474661e+01 9.018132348935021980e+01
1.726176176176176469e+01 9.018157405801355253e+01
1.727877877877877921e+01 9.018180734350349326e+01
1.729579579579579729e+01 9.018202334637294371e+01
1.731281281281281537e+01 9.018222206713339517e+01
1.732982982982982989e+01 9.018240350625526958e+01
1.734684684684684797e+01 9.018256766416782000e+01
1.736386386386386604e+01 9.018271454125913067e+01
1.738088088088088412e+01 9.018284413787647225e+01
1.739789789789789864e+01 9.018295645432606022e+01
1.741491491491491672e+01 9.018305149087308337e+01
1.743193193193193480e+01 9.018312924774201633e+01
1.744894894894894932e+01 9.018318972511640652e+01
1.746596596596596740e+01 9.018323292313908723e+01
1.748298298298298548e+01 9.018325884191187924e+01
1.750000000000000000e+01 9.018326748149604555e+01
