1.000000000000000021e-02 1.338250766088437813e-219
3.001001001001001034e-02 3.590706546253400348e-138
5.002002002002001874e-02 9.818980794421429963e-107
7.003003003003002713e-02 2.969400383939125733e-88
9.004004004004002859e-02 1.326472361428343989e-75
1.100500500500500439e-01 3.277095907703121300e-66
1.300600600600600454e-01 7.165689616317835166e-59
1.500700700700700607e-01 6.253996812507954402e-53
1.700800800800800761e-01 5.373776385116512051e-48
1.900900900900900914e-01 8.123450951426004573e-44
2.101001001001001067e-01 3.202201250815115905e-40
2.301101101101100943e-01 4.346522931446627180e-37
2.501201201201200819e-01 2.488812325904296773e-34
2.701301301301300972e-01 7.001112397744702545e-32
2.901401401401401126e-01 1.087595816703253626e-29
3.101501501501501279e-01 1.022490508827458012e-27
3.301601601601601432e-01 6.257388847486246333e-26
3.501701701701701586e-01 2.643801480658960746e-24
3.701801801801801739e-01 8.092291782807103321e-23
3.901901901901901892e-01 1.867295382388369134e-21
4.102002002002002046e-01 3.358153723410641106e-20
4.302102102102101644e-01 4.840764862939263826e-19
4.502202202202201797e-01 5.728029094707961280e-18
4.702302302302301951e-01 5.678553001931502308e-17
4.902402402402402104e-01 4.800112502488111232e-16
5.102502502502501702e-01 3.512953751856021026e-15
5.302602602602601856e-01 2.255692026348717193e-14
5.502702702702702009e-01 1.285701528666412519e-13
5.702802802802802162e-01 6.572292651539611295e-13
5.902902902902902316e-01 3.040601677715995789e-12
6.103003003003002469e-01 1.283445387259414753e-11
6.303103103103102622e-01 4.978525331588367724e-11
6.503203203203202776e-01 1.786206690260181821e-10
6.703303303303302929e-01 5.961937076695136151e-10
6.903403403403403082e-01 1.860954702730302054e-09
7.103503503503503236e-01 5.457914962625029544e-09
7.303603603603603389e-01 1.510490711275302443e-08
7.503703703703703543e-01 3.960024740321284231e-08
7.703803803803803696e-01 9.869707001096005322e-08
7.903903903903903849e-01 2.346073292593625539e-07
8.104004004004004003e-01 5.334518475498327819e-07
8.304104104104103046e-01 1.163440385354480126e-06
8.504204204204203199e-01 2.439898766756440763e-06
8.704304304304303352e-01 4.931465040823148683e-06
8.904404404404403506e-01 9.626690554766339423e-06
9.104504504504503659e-01 1.818551389663752718e-05
9.304604604604603812e-01 3.330497204005995960e-05
9.504704704704703966e-01 5.923216198640156489e-05
9.704804804804804119e-01 1.024587576325011973e-04
9.904904904904904273e-01 1.726291303583723071e-04
1.010500500500500332e+00 2.836872183101391410e-04
1.030510510510510347e+00 4.552749325814132758e-04
1.050520520520520362e+00 7.143767716594832387e-04
1.070530530530530378e+00 1.097181802615303020e-03
1.090540540540540393e+00 1.651106395653102786e-03
1.110550550550550408e+00 2.436890982780392373e-03
1.130560560560560424e+00 3.530654237567527540e-03
1.150570570570570439e+00 5.025761482837559115e-03
1.170580580580580454e+00 7.034344020376161362e-03
1.190590590590590470e+00 9.688295431696532234e-03
1.210600600600600485e+00 1.313957214629438847e-02
1.230610610610610500e+00 1.755964025202463169e-02
1.250620620620620516e+00 2.313793904677965974e-02
1.270630630630630531e+00 3.007927337442562604e-02
1.290640640640640546e+00 3.860009929425934488e-02
1.310650650650650562e+00 4.892372796105607519e-02
1.330660660660660577e+00 6.127453677686429956e-02
1.350670670670670592e+00 7.587134047101462553e-02
1.370680680680680608e+00 9.292013323586202633e-02
1.390690690690690623e+00 1.126064621586969766e-01
1.410700700700700638e+00 1.350877283673255769e-01
1.430710710710710654e+00 1.604857329101539720e-01
1.450720720720720669e+00 1.888797879125891088e-01
1.470730730730730684e+00 2.203006996941433426e-01
1.490740740740740700e+00 2.547259001884618623e-01
1.510750750750750715e+00 2.920759581461973564e-01
1.530760760760760730e+00 3.322126450574954259e-01
1.550770770770770746e+00 3.749386659706923086e-01
1.570780780780780761e+00 4.199990962172127640e-01
1.590790790790790776e+00 4.670844953565729818e-01
1.610800800800800792e+00 5.158356031131788866e-01
1.630810810810810585e+00 5.658494619562175476e-01
1.650820820820820600e+00 6.166867599569149094e-01
1.670830830830830616e+00 6.678801476255635805e-01
1.690840840840840631e+00 7.189432548114361721e-01
1.710850850850850646e+00 7.693801189155523579e-01
1.730860860860860662e+00 8.186947333880414401e-01
1.750870870870870677e+00 8.664004349089899915e-01
1.770880880880880692e+00 9.120288674311548549e-01
1.790890890890890708e+00 9.551382896677601542e-01
1.810900900900900723e+00 9.953210276735524609e-01
1.830910910910910738e+00 1.032209913819804203e+00
1.850920920920920754e+00 1.065483595643771375e+00
1.870930930930930769e+00 1.094870640814535223e+00
1.890940940940940784e+00 1.120152406050764382e+00
1.910950950950950800e+00 1.141164676757933760e+00
1.930960960960960815e+00 1.157798119222112732e+00
1.950970970970970830e+00 1.169997617513414800e+00
1.970980980980980846e+00 1.177760592231267056e+00
1.990990990990990861e+00 1.181134417573916018e+00
2.011001001001000432e+00 1.180213066906753872e+00
2.031011011011010670e+00 1.175133125235143350e+00
2.051021021021020463e+00 1.166069310138942550e+00
2.071031031031030700e+00 1.153229641320496102e+00
2.091041041041040494e+00 1.136850393576208207e+00
2.111051051051050731e+00 1.117190959402512007e+00
2.131061061061060524e+00 1.094528736290354631e+00
2.151071071071070762e+00 1.069154140738856951e+00
2.171081081081080555e+00 1.041365836784480914e+00
2.191091091091090792e+00 1.011466251997936272e+00
2.211101101101100586e+00 9.797574389799309502e-01
2.231111111111110823e+00 9.465373258438768422e-01
2.251121121121120616e+00 9.120963853827522838e-01
2.271131131131130854e+00 8.767147398706063299e-01
2.291141141141140647e+00 8.406597069604999639e-01
2.311151151151150884e+00 8.041837820506680945e-01
2.331161161161160678e+00 7.675230438746865058e-01
2.351171171171170915e+00 7.308959629474534037e-01
2.371181181181180708e+00 6.945025868371443867e-01
2.391191191191190946e+00 6.585240719651694885e-01
2.411201201201200739e+00 6.231225286632490201e-01
2.431211211211210976e+00 5.884411444187719331e-01
2.451221221221220770e+00 5.546045494827850364e-01
2.471231231231231007e+00 5.217193891577260878e-01
2.491241241241240800e+00 4.898750679815541131e-01
2.511251251251251038e+00 4.591446325409552776e-01
2.531261261261260831e+00 4.295857616457210981e-01
2.551271271271271068e+00 4.012418349550631591e-01
2.571281281281280862e+00 3.741430537522695277e-01
2.591291291291290655e+00 3.483075903166734100e-01
2.611301301301300892e+00 3.237427451548982038e-01
2.631311311311310686e+00 3.004460941532409723e-01
2.651321321321320923e+00 2.784066104394951613e-01
2.671331331331330716e+00 2.576057483472035115e-01
2.691341341341340954e+00 2.380184793213701855e-01
2.711351351351350747e+00 2.196142718653800452e-01
2.731361361361360984e+00 2.023580096866449962e-01
2.751371371371370778e+00 1.862108440436260337e-01
2.771381381381381015e+00 1.711309779262181752e-01
2.791391391391390808e+00 1.570743811175825122e-01
2.811401401401401046e+00 1.439954363951031213e-01
2.831411411411410839e+00 1.318475181416983999e-01
2.851421421421421076e+00 1.205835054689264607e-01
2.871431431431430870e+00 1.101562326149328058e-01
2.891441441441441107e+00 1.005188798888538154e-01
2.911451451451450900e+00 9.162530880509237030e-02
2.931461461461461138e+00 8.343034530202357579e-02
2.951471471471470931e+00 7.589001508608267388e-02
2.971481481481481168e+00 6.896173519894323312e-02
2.991491491491490962e+00 6.260446588695385561e-02
3.011501501501501199e+00 5.677882677137746636e-02
3.031511511511510992e+00 5.144718118741366947e-02
3.051521521521521230e+00 4.657369239037256747e-02
3.071531531531531023e+00 4.212435512844771301e-02
3.091541541541541260e+00 3.806700586179916773e-02
3.111551551551551054e+00 3.437131467452751027e-02
3.131561561561561291e+00 3.100876168584055723e-02
3.151571571571571084e+00 2.795260052462167008e-02
3.171581581581581322e+00 2.517781119201093973e-02
3.191591591591591115e+00 2.266104440306794185e-02
3.211601601601601352e+00 2.038055927381649327e-02
3.231611611611611146e+00 1.831615600611686753e-02
3.251621621621620939e+00 1.644910502135477418e-02
3.271631631631631176e+00 1.476207380592040215e-02
3.291641641641640970e+00 1.323905255746091886e-02
3.311651651651651207e+00 1.186527956117142471e-02
3.331661661661661000e+00 1.062716707989332619e-02
3.351671671671671238e+00 9.512228410230492981e-03
3.371681681681681031e+00 8.509006638809770220e-03
3.391691691691691268e+00 7.607005527588046184e-03
3.411701701701701062e+00 6.796622864043471747e-03
3.431711711711711299e+00 6.069086530393169934e-03
3.451721721721721092e+00 5.416393474844961343e-03
3.471731731731731330e+00 4.831251706463322686e-03
3.491741741741741123e+00 4.307025382679772335e-03
3.511751751751751360e+00 3.837683013970130761e-03
3.531761761761761154e+00 3.417748772960460795e-03
3.551771771771771391e+00 3.042256864440455975e-03
3.571781781781781184e+00 2.706708887735288869e-03
3.591791791791791422e+00 2.407034102933938886e-03
3.611801801801801215e+00 2.139552496965068783e-03
3.631811811811811452e+00 1.900940533867522290e-03
3.651821821821821246e+00 1.688199465292917296e-03
3.671831831831831483e+00 1.498626071817457011e-03
3.691841841841841276e+00 1.329785702596902094e-03
3.711851851851851514e+00 1.179487479880489626e-03
3.731861861861861307e+00 1.045761535561513626e-03
3.751871871871871544e+00 9.268381489762560601e-04
3.771881881881881338e+00 8.211286583002974822e-04
3.791891891891891575e+00 7.272080218963625654e-04
3.811901901901901368e+00 6.437989106371037060e-04
3.831911911911911606e+00 5.697572173840270661e-04
3.851921921921921399e+00 5.040588753008845525e-04
3.871931931931931192e+00 4.457878823889452292e-04
3.891941941941941430e+00 3.941254354474727829e-04
3.911951951951951223e+00 3.483400824963068122e-04
3.931961961961961460e+00 3.077788084778607016e-04
3.951971971971971254e+00 2.718589747242237909e-04
3.971981981981981491e+00 2.400610381859030523e-04
3.991991991991991284e+00 2.119219817367520387e-04
4.012002002002001078e+00 1.870293919680632733e-04
4.032012012012011759e+00 1.650161257453199796e-04
4.052022022022021552e+00 1.455555114110412124e-04
4.072032032032031346e+00 1.283570348698561390e-04
4.092042042042041139e+00 1.131624648848354053e-04
4.112052052052051820e+00 9.974237574842939526e-05
4.132062062062061614e+00 8.789302907122655288e-05
4.152072072072071407e+00 7.743357976363497025e-05
4.172082082082081200e+00 6.820357437775367642e-05
4.192092092092091882e+00 6.006071283867546825e-05
4.212102102102101675e+00 5.287884723692811345e-05
4.232112112112111468e+00 4.654619378776614596e-05
4.252122122122121262e+00 4.096373630031587768e-05
4.272132132132131943e+00 3.604380155173266887e-05
4.292142142142141736e+00 3.170878884037802375e-05
4.312152152152151530e+00 2.789003770905181226e-05
4.332162162162161323e+00 2.452681939580611162e-05
4.352172172172172004e+00 2.156543899672214029e-05
4.372182182182181798e+00 1.895843662269638952e-05
4.392192192192191591e+00 1.666387701076929063e-05
4.412202202202201384e+00 1.464471811929017901e-05
4.432212212212212066e+00 1.286825020418898607e-05
4.452222222222221859e+00 1.130559774924088516e-05
4.472232232232231652e+00 9.931277414311918736e-06
4.492242242242241446e+00 8.722805879516156878e-06
4.512252252252251239e+00 7.660352106808910612e-06
4.532262262262261920e+00 6.726429120119598780e-06
4.552272272272271714e+00 5.905620926528089191e-06
4.572282282282281507e+00 5.184340669601024614e-06
4.592292292292291300e+00 4.550616526788331994e-06
4.612302302302301982e+00 3.993902240271150991e-06
4.632312312312311775e+00 3.504909509028443130e-06
4.652322322322321568e+00 3.075459772942672925e-06
4.672332332332331362e+00 2.698353190976243691e-06
4.692342342342342043e+00 2.367252857975889700e-06
4.712352352352351836e+00 2.076582521378261373e-06
4.732362362362361630e+00 1.821436252606381404e-06
4.752372372372371423e+00 1.597498700628710311e-06
4.772382382382382104e+00 1.400974709141072133e-06
4.792392392392391898e+00 1.228527216064135021e-06
4.812402402402401691e+00 1.077222476272979067e-06
4.832412412412411484e+00 9.444817572673594036e-07
4.852422422422422166e+00 8.280387542721769133e-07
4.872432432432431959e+00 7.259020573060276626e-07
4.892442442442441752e+00 6.363220792199786856e-07
4.912452452452451546e+00 5.577619216221285670e-07
4.932462462462462227e+00 4.888717158910298339e-07
4.952472472472472020e+00 4.284660299736233110e-07
4.972482482482481814e+00 3.755039791042705253e-07
4.992492492492491607e+00 3.290717206362907929e-07
5.012502502502502288e+00 2.883670504411564907e-07
5.032512512512512082e+00 2.526858513349074098e-07
5.052522522522521875e+00 2.214101732112181880e-07
5.072532532532531668e+00 1.939977504195537698e-07
5.092542542542542350e+00 1.699727848024016630e-07
5.112552552552552143e+00 1.489178430346903105e-07
5.132562562562561936e+00 1.304667347904712245e-07
5.152572572572571730e+00 1.142982540637126970e-07
5.172582582582581523e+00 1.001306799288096095e-07
5.192592592592592204e+00 8.771694535294353100e-08
5.212602602602601998e+00 7.684039355422965975e-08
5.232612612612611791e+00 6.731105100284886237e-08
5.252622622622621584e+00 5.896235463487317962e-08
5.272632632632632266e+00 5.164827832113770193e-08
5.292642642642642059e+00 4.524081022241369977e-08
5.312652652652651852e+00 3.962773847027430540e-08
5.332662662662661646e+00 3.471070773150414645e-08
5.352672672672672327e+00 3.040351372345083934e-08
5.372682682682682120e+00 2.663060671979779114e-08
5.392692692692691914e+00 2.332577858404344986e-08
5.412702702702701707e+00 2.043101094742262974e-08
5.432712712712712388e+00 1.789546485851973785e-08
5.452722722722722182e+00 1.567459461706888142e-08
5.472732732732731975e+00 1.372937060300366724e-08
5.492742742742741768e+00 1.202559775778493715e-08
5.512752752752752450e+00 1.053331799846508155e-08
5.532762762762762243e+00 9.226286272413759477e-09
5.552772772772772036e+00 8.081511215528801136e-09
5.572782782782781830e+00 7.078852479767813398e-09
5.592792792792792511e+00 6.200667765160882621e-09
5.612802802802802304e+00 5.431503443167574967e-09
5.632812812812812098e+00 4.757823406471136776e-09
5.652822822822821891e+00 4.167771437521959386e-09
5.672832832832832572e+00 3.650962965337868796e-09
5.692842842842842366e+00 3.198302586904567898e-09
5.712852852852852159e+00 2.801824174509687695e-09
5.732862862862861952e+00 2.454550780983259387e-09
5.752872872872872634e+00 2.150371897693852376e-09
5.772882882882882427e+00 1.883935921069247608e-09
5.792892892892892220e+00 1.650555947469438082e-09
5.812902902902902014e+00 1.446127247930824656e-09
5.832912912912911807e+00 1.267054977562051344e-09
5.852922922922922488e+00 1.110190852677327973e-09
5.872932932932932282e+00 9.727776851467835631e-10
5.892942942942942075e+00 8.524008006045223271e-10
5.912952952952951868e+00 7.469454874377739934e-10
5.932962962962962550e+00 6.545597289499965746e-10
5.952972972972972343e+00 5.736215635645758773e-10
5.972982982982982136e+00 5.027104990066756825e-10
5.992992992992991930e+00 4.405824774698684639e-10
6.013003003003002611e+00 3.861479510695122961e-10
6.033013013013012404e+00 3.384526814860552004e-10
6.053023023023022198e+00 2.966609255547901117e-10
6.073033033033031991e+00 2.600407104953111728e-10
6.093043043043042672e+00 2.279509392229198286e-10
6.113053053053052466e+00 1.998300983852528705e-10
6.133063063063062259e+00 1.751863699815443109e-10
6.153073073073072052e+00 1.535889721413312369e-10
6.173083083083082734e+00 1.346605762958452043e-10
6.193093093093092527e+00 1.180706669471994230e-10
6.213103103103102320e+00 1.035297268598334641e-10
6.233113113113112114e+00 9.078414505654994791e-11
6.253123123123122795e+00 7.961175775293445427e-11
6.273133133133132588e+00 6.981794353276869824e-11
6.293143143143142382e+00 6.123220384915782244e-11
6.313153153153152175e+00 5.370516850355885472e-11
6.333163163163162857e+00 4.710597325799091987e-11
6.353173173173172650e+00 4.131996330675535854e-11
6.373183183183182443e+00 3.624668208839373027e-11
6.393193193193192236e+00 3.179810995782073952e-11
6.413203203203202918e+00 2.789712165134800665e-11
6.433213213213212711e+00 2.447613534143358115e-11
6.453223223223222504e+00 2.147592946162513558e-11
6.473233233233232298e+00 1.884460644498592636e-11
6.493243243243242091e+00 1.653668511360037871e-11
6.513253253253252772e+00 1.451230572836314748e-11
6.533263263263262566e+00 1.273653369727034615e-11
6.553273273273272359e+00 1.117874968198547890e-11
6.573283283283282152e+00 9.812115367347668298e-12
6.593293293293292834e+00 8.613105493633287021e-12
6.613303303303302627e+00 7.561097920418019371e-12
6.633313313313312420e+00 6.638014514450789642e-12
6.653323323323322214e+00 5.828006550164585062e-12
6.673333333333332895e+00 5.117179096144475720e-12
6.693343343343342688e+00 4.493349547935893744e-12
6.713353353353352482e+00 3.945836069156263244e-12
6.733363363363362275e+00 3.465272229606486747e-12
6.753373373373372957e+00 3.043444590284322685e-12
6.773383383383382750e+00 2.673150389032356524e-12
6.793393393393392543e+00 2.348072834154449163e-12
6.813403403403402336e+00 2.062671822953478806e-12
6.833413413413413018e+00 1.812088173257671633e-12
6.853423423423422811e+00 1.592059693403420016e-12
6.873433433433432604e+00 1.398847624025578294e-12
6.893443443443442398e+00 1.229172167045546629e-12
6.913453453453453079e+00 1.080155976658285499e-12
6.933463463463462872e+00 9.492746267188933260e-13
6.953473473473472666e+00 8.343131911805063380e-13
6.973483483483482459e+00 7.333281812986619153e-13
6.993493493493493141e+00 6.446141770804095294e-13
7.013503503503502934e+00 5.666745725744907260e-13
7.033513513513512727e+00 4.981959265204293627e-13
7.053523523523522520e+00 4.380254728664270711e-13
7.073533533533532314e+00 3.851514008398442712e-13
7.093543543543542995e+00 3.386855625805731743e-13
7.113553553553552788e+00 2.978483086790973749e-13
7.133563563563562582e+00 2.619551890412192098e-13
7.153573573573572375e+00 2.304052889839826990e-13
7.173583583583583057e+00 2.026709989224431205e-13
7.193593593593592850e+00 1.782890409354893840e-13
7.213603603603602643e+00 1.568525973384504986e-13
7.233613613613612436e+00 1.380044055244559354e-13
7.253623623623623118e+00 1.214307001010704937e-13
7.273633633633632911e+00 1.068558980378173405e-13
7.293643643643642704e+00 9.403793541116504050e-14
7.313653653653652498e+00 8.276417561208932314e-14
7.333663663663663179e+00 7.284781876466923135e-14
7.353673673673672972e+00 6.412475076550842520e-14
7.373683683683682766e+00 5.645077794436483423e-14
7.393693693693692559e+00 4.969919999906158158e-14
7.413703703703703241e+00 4.375867968851721659e-14
7.433713713713713034e+00 3.853137287856605269e-14
7.453723723723722827e+00 3.393128701506672791e-14
7.473733733733732620e+00 2.988284002586474957e-14
7.493743743743743302e+00 2.631959509577290664e-14
7.513753753753753095e+00 2.318314977680711357e-14
7.533763763763762888e+00 2.042216054197832630e-14
7.553773773773772682e+00 1.799148621093881064e-14
7.573783783783783363e+00 1.585143571000039310e-14
7.593793793793793157e+00 1.396710741283009643e-14
7.613803803803802950e+00 1.230780887231696190e-14
7.633813813813812743e+00 1.084654712591049225e-14
7.653823823823823425e+00 9.559580959769689344e-15
7.673833833833833218e+00 8.426027572265998825e-15
7.693843843843843011e+00 7.427517002879150012e-15
7.713853853853852804e+00 6.547888504374064372e-15
7.733863863863862598e+00 5.772923748300994823e-15
7.753873873873873279e+00 5.090112378625658126e-15
7.773883883883883072e+00 4.488445976415065524e-15
7.793893893893892866e+00 3.958236979414883678e-15
7.813903903903902659e+00 3.490959522324309552e-15
7.833913913913913341e+00 3.079109533843182162e-15
7.853923923923923134e+00 2.716081751501047913e-15
7.873933933933932927e+00 2.396061600431651509e-15
7.893943943943942720e+00 2.113930132532988973e-15
7.913953953953953402e+00 1.865180442114319974e-15
7.933963963963963195e+00 1.645844166952361101e-15
7.953973973973972988e+00 1.452426852933709603e-15
7.973983983983982782e+00 1.281851109053724969e-15
7.993993993993993463e+00 1.131406609993311048e-15
8.014004004004002368e+00 9.987061180338278153e-16
8.034014014014013938e+00 8.816467966416325834e-16
8.054024024024023731e+00 7.783761763670143383e-16
8.074034034034033525e+00 6.872622112574534985e-16
8.094044044044043318e+00 6.068669320970755848e-16
8.114054054054053111e+00 5.359232626066647856e-16
8.134064064064062904e+00 4.733146172846249496e-16
8.154074074074072698e+00 4.180569457265955627e-16
8.174084084084082491e+00 3.692829288101996249e-16
8.194094094094094061e+00 3.262280677548052581e-16
8.214104104104103854e+00 2.882184383660080631e-16
8.234114114114113647e+00 2.546599102759580862e-16
8.254124124124123441e+00 2.250286551578325050e-16
8.274134134134133234e+00 1.988627891301243682e-16
8.294144144144143027e+00 1.757550132318419216e-16
8.314154154154152820e+00 1.553461322545152684e-16
8.334164164164162614e+00 1.373193466372227294e-16
8.354174174174172407e+00 1.213952248066174863e-16
8.374184184184183977e+00 1.073272744876690054e-16
8.394194194194193770e+00 9.489804130829863919e-17
8.414204204204203563e+00 8.391567163528682133e-17
8.434214214214213357e+00 7.421088415372149911e-17
8.454224224224223150e+00 6.563430136327372872e-17
8.474234234234232943e+00 5.805409802269885711e-17
8.494244244244242736e+00 5.135392872631171507e-17
8.514254254254252530e+00 4.543110132799222317e-17
8.534264264264264099e+00 4.019496691479260202e-17
8.554274274274273893e+00 3.556550053917782597e-17
8.574284284284283686e+00 3.147205000429024818e-17
8.594294294294293479e+00 2.785223271135771267e-17
8.614304304304303272e+00 2.465096296702000622e-17
8.634314314314313066e+00 2.181959425044915068e-17
8.654324324324322859e+00 1.931516279002020444e-17
8.674334334334332652e+00 1.709972042748490269e-17
8.694344344344344222e+00 1.513974618069678586e-17
8.714354354354354015e+00 1.340562717747277696e-17
8.734364364364363809e+00 1.187120074371675185e-17
8.754374374374373602e+00 1.051335040669763064e-17
8.774384384384383395e+00 9.311649435245112600e-18
8.794394394394393188e+00 8.248046296673145447e-18
8.814404404404402982e+00 7.306587077794847330e-18
8.834414414414412775e+00 6.473170505287242490e-18
8.854424424424424345e+00 5.735331718467498712e-18
8.874434434434434138e+00 5.082051403632871120e-18
8.894444444444443931e+00 4.503587300887301672e-18
8.914454454454453725e+00 3.991325448326956362e-18
8.934464464464463518e+00 3.537648840303074147e-18
8.954474474474473311e+00 3.135821451246678325e-18
8.974484484484483104e+00 2.779885818666891072e-18
8.994494494494492898e+00 2.464572592307118910e-18
9.014504504504502691e+00 2.185220644494876380e-18
9.034514514514514261e+00 1.937706502470825220e-18
9.054524524524524054e+00 1.718382009588250669e-18
9.074534534534533847e+00 1.524019251069156493e-18
9.094544544544543641e+00 1.351761893555966132e-18
9.114554554554553434e+00 1.199082187813527690e-18
9.134564564564563227e+00 1.063742972214654501e-18
9.154574574574573020e+00 9.437640924917892837e-19
9.174584584584582814e+00 8.373927218913240604e-19
9.194594594594594383e+00 7.430771264205827930e-19
9.214604604604604177e+00 6.594434732877797857e-19
9.234614614614613970e+00 5.852753277512579934e-19
9.254624624624623763e+00 5.194955251595434570e-19
9.274634634634633557e+00 4.611501416361928595e-19
9.294644644644643350e+00 4.093943192212724805e-19
9.314654654654653143e+00 3.634797298350162047e-19
9.334664664664662936e+00 3.227434876275025984e-19
9.354674674674674506e+00 2.865983415176524540e-19
9.374684684684684299e+00 2.545239993548338898e-19
9.394694694694694093e+00 2.260594524636105964e-19
9.414704704704703886e+00 2.007961846291541817e-19
9.434714714714713679e+00 1.783721630857642190e-19
9.454724724724723472e+00 1.584665209952517802e-19
9.474734734734733266e+00 1.407948514312220683e-19
9.494744744744743059e+00 1.251050421838694863e-19
9.514754754754754629e+00 1.111735889118327916e-19
9.534764764764764422e+00 9.880233142105895670e-20
9.554774774774774215e+00 8.781556425761371790e-20
9.574784784784784009e+00 7.805747846120034070e-20
9.594794794794793802e+00 6.938989632663078011e-20
9.614804804804803595e+00 6.169026543840609636e-20
9.634814814814813388e+00 5.484988214753463786e-20
9.654824824824823182e+00 4.877231810951026002e-20
9.674834834834832975e+00 4.337202655125368761e-20
9.694844844844844545e+00 3.857310762956202375e-20
9.714854854854854338e+00 3.430821462551996414e-20
9.734864864864864131e+00 3.051758482498783609e-20
9.754874874874873925e+00 2.714818079677495957e-20
9.774884884884883718e+00 2.415292942599454830e-20
9.794894894894893511e+00 2.149004751540169344e-20
9.814904904904903304e+00 1.912244405445504790e-20
9.834914914914913098e+00 1.701719039397689570e-20
9.854924924924924667e+00 1.514505057090854712e-20
9.874934934934934461e+00 1.348006491805357972e-20
9.894944944944944254e+00 1.199918088132955736e-20
9.914954954954954047e+00 1.068192566386754666e-20
9.934964964964963841e+00 9.510115932795071060e-21
9.954974974974973634e+00 8.467600370048044364e-21
9.974984984984983427e+00 7.540031331268261263e-21
9.994994994994993220e+00 6.714662304046941154e-21
1.001500500500500479e+01 5.980168234866421866e-21
1.003501501501501458e+01 5.326486128759513894e-21
1.005502502502502438e+01 4.744673621952810558e-21
1.007503503503503417e+01 4.226783490027649882e-21
1.009504504504504396e+01 3.765752286333995138e-21
1.011505505505505376e+01 3.355301510986971867e-21
1.013506506506506355e+01 2.989849892843875036e-21
1.015507507507507334e+01 2.664435528084371832e-21
1.017508508508508491e+01 2.374646761820785729e-21
1.019509509509509471e+01 2.116560825642457833e-21
1.021510510510510450e+01 1.886689356042566330e-21
1.023511511511511429e+01 1.681930017930162486e-21
1.025512512512512409e+01 1.499523545368846725e-21
1.027513513513513388e+01 1.337015589601486118e-21
1.029514514514514367e+01 1.192222833464817955e-21
1.031515515515515347e+01 1.063202892485700073e-21
1.033516516516516326e+01 9.482275771789117514e-22
1.035517517517517483e+01 8.457591391339973637e-22
1.037518518518518462e+01 7.544291660844259058e-22
1.039519519519519442e+01 6.730198289249681568e-22
1.041520520520520421e+01 6.004472171301824511e-22
1.043521521521521400e+01 5.357465287191985230e-22
1.045522522522522380e+01 4.780589072407622219e-22
1.047523523523523359e+01 4.266197416014869918e-22
1.049524524524524338e+01 3.807482652678343891e-22
1.051525525525525495e+01 3.398383097393215292e-22
1.053526526526526474e+01 3.033500834827798048e-22
1.055527527527527454e+01 2.708028619704496012e-22
1.057528528528528433e+01 2.417684872875181690e-22
1.059529529529529412e+01 2.158655871515204577e-22
1.061530530530530392e+01 1.927544332817508515e-22
1.063531531531531371e+01 1.721323680154999554e-22
1.065532532532532350e+01 1.537297360188971918e-22
1.067533533533533507e+01 1.373062649972253787e-22
1.069534534534534487e+01 1.226478455737233282e-22
1.071535535535535466e+01 1.095636660666651346e-22
1.073536536536536445e+01 9.788366283152545717e-23
1.075537537537537425e+01 8.745625121829125398e-23
1.077538538538538404e+01 7.814630608628153522e-23
1.079539539539539383e+01 6.983336427519974634e-23
1.081540540540540363e+01 6.241002450073421651e-23
1.083541541541541520e+01 5.578052286947580169e-23
1.085542542542542499e+01 4.985946462959650179e-23
1.087543543543543478e+01 4.457069492504884811e-23
1.089544544544544458e+01 3.984629323223906330e-23
1.091545545545545437e+01 3.562567785624728780e-23
1.093546546546546416e+01 3.185480837249794990e-23
1.095547547547547396e+01 2.848547524058411596e-23
1.097548548548548375e+01 2.547466700856316871e-23
1.099549549549549354e+01 2.278400658511132482e-23
1.101550550550550511e+01 2.037924899826048506e-23
1.103551551551551491e+01 1.822983389629246548e-23
1.105552552552552470e+01 1.630848679027022880e-23
1.107553553553553449e+01 1.459086369913569781e-23
1.109554554554554429e+01 1.305523444639125217e-23
1.111555555555555408e+01 1.168220038037912853e-23
1.113556556556556387e+01 1.045444275524496780e-23
1.115557557557557367e+01 9.356498423315857980e-24
1.117558558558558524e+01 8.374559857549426210e-24
1.119559559559559503e+01 7.496296849983200121e-24
1.121560560560560482e+01 6.710697523270572693e-24
1.123561561561561462e+01 6.007926551420946547e-24
1.125562562562562441e+01 5.379198716344977305e-24
1.127563563563563420e+01 4.816666131894650966e-24
1.129564564564564400e+01 4.313317649601698348e-24
1.131565565565565379e+01 3.862889122749816771e-24
1.133566566566566536e+01 3.459783349999092188e-24
1.135567567567567515e+01 3.098998648469090289e-24
1.137568568568568494e+01 2.776065120754651751e-24
1.139569569569569474e+01 2.486987782346374711e-24
1.141570570570570453e+01 2.228195806737188601e-24
1.143571571571571432e+01 1.996497226365376915e-24
1.145572572572572412e+01 1.789038499549840788e-24
1.147573573573573391e+01 1.603268417709198923e-24
1.149574574574574548e+01 1.436905884273427139e-24
1.151575575575575527e+01 1.287911147576014376e-24
1.153576576576576507e+01 1.154460115337927988e-24
1.155577577577577486e+01 1.034921418732055847e-24
1.157578578578578465e+01 9.278359299924752177e-25
1.159579579579579445e+01 8.318984695867804730e-25
1.161580580580580424e+01 7.459414675351230911e-25
1.163581581581581403e+01 6.689203689150434760e-25
1.165582582582582383e+01 5.999005962795697122e-25
1.167583583583583540e+01 5.380459019384610759e-25
1.169584584584584519e+01 4.826079610784073355e-25
1.171585585585585498e+01 4.329170727689574610e-25
1.173586586586586478e+01 3.883738502276432942e-25
1.175587587587587457e+01 3.484417944929908293e-25
1.177588588588588436e+01 3.126406570448401885e-25
1.179589589589589416e+01 2.805405070702373143e-25
1.181590590590590395e+01 2.517564281325024183e-25
1.183591591591591552e+01 2.259437770820443355e-25
1.185592592592592531e+01 2.027939452548464496e-25
1.187593593593593511e+01 1.820305684349214885e-25
1.189594594594594490e+01 1.634061377930611595e-25
1.191595595595595469e+01 1.466989691324418403e-25
1.193596596596596449e+01 1.317104923384029609e-25
1.195597597597597428e+01 1.182628270049729397e-25
1.197598598598598407e+01 1.061966138475925053e-25
1.199599599599599564e+01 9.536907475749645852e-26
1.201600600600600544e+01 8.565227725040906714e-26
1.203601601601601523e+01 7.693158164855571758e-26
1.205602602602602502e+01 6.910425164383071164e-26
1.207603603603603482e+01 6.207821095121373355e-26
1.209604604604604461e+01 5.577093060213402675e-26
1.211605605605605440e+01 5.010843307090759406e-26
1.213606606606606420e+01 4.502440089501020570e-26
1.215607607607607576e+01 4.045937876074590704e-26
1.217608608608608556e+01 3.636005919655583337e-26
1.219609609609609535e+01 3.267864306192712062e-26
1.221610610610610514e+01 2.937226695406028321e-26
1.223611611611611494e+01 2.640249048896759452e-26
1.225612612612612473e+01 2.373483715933183562e-26
1.227613613613613452e+01 2.133838313771685147e-26
1.229614614614614432e+01 1.918538898905070305e-26
1.231615615615615411e+01 1.725096978838444698e-26
1.233616616616616568e+01 1.551279961542756001e-26
1.235617617617617547e+01 1.395084682240279627e-26
1.237618618618618527e+01 1.254713685167994442e-26
1.239619619619619506e+01 1.128553971928495048e-26
1.241620620620620485e+01 1.015157958403949659e-26
1.243621621621621465e+01 9.132264093555775236e-27
1.245622622622622444e+01 8.215931441090696267e-27
1.247623623623623423e+01 7.392113284340702668e-27
1.249624624624624580e+01 6.651411871402695488e-27
1.251625625625625560e+01 5.985389892772173434e-27
1.253626626626626539e+01 5.386471733558492427e-27
1.255627627627627518e+01 4.847854939035171518e-27
1.257628628628628498e+01 4.363430830929484289e-27
1.259629629629629477e+01 3.927713323059468482e-27
1.261630630630630456e+01 3.535775084416019339e-27
1.263631631631631436e+01 3.183190286822052661e-27
1.265632632632632593e+01 2.865983253969121779e-27
1.267633633633633572e+01 2.580582399936181866e-27
1.269634634634634551e+01 2.323778909110590033e-27
1.271635635635635531e+01 2.092689666558629160e-27
1.273636636636636510e+01 1.884723999023151649e-27
1.275637637637637489e+01 1.697553832507745361e-27
1.277638638638638469e+01 1.529086913390431317e-27
1.279639639639639448e+01 1.377442776708925697e-27
1.281640640640640605e+01 1.240931178119146061e-27
1.283641641641641584e+01 1.118032735458464026e-27
1.285642642642642564e+01 1.007381552198359145e-27
1.287643643643643543e+01 9.077496186790049636e-28
1.289644644644644522e+01 8.180328081601017744e-28
1.291645645645645502e+01 7.372383036656074122e-28
1.293646646646646481e+01 6.644733085673623006e-28
1.295647647647647460e+01 5.989349090558566220e-28
1.297648648648648440e+01 5.399009702695566421e-28
1.299649649649649596e+01 4.867219600591012530e-28
1.301650650650650576e+01 4.388136053033641475e-28
1.303651651651651555e+01 3.956502954965470117e-28
1.305652652652652534e+01 3.567591571137230270e-28
1.307653653653653514e+01 3.217147301377157647e-28
1.309654654654654493e+01 2.901341851910980292e-28
1.311655655655655472e+01 2.616730260469213060e-28
1.313656656656656452e+01 2.360212279666600168e-28
1.315657657657657609e+01 2.128997674026790814e-28
1.317658658658658588e+01 1.920575031650977453e-28
1.319659659659659567e+01 1.732683732450536468e-28
1.321660660660660547e+01 1.563288751560529256e-28
1.323661661661661526e+01 1.410558009466663531e-28
1.325662662662662505e+01 1.272842009901622238e-28
1.327663663663663485e+01 1.148655533051736893e-28
1.329664664664664464e+01 1.036661175375351849e-28
1.331665665665665621e+01 9.356545486504307103e-29
1.333666666666666600e+01 8.445509699965669152e-29
1.335667667667667580e+01 7.623734917798762154e-29
1.337668668668668559e+01 6.882421357103517136e-29
1.339669669669669538e+01 6.213642092653072279e-29
1.341670670670670518e+01 5.610255949779486753e-29
1.343671671671671497e+01 5.065829142664922566e-29
1.345672672672672476e+01 4.574564774755188881e-29
1.347673673673673456e+01 4.131239407754843102e-29
1.349674674674674613e+01 3.731145986229673037e-29
1.351675675675675592e+01 3.370042477187849755e-29
1.353676676676676571e+01 3.044105648963458781e-29
1.355677677677677551e+01 2.749889472064301755e-29
1.357678678678678530e+01 2.484287677029122824e-29
1.359679679679679509e+01 2.244500051391537588e-29
1.361680680680680489e+01 2.028002100109031305e-29
1.363681681681681468e+01 1.832517731778887613e-29
1.365682682682682625e+01 1.655994667064869776e-29
1.367683683683683604e+01 1.496582296398609233e-29
1.369684684684684584e+01 1.352611741546958603e-29
1.371685685685685563e+01 1.222577900372764345e-29
1.373686686686686542e+01 1.105123276343685622e-29
1.375687687687687522e+01 9.990234143190981242e-30
1.377688688688688501e+01 9.031737820980970584e-30
1.379689689689689480e+01 8.165779533477496247e-30
1.381690690690690637e+01 7.383369620354658987e-30
1.383691691691691616e+01 6.676397115280647087e-30
1.385692692692692596e+01 6.037543332416649392e-30
1.387693693693693575e+01 5.460204002667618980e-30
1.389694694694694554e+01 4.938419108673330567e-30
1.391695695695695534e+01 4.466809652754794288e-30
1.393696696696696513e+01 4.040520668647855490e-30
1.395697697697697492e+01 3.655169856775677114e-30
1.397698698698698649e+01 3.306801284790972329e-30
1.399699699699699629e+01 2.991843650877831941e-30
1.401700700700700608e+01 2.707072657443770670e-30
1.403701701701701587e+01 2.449577087960090637e-30
1.405702702702702567e+01 2.216728220289323690e-30
1.407703703703703546e+01 2.006152246366726301e-30
1.409704704704704525e+01 1.815705400958435273e-30
1.411705705705705505e+01 1.643451531793400968e-30
1.413706706706706484e+01 1.487641869977209094e-30
1.415707707707707641e+01 1.346696783545974968e-30
1.417708708708708620e+01 1.219189318577453165e-30
1.419709709709709600e+01 1.103830351679618660e-30
1.421710710710710579e+01 9.994551951457702755e-31
1.423711711711711558e+01 9.050115117906804300e-31
1.425712712712712538e+01 8.195484106404275422e-31
1.427713713713713517e+01 7.422066073965382960e-31
1.429714714714714496e+01 6.722095450746842262e-31
1.431715715715715653e+01 6.088553805547643008e-31
1.433716716716716633e+01 5.515097520887067345e-31
1.435717717717717612e+01 4.995992511974901810e-31
1.437718718718718591e+01 4.526055299403782668e-31
1.439719719719719571e+01 4.100599813428281090e-31
1.441720720720720550e+01 3.715389368973088284e-31
1.443721721721721529e+01 3.366593305728994001e-31
1.445722722722722509e+01 3.050747837432757113e-31
1.447723723723723666e+01 2.764720699252755372e-31
1.449724724724724645e+01 2.505679222587311596e-31
1.451725725725725624e+01 2.271061502980626604e-31
1.453726726726726604e+01 2.058550359661367494e-31
1.455727727727727583e+01 1.866049814773754777e-31
1.457728728728728562e+01 1.691663847018917445e-31
1.459729729729729542e+01 1.533677198443434531e-31
1.461730730730730521e+01 1.390538034768355355e-31
1.463731731731731678e+01 1.260842279173063595e-31
1.465732732732732657e+01 1.143319457050240290e-31
1.467733733733733636e+01 1.036819905120174031e-31
1.469734734734734616e+01 9.403032126030866177e-32
1.471735735735735595e+01 8.528277750547809209e-32
1.473736736736736574e+01 7.735413531111415573e-32
1.475737737737737554e+01 7.016725388839817969e-32
1.477738738738738533e+01 6.365230422214318381e-32
1.479739739739739512e+01 5.774607175866522573e-32
1.481740740740740669e+01 5.239132600151485793e-32
1.483741741741741649e+01 4.753625055625238959e-32
1.485742742742742628e+01 4.313392779271485237e-32
1.487743743743743607e+01 3.914187285915373083e-32
1.489744744744744587e+01 3.552161229336417557e-32
1.491745745745745566e+01 3.223830293676398221e-32
1.493746746746746545e+01 2.926038727334170510e-32
1.495747747747747525e+01 2.655928169080528795e-32
1.497748748748748682e+01 2.410909450010005174e-32
1.499749749749749661e+01 2.188637085534637141e-32
1.501750750750750640e+01 1.986986199236521326e-32
1.503751751751751620e+01 1.804031645327475650e-32
1.505752752752752599e+01 1.638029118967167455e-32
1.507753753753753578e+01 1.487398064017946249e-32
1.509754754754754558e+01 1.350706206163438033e-32
1.511755755755755537e+01 1.226655555890173181e-32
1.513756756756756694e+01 1.114069740799609431e-32
1.515757757757757673e+01 1.011882540233250190e-32
1.517758758758758653e+01 9.191275074041393124e-33
1.519759759759759632e+01 8.349285752573282256e-33
1.521760760760760611e+01 7.584915522432160861e-33
1.523761761761761591e+01 6.890964231903693603e-33
1.525762762762762570e+01 6.260903785948664433e-33
1.527763763763763549e+01 5.688815029923302443e-33
1.529764764764764706e+01 5.169330597166950980e-33
1.531765765765765686e+01 4.697583153513882124e-33
1.533766766766766665e+01 4.269158525990930509e-33
1.535767767767767644e+01 3.880053251979638430e-33
1.537768768768768624e+01 3.526636129411520333e-33
1.539769769769769603e+01 3.205613388600851889e-33
1.541770770770770582e+01 2.913997142515323328e-33
1.543771771771771562e+01 2.649076805001326355e-33
1.545772772772772541e+01 2.408393196065323438e-33
1.547773773773773698e+01 2.189715080055055997e-33
1.549774774774774677e+01 1.991017906772369126e-33
1.551775775775775656e+01 1.810464547415293451e-33
1.553776776776776636e+01 1.646387837026269072e-33
1.555777777777777615e+01 1.497274753009468689e-33
1.557778778778778594e+01 1.361752075455522062e-33
1.559779779779779574e+01 1.238573389647534107e-33
1.561780780780780553e+01 1.126607304355684314e-33
1.563781781781781710e+01 1.024826771503958350e-33
1.565782782782782689e+01 9.322994036240163696e-34
1.567783783783783669e+01 8.481786953127608399e-34
1.569784784784784648e+01 7.716960637783490355e-34
1.571785785785785627e+01 7.021536315833217840e-34
1.573786786786786607e+01 6.389176819562650784e-34
1.575787787787787586e+01 5.814127236139478461e-34
1.577788788788788565e+01 5.291161079845329559e-34
1.579789789789789722e+01 4.815531471052499809e-34
1.581790790790790702e+01 4.382926853416069225e-34
1.583791791791791681e+01 3.989430824850108052e-34
1.585792792792792660e+01 3.631485697804804809e-34
1.587793793793793640e+01 3.305859440502014103e-34
1.589794794794794619e+01 3.009615683528159307e-34
1.591795795795795598e+01 2.740086505817261705e-34
1.593796796796796578e+01 2.494847740900466215e-34
1.595797797797797735e+01 2.271696568598206419e-34
1.597798798798798714e+01 2.068631179346340363e-34
1.599799799799799693e+01 1.883832318282428787e-34
1.601800800800800673e+01 1.715646534272803422e-34
1.603801801801801830e+01 1.562570975422460572e-34
1.605802802802802987e+01 1.423239587420688511e-34
1.607803803803803788e+01 1.296410584503868412e-34
1.609804804804804945e+01 1.180955074973192893e-34
1.611805805805805747e+01 1.075846734228176057e-34
1.613806806806806904e+01 9.801524282569365512e-35
1.615807807807807706e+01 8.930236995744946063e-35
1.617808808808808863e+01 8.136890357970471767e-35
1.619809809809809664e+01 7.414468484723442952e-35
1.621810810810810821e+01 6.756590965191398137e-35
1.623811811811811978e+01 6.157454947342649984e-35
1.625812812812812780e+01 5.611782533582964716e-35
1.627813813813813937e+01 5.114772997063857464e-35
1.629814814814814738e+01 4.662059374192660422e-35
1.631815815815815895e+01 4.249669030103931850e-35
1.633816816816816697e+01 3.873987831245900058e-35
1.635817817817817854e+01 3.531727593123488280e-35
1.637818818818819011e+01 3.219896501970976415e-35
1.639819819819819813e+01 2.935772237005665893e-35
1.641820820820820970e+01 2.676877545187291032e-35
1.643821821821821771e+01 2.440958043335606899e-35
1.645822822822822928e+01 2.225962043251808962e-35
1.647823823823823730e+01 2.030022214353318445e-35
1.649824824824824887e+01 1.851438915440940692e-35
1.651825825825825689e+01 1.688665042742294825e-35
1.653826826826826846e+01 1.540292255455748583e-35
1.655827827827828003e+01 1.405038452800412913e-35
1.657828828828828804e+01 1.281736388169347838e-35
1.659829829829829961e+01 1.169323316505856397e-35
1.661830830830830763e+01 1.066831580569347205e-35
1.663831831831831920e+01 9.733800504222227775e-36
1.665832832832832722e+01 8.881663383341366488e-36
1.667833833833833879e+01 8.104597184364120580e-36
1.669834834834834680e+01 7.395946869401639217e-36
1.671835835835835837e+01 6.749651046113894972e-36
1.673836836836836994e+01 6.160188685373817550e-36
1.675837837837837796e+01 5.622530650648371752e-36
1.677838838838838953e+01 5.132095601919524186e-36
1.679839839839839755e+01 4.684709876925967167e-36
1.681840840840840912e+01 4.276570988796209078e-36
1.683841841841841713e+01 3.904214412093047501e-36
1.685842842842842870e+01 3.564483359215354149e-36
1.687843843843844027e+01 3.254501276285054306e-36
1.689844844844844829e+01 2.971646812325895791e-36
1.691845845845845986e+01 2.713531037970091473e-36
1.693846846846846788e+01 2.477976710290656313e-36
1.695847847847847945e+01 2.262999398864513447e-36
1.697848848848848746e+01 2.066790304977108440e-36
1.699849849849849903e+01 1.887700621153708551e-36
1.701850850850850705e+01 1.724227292078262601e-36
1.703851851851851862e+01 1.575000050567884284e-36
1.705852852852853019e+01 1.438769613730428118e-36
1.707853853853853821e+01 1.314396934842718043e-36
1.709854854854854977e+01 1.200843415951325338e-36
1.711855855855855779e+01 1.097161994796743474e-36
1.713856856856856936e+01 1.002489027479653471e-36
1.715857857857857738e+01 9.160368953934792152e-37
1.717858858858858895e+01 8.370872714052406953e-37
1.719859859859860052e+01 7.649849861413429912e-37
1.721860860860860853e+01 6.991324405701801763e-37
1.723861861861862010e+01 6.389845159294510880e-37
1.725862862862862812e+01 5.840439364583923335e-37
1.727863863863863969e+01 5.338570444079677865e-37
1.729864864864864771e+01 4.880099504514896984e-37
1.731865865865865928e+01 4.461250259368861632e-37
1.733866866866866729e+01 4.078577064398937880e-37
1.735867867867867886e+01 3.728935788221977264e-37
1.737868868868869043e+01 3.409457264964201424e-37
1.739869869869869845e+01 3.117523098698560730e-37
1.741870870870871002e+01 2.850743610059448258e-37
1.743871871871871804e+01 2.606937734216179645e-37
1.745872872872872961e+01 2.384114696486593760e-37
1.747873873873873762e+01 2.180457307434174243e-37
1.749874874874874919e+01 1.994306733445915451e-37
1.751875875875875721e+01 1.824148611672308006e-37
1.753876876876876878e+01 1.668600389930428217e-37
1.755877877877878035e+01 1.526399782844877078e-37
1.757878878878878837e+01 1.396394245204715455e-37
1.759879879879879994e+01 1.277531372354953319e-37
1.761880880880880795e+01 1.168850145485195684e-37
1.763881881881881952e+01 1.069472946997284345e-37
1.765882882882882754e+01 9.785982778020610843e-38
1.767883883883883911e+01 8.954941144608957123e-38
1.769884884884885068e+01 8.194918496137312464e-38
1.771885885885885870e+01 7.499807641641457125e-38
1.773886886886887027e+01 6.864029842718729632e-38
1.775887887887887828e+01 6.282488803748380594e-38
1.777888888888888985e+01 5.750528692581152749e-38
1.779889889889889787e+01 5.263895836481708288e-38
1.781890890890890944e+01 4.818703769587568584e-38
1.783891891891891746e+01 4.411401336845608525e-38
1.785892892892892903e+01 4.038743585515448174e-38
1.787893893893894059e+01 3.697765199131929815e-38
1.789894894894894861e+01 3.385756250499371623e-38
1.791895895895896018e+01 3.100240070048709091e-38
1.793896896896896820e+01 2.838953043878958754e-38
1.795897897897897977e+01 2.599826172204830484e-38
1.797898898898898778e+01 2.380968233872157393e-38
1.799899899899899935e+01 2.180650416213169208e-38
1.801900900900900737e+01 1.997292281922652816e-38
1.803901901901901894e+01 1.829448955939528628e-38
1.805902902902903051e+01 1.675799425621531237e-38
1.807903903903903853e+01 1.535135856891379511e-38
1.809904904904905010e+01 1.406353837592845902e-38
1.811905905905905811e+01 1.288443467096258145e-38
1.813906906906906968e+01 1.180481218304309366e-38
1.815907907907907770e+01 1.081622504694945555e-38
1.817908908908908927e+01 9.910948909459612368e-39
1.819909909909910084e+01 9.081918910772692756e-39
1.821910910910910886e+01 8.322673029594971710e-39
1.823911911911912043e+01 7.627300325177197990e-39
1.825912912912912844e+01 6.990393650460017667e-39
1.827913913913914001e+01 6.407006447722484401e-39
1.829914914914914803e+01 5.872613272128336242e-39
1.831915915915915960e+01 5.383073719534762524e-39
1.833916916916916762e+01 4.934599463212137834e-39
1.835917917917917919e+01 4.523724129887885793e-39
1.837918918918919076e+01 4.147275769054639545e-39
1.839919919919919877e+01 3.802351690938102198e-39
1.841920920920921034e+01 3.486295468082986785e-39
1.843921921921921836e+01 3.196675913379702849e-39
1.845922922922922993e+01 2.931267863643042521e-39
1.847923923923923795e+01 2.688034612718077651e-39
1.849924924924924952e+01 2.465111851655262640e-39
1.851925925925926109e+01 2.260792985873385016e-39
1.853926926926926910e+01 2.073515710524163972e-39
1.855927927927928067e+01 1.901849735582823297e-39
1.857928928928928869e+01 1.744485561598095997e-39
1.859929929929930026e+01 1.600224215621218826e-39
1.861930930930930828e+01 1.467967864675112191e-39
1.863931931931931985e+01 1.346711231278041598e-39
1.865932932932932786e+01 1.235533742071181394e-39
1.867933933933933943e+01 1.133592346560366184e-39
1.869934934934935100e+01 1.040114948429774422e-39
1.871935935935935902e+01 9.543943968547535057e-40
1.873936936936937059e+01 8.757829897804828305e-40
1.875937937937937861e+01 8.036874452796887067e-40
1.877938938938939017e+01 7.375643008846141827e-40
1.879939939939939819e+01 6.769157042490351121e-40
1.881940940940940976e+01 6.212855616490834970e-40
1.883941941941941778e+01 5.702560137184962354e-40
1.885942942942942935e+01 5.234442104449423815e-40
1.887943943943944092e+01 4.804993598609794048e-40
1.889944944944944893e+01 4.411000270604344801e-40
1.891945945945946050e+01 4.049516621784215715e-40
1.893946946946946852e+01 3.717843378069511114e-40
1.895947947947948009e+01 3.413506779942825730e-40
1.897948948948948811e+01 3.134239625063811330e-40
1.899949949949949968e+01 2.877963914283626553e-40
1.901950950950951125e+01 2.642774964615667807e-40
1.903951951951951926e+01 2.426926864402739024e-40
1.905952952952953083e+01 2.228819156594136205e-40
1.907953953953953885e+01 2.046984645804665801e-40
1.909954954954955042e+01 1.880078233739829484e-40
1.911955955955955844e+01 1.726866695726813538e-40
1.913956956956957001e+01 1.586219318535700920e-40
1.915957957957957802e+01 1.457099326488994131e-40
1.917958958958958959e+01 1.338556029080620235e-40
1.919959959959960116e+01 1.229717629017530628e-40
1.921960960960960918e+01 1.129784634800304344e-40
1.923961961961962075e+01 1.038023826716831046e-40
1.925962962962962877e+01 9.537627294726031741e-41
1.927963963963964034e+01 8.763845486593219400e-41
1.929964964964964835e+01 8.053235319003425012e-41
1.931965965965965992e+01 7.400607188383953309e-41
1.933966966966966794e+01 6.801200471727297026e-41
1.935967967967967951e+01 6.250647847352024910e-41
1.937968968968969108e+01 5.744942601401093081e-41
1.939969969969969910e+01 5.280408668695721680e-41
1.941970970970971067e+01 4.853673177858163031e-41
1.943971971971971868e+01 4.461641290100649219e-41
1.945972972972973025e+01 4.101473138887264384e-41
1.947973973973973827e+01 3.770562693985843952e-41
1.949974974974974984e+01 3.466518388338634888e-41
1.951975975975976141e+01 3.187145359829868330e-41
1.953976976976976943e+01 2.930429172514747048e-41
1.955977977977978099e+01 2.694520893303495360e-41
1.957978978978978901e+01 2.477723410548383349e-41
1.959979979979980058e+01 2.278478890555097247e-41
1.961980980980980860e+01 2.095357276796245783e-41
1.963981981981982017e+01 1.927045744620606070e-41
1.965982982982982818e+01 1.772339031593437411e-41
1.967983983983983975e+01 1.630130570313408990e-41
1.969984984984985132e+01 1.499404356704576173e-41
1.971985985985985934e+01 1.379227492409021607e-41
1.973986986986987091e+01 1.268743345056943633e-41
1.975987987987987893e+01 1.167165274910890136e-41
1.977988988988989050e+01 1.073770880697408715e-41
1.979989989989989851e+01 9.878967213974945941e-42
1.981990990990991008e+01 9.089334743852723792e-42
1.983991991991992165e+01 8.363214936228600995e-42
1.985992992992992967e+01 7.695467346557917594e-42
1.987993993993994124e+01 7.081370159334095033e-42
1.989994994994994926e+01 6.516585885279759544e-42
1.991995995995996083e+01 5.997129886572647884e-42
1.993996996996996884e+01 5.519341495536664711e-42
1.995997997997998041e+01 5.079857511797229588e-42
1.997998998998998843e+01 4.675587880836363744e-42
2.000000000000000000e+01 4.303693373301449058e-42
