5.000000000000000000e-01 1.794268661150608182e+02
5.120120120120119633e-01 1.795705452005275617e+02
5.240240240240240377e-01 1.797139054687567352e+02
5.360360360360360010e-01 1.798569474770513921e+02
5.480480480480480754e-01 1.799996717827809221e+02
5.600600600600600387e-01 1.801420789433698815e+02
5.720720720720721131e-01 1.802841695162877897e+02
5.840840840840840764e-01 1.804259440590376187e+02
5.960960960960961508e-01 1.805674031291459585e+02
6.081081081081081141e-01 1.807085472841515070e+02
6.201201201201200774e-01 1.808493770815958044e+02
6.321321321321321518e-01 1.809898930790120346e+02
6.441441441441441151e-01 1.811300958339151350e+02
6.561561561561561895e-01 1.812699859037916781e+02
6.681681681681681528e-01 1.814095638460893838e+02
6.801801801801801162e-01 1.815488302182078826e+02
6.921921921921921905e-01 1.816877855774885120e+02
7.042042042042042649e-01 1.818264304812042269e+02
7.162162162162162282e-01 1.819647654865505046e+02
7.282282282282281916e-01 1.821027911506351700e+02
7.402402402402402659e-01 1.822405080304693286e+02
7.522522522522522292e-01 1.823779166829577889e+02
7.642642642642643036e-01 1.825150176648897116e+02
7.762762762762762669e-01 1.826518115329297416e+02
7.882882882882882303e-01 1.827882988436079188e+02
8.003003003003003046e-01 1.829244801533115776e+02
8.123123123123123790e-01 1.830603560182761385e+02
8.243243243243243423e-01 1.831959269945759274e+02
8.363363363363363057e-01 1.833311936381154794e+02
8.483483483483482690e-01 1.834661565046208693e+02
8.603603603603603434e-01 1.836008161496313846e+02
8.723723723723724177e-01 1.837351731284902314e+02
8.843843843843843811e-01 1.838692279963367753e+02
8.963963963963963444e-01 1.840029813080977590e+02
9.084084084084084187e-01 1.841364336184790034e+02
9.204204204204204931e-01 1.842695854819574492e+02
9.324324324324324564e-01 1.844024374527726309e+02
9.444444444444444198e-01 1.845349900849190021e+02
9.564564564564563831e-01 1.846672439321375236e+02
9.684684684684684575e-01 1.847991995479079890e+02
9.804804804804805318e-01 1.849308574854412086e+02
9.924924924924924952e-01 1.850622182976711656e+02
1.004504504504504458e+00 1.851932825372473133e+02
1.016516516516516422e+00 1.853240507565273276e+02
1.028528528528528607e+00 1.854545235075686094e+02
1.040540540540540571e+00 1.855847013421218605e+02
1.052552552552552534e+00 1.857145848116234390e+02
1.064564564564564719e+00 1.858441744671875711e+02
1.076576576576576461e+00 1.859734708595998143e+02
1.088588588588588646e+00 1.861024745393091280e+02
1.100600600600600609e+00 1.862311860564213930e+02
1.112612612612612573e+00 1.863596059606922211e+02
1.124624624624624758e+00 1.864877348015198208e+02
1.136636636636636499e+00 1.866155731279385179e+02
1.148648648648648685e+00 1.867431214886112514e+02
1.160660660660660648e+00 1.868703804318236052e+02
1.172672672672672611e+00 1.869973505054766747e+02
1.184684684684684797e+00 1.871240322570805290e+02
1.196696696696696538e+00 1.872504262337478167e+02
1.208708708708708723e+00 1.873765329821870012e+02
1.220720720720720687e+00 1.875023530486965342e+02
1.232732732732732650e+00 1.876278869791576653e+02
1.244744744744744835e+00 1.877531353190290133e+02
1.256756756756756799e+00 1.878780986133398585e+02
1.268768768768768762e+00 1.880027774066839470e+02
1.280780780780780725e+00 1.881271722432139484e+02
1.292792792792792689e+00 1.882512836666347766e+02
1.304804804804804874e+00 1.883751122201982469e+02
1.316816816816816837e+00 1.884986584466967656e+02
1.328828828828828801e+00 1.886219228884575614e+02
1.340840840840840986e+00 1.887449060873370286e+02
1.352852852852852727e+00 1.888676085847151285e+02
1.364864864864864913e+00 1.889900309214896765e+02
1.376876876876876876e+00 1.891121736380703737e+02
1.388888888888888840e+00 1.892340372743738897e+02
1.400900900900901025e+00 1.893556223698180077e+02
1.412912912912912766e+00 1.894769294633164805e+02
1.424924924924924952e+00 1.895979590932736016e+02
1.436936936936936915e+00 1.897187117975787487e+02
1.448948948948948878e+00 1.898391881136012387e+02
1.460960960960961064e+00 1.899593885781853828e+02
1.472972972972972805e+00 1.900793137276450011e+02
1.484984984984984990e+00 1.901989640977588465e+02
1.496996996996996954e+00 1.903183402237651478e+02
1.509009009009008917e+00 1.904374426403568350e+02
1.521021021021021102e+00 1.905562718816767358e+02
1.533033033033033066e+00 1.906748284813128009e+02
1.545045045045045029e+00 1.907931129722927608e+02
1.557057057057056992e+00 1.909111258870804875e+02
1.569069069069068956e+00 1.910288677575702252e+02
1.581081081081081141e+00 1.911463391150825260e+02
1.593093093093093104e+00 1.912635404903596168e+02
1.605105105105105068e+00 1.913804724135607671e+02
1.617117117117117031e+00 1.914971354142581390e+02
1.629129129129129216e+00 1.916135300214318988e+02
1.641141141141141180e+00 1.917296567634663802e+02
1.653153153153153143e+00 1.918455161681451955e+02
1.665165165165165106e+00 1.919611087626475694e+02
1.677177177177177070e+00 1.920764350735439052e+02
1.689189189189189255e+00 1.921914956267911236e+02
1.701201201201201219e+00 1.923062909477296216e+02
1.713213213213213182e+00 1.924208215610781849e+02
1.725225225225225145e+00 1.925350879909306059e+02
1.737237237237237331e+00 1.926490907607514487e+02
1.749249249249249294e+00 1.927628303933721270e+02
1.761261261261261257e+00 1.928763074109871809e+02
1.773273273273273221e+00 1.929895223351505820e+02
1.785285285285285184e+00 1.931024756867714132e+02
1.797297297297297369e+00 1.932151679861106572e+02
1.809309309309309333e+00 1.933275997527773313e+02
1.821321321321321296e+00 1.934397715057248490e+02
1.833333333333333259e+00 1.935516837632476665e+02
1.845345345345345223e+00 1.936633370429769059e+02
1.857357357357357408e+00 1.937747318618783083e+02
1.869369369369369371e+00 1.938858687362471755e+02
1.881381381381381335e+00 1.939967481817060957e+02
1.893393393393393298e+00 1.941073707132012487e+02
1.905405405405405483e+00 1.942177368449987682e+02
1.917417417417417447e+00 1.943278470906817859e+02
1.929429429429429410e+00 1.944377019631471342e+02
1.941441441441441373e+00 1.945473019746020498e+02
1.953453453453453337e+00 1.946566476365612459e+02
1.965465465465465522e+00 1.947657394598434450e+02
1.977477477477477485e+00 1.948745779545685650e+02
1.989489489489489449e+00 1.949831636301545075e+02
2.001501501501501412e+00 1.950914969953143157e+02
2.013513513513513598e+00 1.951995785580532470e+02
2.025525525525525339e+00 1.953074088256657319e+02
2.037537537537537524e+00 1.954149883047323328e+02
2.049549549549549710e+00 1.955223175011171293e+02
2.061561561561561451e+00 1.956293969199653020e+02
2.073573573573573636e+00 1.957362270656994667e+02
2.085585585585585378e+00 1.958428084420175139e+02
2.097597597597597563e+00 1.959491415518903068e+02
2.109609609609609748e+00 1.960552268975579295e+02
2.121621621621621934e+00 1.961610649805281810e+02
2.133633633633633675e+00 1.962666563015733345e+02
2.145645645645645416e+00 1.963720013607279213e+02
2.157657657657657602e+00 1.964771006572861438e+02
2.169669669669669787e+00 1.965819546897991472e+02
2.181681681681681972e+00 1.966865639560731438e+02
2.193693693693693714e+00 1.967909289531664854e+02
2.205705705705705455e+00 1.968950501773877306e+02
2.217717717717717640e+00 1.969989281242928030e+02
2.229729729729729826e+00 1.971025632886834273e+02
2.241741741741742011e+00 1.972059561646038901e+02
2.253753753753753752e+00 1.973091072453401011e+02
2.265765765765765494e+00 1.974120170234161833e+02
2.277777777777777679e+00 1.975146859905929659e+02
2.289789789789789864e+00 1.976171146378657113e+02
2.301801801801802050e+00 1.977193034554620112e+02
2.313813813813813791e+00 1.978212529328400535e+02
2.325825825825825532e+00 1.979229635586857512e+02
2.337837837837837718e+00 1.980244358209119184e+02
2.349849849849849903e+00 1.981256702066552862e+02
2.361861861861862089e+00 1.982266672022750811e+02
2.373873873873873830e+00 1.983274272933512634e+02
2.385885885885885571e+00 1.984279509646820259e+02
2.397897897897897757e+00 1.985282387002829410e+02
2.409909909909909942e+00 1.986282909833838062e+02
2.421921921921922127e+00 1.987281082964284451e+02
2.433933933933933869e+00 1.988276911210716662e+02
2.445945945945945610e+00 1.989270399381781829e+02
2.457957957957957795e+00 1.990261552278209933e+02
2.469969969969969981e+00 1.991250374692792491e+02
2.481981981981982166e+00 1.992236871410369758e+02
2.493993993993993907e+00 1.993221047207814536e+02
2.506006006006006093e+00 1.994202906854018522e+02
2.518018018018017834e+00 1.995182455109870148e+02
2.530030030030030019e+00 1.996159696728243773e+02
2.542042042042042205e+00 1.997134636453990311e+02
2.554054054054053946e+00 1.998107279023911076e+02
2.566066066066066131e+00 1.999077629166754662e+02
2.578078078078077873e+00 2.000045691603191926e+02
2.590090090090090058e+00 2.001011471045813437e+02
2.602102102102102243e+00 2.001974972199106446e+02
2.614114114114113985e+00 2.002936199759450631e+02
2.626126126126126170e+00 2.003895158415097626e+02
2.638138138138137911e+00 2.004851852846159375e+02
2.650150150150150097e+00 2.005806287724599031e+02
2.662162162162162282e+00 2.006758467714219023e+02
2.674174174174174023e+00 2.007708397470643717e+02
2.686186186186186209e+00 2.008656081641315438e+02
2.698198198198198394e+00 2.009601524865472584e+02
2.710210210210210136e+00 2.010544731774151330e+02
2.722222222222222321e+00 2.011485706990163180e+02
2.734234234234234062e+00 2.012424455128090983e+02
2.746246246246246248e+00 2.013360980794277850e+02
2.758258258258258433e+00 2.014295288586811807e+02
2.770270270270270174e+00 2.015227383095522384e+02
2.782282282282282360e+00 2.016157268901968962e+02
2.794294294294294101e+00 2.017084950579427414e+02
2.806306306306306286e+00 2.018010432692886980e+02
2.818318318318318472e+00 2.018933719799034350e+02
2.830330330330330213e+00 2.019854816446250823e+02
2.842342342342342398e+00 2.020773727174600936e+02
2.854354354354354140e+00 2.021690456515824224e+02
2.866366366366366325e+00 2.022605008993327829e+02
2.878378378378378510e+00 2.023517389122175416e+02
2.890390390390390252e+00 2.024427601409086037e+02
2.902402402402402437e+00 2.025335650352419066e+02
2.914414414414414178e+00 2.026241540442170503e+02
2.926426426426426364e+00 2.027145276159968716e+02
2.938438438438438549e+00 2.028046861979061930e+02
2.950450450450450290e+00 2.028946302364313112e+02
2.962462462462462476e+00 2.029843601772197417e+02
2.974474474474474661e+00 2.030738764650791950e+02
2.986486486486486402e+00 2.031631795439768666e+02
2.998498498498498588e+00 2.032522698570392095e+02
3.010510510510510329e+00 2.033411478465513369e+02
3.022522522522522515e+00 2.034298139539560566e+02
3.034534534534534700e+00 2.035182686198538704e+02
3.046546546546546441e+00 2.036065122840020081e+02
3.058558558558558627e+00 2.036945453853143135e+02
3.070570570570570368e+00 2.037823683618605628e+02
3.082582582582582553e+00 2.038699816508659808e+02
3.094594594594594739e+00 2.039573856887109571e+02
3.106606606606606480e+00 2.040445809109305060e+02
3.118618618618618665e+00 2.041315677522138685e+02
3.130630630630630407e+00 2.042183466464041999e+02
3.142642642642642592e+00 2.043049180264983136e+02
3.154654654654654777e+00 2.043912823246459425e+02
3.166666666666666519e+00 2.044774399721498810e+02
3.178678678678678704e+00 2.045633913994652744e+02
3.190690690690690445e+00 2.046491370361997610e+02
3.202702702702702631e+00 2.047346773111126765e+02
3.214714714714714816e+00 2.048200126521153095e+02
3.226726726726726557e+00 2.049051434862703047e+02
3.238738738738738743e+00 2.049900702397913506e+02
3.250750750750750928e+00 2.050747933380434631e+02
3.262762762762762669e+00 2.051593132055423609e+02
3.274774774774774855e+00 2.052436302659545788e+02
3.286786786786786596e+00 2.053277449420967287e+02
3.298798798798798781e+00 2.054116576559364091e+02
3.310810810810810967e+00 2.054953688285908413e+02
3.322822822822822708e+00 2.055788788803276361e+02
3.334834834834834894e+00 2.056621882305643680e+02
3.346846846846846635e+00 2.057452972978686603e+02
3.358858858858858820e+00 2.058282064999577585e+02
3.370870870870871006e+00 2.059109162536987867e+02
3.382882882882882747e+00 2.059934269751087470e+02
3.394894894894894932e+00 2.060757390793544062e+02
3.406906906906906674e+00 2.061578529807519828e+02
3.418918918918918859e+00 2.062397690927676308e+02
3.430930930930931044e+00 2.063214878280173252e+02
3.442942942942942786e+00 2.064030095982666637e+02
3.454954954954954971e+00 2.064843348144312642e+02
3.466966966966967156e+00 2.065654638865763104e+02
3.478978978978978898e+00 2.066463972239172904e+02
3.490990990990991083e+00 2.067271352348195990e+02
3.503003003003002824e+00 2.068076783267988219e+02
3.515015015015015010e+00 2.068880269065208779e+02
3.527027027027027195e+00 2.069681813798018766e+02
3.539039039039038936e+00 2.070481421516086300e+02
3.551051051051051122e+00 2.071279096260586527e+02
3.563063063063062863e+00 2.072074842064203040e+02
3.575075075075075048e+00 2.072868662951130716e+02
3.587087087087087234e+00 2.073660562937072598e+02
3.599099099099098975e+00 2.074450546029252109e+02
3.611111111111111160e+00 2.075238616226405668e+02
3.623123123123122902e+00 2.076024777518787232e+02
3.635135135135135087e+00 2.076809033888177396e+02
3.647147147147147273e+00 2.077591389307874863e+02
3.659159159159159014e+00 2.078371847742707246e+02
3.671171171171171199e+00 2.079150413149031351e+02
3.683183183183182940e+00 2.079927089474734885e+02
3.695195195195195126e+00 2.080701880659243272e+02
3.707207207207207311e+00 2.081474790633516818e+02
3.719219219219219053e+00 2.082245823320058946e+02
3.731231231231231238e+00 2.083014982632916485e+02
3.743243243243243423e+00 2.083782272477687059e+02
3.755255255255255165e+00 2.084547696751516526e+02
3.767267267267267350e+00 2.085311259343109782e+02
3.779279279279279091e+00 2.086072964132728487e+02
3.791291291291291277e+00 2.086832814992195040e+02
3.803303303303303462e+00 2.087590815784903953e+02
3.815315315315315203e+00 2.088346970365819288e+02
3.827327327327327389e+00 2.089101282581475516e+02
3.839339339339339130e+00 2.089853756269992573e+02
3.851351351351351315e+00 2.090604395261071886e+02
3.863363363363363501e+00 2.091353203376002057e+02
3.875375375375375242e+00 2.092100184427667671e+02
3.887387387387387427e+00 2.092845342220548446e+02
3.899399399399399169e+00 2.093588680550725201e+02
3.911411411411411354e+00 2.094330203205889802e+02
3.923423423423423539e+00 2.095069913965342323e+02
3.935435435435435281e+00 2.095807816600004116e+02
3.947447447447447466e+00 2.096543914872415542e+02
3.959459459459459651e+00 2.097278212536745627e+02
3.971471471471471393e+00 2.098010713338796620e+02
3.983483483483483578e+00 2.098741421016008246e+02
3.995495495495495319e+00 2.099470339297466239e+02
4.007507507507507505e+00 2.100197471903902056e+02
4.019519519519519690e+00 2.100922822547706801e+02
4.031531531531530987e+00 2.101646394932927535e+02
4.043543543543544061e+00 2.102368192755281484e+02
4.055555555555555358e+00 2.103088219702158028e+02
4.067567567567567544e+00 2.103806479452622682e+02
4.079579579579579729e+00 2.104522975677430736e+02
4.091591591591591026e+00 2.105237712039021289e+02
4.103603603603604100e+00 2.105950692191537428e+02
4.115615615615615397e+00 2.106661919780822245e+02
4.127627627627627582e+00 2.107371398444426802e+02
4.139639639639639768e+00 2.108079131811623199e+02
4.151651651651651065e+00 2.108785123503402872e+02
4.163663663663664138e+00 2.109489377132488528e+02
4.175675675675675436e+00 2.110191896303338979e+02
4.187687687687687621e+00 2.110892684612154255e+02
4.199699699699699806e+00 2.111591745646885556e+02
4.211711711711711104e+00 2.112289082987243205e+02
4.223723723723724177e+00 2.112984700204696082e+02
4.235735735735735474e+00 2.113678600862489532e+02
4.247747747747747660e+00 2.114370788515641095e+02
4.259759759759759845e+00 2.115061266710959842e+02
4.271771771771771142e+00 2.115750038987042672e+02
4.283783783783784216e+00 2.116437108874287389e+02
4.295795795795795513e+00 2.117122479894901517e+02
4.307807807807807698e+00 2.117806155562902859e+02
4.319819819819819884e+00 2.118488139384134286e+02
4.331831831831831181e+00 2.119168434856267424e+02
4.343843843843844255e+00 2.119847045468812894e+02
4.355855855855855552e+00 2.120523974703127692e+02
4.367867867867867737e+00 2.121199226032414629e+02
4.379879879879879923e+00 2.121872802921745347e+02
4.391891891891891220e+00 2.122544708828057196e+02
4.403903903903904293e+00 2.123214947200164602e+02
4.415915915915915591e+00 2.123883521478765317e+02
4.427927927927927776e+00 2.124550435096452077e+02
4.439939939939939961e+00 2.125215691477716859e+02
4.451951951951951258e+00 2.125879294038962541e+02
4.463963963963964332e+00 2.126541246188507159e+02
4.475975975975975629e+00 2.127201551326596984e+02
4.487987987987987815e+00 2.127860212845409649e+02
4.500000000000000000e+00 2.128517234129068356e+02
4.512012012012012185e+00 2.129172618553643872e+02
4.524024024024024371e+00 2.129826369487169302e+02
4.536036036036035668e+00 2.130478490289644924e+02
4.548048048048047853e+00 2.131128984313046146e+02
4.560060060060060039e+00 2.131777854901335161e+02
4.572072072072072224e+00 2.132425105390469753e+02
4.584084084084084409e+00 2.133070739108406713e+02
4.596096096096095707e+00 2.133714759375120025e+02
4.608108108108107892e+00 2.134357169502595468e+02
4.620120120120120077e+00 2.134997972794857333e+02
4.632132132132132263e+00 2.135637172547964440e+02
4.644144144144144448e+00 2.136274772050019806e+02
4.656156156156155745e+00 2.136910774581190253e+02
4.668168168168167931e+00 2.137545183413701011e+02
4.680180180180180116e+00 2.138178001811856745e+02
4.692192192192192302e+00 2.138809233032044119e+02
4.704204204204204487e+00 2.139438880322740317e+02
4.716216216216215784e+00 2.140066946924530953e+02
4.728228228228227970e+00 2.140693436070107794e+02
4.740240240240240155e+00 2.141318350984285814e+02
4.752252252252252340e+00 2.141941694884009166e+02
4.764264264264264526e+00 2.142563470978364251e+02
4.776276276276275823e+00 2.143183682468586255e+02
4.788288288288288008e+00 2.143802332548064840e+02
4.800300300300300194e+00 2.144419424402362324e+02
4.812312312312312379e+00 2.145034961209218523e+02
4.824324324324324564e+00 2.145648946138559552e+02
4.836336336336335862e+00 2.146261382352509486e+02
4.848348348348348047e+00 2.146872273005397176e+02
4.860360360360360232e+00 2.147481621243772452e+02
4.872372372372372418e+00 2.148089430206405552e+02
4.884384384384384603e+00 2.148695703024308727e+02
4.896396396396396788e+00 2.149300442820736521e+02
4.908408408408408086e+00 2.149903652711198561e+02
4.920420420420420271e+00 2.150505335803473201e+02
4.932432432432432456e+00 2.151105495197611788e+02
4.944444444444444642e+00 2.151704133985954286e+02
4.956456456456456827e+00 2.152301255253132410e+02
4.968468468468468124e+00 2.152896862076086109e+02
4.980480480480480310e+00 2.153490957524068676e+02
4.992492492492492495e+00 2.154083544658661253e+02
5.004504504504504681e+00 2.154674626533779360e+02
5.016516516516516866e+00 2.155264206195685972e+02
5.028528528528528163e+00 2.155852286682998624e+02
5.040540540540540349e+00 2.156438871026700497e+02
5.052552552552552534e+00 2.157023962250154057e+02
5.064564564564564719e+00 2.157607563369104184e+02
5.076576576576576905e+00 2.158189677391697785e+02
5.088588588588588202e+00 2.158770307318484072e+02
5.100600600600600387e+00 2.159349456142433326e+02
5.112612612612612573e+00 2.159927126848941725e+02
5.124624624624624758e+00 2.160503322415844139e+02
5.136636636636636943e+00 2.161078045813426343e+02
5.148648648648648241e+00 2.161651300004429288e+02
5.160660660660660426e+00 2.162223087944065583e+02
5.172672672672672611e+00 2.162793412580028871e+02
5.184684684684684797e+00 2.163362276852498951e+02
5.196696696696696982e+00 2.163929683694163089e+02
5.208708708708708279e+00 2.164495636030213177e+02
5.220720720720720465e+00 2.165060136778367337e+02
5.232732732732732650e+00 2.165623188848876168e+02
5.244744744744744835e+00 2.166184795144530426e+02
5.256756756756757021e+00 2.166744958560678356e+02
5.268768768768768318e+00 2.167303681985230810e+02
5.280780780780780503e+00 2.167860968298671196e+02
5.292792792792792689e+00 2.168416820374071960e+02
5.304804804804804874e+00 2.168971241077102263e+02
5.316816816816817060e+00 2.169524233266034514e+02
5.328828828828828357e+00 2.170075799791762847e+02
5.340840840840840542e+00 2.170625943497806531e+02
5.352852852852852727e+00 2.171174667220326455e+02
5.364864864864864913e+00 2.171721973788132516e+02
5.376876876876877098e+00 2.172267866022694420e+02
5.388888888888889284e+00 2.172812346738155327e+02
5.400900900900900581e+00 2.173355418741339520e+02
5.412912912912912766e+00 2.173897084831762356e+02
5.424924924924924952e+00 2.174437347801647604e+02
5.436936936936937137e+00 2.174976210435931137e+02
5.448948948948949322e+00 2.175513675512273721e+02
5.460960960960960620e+00 2.176049745801074664e+02
5.472972972972972805e+00 2.176584424065478061e+02
5.484984984984984990e+00 2.177117713061388429e+02
5.496996996996997176e+00 2.177649615537480656e+02
5.509009009009009361e+00 2.178180134235205969e+02
5.521021021021020658e+00 2.178709271888807848e+02
5.533033033033032844e+00 2.179237031225335386e+02
5.545045045045045029e+00 2.179763414964644710e+02
5.557057057057057214e+00 2.180288425819420297e+02
5.569069069069069400e+00 2.180812066495180375e+02
5.581081081081080697e+00 2.181334339690286299e+02
5.593093093093092882e+00 2.181855248095961315e+02
5.605105105105105068e+00 2.182374794396290838e+02
5.617117117117117253e+00 2.182892981268245194e+02
5.629129129129129439e+00 2.183409811381677059e+02
5.641141141141140736e+00 2.183925287399347610e+02
5.653153153153152921e+00 2.184439411976924248e+02
5.665165165165165106e+00 2.184952187763000211e+02
5.677177177177177292e+00 2.185463617399101963e+02
5.689189189189189477e+00 2.185973703519700848e+02
5.701201201201200774e+00 2.186482448752223036e+02
5.713213213213212960e+00 2.186989855717063733e+02
5.725225225225225145e+00 2.187495927027595428e+02
5.737237237237237331e+00 2.188000665290180962e+02
5.749249249249249516e+00 2.188504073104182055e+02
5.761261261261260813e+00 2.189006153061971247e+02
5.773273273273272999e+00 2.189506907748944968e+02
5.785285285285285184e+00 2.190006339743532919e+02
5.797297297297297369e+00 2.190504451617210009e+02
5.809309309309309555e+00 2.191001245934505164e+02
5.821321321321320852e+00 2.191496725253014688e+02
5.833333333333333037e+00 2.191990892123416188e+02
5.845345345345345223e+00 2.192483749089470564e+02
5.857357357357357408e+00 2.192975298688044745e+02
5.869369369369369593e+00 2.193465543449110839e+02
5.881381381381380891e+00 2.193954485895768300e+02
5.893393393393393076e+00 2.194442128544248192e+02
5.905405405405405261e+00 2.194928473903925408e+02
5.917417417417417447e+00 2.195413524477334590e+02
5.929429429429429632e+00 2.195897282760170413e+02
5.941441441441441818e+00 2.196379751241311453e+02
5.953453453453453115e+00 2.196860932402823323e+02
5.965465465465465300e+00 2.197340828719970318e+02
5.977477477477477485e+00 2.197819442661231903e+02
5.989489489489489671e+00 2.198296776688304988e+02
6.001501501501501856e+00 2.198772833256123818e+02
6.013513513513513153e+00 2.199247614812867084e+02
6.025525525525525339e+00 2.199721123799967586e+02
6.037537537537537524e+00 2.200193362652126439e+02
6.049549549549549710e+00 2.200664333797321319e+02
6.061561561561561895e+00 2.201134039656820676e+02
6.073573573573573192e+00 2.201602482645191685e+02
6.085585585585585378e+00 2.202069665170314181e+02
6.097597597597597563e+00 2.202535589633391737e+02
6.109609609609609748e+00 2.203000258428957352e+02
6.121621621621621934e+00 2.203463673944892207e+02
6.133633633633633231e+00 2.203925838562432205e+02
6.145645645645645416e+00 2.204386754656180472e+02
6.157657657657657602e+00 2.204846424594116456e+02
6.169669669669669787e+00 2.205304850737610991e+02
6.181681681681681972e+00 2.205762035441431692e+02
6.193693693693693270e+00 2.206217981053764277e+02
6.205705705705705455e+00 2.206672689916208583e+02
6.217717717717717640e+00 2.207126164363801877e+02
6.229729729729729826e+00 2.207578406725026809e+02
6.241741741741742011e+00 2.208029419321816818e+02
6.253753753753753308e+00 2.208479204469578292e+02
6.265765765765765494e+00 2.208927764477189442e+02
6.277777777777777679e+00 2.209375101647022461e+02
6.289789789789789864e+00 2.209821218274942680e+02
6.301801801801802050e+00 2.210266116650332719e+02
6.313813813813813347e+00 2.210709799056091924e+02
6.325825825825825532e+00 2.211152267768656259e+02
6.337837837837837718e+00 2.211593525058003422e+02
6.349849849849849903e+00 2.212033573187663649e+02
6.361861861861862089e+00 2.212472414414737045e+02
6.373873873873873386e+00 2.212910050989898423e+02
6.385885885885885571e+00 2.213346485157410655e+02
6.397897897897897757e+00 2.213781719155136045e+02
6.409909909909909942e+00 2.214215755214543719e+02
6.421921921921922127e+00 2.214648595560726676e+02
6.433933933933934313e+00 2.215080242412408893e+02
6.445945945945945610e+00 2.215510697981954138e+02
6.457957957957957795e+00 2.215939964475385295e+02
6.469969969969969981e+00 2.216368044092383229e+02
6.481981981981982166e+00 2.216794939026306679e+02
6.493993993993994351e+00 2.217220651464203911e+02
6.506006006006005649e+00 2.217645183586813573e+02
6.518018018018017834e+00 2.218068537568590273e+02
6.530030030030030019e+00 2.218490715577699177e+02
6.542042042042042205e+00 2.218911719776042446e+02
6.554054054054054390e+00 2.219331552319258378e+02
6.566066066066065687e+00 2.219750215356738750e+02
6.578078078078077873e+00 2.220167711031636486e+02
6.590090090090090058e+00 2.220584041480878170e+02
6.602102102102102243e+00 2.220999208835175693e+02
6.614114114114114429e+00 2.221413215219035351e+02
6.626126126126125726e+00 2.221826062750764379e+02
6.638138138138137911e+00 2.222237753542495398e+02
6.650150150150150097e+00 2.222648289700179589e+02
6.662162162162162282e+00 2.223057673323611141e+02
6.674174174174174468e+00 2.223465906506432361e+02
6.686186186186185765e+00 2.223872991336140785e+02
6.698198198198197950e+00 2.224278929894110775e+02
6.710210210210210136e+00 2.224683724255593518e+02
6.722222222222222321e+00 2.225087376489731241e+02
6.734234234234234506e+00 2.225489888659571989e+02
6.746246246246245803e+00 2.225891262822073315e+02
6.758258258258257989e+00 2.226291501028118489e+02
6.770270270270270174e+00 2.226690605322523595e+02
6.782282282282282360e+00 2.227088577744051747e+02
6.794294294294294545e+00 2.227485420325420193e+02
6.806306306306305842e+00 2.227881135093313674e+02
6.818318318318318028e+00 2.228275724068392378e+02
6.830330330330330213e+00 2.228669189265304738e+02
6.842342342342342398e+00 2.229061532692696517e+02
6.854354354354354584e+00 2.229452756353225595e+02
6.866366366366365881e+00 2.229842862243561967e+02
6.878378378378378066e+00 2.230231852354414173e+02
6.890390390390390252e+00 2.230619728670523330e+02
6.902402402402402437e+00 2.231006493170685872e+02
6.914414414414414622e+00 2.231392147827759800e+02
6.926426426426426808e+00 2.231776694608671221e+02
6.938438438438438105e+00 2.232160135474430547e+02
6.950450450450450290e+00 2.232542472380143010e+02
6.962462462462462476e+00 2.232923707275015204e+02
6.974474474474474661e+00 2.233303842102366730e+02
6.986486486486486847e+00 2.233682878799641855e+02
6.998498498498498144e+00 2.234060819298417755e+02
7.010510510510510329e+00 2.234437665524421845e+02
7.022522522522522515e+00 2.234813419397531220e+02
7.034534534534534700e+00 2.235188082831789416e+02
7.046546546546546885e+00 2.235561657735419487e+02
7.058558558558558182e+00 2.235934146010825145e+02
7.070570570570570368e+00 2.236305549554611218e+02
7.082582582582582553e+00 2.236675870257588201e+02
7.094594594594594739e+00 2.237045110004784192e+02
7.106606606606606924e+00 2.237413270675452281e+02
7.118618618618618221e+00 2.237780354143087038e+02
7.130630630630630407e+00 2.238146362275427350e+02
7.142642642642642592e+00 2.238511296934472625e+02
7.154654654654654777e+00 2.238875159976490750e+02
7.166666666666666963e+00 2.239237953252027182e+02
7.178678678678678260e+00 2.239599678605915756e+02
7.190690690690690445e+00 2.239960337877289760e+02
7.202702702702702631e+00 2.240319932899592175e+02
7.214714714714714816e+00 2.240678465500585332e+02
7.226726726726727001e+00 2.241035937502356887e+02
7.238738738738738299e+00 2.241392350721341131e+02
7.250750750750750484e+00 2.241747706968315015e+02
7.262762762762762669e+00 2.242102008048418327e+02
7.274774774774774855e+00 2.242455255761161368e+02
7.286786786786787040e+00 2.242807451900430067e+02
7.298798798798798337e+00 2.243158598254503318e+02
7.310810810810810523e+00 2.243508696606057526e+02
7.322822822822822708e+00 2.243857748732181392e+02
7.334834834834834894e+00 2.244205756404380168e+02
7.346846846846847079e+00 2.244552721388589873e+02
7.358858858858858376e+00 2.244898645445185537e+02
7.370870870870870561e+00 2.245243530328992847e+02
7.382882882882882747e+00 2.245587377789294976e+02
7.394894894894894932e+00 2.245930189569843947e+02
7.406906906906907118e+00 2.246271967408870580e+02
7.418918918918919303e+00 2.246612713039096434e+02
7.430930930930930600e+00 2.246952428187739770e+02
7.442942942942942786e+00 2.247291114576526923e+02
7.454954954954954971e+00 2.247628773921704806e+02
7.466966966966967156e+00 2.247965407934043469e+02
7.478978978978979342e+00 2.248301018318855427e+02
7.490990990990990639e+00 2.248635606775997076e+02
7.503003003003002824e+00 2.248969174999885183e+02
7.515015015015015010e+00 2.249301724679499728e+02
7.527027027027027195e+00 2.249633257498398962e+02
7.539039039039039380e+00 2.249963775134726234e+02
7.551051051051050678e+00 2.250293279261220505e+02
7.563063063063062863e+00 2.250621771545227716e+02
7.575075075075075048e+00 2.250949253648707895e+02
7.587087087087087234e+00 2.251275727228244250e+02
7.599099099099099419e+00 2.251601193935053402e+02
7.611111111111110716e+00 2.251925655414998175e+02
7.623123123123122902e+00 2.252249113308591859e+02
7.635135135135135087e+00 2.252571569251013841e+02
7.647147147147147273e+00 2.252893024872110175e+02
7.659159159159159458e+00 2.253213481796412623e+02
7.671171171171170755e+00 2.253532941643142351e+02
7.683183183183182940e+00 2.253851406026219877e+02
7.695195195195195126e+00 2.254168876554279564e+02
7.707207207207207311e+00 2.254485354830668484e+02
7.719219219219219497e+00 2.254800842453466601e+02
7.731231231231230794e+00 2.255115341015489605e+02
7.743243243243242979e+00 2.255428852104303132e+02
7.755255255255255165e+00 2.255741377302227306e+02
7.767267267267267350e+00 2.256052918186345266e+02
7.779279279279279535e+00 2.256363476328519937e+02
7.791291291291290833e+00 2.256673053295394595e+02
7.803303303303303018e+00 2.256981650648409072e+02
7.815315315315315203e+00 2.257289269943805721e+02
7.827327327327327389e+00 2.257595912732633678e+02
7.839339339339339574e+00 2.257901580560769332e+02
7.851351351351350871e+00 2.258206274968915181e+02
7.863363363363363057e+00 2.258509997492615184e+02
7.875375375375375242e+00 2.258812749662260444e+02
7.887387387387387427e+00 2.259114533003099723e+02
7.899399399399399613e+00 2.259415349035247971e+02
7.911411411411410910e+00 2.259715199273695703e+02
7.923423423423423095e+00 2.260014085228319516e+02
7.935435435435435281e+00 2.260312008403886921e+02
7.947447447447447466e+00 2.260608970300069416e+02
7.959459459459459651e+00 2.260904972411449307e+02
7.971471471471471837e+00 2.261200016227531080e+02
7.983483483483483134e+00 2.261494103232745658e+02
7.995495495495495319e+00 2.261787234906465756e+02
8.007507507507508393e+00 2.262079412723005021e+02
8.019519519519519690e+00 2.262370638151641060e+02
8.031531531531530987e+00 2.262660912656610037e+02
8.043543543543542285e+00 2.262950237697124862e+02
8.055555555555555358e+00 2.263238614727378604e+02
8.067567567567568432e+00 2.263526045196557277e+02
8.079579579579579729e+00 2.263812530548845530e+02
8.091591591591591026e+00 2.264098072223438010e+02
8.103603603603602323e+00 2.264382671654545902e+02
8.115615615615615397e+00 2.264666330271406594e+02
8.127627627627628470e+00 2.264949049498289355e+02
8.139639639639639768e+00 2.265230830754510976e+02
8.151651651651651065e+00 2.265511675454438034e+02
8.163663663663662362e+00 2.265791585007498554e+02
8.175675675675675436e+00 2.266070560818187687e+02
8.187687687687688509e+00 2.266348604286079933e+02
8.199699699699699806e+00 2.266625716805836532e+02
8.211711711711711104e+00 2.266901899767210296e+02
8.223723723723722401e+00 2.267177154555061236e+02
8.235735735735735474e+00 2.267451482549358275e+02
8.247747747747748548e+00 2.267724885125190610e+02
8.259759759759759845e+00 2.267997363652776812e+02
8.271771771771771142e+00 2.268268919497472780e+02
8.283783783783782440e+00 2.268539554019777142e+02
8.295795795795795513e+00 2.268809268575345754e+02
8.307807807807808587e+00 2.269078064514993969e+02
8.319819819819819884e+00 2.269345943184707437e+02
8.331831831831831181e+00 2.269612905925652342e+02
8.343843843843842478e+00 2.269878954074179376e+02
8.355855855855855552e+00 2.270144088961836246e+02
8.367867867867868625e+00 2.270408311915370803e+02
8.379879879879879923e+00 2.270671624256748089e+02
8.391891891891891220e+00 2.270934027303148639e+02
8.403903903903902517e+00 2.271195522366980981e+02
8.415915915915915591e+00 2.271456110755890734e+02
8.427927927927928664e+00 2.271715793772765721e+02
8.439939939939939961e+00 2.271974572715751606e+02
8.451951951951951258e+00 2.272232448878247624e+02
8.463963963963964332e+00 2.272489423548924492e+02
8.475975975975975629e+00 2.272745498011730660e+02
8.487987987987988703e+00 2.273000673545894301e+02
8.500000000000000000e+00 2.273254951425940078e+02
8.512012012012011297e+00 2.273508332921694262e+02
8.524024024024024371e+00 2.273760819298287004e+02
8.536036036036035668e+00 2.274012411816166832e+02
8.548048048048048742e+00 2.274263111731105482e+02
8.560060060060060039e+00 2.274512920294208413e+02
8.572072072072071336e+00 2.274761838751919072e+02
8.584084084084084409e+00 2.275009868346031396e+02
8.596096096096095707e+00 2.275257010313690387e+02
8.608108108108108780e+00 2.275503265887406599e+02
8.620120120120120077e+00 2.275748636295062113e+02
8.632132132132131375e+00 2.275993122759916787e+02
8.644144144144144448e+00 2.276236726500617067e+02
8.656156156156155745e+00 2.276479448731204513e+02
8.668168168168168819e+00 2.276721290661120349e+02
8.680180180180180116e+00 2.276962253495217681e+02
8.692192192192191413e+00 2.277202338433764623e+02
8.704204204204204487e+00 2.277441546672454251e+02
8.716216216216215784e+00 2.277679879402412553e+02
8.728228228228228858e+00 2.277917337810206106e+02
8.740240240240240155e+00 2.278153923077845775e+02
8.752252252252251452e+00 2.278389636382801484e+02
8.764264264264264526e+00 2.278624478898001371e+02
8.776276276276275823e+00 2.278858451791846846e+02
8.788288288288288896e+00 2.279091556228211743e+02
8.800300300300300194e+00 2.279323793366460222e+02
8.812312312312311491e+00 2.279555164361444497e+02
8.824324324324324564e+00 2.279785670363519046e+02
8.836336336336335862e+00 2.280015312518541180e+02
8.848348348348348935e+00 2.280244091967886391e+02
8.860360360360360232e+00 2.280472009848447499e+02
8.872372372372371530e+00 2.280699067292649431e+02
8.884384384384384603e+00 2.280925265428450643e+02
8.896396396396395900e+00 2.281150605379356477e+02
8.908408408408408974e+00 2.281375088264416320e+02
8.920420420420420271e+00 2.281598715198242360e+02
8.932432432432431568e+00 2.281821487291007884e+02
8.944444444444444642e+00 2.282043405648462340e+02
8.956456456456455939e+00 2.282264471371930483e+02
8.968468468468469013e+00 2.282484685558322042e+02
8.980480480480480310e+00 2.282704049300143367e+02
8.992492492492491607e+00 2.282922563685500563e+02
9.004504504504504681e+00 2.283140229798103462e+02
9.016516516516515978e+00 2.283357048717278985e+02
9.028528528528529051e+00 2.283573021517975405e+02
9.040540540540540349e+00 2.283788149270767747e+02
9.052552552552551646e+00 2.284002433041864606e+02
9.064564564564564719e+00 2.284215873893121227e+02
9.076576576576576016e+00 2.284428472882036374e+02
9.088588588588589090e+00 2.284640231061769384e+02
9.100600600600600387e+00 2.284851149481136474e+02
9.112612612612611684e+00 2.285061229184628360e+02
9.124624624624624758e+00 2.285270471212407983e+02
9.136636636636636055e+00 2.285478876600323304e+02
9.148648648648649129e+00 2.285686446379913548e+02
9.160660660660660426e+00 2.285893181578409212e+02
9.172672672672671723e+00 2.286099083218749684e+02
9.184684684684684797e+00 2.286304152319577838e+02
9.196696696696696094e+00 2.286508389895258517e+02
9.208708708708709167e+00 2.286711796955875400e+02
9.220720720720720465e+00 2.286914374507245498e+02
9.232732732732733538e+00 2.287116123550918303e+02
9.244744744744744835e+00 2.287317045084188862e+02
9.256756756756756133e+00 2.287517140100098345e+02
9.268768768768769206e+00 2.287716409587448254e+02
9.280780780780780503e+00 2.287914854530797300e+02
9.292792792792793577e+00 2.288112475910475609e+02
9.304804804804804874e+00 2.288309274702588993e+02
9.316816816816816171e+00 2.288505251879022921e+02
9.328828828828829245e+00 2.288700408407452187e+02
9.340840840840840542e+00 2.288894745251344318e+02
9.352852852852853616e+00 2.289088263369969809e+02
9.364864864864864913e+00 2.289280963718403257e+02
9.376876876876876210e+00 2.289472847247535583e+02
9.388888888888889284e+00 2.289663914904075170e+02
9.400900900900900581e+00 2.289854167630556958e+02
9.412912912912913654e+00 2.290043606365346136e+02
9.424924924924924952e+00 2.290232232042648945e+02
9.436936936936936249e+00 2.290420045592513532e+02
9.448948948948949322e+00 2.290607047940840744e+02
9.460960960960960620e+00 2.290793240009384988e+02
9.472972972972973693e+00 2.290978622715768154e+02
9.484984984984984990e+00 2.291163196973475635e+02
9.496996996996996288e+00 2.291346963691872247e+02
9.509009009009009361e+00 2.291529923776199951e+02
9.521021021021020658e+00 2.291712078127590075e+02
9.533033033033033732e+00 2.291893427643067866e+02
9.545045045045045029e+00 2.292073973215553053e+02
9.557057057057056326e+00 2.292253715733874344e+02
9.569069069069069400e+00 2.292432656082770563e+02
9.581081081081080697e+00 2.292610795142894631e+02
9.593093093093093771e+00 2.292788133790825214e+02
9.605105105105105068e+00 2.292964672899067580e+02
9.617117117117116365e+00 2.293140413336060988e+02
9.629129129129129439e+00 2.293315355966185507e+02
9.641141141141140736e+00 2.293489501649766567e+02
9.653153153153153809e+00 2.293662851243081491e+02
9.665165165165165106e+00 2.293835405598363764e+02
9.677177177177176404e+00 2.294007165563809565e+02
9.689189189189189477e+00 2.294178131983586297e+02
9.701201201201200774e+00 2.294348305697834292e+02
9.713213213213213848e+00 2.294517687542671638e+02
9.725225225225225145e+00 2.294686278350202713e+02
9.737237237237236442e+00 2.294854078948527274e+02
9.749249249249249516e+00 2.295021090161736197e+02
9.761261261261260813e+00 2.295187312809925402e+02
9.773273273273273887e+00 2.295352747709196137e+02
9.785285285285285184e+00 2.295517395671665213e+02
9.797297297297296481e+00 2.295681257505466704e+02
9.809309309309309555e+00 2.295844334014761898e+02
9.821321321321320852e+00 2.296006625999735604e+02
9.833333333333333925e+00 2.296168134256612063e+02
9.845345345345345223e+00 2.296328859577654953e+02
9.857357357357356520e+00 2.296488802751172784e+02
9.869369369369369593e+00 2.296647964561525157e+02
9.881381381381380891e+00 2.296806345789127874e+02
9.893393393393393964e+00 2.296963947210457775e+02
9.905405405405405261e+00 2.297120769598059269e+02
9.917417417417416559e+00 2.297276813720550024e+02
9.929429429429429632e+00 2.297432080342620679e+02
9.941441441441440929e+00 2.297586570225047637e+02
9.953453453453454003e+00 2.297740284124694767e+02
9.965465465465465300e+00 2.297893222794515680e+02
9.977477477477476597e+00 2.298045386983564526e+02
9.989489489489489671e+00 2.298196777436998559e+02
1.000150150150150097e+01 2.298347394896079550e+02
1.001351351351351404e+01 2.298497240098185159e+02
1.002552552552552534e+01 2.298646313776810359e+02
1.003753753753753664e+01 2.298794616661571126e+02
1.004954954954954971e+01 2.298942149478214390e+02
1.006156156156156101e+01 2.299088912948616326e+02
1.007357357357357408e+01 2.299234907790794011e+02
1.008558558558558538e+01 2.299380134718905140e+02
1.009759759759759667e+01 2.299524594443255694e+02
1.010960960960960975e+01 2.299668287670303926e+02
1.012162162162162105e+01 2.299811215102662914e+02
1.013363363363363412e+01 2.299953377439112217e+02
1.014564564564564542e+01 2.300094775374592189e+02
1.015765765765765671e+01 2.300235409600219896e+02
1.016966966966966979e+01 2.300375280803285705e+02
1.018168168168168108e+01 2.300514389667261526e+02
1.019369369369369416e+01 2.300652736871804791e+02
1.020570570570570545e+01 2.300790323092761867e+02
1.021771771771771675e+01 2.300927149002176009e+02
1.022972972972972983e+01 2.301063215268287649e+02
1.024174174174174112e+01 2.301198522555542922e+02
1.025375375375375420e+01 2.301333071524595937e+02
1.026576576576576549e+01 2.301466862832312188e+02
1.027777777777777857e+01 2.301599897131778221e+02
1.028978978978978986e+01 2.301732175072297366e+02
1.030180180180180116e+01 2.301863697299404521e+02
1.031381381381381424e+01 2.301994464454862452e+02
1.032582582582582553e+01 2.302124477176672315e+02
1.033783783783783861e+01 2.302253736099069954e+02
1.034984984984984990e+01 2.302382241852539266e+02
1.036186186186186120e+01 2.302509995063810209e+02
1.037387387387387427e+01 2.302636996355867609e+02
1.038588588588588557e+01 2.302763246347952304e+02
1.039789789789789864e+01 2.302888745655565117e+02
1.040990990990990994e+01 2.303013494890474817e+02
1.042192192192192124e+01 2.303137494660717266e+02
1.043393393393393431e+01 2.303260745570604513e+02
1.044594594594594561e+01 2.303383248220723942e+02
1.045795795795795868e+01 2.303505003207947084e+02
1.046996996996996998e+01 2.303626011125433024e+02
1.048198198198198128e+01 2.303746272562627837e+02
1.049399399399399435e+01 2.303865788105275669e+02
1.050600600600600565e+01 2.303984558335415613e+02
1.051801801801801872e+01 2.304102583831393076e+02
1.053003003003003002e+01 2.304219865167855801e+02
1.054204204204204132e+01 2.304336402915765518e+02
1.055405405405405439e+01 2.304452197642398232e+02
1.056606606606606569e+01 2.304567249911344220e+02
1.057807807807807876e+01 2.304681560282523378e+02
1.059009009009009006e+01 2.304795129312174993e+02
1.060210210210210136e+01 2.304907957552871380e+02
1.061411411411411443e+01 2.305020045553519026e+02
1.062612612612612573e+01 2.305131393859360003e+02
1.063813813813813880e+01 2.305242003011981069e+02
1.065015015015015010e+01 2.305351873549312529e+02
1.066216216216216139e+01 2.305461006005631930e+02
1.067417417417417447e+01 2.305569400911572870e+02
1.068618618618618576e+01 2.305677058794122445e+02
1.069819819819819884e+01 2.305783980176628063e+02
1.071021021021021014e+01 2.305890165578803135e+02
1.072222222222222143e+01 2.305995615516727071e+02
1.073423423423423451e+01 2.306100330502849829e+02
1.074624624624624580e+01 2.306204311045994757e+02
1.075825825825825888e+01 2.306307557651364561e+02
1.077027027027027017e+01 2.306410070820545002e+02
1.078228228228228147e+01 2.306511851051502617e+02
1.079429429429429455e+01 2.306612898838596095e+02
1.080630630630630584e+01 2.306713214672574566e+02
1.081831831831831892e+01 2.306812799040583002e+02
1.083033033033033021e+01 2.306911652426165347e+02
1.084234234234234151e+01 2.307009775309265081e+02
1.085435435435435458e+01 2.307107168166234601e+02
1.086636636636636588e+01 2.307203831469834370e+02
1.087837837837837895e+01 2.307299765689235187e+02
1.089039039039039025e+01 2.307394971290024159e+02
1.090240240240240155e+01 2.307489448734206974e+02
1.091441441441441462e+01 2.307583198480213014e+02
1.092642642642642592e+01 2.307676220982893085e+02
1.093843843843843899e+01 2.307768516693529079e+02
1.095045045045045029e+01 2.307860086059833407e+02
1.096246246246246159e+01 2.307950929525953256e+02
1.097447447447447466e+01 2.308041047532471168e+02
1.098648648648648596e+01 2.308130440516414978e+02
1.099849849849849903e+01 2.308219108911252420e+02
1.101051051051051033e+01 2.308307053146899364e+02
1.102252252252252163e+01 2.308394273649721242e+02
1.103453453453453470e+01 2.308480770842538448e+02
1.104654654654654600e+01 2.308566545144622921e+02
1.105855855855855907e+01 2.308651596971709523e+02
1.107057057057057037e+01 2.308735926735992052e+02
1.108258258258258167e+01 2.308819534846130068e+02
1.109459459459459474e+01 2.308902421707250880e+02
1.110660660660660604e+01 2.308984587720951254e+02
1.111861861861861911e+01 2.309066033285299397e+02
1.113063063063063041e+01 2.309146758794843493e+02
1.114264264264264170e+01 2.309226764640606575e+02
1.115465465465465478e+01 2.309306051210096200e+02
1.116666666666666607e+01 2.309384618887302167e+02
1.117867867867867915e+01 2.309462468052699649e+02
1.119069069069069045e+01 2.309539599083258281e+02
1.120270270270270174e+01 2.309616012352433359e+02
1.121471471471471482e+01 2.309691708230180041e+02
1.122672672672672611e+01 2.309766687082948806e+02
1.123873873873873919e+01 2.309840949273690853e+02
1.125075075075075048e+01 2.309914495161859236e+02
1.126276276276276178e+01 2.309987325103412275e+02
1.127477477477477485e+01 2.310059439450816114e+02
1.128678678678678615e+01 2.310130838553046715e+02
1.129879879879879923e+01 2.310201522755593260e+02
1.131081081081081052e+01 2.310271492400457305e+02
1.132282282282282360e+01 2.310340747826162726e+02
1.133483483483483489e+01 2.310409289367747192e+02
1.134684684684684619e+01 2.310477117356775807e+02
1.135885885885885926e+01 2.310544232121333437e+02
1.137087087087087056e+01 2.310610633986036362e+02
1.138288288288288364e+01 2.310676323272026593e+02
1.139489489489489493e+01 2.310741300296979830e+02
1.140690690690690623e+01 2.310805565375101480e+02
1.141891891891891930e+01 2.310869118817138030e+02
1.143093093093093060e+01 2.310931960930370224e+02
1.144294294294294367e+01 2.310994092018620165e+02
1.145495495495495497e+01 2.311055512382252459e+02
1.146696696696696627e+01 2.311116222318175346e+02
1.147897897897897934e+01 2.311176222119844113e+02
1.149099099099099064e+01 2.311235512077264787e+02
1.150300300300300371e+01 2.311294092476987885e+02
1.151501501501501501e+01 2.311351963602126034e+02
1.152702702702702631e+01 2.311409125732337202e+02
1.153903903903903938e+01 2.311465579143841751e+02
1.155105105105105068e+01 2.311521324109416753e+02
1.156306306306306375e+01 2.311576360898401674e+02
1.157507507507507505e+01 2.311630689776694965e+02
1.158708708708708635e+01 2.311684311006763153e+02
1.159909909909909942e+01 2.311737224847634877e+02
1.161111111111111072e+01 2.311789431554913108e+02
1.162312312312312379e+01 2.311840931380763209e+02
1.163513513513513509e+01 2.311891724573928570e+02
1.164714714714714638e+01 2.311941811379723219e+02
1.165915915915915946e+01 2.311991192040034377e+02
1.167117117117117076e+01 2.312039866793330134e+02
1.168318318318318383e+01 2.312087835874655184e+02
1.169519519519519513e+01 2.312135099515633385e+02
1.170720720720720642e+01 2.312181657944472306e+02
1.171921921921921950e+01 2.312227511385963794e+02
1.173123123123123079e+01 2.312272660061481986e+02
1.174324324324324387e+01 2.312317104188989845e+02
1.175525525525525516e+01 2.312360843983036602e+02
1.176726726726726646e+01 2.312403879654764580e+02
1.177927927927927954e+01 2.312446211411905210e+02
1.179129129129129083e+01 2.312487839458781878e+02
1.180330330330330391e+01 2.312528763996311056e+02
1.181531531531531520e+01 2.312568985222009701e+02
1.182732732732732650e+01 2.312608503329988139e+02
1.183933933933933957e+01 2.312647318510956609e+02
1.185135135135135087e+01 2.312685430952222703e+02
1.186336336336336394e+01 2.312722840837697333e+02
1.187537537537537524e+01 2.312759548347893315e+02
1.188738738738738654e+01 2.312795553659928203e+02
1.189939939939939961e+01 2.312830856947520601e+02
1.191141141141141091e+01 2.312865458381000394e+02
1.192342342342342398e+01 2.312899358127301639e+02
1.193543543543543528e+01 2.312932556349967399e+02
1.194744744744744658e+01 2.312965053209152018e+02
1.195945945945945965e+01 2.312996848861618275e+02
1.197147147147147095e+01 2.313027943460742790e+02
1.198348348348348402e+01 2.313058337156514597e+02
1.199549549549549532e+01 2.313088030095536851e+02
1.200750750750750662e+01 2.313117022421028253e+02
1.201951951951951969e+01 2.313145314272823327e+02
1.203153153153153099e+01 2.313172905787372997e+02
1.204354354354354406e+01 2.313199797097749126e+02
1.205555555555555536e+01 2.313225988333640828e+02
1.206756756756756666e+01 2.313251479621355031e+02
1.207957957957957973e+01 2.313276271083824156e+02
1.209159159159159103e+01 2.313300362840599860e+02
1.210360360360360410e+01 2.313323755007857017e+02
1.211561561561561540e+01 2.313346447698392581e+02
1.212762762762762669e+01 2.313368441021630133e+02
1.213963963963963977e+01 2.313389735083616472e+02
1.215165165165165106e+01 2.313410329987026159e+02
1.216366366366366414e+01 2.313430225831158964e+02
1.217567567567567544e+01 2.313449422711941565e+02
1.218768768768768673e+01 2.313467920721929545e+02
1.219969969969969981e+01 2.313485719950307100e+02
1.221171171171171110e+01 2.313502820482887046e+02
1.222372372372372418e+01 2.313519222402112803e+02
1.223573573573573547e+01 2.313534925787058398e+02
1.224774774774774677e+01 2.313549930713426761e+02
1.225975975975975985e+01 2.313564237253555405e+02
1.227177177177177114e+01 2.313577845476412449e+02
1.228378378378378422e+01 2.313590755447597473e+02
1.229579579579579551e+01 2.313602967229346632e+02
1.230780780780780859e+01 2.313614480880524980e+02
1.231981981981981988e+01 2.313625296456634715e+02
1.233183183183183118e+01 2.313635414009812052e+02
1.234384384384384425e+01 2.313644833588826657e+02
1.235585585585585555e+01 2.313653555239083346e+02
1.236786786786786863e+01 2.313661579002621522e+02
1.237987987987987992e+01 2.313668904918120859e+02
1.239189189189189122e+01 2.313675533020890498e+02
1.240390390390390429e+01 2.313681463342879852e+02
1.241591591591591559e+01 2.313686695912675475e+02
1.242792792792792866e+01 2.313691230755495098e+02
1.243993993993993996e+01 2.313695067893199848e+02
1.245195195195195126e+01 2.313698207344283730e+02
1.246396396396396433e+01 2.313700649123877611e+02
1.247597597597597563e+01 2.313702393243753477e+02
1.248798798798798870e+01 2.313703439712315628e+02
1.250000000000000000e+01 2.313703788534609487e+02
