5.000000000000000000e-01 1.671562772573431630e+02
5.170170170170169666e-01 1.671810533383440429e+02
5.340340340340340441e-01 1.672059139839480508e+02
5.510510510510510107e-01 1.672308599773391506e+02
5.680680680680680883e-01 1.672558921037992263e+02
5.850850850850850549e-01 1.672810111507094177e+02
6.021021021021021324e-01 1.673062179075506322e+02
6.191191191191190990e-01 1.673315131659045676e+02
6.361361361361361766e-01 1.673568977194541105e+02
6.531531531531531432e-01 1.673823723639838761e+02
6.701701701701702207e-01 1.674079378973802932e+02
6.871871871871871873e-01 1.674335951196316046e+02
7.042042042042042649e-01 1.674593448328280374e+02
7.212212212212212314e-01 1.674851878411612915e+02
7.382382382382381980e-01 1.675111249509241418e+02
7.552552552552552756e-01 1.675371569705099546e+02
7.722722722722723532e-01 1.675632847104119207e+02
7.892892892892893197e-01 1.675895089832220606e+02
8.063063063063062863e-01 1.676158306036303713e+02
8.233233233233233639e-01 1.676422503884235198e+02
8.403403403403404415e-01 1.676687691564833642e+02
8.573573573573574080e-01 1.676953877287858745e+02
8.743743743743743746e-01 1.677221069283990857e+02
8.913913913913914522e-01 1.677489275804814213e+02
9.084084084084084187e-01 1.677758505122799875e+02
9.254254254254254963e-01 1.678028765531281010e+02
9.424424424424424629e-01 1.678300065344434415e+02
9.594594594594594295e-01 1.678572412897254083e+02
9.764764764764765070e-01 1.678845816545527612e+02
9.934934934934935846e-01 1.679120284665808356e+02
1.010510510510510551e+00 1.679395825655388990e+02
1.027527527527527518e+00 1.679672447932269392e+02
1.044544544544544706e+00 1.679950159935129079e+02
1.061561561561561451e+00 1.680228970123291390e+02
1.078578578578578639e+00 1.680508886976691088e+02
1.095595595595595606e+00 1.680789918995838832e+02
1.112612612612612573e+00 1.681072074701784516e+02
1.129629629629629761e+00 1.681355362636077757e+02
1.146646646646646728e+00 1.681639791360730385e+02
1.163663663663663694e+00 1.681925369458171531e+02
1.180680680680680883e+00 1.682212105531208408e+02
1.197697697697697627e+00 1.682500008202980268e+02
1.214714714714714816e+00 1.682789086116911790e+02
1.231731731731731783e+00 1.683079347936667602e+02
1.248748748748748749e+00 1.683370802346102835e+02
1.265765765765765938e+00 1.683663458049211101e+02
1.282782782782782904e+00 1.683957323770076187e+02
1.299799799799799871e+00 1.684252408252815201e+02
1.316816816816816837e+00 1.684548720261525432e+02
1.333833833833833804e+00 1.684846268580227502e+02
1.350850850850850993e+00 1.685145062012807671e+02
1.367867867867867959e+00 1.685445109382958435e+02
1.384884884884884926e+00 1.685746419534116569e+02
1.401901901901902114e+00 1.686049001329401165e+02
1.418918918918918859e+00 1.686352863651549399e+02
1.435935935935936048e+00 1.686658015402850879e+02
1.452952952952953014e+00 1.686964465505080000e+02
1.469969969969969981e+00 1.687272222899427447e+02
1.486986986986987169e+00 1.687581296546429144e+02
1.504004004004004136e+00 1.687891695425894341e+02
1.521021021021021102e+00 1.688203428536831154e+02
1.538038038038038069e+00 1.688516504897373522e+02
1.555055055055055258e+00 1.688830933544701622e+02
1.572072072072072224e+00 1.689146723534964565e+02
1.589089089089089191e+00 1.689463883943199960e+02
1.606106106106106157e+00 1.689782423863251779e+02
1.623123123123123124e+00 1.690102352407687931e+02
1.640140140140140312e+00 1.690423678707713293e+02
1.657157157157157279e+00 1.690746411913084160e+02
1.674174174174174246e+00 1.691070561192020136e+02
1.691191191191191212e+00 1.691396135731111769e+02
1.708208208208208401e+00 1.691723144735231870e+02
1.725225225225225367e+00 1.692051597427438594e+02
1.742242242242242334e+00 1.692381503048883928e+02
1.759259259259259300e+00 1.692712870858712506e+02
1.776276276276276489e+00 1.693045710133966963e+02
1.793293293293293456e+00 1.693380030169484485e+02
1.810310310310310422e+00 1.693715840277796474e+02
1.827327327327327389e+00 1.694053149789024815e+02
1.844344344344344577e+00 1.694391968050774722e+02
1.861361361361361544e+00 1.694732304428029011e+02
1.878378378378378510e+00 1.695074168303038675e+02
1.895395395395395477e+00 1.695417569075210906e+02
1.912412412412412444e+00 1.695762516160999098e+02
1.929429429429429632e+00 1.696109018993784900e+02
1.946446446446446599e+00 1.696457087023765666e+02
1.963463463463463565e+00 1.696806729717834230e+02
1.980480480480480532e+00 1.697157956559460104e+02
1.997497497497497720e+00 1.697510777048568116e+02
2.014514514514514687e+00 1.697865200701413926e+02
2.031531531531531876e+00 1.698221237050460388e+02
2.048548548548548620e+00 1.698578895644249940e+02
2.065565565565565809e+00 1.698938186047276133e+02
2.082582582582582553e+00 1.699299117839853182e+02
2.099599599599599742e+00 1.699661700617981523e+02
2.116616616616616930e+00 1.700025943993217368e+02
2.133633633633633675e+00 1.700391857592533995e+02
2.150650650650650864e+00 1.700759451058182492e+02
2.167667667667667608e+00 1.701128734047556748e+02
2.184684684684684797e+00 1.701499716233046797e+02
2.201701701701701985e+00 1.701872407301897852e+02
2.218718718718719174e+00 1.702246816956064208e+02
2.235735735735735918e+00 1.702622954912062880e+02
2.252752752752752663e+00 1.703000830900822109e+02
2.269769769769769852e+00 1.703380454667532433e+02
2.286786786786787040e+00 1.703761835971494065e+02
2.303803803803804229e+00 1.704144984585959719e+02
2.320820820820820973e+00 1.704529910297979427e+02
2.337837837837837718e+00 1.704916622908241948e+02
2.354854854854854906e+00 1.705305132230913046e+02
2.371871871871872095e+00 1.705695448093473772e+02
2.388888888888889284e+00 1.706087580336555902e+02
2.405905905905906028e+00 1.706481538813775956e+02
2.422922922922922773e+00 1.706877333391565514e+02
2.439939939939939961e+00 1.707274973949001833e+02
2.456956956956957150e+00 1.707674470377636169e+02
2.473973973973974338e+00 1.708075832581317570e+02
2.490990990990991083e+00 1.708479070476019217e+02
2.508008008008008272e+00 1.708884193989658229e+02
2.525025025025025016e+00 1.709291213061917176e+02
2.542042042042042205e+00 1.709700137644061044e+02
2.559059059059059393e+00 1.710110977698752492e+02
2.576076076076076138e+00 1.710523743199867965e+02
2.593093093093093326e+00 1.710938444132307836e+02
2.610110110110110515e+00 1.711355090491806550e+02
2.627127127127127260e+00 1.711773692284741344e+02
2.644144144144144448e+00 1.712194259527938698e+02
2.661161161161161193e+00 1.712616802248476517e+02
2.678178178178178381e+00 1.713041330483487172e+02
2.695195195195195570e+00 1.713467854279958260e+02
2.712212212212212314e+00 1.713896383694529106e+02
2.729229229229229503e+00 1.714326928793287550e+02
2.746246246246246248e+00 1.714759499651563317e+02
2.763263263263263436e+00 1.715194106353721111e+02
2.780280280280280625e+00 1.715630758992948870e+02
2.797297297297297369e+00 1.716069467671046311e+02
2.814314314314314558e+00 1.716510242498211767e+02
2.831331331331331747e+00 1.716953093592823336e+02
2.848348348348348491e+00 1.717398031081223451e+02
2.865365365365365680e+00 1.717845065097498036e+02
2.882382382382382424e+00 1.718294205783251130e+02
2.899399399399399613e+00 1.718745463287384894e+02
2.916416416416416801e+00 1.719198847765869971e+02
2.933433433433433546e+00 1.719654369381518109e+02
2.950450450450450735e+00 1.720112038303752229e+02
2.967467467467467479e+00 1.720571864708372232e+02
2.984484484484484668e+00 1.721033858777321370e+02
3.001501501501501856e+00 1.721498030698449213e+02
3.018518518518518601e+00 1.721964390665272902e+02
3.035535535535535789e+00 1.722432948876736987e+02
3.052552552552552978e+00 1.722903715536967582e+02
3.069569569569569722e+00 1.723376700855031629e+02
3.086586586586586911e+00 1.723851915044686223e+02
3.103603603603603656e+00 1.724329368324131053e+02
3.120620620620620844e+00 1.724809070915757729e+02
3.137637637637638033e+00 1.725291033045893982e+02
3.154654654654654777e+00 1.725775264944550997e+02
3.171671671671671966e+00 1.726261776845165059e+02
3.188688688688689155e+00 1.726750578984337494e+02
3.205705705705705899e+00 1.727241681601571770e+02
3.222722722722723088e+00 1.727735094939012868e+02
3.239739739739739832e+00 1.728230829241179265e+02
3.256756756756757021e+00 1.728728894754695773e+02
3.273773773773774209e+00 1.729229301728023813e+02
3.290790790790790954e+00 1.729732060411187149e+02
3.307807807807808143e+00 1.730237181055501310e+02
3.324824824824824887e+00 1.730744673913294776e+02
3.341841841841842076e+00 1.731254549237631295e+02
3.358858858858859264e+00 1.731766817282030217e+02
3.375875875875876009e+00 1.732281488300182843e+02
3.392892892892893197e+00 1.732798572545668208e+02
3.409909909909910386e+00 1.733318080271667441e+02
3.426926926926927131e+00 1.733840021730673300e+02
3.443943943943944319e+00 1.734364407174200835e+02
3.460960960960961064e+00 1.734891246852493225e+02
3.477977977977978252e+00 1.735420551014229034e+02
3.494994994994995441e+00 1.735952329906221507e+02
3.512012012012012185e+00 1.736486593773123275e+02
3.529029029029029374e+00 1.737023352857122234e+02
3.546046046046046119e+00 1.737562617397640281e+02
3.563063063063063307e+00 1.738104397631026643e+02
3.580080080080080496e+00 1.738648703790250636e+02
3.597097097097097240e+00 1.739195546104592722e+02
3.614114114114114429e+00 1.739744934799333578e+02
3.631131131131131617e+00 1.740296880095437757e+02
3.648148148148148362e+00 1.740851392209240771e+02
3.665165165165165551e+00 1.741408481352130764e+02
3.682182182182182295e+00 1.741968157730227347e+02
3.699199199199199484e+00 1.742530431544061003e+02
3.716216216216216672e+00 1.743095312988248793e+02
3.733233233233233417e+00 1.743662812251168361e+02
3.750250250250250605e+00 1.744232939514629948e+02
3.767267267267267350e+00 1.744805704953546410e+02
3.784284284284284539e+00 1.745381118735600978e+02
3.801301301301301727e+00 1.745959191020912726e+02
3.818318318318318472e+00 1.746539931961701484e+02
3.835335335335335660e+00 1.747123351701948479e+02
3.852352352352352849e+00 1.747709460377056416e+02
3.869369369369369593e+00 1.748298268113508129e+02
3.886386386386386782e+00 1.748889785028520123e+02
3.903403403403403527e+00 1.749484021229699522e+02
3.920420420420420715e+00 1.750080986814691641e+02
3.937437437437437904e+00 1.750680691870834664e+02
3.954454454454454648e+00 1.751283146474802663e+02
3.971471471471471837e+00 1.751888360692253173e+02
3.988488488488489025e+00 1.752496344577472200e+02
4.005505505505505326e+00 1.753107108173013842e+02
4.022522522522523403e+00 1.753720661509341312e+02
4.039539539539539703e+00 1.754337014604463718e+02
4.056556556556556892e+00 1.754956177463572828e+02
4.073573573573574080e+00 1.755578160078676717e+02
4.090590590590590381e+00 1.756202972428230282e+02
4.107607607607608458e+00 1.756830624476766900e+02
4.124624624624624758e+00 1.757461126174526100e+02
4.141641641641641947e+00 1.758094487457078969e+02
4.158658658658659135e+00 1.758730718244952129e+02
4.175675675675675436e+00 1.759369828443250583e+02
4.192692692692693512e+00 1.760011827941277147e+02
4.209709709709709813e+00 1.760656726612151033e+02
4.226726726726727001e+00 1.761304534312426426e+02
4.243743743743744190e+00 1.761955260881701690e+02
4.260760760760760490e+00 1.762608916142239366e+02
4.277777777777778567e+00 1.763265509898568268e+02
4.294794794794794868e+00 1.763925051937102069e+02
4.311811811811812056e+00 1.764587552025735704e+02
4.328828828828829245e+00 1.765253019913460832e+02
4.345845845845845545e+00 1.765921465329960540e+02
4.362862862862863622e+00 1.766592897985217689e+02
4.379879879879879923e+00 1.767267327569108488e+02
4.396896896896897111e+00 1.767944763751004302e+02
4.413913913913914300e+00 1.768625216179366078e+02
4.430930930930931488e+00 1.769308694481338762e+02
4.447947947947948677e+00 1.769995208262343169e+02
4.464964964964964977e+00 1.770684767105668129e+02
4.481981981981982166e+00 1.771377380572056097e+02
4.498998998998999355e+00 1.772073058199293314e+02
4.516016016016016543e+00 1.772771809501793143e+02
4.533033033033033732e+00 1.773473643970180831e+02
4.550050050050050032e+00 1.774178571070872863e+02
4.567067067067067221e+00 1.774886600245659452e+02
4.584084084084084409e+00 1.775597740911282756e+02
4.601101101101101598e+00 1.776312002459010273e+02
4.618118118118118787e+00 1.777029394254212775e+02
4.635135135135135087e+00 1.777749925635937416e+02
4.652152152152152276e+00 1.778473605916476856e+02
4.669169169169169464e+00 1.779200444380940667e+02
4.686186186186186653e+00 1.779930450286823600e+02
4.703203203203203842e+00 1.780663632863570740e+02
4.720220220220221030e+00 1.781400001312144070e+02
4.737237237237237331e+00 1.782139564804583358e+02
4.754254254254254519e+00 1.782882332483570167e+02
4.771271271271271708e+00 1.783628313461986181e+02
4.788288288288288896e+00 1.784377516822472103e+02
4.805305305305306085e+00 1.785129951616984556e+02
4.822322322322322385e+00 1.785885626866351004e+02
4.839339339339339574e+00 1.786644551559823526e+02
4.856356356356356763e+00 1.787406734654630895e+02
4.873373373373373951e+00 1.788172185075529228e+02
4.890390390390391140e+00 1.788940911714350648e+02
4.907407407407407440e+00 1.789712923429553086e+02
4.924424424424424629e+00 1.790488229045761841e+02
4.941441441441441818e+00 1.791266837353319090e+02
4.958458458458459006e+00 1.792048757107823462e+02
4.975475475475476195e+00 1.792833997029673867e+02
4.992492492492492495e+00 1.793622565803609064e+02
5.009509509509509684e+00 1.794414472078245240e+02
5.026526526526526872e+00 1.795209724465616432e+02
5.043543543543544061e+00 1.796008331540707275e+02
5.060560560560561250e+00 1.796810301840989723e+02
5.077577577577578438e+00 1.797615643865956088e+02
5.094594594594594739e+00 1.798424366076650642e+02
5.111611611611611927e+00 1.799236476895198962e+02
5.128628628628629116e+00 1.800051984704341237e+02
5.145645645645646304e+00 1.800870897846955359e+02
5.162662662662663493e+00 1.801693224625587106e+02
5.179679679679679793e+00 1.802518973301973517e+02
5.196696696696696982e+00 1.803348152096569947e+02
5.213713713713714171e+00 1.804180769188068041e+02
5.230730730730731359e+00 1.805016832712922508e+02
5.247747747747748548e+00 1.805856350764870513e+02
5.264764764764764848e+00 1.806699331394448222e+02
5.281781781781782037e+00 1.807545782608512184e+02
5.298798798798799226e+00 1.808395712369754733e+02
5.315815815815816414e+00 1.809249128596220828e+02
5.332832832832833603e+00 1.810106039160821183e+02
5.349849849849849903e+00 1.810966451890847964e+02
5.366866866866867092e+00 1.811830374567487070e+02
5.383883883883884280e+00 1.812697814925327577e+02
5.400900900900901469e+00 1.813568780651874874e+02
5.417917917917918658e+00 1.814443279387058396e+02
5.434934934934934958e+00 1.815321318722741069e+02
5.451951951951952147e+00 1.816202906202225051e+02
5.468968968968969335e+00 1.817088049319761183e+02
5.485985985985986524e+00 1.817976755520051881e+02
5.503003003003003712e+00 1.818869032197756042e+02
5.520020020020020901e+00 1.819764886696994495e+02
5.537037037037037202e+00 1.820664326310850072e+02
5.554054054054054390e+00 1.821567358280871929e+02
5.571071071071071579e+00 1.822473989796574756e+02
5.588088088088088767e+00 1.823384227994940545e+02
5.605105105105105956e+00 1.824298079959916095e+02
5.622122122122122256e+00 1.825215552721913355e+02
5.639139139139139445e+00 1.826136653257306932e+02
5.656156156156156634e+00 1.827061388487928468e+02
5.673173173173173822e+00 1.827989765280566417e+02
5.690190190190191011e+00 1.828921790446460705e+02
5.707207207207207311e+00 1.829857470740796543e+02
5.724224224224224500e+00 1.830796812862198522e+02
5.741241241241241688e+00 1.831739823452225266e+02
5.758258258258258877e+00 1.832686509094861833e+02
5.775275275275276066e+00 1.833636876316011524e+02
5.792292292292292366e+00 1.834590931582988276e+02
5.809309309309309555e+00 1.835548681304007346e+02
5.826326326326326743e+00 1.836510131827675991e+02
5.843343343343343932e+00 1.837475289442483302e+02
5.860360360360361121e+00 1.838444160376290029e+02
5.877377377377378309e+00 1.839416750795817279e+02
5.894394394394394610e+00 1.840393066806136062e+02
5.911411411411411798e+00 1.841373114450152855e+02
5.928428428428428987e+00 1.842356899708101707e+02
5.945445445445446175e+00 1.843344428497026684e+02
5.962462462462463364e+00 1.844335706670271975e+02
5.979479479479479664e+00 1.845330740016968605e+02
5.996496496496496853e+00 1.846329534261518575e+02
6.013513513513514042e+00 1.847332095063082420e+02
6.030530530530531230e+00 1.848338428015065347e+02
6.047547547547548419e+00 1.849348538644601092e+02
6.064564564564564719e+00 1.850362432412038061e+02
6.081581581581581908e+00 1.851380114710425460e+02
6.098598598598599096e+00 1.852401590864996024e+02
6.115615615615616285e+00 1.853426866132652435e+02
6.132632632632633474e+00 1.854455945701450332e+02
6.149649649649649774e+00 1.855488834690085298e+02
6.166666666666666963e+00 1.856525538147373595e+02
6.183683683683684151e+00 1.857566061051740292e+02
6.200700700700701340e+00 1.858610408310701132e+02
6.217717717717718529e+00 1.859658584760348674e+02
6.234734734734734829e+00 1.860710595164832739e+02
6.251751751751752018e+00 1.861766444215850242e+02
6.268768768768769206e+00 1.862826136532125645e+02
6.285785785785786395e+00 1.863889676658897088e+02
6.302802802802803583e+00 1.864957069067400823e+02
6.319819819819820772e+00 1.866028318154355361e+02
6.336836836836837072e+00 1.867103428241447034e+02
6.353853853853854261e+00 1.868182403574816703e+02
6.370870870870871450e+00 1.869265248324540778e+02
6.387887887887888638e+00 1.870351966584121612e+02
6.404904904904905827e+00 1.871442562369971085e+02
6.421921921921922127e+00 1.872537039620896167e+02
6.438938938938939316e+00 1.873635402197589030e+02
6.455955955955956505e+00 1.874737653882109498e+02
6.472972972972973693e+00 1.875843798377373446e+02
6.489989989989990882e+00 1.876953839306644056e+02
6.507007007007007182e+00 1.878067780213015396e+02
6.524024024024024371e+00 1.879185624558903953e+02
6.541041041041041559e+00 1.880307375725536474e+02
6.558058058058058748e+00 1.881433037012440366e+02
6.575075075075075937e+00 1.882562611636932957e+02
6.592092092092092237e+00 1.883696102733613031e+02
6.609109109109109426e+00 1.884833513353852368e+02
6.626126126126126614e+00 1.885974846465286987e+02
6.643143143143143803e+00 1.887120104951310395e+02
6.660160160160160991e+00 1.888269291610567961e+02
6.677177177177178180e+00 1.889422409156447884e+02
6.694194194194194480e+00 1.890579460216579548e+02
6.711211211211211669e+00 1.891740447332327619e+02
6.728228228228228858e+00 1.892905372958287842e+02
6.745245245245246046e+00 1.894074239461786533e+02
6.762262262262263235e+00 1.895247049122374676e+02
6.779279279279279535e+00 1.896423804131332247e+02
6.796296296296296724e+00 1.897604506591163727e+02
6.813313313313313913e+00 1.898789158515102145e+02
6.830330330330331101e+00 1.899977761826606582e+02
6.847347347347348290e+00 1.901170318358871896e+02
6.864364364364364590e+00 1.902366829854325658e+02
6.881381381381381779e+00 1.903567297964138163e+02
6.898398398398398967e+00 1.904771724247725047e+02
6.915415415415416156e+00 1.905980110172256730e+02
6.932432432432433345e+00 1.907192457112167290e+02
6.949449449449449645e+00 1.908408766348660492e+02
6.966466466466466834e+00 1.909629039069225200e+02
6.983483483483484022e+00 1.910853276367143962e+02
7.000500500500501211e+00 1.912081479241007571e+02
7.017517517517518399e+00 1.913313648594230472e+02
7.034534534534534700e+00 1.914549785234564467e+02
7.051551551551551889e+00 1.915789889873618677e+02
7.068568568568569077e+00 1.917033963126377216e+02
7.085585585585586266e+00 1.918282005510717738e+02
7.102602602602603454e+00 1.919534017446936787e+02
7.119619619619620643e+00 1.920789999257267766e+02
7.136636636636636943e+00 1.922049951165411130e+02
7.153653653653654132e+00 1.923313873296055760e+02
7.170670670670671321e+00 1.924581765674410576e+02
7.187687687687688509e+00 1.925853628225731313e+02
7.204704704704705698e+00 1.927129460774852419e+02
7.221721721721721998e+00 1.928409263045719513e+02
7.238738738738739187e+00 1.929693034660924980e+02
7.255755755755756375e+00 1.930980775141242702e+02
7.272772772772773564e+00 1.932272483905165359e+02
7.289789789789790753e+00 1.933568160268446547e+02
7.306806806806807053e+00 1.934867803443641776e+02
7.323823823823824242e+00 1.936171412539648031e+02
7.340840840840841430e+00 1.937478986561255851e+02
7.357857857857858619e+00 1.938790524408690601e+02
7.374874874874875808e+00 1.940106024877165112e+02
7.391891891891892108e+00 1.941425486656427779e+02
7.408908908908909297e+00 1.942748908330320035e+02
7.425925925925926485e+00 1.944076288376328421e+02
7.442942942942943674e+00 1.945407625165141496e+02
7.459959959959960862e+00 1.946742916960212995e+02
7.476976976976978051e+00 1.948082161917319013e+02
7.493993993993994351e+00 1.949425358084124298e+02
7.511011011011011540e+00 1.950772503399748246e+02
7.528028028028028729e+00 1.952123595694331470e+02
7.545045045045045917e+00 1.953478632688608627e+02
7.562062062062063106e+00 1.954837611993478959e+02
7.579079079079079406e+00 1.956200531109583096e+02
7.596096096096096595e+00 1.957567387426880714e+02
7.613113113113113783e+00 1.958938178224227897e+02
7.630130130130130972e+00 1.960312900668962754e+02
7.647147147147148161e+00 1.961691551816489039e+02
7.664164164164164461e+00 1.963074128609861475e+02
7.681181181181181650e+00 1.964460627879379615e+02
7.698198198198198838e+00 1.965851046342176858e+02
7.715215215215216027e+00 1.967245380601815725e+02
7.732232232232233216e+00 1.968643627147888253e+02
7.749249249249249516e+00 1.970045782355612687e+02
7.766266266266266705e+00 1.971451842485439840e+02
7.783283283283283893e+00 1.972861803682655193e+02
7.800300300300301082e+00 1.974275661976990364e+02
7.817317317317318270e+00 1.975693413282233166e+02
7.834334334334335459e+00 1.977115053395841642e+02
7.851351351351351759e+00 1.978540577998560366e+02
7.868368368368368948e+00 1.979969982654042440e+02
7.885385385385386137e+00 1.981403262808468071e+02
7.902402402402403325e+00 1.982840413790174523e+02
7.919419419419420514e+00 1.984281430809282938e+02
7.936436436436436814e+00 1.985726308957328854e+02
7.953453453453454003e+00 1.987175043206898977e+02
7.970470470470471192e+00 1.988627628411266812e+02
7.987487487487488380e+00 1.990084059304035122e+02
8.004504504504506457e+00 1.991544330498779800e+02
8.021521521521520981e+00 1.993008436488694599e+02
8.038538538538539058e+00 1.994476371646245241e+02
8.055555555555557135e+00 1.995948130222819827e+02
8.072572572572573435e+00 1.997423706348387498e+02
8.089589589589589735e+00 1.998903094031156229e+02
8.106606606606607812e+00 2.000386287157240588e+02
8.123623623623624113e+00 2.001873279490324080e+02
8.140640640640640413e+00 2.003364064671330027e+02
8.157657657657658490e+00 2.004858636218098695e+02
8.174674674674676567e+00 2.006356987525059310e+02
8.191691691691691091e+00 2.007859111862913721e+02
8.208708708708709167e+00 2.009365002378320355e+02
8.225725725725727244e+00 2.010874652093581005e+02
8.242742742742743545e+00 2.012388053906330185e+02
8.259759759759759845e+00 2.013905200589234425e+02
8.276776776776777922e+00 2.015426084789685319e+02
8.293793793793794222e+00 2.016950699029506211e+02
8.310810810810810523e+00 2.018479035704654052e+02
8.327827827827828600e+00 2.020011087084931205e+02
8.344844844844846676e+00 2.021546845313698952e+02
8.361861861861862977e+00 2.023086302407592427e+02
8.378878878878879277e+00 2.024629450256242933e+02
8.395895895895897354e+00 2.026176280622001684e+02
8.412912912912913654e+00 2.027726785139669516e+02
8.429929929929929955e+00 2.029280955316228301e+02
8.446946946946948032e+00 2.030838782530578612e+02
8.463963963963964332e+00 2.032400258033276828e+02
8.480980980980980632e+00 2.033965372946284447e+02
8.497997997997998709e+00 2.035534118262712013e+02
8.515015015015015010e+00 2.037106484846573551e+02
8.532032032032033086e+00 2.038682463432543557e+02
8.549049049049049387e+00 2.040262044625714850e+02
8.566066066066067464e+00 2.041845218901368355e+02
8.583083083083083764e+00 2.043431976604736633e+02
8.600100100100100065e+00 2.045022307950780203e+02
8.617117117117118141e+00 2.046616203023964715e+02
8.634134134134134442e+00 2.048213651778040969e+02
8.651151151151152519e+00 2.049814644035831748e+02
8.668168168168168819e+00 2.051419169489023204e+02
8.685185185185185119e+00 2.053027217697957951e+02
8.702202202202203196e+00 2.054638778091434119e+02
8.719219219219219497e+00 2.056253839966510384e+02
8.736236236236237573e+00 2.057872392488310140e+02
8.753253253253253874e+00 2.059494424689837899e+02
8.770270270270270174e+00 2.061119925471793977e+02
8.787287287287288251e+00 2.062748883602396006e+02
8.804304304304304551e+00 2.064381287717204145e+02
8.821321321321322628e+00 2.066017126318952535e+02
8.838338338338338929e+00 2.067656387777383884e+02
8.855355355355357005e+00 2.069299060329088320e+02
8.872372372372373306e+00 2.070945132077348774e+02
8.889389389389389606e+00 2.072594590991988923e+02
8.906406406406407683e+00 2.074247424909228528e+02
8.923423423423423984e+00 2.075903621531538477e+02
8.940440440440442060e+00 2.077563168427508060e+02
8.957457457457458361e+00 2.079226053031709682e+02
8.974474474474474661e+00 2.080892262644572099e+02
8.991491491491492738e+00 2.082561784432259913e+02
9.008508508508509038e+00 2.084234605426553344e+02
9.025525525525527115e+00 2.085910712524737960e+02
9.042542542542543416e+00 2.087590092489494396e+02
9.059559559559559716e+00 2.089272731948797741e+02
9.076576576576577793e+00 2.090958617395818635e+02
9.093593593593594093e+00 2.092647735188829472e+02
9.110610610610612170e+00 2.094340071551118569e+02
9.127627627627628470e+00 2.096035612570904902e+02
9.144644644644644771e+00 2.097734344201262786e+02
9.161661661661662848e+00 2.099436252260047979e+02
9.178678678678679148e+00 2.101141322429829472e+02
9.195695695695697225e+00 2.102849540257826675e+02
9.212712712712713525e+00 2.104560891155854563e+02
9.229729729729729826e+00 2.106275360400268539e+02
9.246746746746747903e+00 2.107992933131920950e+02
9.263763763763764203e+00 2.109713594356115038e+02
9.280780780780782280e+00 2.111437328942572265e+02
9.297797797797798580e+00 2.113164121625398479e+02
9.314814814814814881e+00 2.114893957003060336e+02
9.331831831831832957e+00 2.116626819538361985e+02
9.348848848848849258e+00 2.118362693558432852e+02
9.365865865865867335e+00 2.120101563254716268e+02
9.382882882882883635e+00 2.121843412682962366e+02
9.399899899899899935e+00 2.123588225763234334e+02
9.416916916916918012e+00 2.125335986279910969e+02
9.433933933933934313e+00 2.127086677881698904e+02
9.450950950950952389e+00 2.128840284081649372e+02
9.467967967967968690e+00 2.130596788257182652e+02
9.484984984984984990e+00 2.132356173650116204e+02
9.502002002002003067e+00 2.134118423366696504e+02
9.519019019019019368e+00 2.135883520377639684e+02
9.536036036036037444e+00 2.137651447518175019e+02
9.553053053053053745e+00 2.139422187488096654e+02
9.570070070070070045e+00 2.141195722851818743e+02
9.587087087087088122e+00 2.142972036038439398e+02
9.604104104104104422e+00 2.144751109341803783e+02
9.621121121121122499e+00 2.146532924920580001e+02
9.638138138138138800e+00 2.148317464798337255e+02
9.655155155155156876e+00 2.150104710863629691e+02
9.672172172172173177e+00 2.151894644870085642e+02
9.689189189189189477e+00 2.153687248436504547e+02
9.706206206206207554e+00 2.155482503046958129e+02
9.723223223223223854e+00 2.157280390050897267e+02
9.740240240240241931e+00 2.159080890663265677e+02
9.757257257257258232e+00 2.160883985964616443e+02
9.774274274274274532e+00 2.162689656901239061e+02
9.791291291291292609e+00 2.164497884285288762e+02
9.808308308308308909e+00 2.166308648794923499e+02
9.825325325325326986e+00 2.168121930974445206e+02
9.842342342342343287e+00 2.169937711234447022e+02
9.859359359359359587e+00 2.171755969851968473e+02
9.876376376376377664e+00 2.173576686970655771e+02
9.893393393393393964e+00 2.175399842600924103e+02
9.910410410410412041e+00 2.177225416620132989e+02
9.927427427427428341e+00 2.179053388772761366e+02
9.944444444444444642e+00 2.180883738670592891e+02
9.961461461461462719e+00 2.182716445792902675e+02
9.978478478478479019e+00 2.184551489486655385e+02
9.995495495495497096e+00 2.186388848966705041e+02
1.001251251251251340e+01 2.188228503316001650e+02
1.002952952952952970e+01 2.190070431485805216e+02
1.004654654654654777e+01 2.191914612295908853e+02
1.006356356356356407e+01 2.193761024434857063e+02
1.008058058058058215e+01 2.195609646460181636e+02
1.009759759759759845e+01 2.197460456798639541e+02
1.011461461461461475e+01 2.199313433746453939e+02
1.013163163163163283e+01 2.201168555469564865e+02
1.014864864864864913e+01 2.203025800003885593e+02
1.016566566566566721e+01 2.204885145255564964e+02
1.018268268268268351e+01 2.206746569001252567e+02
1.019969969969969981e+01 2.208610048888374706e+02
1.021671671671671788e+01 2.210475562435415497e+02
1.023373373373373418e+01 2.212343087032199662e+02
1.025075075075075226e+01 2.214212599940188113e+02
1.026776776776776856e+01 2.216084078292774677e+02
1.028478478478478486e+01 2.217957499095593050e+02
1.030180180180180294e+01 2.219832839226823751e+02
1.031881881881881924e+01 2.221710075437513865e+02
1.033583583583583732e+01 2.223589184351899632e+02
1.035285285285285362e+01 2.225470142467735002e+02
1.036986986986986992e+01 2.227352926156627007e+02
1.038688688688688799e+01 2.229237511664380804e+02
1.040390390390390429e+01 2.231123875111340453e+02
1.042092092092092237e+01 2.233011992492750721e+02
1.043793793793793867e+01 2.234901839679111220e+02
1.045495495495495675e+01 2.236793392416545601e+02
1.047197197197197305e+01 2.238686626327174167e+02
1.048898898898898935e+01 2.240581516909491597e+02
1.050600600600600742e+01 2.242478039538752910e+02
1.052302302302302373e+01 2.244376169467363411e+02
1.054004004004004180e+01 2.246275881825278304e+02
1.055705705705705810e+01 2.248177151620403151e+02
1.057407407407407440e+01 2.250079953739005418e+02
1.059109109109109248e+01 2.251984262946131707e+02
1.060810810810810878e+01 2.253890053886026976e+02
1.062512512512512686e+01 2.255797301082566548e+02
1.064214214214214316e+01 2.257705978939686418e+02
1.065915915915915946e+01 2.259616061741829185e+02
1.067617617617617753e+01 2.261527523654386584e+02
1.069319319319319384e+01 2.263440338724154515e+02
1.071021021021021191e+01 2.265354480879794608e+02
1.072722722722722821e+01 2.267269923932294944e+02
1.074424424424424451e+01 2.269186641575447823e+02
1.076126126126126259e+01 2.271104607386322982e+02
1.077827827827827889e+01 2.273023794825754749e+02
1.079529529529529697e+01 2.274944177238831742e+02
1.081231231231231327e+01 2.276865727855391413e+02
1.082932932932932957e+01 2.278788419790526802e+02
1.084634634634634764e+01 2.280712226045094724e+02
1.086336336336336394e+01 2.282637119506225929e+02
1.088038038038038202e+01 2.284563072947853470e+02
1.089739739739739832e+01 2.286490059031236797e+02
1.091441441441441462e+01 2.288418050305495228e+02
1.093143143143143270e+01 2.290347019208147401e+02
1.094844844844844900e+01 2.292276938065659238e+02
1.096546546546546708e+01 2.294207779093996464e+02
1.098248248248248338e+01 2.296139514399178267e+02
1.099949949949949968e+01 2.298072115977847716e+02
1.101651651651651775e+01 2.300005555717837069e+02
1.103353353353353405e+01 2.301939805398749286e+02
1.105055055055055213e+01 2.303874836692534984e+02
1.106756756756756843e+01 2.305810621164086456e+02
1.108458458458458473e+01 2.307747130271829690e+02
1.110160160160160281e+01 2.309684335368328618e+02
1.111861861861861911e+01 2.311622207700884246e+02
1.113563563563563719e+01 2.313560718412157655e+02
1.115265265265265349e+01 2.315499838540782775e+02
1.116966966966966979e+01 2.317439539021991948e+02
1.118668668668668786e+01 2.319379790688250580e+02
1.120370370370370416e+01 2.321320564269889530e+02
1.122072072072072224e+01 2.323261830395753407e+02
1.123773773773773854e+01 2.325203559593843181e+02
1.125475475475475662e+01 2.327145722291978132e+02
1.127177177177177292e+01 2.329088288818451247e+02
1.128878878878878922e+01 2.331031229402698557e+02
1.130580580580580730e+01 2.332974514175973866e+02
1.132282282282282360e+01 2.334918113172023197e+02
1.133983983983984167e+01 2.336861996327773454e+02
1.135685685685685797e+01 2.338806133484019938e+02
1.137387387387387427e+01 2.340750494386123535e+02
1.139089089089089235e+01 2.342695048684714436e+02
1.140790790790790865e+01 2.344639765936397851e+02
1.142492492492492673e+01 2.346584615604470798e+02
1.144194194194194303e+01 2.348529567059637486e+02
1.145895895895895933e+01 2.350474589580740030e+02
1.147597597597597741e+01 2.352419652355483208e+02
1.149299299299299371e+01 2.354364724481176552e+02
1.151001001001001178e+01 2.356309774965476436e+02
1.152702702702702808e+01 2.358254772727130728e+02
1.154404404404404438e+01 2.360199686596736228e+02
1.156106106106106246e+01 2.362144485317497811e+02
1.157807807807807876e+01 2.364089137545992401e+02
1.159509509509509684e+01 2.366033611852939771e+02
1.161211211211211314e+01 2.367977876723980444e+02
1.162912912912912944e+01 2.369921900560456436e+02
1.164614614614614752e+01 2.371865651680200244e+02
1.166316316316316382e+01 2.373809098318326107e+02
1.168018018018018189e+01 2.375752208628030644e+02
1.169719719719719819e+01 2.377694950681394346e+02
1.171421421421421449e+01 2.379637292470194438e+02
1.173123123123123257e+01 2.381579201906716037e+02
1.174824824824824887e+01 2.383520646824574101e+02
1.176526526526526695e+01 2.385461594979543634e+02
1.178228228228228325e+01 2.387402014050382206e+02
1.179929929929929955e+01 2.389341871639673798e+02
1.181631631631631763e+01 2.391281135274666383e+02
1.183333333333333393e+01 2.393219772408121173e+02
1.185035035035035200e+01 2.395157750419162141e+02
1.186736736736736830e+01 2.397095036614137769e+02
1.188438438438438460e+01 2.399031598227480515e+02
1.190140140140140268e+01 2.400967402422577095e+02
1.191841841841841898e+01 2.402902416292637611e+02
1.193543543543543706e+01 2.404836606861576911e+02
1.195245245245245336e+01 2.406769941084899074e+02
1.196946946946946966e+01 2.408702385850580470e+02
1.198648648648648773e+01 2.410633907979969308e+02
1.200350350350350404e+01 2.412564474228679785e+02
1.202052052052052211e+01 2.414494051287497598e+02
1.203753753753753841e+01 2.416422605783286315e+02
1.205455455455455649e+01 2.418350104279900847e+02
1.207157157157157279e+01 2.420276513279107178e+02
1.208858858858858909e+01 2.422201799221503791e+02
1.210560560560560717e+01 2.424125928487450494e+02
1.212262262262262347e+01 2.426048867397998947e+02
1.213963963963964154e+01 2.427970582215832280e+02
1.215665665665665784e+01 2.429891039146203582e+02
1.217367367367367414e+01 2.431810204337887455e+02
1.219069069069069222e+01 2.433728043884126748e+02
1.220770770770770852e+01 2.435644523823589509e+02
1.222472472472472660e+01 2.437559610141333053e+02
1.224174174174174290e+01 2.439473268769761773e+02
1.225875875875875920e+01 2.441385465589606554e+02
1.227577577577577728e+01 2.443296166430887695e+02
1.229279279279279358e+01 2.445205337073901433e+02
1.230980980980981165e+01 2.447112943250199066e+02
1.232682682682682795e+01 2.449018950643575465e+02
1.234384384384384425e+01 2.450923324891060417e+02
1.236086086086086233e+01 2.452826031583914812e+02
1.237787787787787863e+01 2.454727036268629092e+02
1.239489489489489671e+01 2.456626304447928533e+02
1.241191191191191301e+01 2.458523801581783061e+02
1.242892892892892931e+01 2.460419493088415095e+02
1.244594594594594739e+01 2.462313344345325561e+02
1.246296296296296369e+01 2.464205320690302017e+02
1.247997997997998176e+01 2.466095387422455758e+02
1.249699699699699806e+01 2.467983509803241873e+02
1.251401401401401436e+01 2.469869653057495782e+02
1.253103103103103244e+01 2.471753782374469495e+02
1.254804804804804874e+01 2.473635862908870138e+02
1.256506506506506682e+01 2.475515859781909001e+02
1.258208208208208312e+01 2.477393738082341770e+02
1.259909909909909942e+01 2.479269462867530081e+02
1.261611611611611750e+01 2.481142999164488003e+02
1.263313313313313380e+01 2.483014311970947006e+02
1.265015015015015187e+01 2.484883366256415513e+02
1.266716716716716817e+01 2.486750126963247283e+02
1.268418418418418447e+01 2.488614559007710056e+02
1.270120120120120255e+01 2.490476627281061326e+02
1.271821821821821885e+01 2.492336296650620397e+02
1.273523523523523693e+01 2.494193531960851828e+02
1.275225225225225323e+01 2.496048298034449715e+02
1.276926926926926953e+01 2.497900559673420844e+02
1.278628628628628761e+01 2.499750281660180065e+02
1.280330330330330391e+01 2.501597428758638557e+02
1.282032032032032198e+01 2.503441965715302331e+02
1.283733733733733828e+01 2.505283857260373566e+02
1.285435435435435636e+01 2.507123068108849679e+02
1.287137137137137266e+01 2.508959562961632059e+02
1.288838838838838896e+01 2.510793306506631382e+02
1.290540540540540704e+01 2.512624263419884869e+02
1.292242242242242334e+01 2.514452398366663886e+02
1.293943943943944141e+01 2.516277676002598866e+02
1.295645645645645772e+01 2.518100060974790324e+02
1.297347347347347402e+01 2.519919517922940599e+02
1.299049049049049209e+01 2.521736011480473678e+02
1.300750750750750839e+01 2.523549506275664669e+02
1.302452452452452647e+01 2.525359966932773830e+02
1.304154154154154277e+01 2.527167358073175762e+02
1.305855855855855907e+01 2.528971644316496565e+02
1.307557557557557715e+01 2.530772790281754112e+02
1.309259259259259345e+01 2.532570760588496341e+02
1.310960960960961152e+01 2.534365519857943809e+02
1.312662662662662783e+01 2.536157032714138495e+02
1.314364364364364413e+01 2.537945263785089764e+02
1.316066066066066220e+01 2.539730177703923459e+02
1.317767767767767850e+01 2.541511739110033545e+02
1.319469469469469658e+01 2.543289912650238875e+02
1.321171171171171288e+01 2.545064662979935690e+02
1.322872872872872918e+01 2.546835954764258929e+02
1.324574574574574726e+01 2.548603752679241836e+02
1.326276276276276356e+01 2.550368021412974997e+02
1.327977977977978163e+01 2.552128725666775324e+02
1.329679679679679793e+01 2.553885830156346515e+02
1.331381381381381424e+01 2.555639299612950310e+02
1.333083083083083231e+01 2.557389098784573491e+02
1.334784784784784861e+01 2.559135192437097430e+02
1.336486486486486669e+01 2.560877545355475604e+02
1.338188188188188299e+01 2.562616122344900305e+02
1.339889889889889929e+01 2.564350888231983845e+02
1.341591591591591737e+01 2.566081807865932092e+02
1.343293293293293367e+01 2.567808846119722830e+02
1.344994994994995174e+01 2.569531967891284694e+02
1.346696696696696804e+01 2.571251138104680649e+02
1.348398398398398434e+01 2.572966321711286355e+02
1.350100100100100242e+01 2.574677483690976487e+02
1.351801801801801872e+01 2.576384589053304808e+02
1.353503503503503680e+01 2.578087602838691055e+02
1.355205205205205310e+01 2.579786490119608970e+02
1.356906906906906940e+01 2.581481216001770918e+02
1.358608608608608748e+01 2.583171745625314770e+02
1.360310310310310378e+01 2.584858044165997626e+02
1.362012012012012185e+01 2.586540076836380422e+02
1.363713713713713815e+01 2.588217808887017100e+02
1.365415415415415623e+01 2.589891205607651727e+02
1.367117117117117253e+01 2.591560232328403117e+02
1.368818818818818883e+01 2.593224854420960241e+02
1.370520520520520691e+01 2.594885037299775377e+02
1.372222222222222321e+01 2.596540746423254404e+02
1.373923923923924129e+01 2.598191947294950523e+02
1.375625625625625759e+01 2.599838605464759667e+02
1.377327327327327389e+01 2.601480686530112507e+02
1.379029029029029196e+01 2.603118156137167034e+02
1.380730730730730826e+01 2.604750979982005674e+02
1.382432432432432634e+01 2.606379123811830141e+02
1.384134134134134264e+01 2.608002553426150598e+02
1.385835835835835894e+01 2.609621234677984489e+02
1.387537537537537702e+01 2.611235133475046268e+02
1.389239239239239332e+01 2.612844215780947934e+02
1.390940940940941140e+01 2.614448447616385351e+02
1.392642642642642770e+01 2.616047795060335375e+02
1.394344344344344400e+01 2.617642224251250127e+02
1.396046046046046207e+01 2.619231701388247302e+02
1.397747747747747837e+01 2.620816192732303307e+02
1.399449449449449645e+01 2.622395664607442995e+02
1.401151151151151275e+01 2.623970083401934517e+02
1.402852852852852905e+01 2.625539415569478479e+02
1.404554554554554713e+01 2.627103627630397114e+02
1.406256256256256343e+01 2.628662686172823442e+02
1.407957957957958151e+01 2.630216557853890436e+02
1.409659659659659781e+01 2.631765209400919048e+02
1.411361361361361411e+01 2.633308607612601691e+02
1.413063063063063218e+01 2.634846719360191400e+02
1.414764764764764848e+01 2.636379511588686455e+02
1.416466466466466656e+01 2.637906951318010442e+02
1.418168168168168286e+01 2.639429005644199151e+02
1.419869869869869916e+01 2.640945641740578367e+02
1.421571571571571724e+01 2.642456826858945078e+02
1.423273273273273354e+01 2.643962528330746409e+02
1.424974974974975162e+01 2.645462713568255140e+02
1.426676676676676792e+01 2.646957350065748642e+02
1.428378378378378422e+01 2.648446405400679851e+02
1.430080080080080229e+01 2.649929847234852787e+02
1.431781781781781859e+01 2.651407643315592395e+02
1.433483483483483667e+01 2.652879761476910971e+02
1.435185185185185297e+01 2.654346169640684252e+02
1.436886886886887105e+01 2.655806835817807041e+02
1.438588588588588735e+01 2.657261728109365322e+02
1.440290290290290365e+01 2.658710814707794725e+02
1.441991991991992172e+01 2.660154063898040704e+02
1.443693693693693803e+01 2.661591444058718707e+02
1.445395395395395610e+01 2.663022923663266965e+02
1.447097097097097240e+01 2.664448471281102684e+02
1.448798798798798870e+01 2.665868055578775966e+02
1.450500500500500678e+01 2.667281645321115775e+02
1.452202202202202308e+01 2.668689209372374762e+02
1.453903903903904116e+01 2.670090716697383186e+02
1.455605605605605746e+01 2.671486136362681236e+02
1.457307307307307376e+01 2.672875437537666130e+02
1.459009009009009183e+01 2.674258589495722163e+02
1.460710710710710813e+01 2.675635561615363827e+02
1.462412412412412621e+01 2.677006323381363018e+02
1.464114114114114251e+01 2.678370844385875671e+02
1.465815815815815881e+01 2.679729094329577492e+02
1.467517517517517689e+01 2.681081043022775248e+02
1.469219219219219319e+01 2.682426660386537378e+02
1.470920920920921127e+01 2.683765916453806994e+02
1.472622622622622757e+01 2.685098781370519418e+02
1.474324324324324387e+01 2.686425225396709493e+02
1.476026026026026194e+01 2.687745218907626850e+02
1.477727727727727824e+01 2.689058732394832987e+02
1.479429429429429632e+01 2.690365736467311990e+02
1.481131131131131262e+01 2.691666201852562494e+02
1.482832832832832892e+01 2.692960099397695330e+02
1.484534534534534700e+01 2.694247400070526055e+02
1.486236236236236330e+01 2.695528074960665208e+02
1.487937937937938138e+01 2.696802095280600042e+02
1.489639639639639768e+01 2.698069432366776255e+02
1.491341341341341398e+01 2.699330057680679147e+02
1.493043043043043205e+01 2.700583942809901146e+02
1.494744744744744835e+01 2.701831059469220691e+02
1.496446446446446643e+01 2.703071379501661795e+02
1.498148148148148273e+01 2.704304874879558156e+02
1.499849849849849903e+01 2.705531517705614988e+02
1.501551551551551711e+01 2.706751280213959490e+02
1.503253253253253341e+01 2.707964134771193585e+02
1.504954954954955149e+01 2.709170053877440978e+02
1.506656656656656779e+01 2.710369010167386250e+02
1.508358358358358409e+01 2.711560976411318507e+02
1.510060060060060216e+01 2.712745925516161378e+02
1.511761761761761846e+01 2.713923830526501888e+02
1.513463463463463654e+01 2.715094664625617042e+02
1.515165165165165284e+01 2.716258401136499288e+02
1.516866866866867092e+01 2.717415013522861500e+02
1.518568568568568722e+01 2.718564475390160169e+02
1.520270270270270352e+01 2.719706760486596977e+02
1.521971971971972160e+01 2.720841842704120381e+02
1.523673673673673790e+01 2.721969696079430605e+02
1.525375375375375597e+01 2.723090294794959618e+02
1.527077077077077227e+01 2.724203613179873855e+02
1.528778778778778857e+01 2.725309625711048511e+02
1.530480480480480665e+01 2.726408307014048660e+02
1.532182182182182295e+01 2.727499631864101843e+02
1.533883883883884103e+01 2.728583575187070664e+02
1.535585585585585733e+01 2.729660112060410029e+02
1.537287287287287363e+01 2.730729217714130073e+02
1.538988988988989171e+01 2.731790867531748290e+02
1.540690690690690801e+01 2.732845037051235408e+02
1.542392392392392608e+01 2.733891701965961829e+02
1.544094094094094238e+01 2.734930838125633272e+02
1.545795795795795868e+01 2.735962421537221303e+02
1.547497497497497676e+01 2.736986428365891015e+02
1.549199199199199306e+01 2.738002834935924739e+02
1.550900900900901114e+01 2.739011617731632668e+02
1.552602602602602744e+01 2.740012753398266909e+02
1.554304304304304374e+01 2.741006218742924148e+02
1.556006006006006182e+01 2.741991990735446052e+02
1.557707707707707812e+01 2.742970046509309441e+02
1.559409409409409619e+01 2.743940363362518156e+02
1.561111111111111249e+01 2.744902918758476744e+02
1.562812812812812879e+01 2.745857690326874376e+02
1.564514514514514687e+01 2.746804655864551705e+02
1.566216216216216317e+01 2.747743793336361477e+02
1.567917917917918125e+01 2.748675080876031416e+02
1.569619619619619755e+01 2.749598496787011754e+02
1.571321321321321385e+01 2.750514019543322775e+02
1.573023023023023192e+01 2.751421627790393813e+02
1.574724724724724823e+01 2.752321300345896589e+02
1.576426426426426630e+01 2.753213016200572838e+02
1.578128128128128260e+01 2.754096754519052865e+02
1.579829829829829890e+01 2.754972494640674086e+02
1.581531531531531698e+01 2.755840216080285927e+02
1.583233233233233328e+01 2.756699898529051325e+02
1.584934934934935136e+01 2.757551521855242527e+02
1.586636636636636766e+01 2.758395066105031219e+02
1.588338338338338396e+01 2.759230511503268417e+02
1.590040040040040203e+01 2.760057838454263788e+02
1.591741741741741833e+01 2.760877027542550195e+02
1.593443443443443641e+01 2.761688059533645401e+02
1.595145145145145271e+01 2.762490915374814904e+02
1.596846846846847079e+01 2.763285576195813746e+02
1.598548548548548709e+01 2.764072023309627184e+02
1.600250250250250161e+01 2.764850238213215903e+02
1.601951951951951969e+01 2.765620202588235088e+02
1.603653653653653777e+01 2.766381898301756337e+02
1.605355355355355584e+01 2.767135307406986726e+02
1.607057057057057392e+01 2.767880412143974809e+02
1.608758758758758844e+01 2.768617194940308082e+02
1.610460460460460652e+01 2.769345638411809887e+02
1.612162162162162105e+01 2.770065725363222100e+02
1.613863863863863912e+01 2.770777438788890663e+02
1.615565565565565720e+01 2.771480761873428378e+02
1.617267267267267528e+01 2.772175677992387364e+02
1.618968968968969335e+01 2.772862170712912757e+02
1.620670670670670788e+01 2.773540223794392432e+02
1.622372372372372595e+01 2.774209821189104446e+02
1.624074074074074048e+01 2.774870947042844591e+02
1.625775775775775855e+01 2.775523585695563042e+02
1.627477477477477663e+01 2.776167721681978833e+02
1.629179179179179471e+01 2.776803339732194900e+02
1.630880880880881278e+01 2.777430424772303468e+02
1.632582582582582731e+01 2.778048961924986315e+02
1.634284284284284183e+01 2.778658936510102535e+02
1.635985985985985991e+01 2.779260334045271748e+02
1.637687687687687799e+01 2.779853140246451630e+02
1.639389389389389606e+01 2.780437341028501805e+02
1.641091091091091414e+01 2.781012922505748293e+02
1.642792792792792866e+01 2.781579870992531482e+02
1.644494494494494674e+01 2.782138173003754105e+02
1.646196196196196126e+01 2.782687815255413852e+02
1.647897897897897934e+01 2.783228784665137709e+02
1.649599599599599742e+01 2.783761068352696384e+02
1.651301301301301550e+01 2.784284653640523857e+02
1.653003003003003002e+01 2.784799528054215898e+02
1.654704704704704810e+01 2.785305679323034838e+02
1.656406406406406617e+01 2.785803095380391596e+02
1.658108108108108425e+01 2.786291764364332266e+02
1.659809809809809877e+01 2.786771674618007637e+02
1.661511511511511685e+01 2.787242814690141586e+02
1.663213213213213493e+01 2.787705173335485824e+02
1.664914914914914945e+01 2.788158739515270099e+02
1.666616616616616753e+01 2.788603502397643297e+02
1.668318318318318561e+01 2.789039451358106589e+02
1.670020020020020013e+01 2.789466575979934078e+02
1.671721721721721821e+01 2.789884866054595705e+02
1.673423423423423628e+01 2.790294311582160844e+02
1.675125125125125436e+01 2.790694902771698480e+02
1.676826826826826888e+01 2.791086630041672834e+02
1.678528528528528696e+01 2.791469484020321943e+02
1.680230230230230504e+01 2.791843455546035102e+02
1.681931931931931956e+01 2.792208535667720071e+02
1.683633633633633764e+01 2.792564715645158913e+02
1.685335335335335571e+01 2.792911986949360426e+02
1.687037037037037024e+01 2.793250341262904612e+02
1.688738738738738832e+01 2.793579770480268962e+02
1.690440440440440639e+01 2.793900266708158142e+02
1.692142142142142447e+01 2.794211822265818910e+02
1.693843843843843899e+01 2.794514429685348205e+02
1.695545545545545707e+01 2.794808081711995555e+02
1.697247247247247515e+01 2.795092771304447297e+02
1.698948948948948967e+01 2.795368491635115333e+02
1.700650650650650775e+01 2.795635236090409990e+02
1.702352352352352582e+01 2.795892998271000351e+02
1.704054054054054035e+01 2.796141771992080294e+02
1.705755755755755843e+01 2.796381551283606086e+02
1.707457457457457650e+01 2.796612330390545367e+02
1.709159159159159458e+01 2.796834103773102242e+02
1.710860860860860910e+01 2.797046866106943526e+02
1.712562562562562718e+01 2.797250612283407918e+02
1.714264264264264526e+01 2.797445337409718604e+02
1.715965965965965978e+01 2.797631036809170837e+02
1.717667667667667786e+01 2.797807706021327476e+02
1.719369369369369593e+01 2.797975340802195205e+02
1.721071071071071401e+01 2.798133937124391650e+02
1.722772772772772854e+01 2.798283491177315909e+02
1.724474474474474661e+01 2.798423999367291799e+02
1.726176176176176469e+01 2.798555458317719058e+02
1.727877877877877921e+01 2.798677864869207497e+02
1.729579579579579729e+01 2.798791216079703190e+02
1.731281281281281537e+01 2.798895509224604439e+02
1.732982982982982989e+01 2.798990741796878865e+02
1.734684684684684797e+01 2.799076911507156638e+02
1.736386386386386604e+01 2.799154016283823694e+02
1.738088088088088412e+01 2.799222054273111553e+02
1.739789789789789864e+01 2.799281023839162117e+02
1.741491491491491672e+01 2.799330923564100431e+02
1.743193193193193480e+01 2.799371752248090388e+02
1.744894894894894932e+01 2.799403508909379070e+02
1.746596596596596740e+01 2.799426192784345631e+02
1.748298298298298548e+01 2.799439803327517211e+02
1.750000000000000000e+01 2.799444340211607596e+02
