5.000000000000000000e-01 1.067515515762599762e+03
5.195195195195194682e-01 1.067562241873134326e+03
5.390390390390390474e-01 1.067608747729524566e+03
5.585585585585585155e-01 1.067655034360062245e+03
5.780780780780780947e-01 1.067701102788327717e+03
5.975975975975975629e-01 1.067746954033211750e+03
6.171171171171171421e-01 1.067792589108935090e+03
6.366366366366366103e-01 1.067838009025069141e+03
6.561561561561561895e-01 1.067883214786557119e+03
6.756756756756756577e-01 1.067928207393734283e+03
6.951951951951952369e-01 1.067972987842346811e+03
7.147147147147147050e-01 1.068017557123574079e+03
7.342342342342342842e-01 1.068061916224047536e+03
7.537537537537537524e-01 1.068106066125871394e+03
7.732732732732732206e-01 1.068150007806641725e+03
7.927927927927927998e-01 1.068193742239466928e+03
8.123123123123123790e-01 1.068237270392988194e+03
8.318318318318318472e-01 1.068280593231397688e+03
8.513513513513513153e-01 1.068323711714459705e+03
8.708708708708708945e-01 1.068366626797529079e+03
8.903903903903904737e-01 1.068409339431572334e+03
9.099099099099099419e-01 1.068451850563183825e+03
9.294294294294294101e-01 1.068494161134608930e+03
9.489489489489489893e-01 1.068536272083761560e+03
9.684684684684684575e-01 1.068578184344242345e+03
9.879879879879880367e-01 1.068619898845359558e+03
1.007507507507507505e+00 1.068661416512146843e+03
1.027027027027027195e+00 1.068702738265383459e+03
1.046546546546546441e+00 1.068743865021611100e+03
1.066066066066066131e+00 1.068784797693154360e+03
1.085585585585585600e+00 1.068825537188139833e+03
1.105105105105105068e+00 1.068866084410513167e+03
1.124624624624624758e+00 1.068906440260057707e+03
1.144144144144144004e+00 1.068946605632415185e+03
1.163663663663663694e+00 1.068986581419101640e+03
1.183183183183183163e+00 1.069026368507526740e+03
1.202702702702702631e+00 1.069065967781011977e+03
1.222222222222222321e+00 1.069105380118809308e+03
1.241741741741741789e+00 1.069144606396118434e+03
1.261261261261261257e+00 1.069183647484105222e+03
1.280780780780780947e+00 1.069222504249920121e+03
1.300300300300300194e+00 1.069261177556714983e+03
1.319819819819819884e+00 1.069299668263661715e+03
1.339339339339339352e+00 1.069337977225970235e+03
1.358858858858858820e+00 1.069376105294905074e+03
1.378378378378378510e+00 1.069414053317803791e+03
1.397897897897897979e+00 1.069451822138094712e+03
1.417417417417417447e+00 1.069489412595313297e+03
1.436936936936936915e+00 1.069526825525120557e+03
1.456456456456456383e+00 1.069564061759319657e+03
1.475975975975976073e+00 1.069601122125874554e+03
1.495495495495495542e+00 1.069638007448924100e+03
1.515015015015015010e+00 1.069674718548802957e+03
1.534534534534534478e+00 1.069711256242055924e+03
1.554054054054054168e+00 1.069747621341455897e+03
1.573573573573573636e+00 1.069783814656020013e+03
1.593093093093093104e+00 1.069819836991028296e+03
1.612612612612612573e+00 1.069855689148037754e+03
1.632132132132132263e+00 1.069891371924901478e+03
1.651651651651651731e+00 1.069926886115782736e+03
1.671171171171171199e+00 1.069962232511174761e+03
1.690690690690690667e+00 1.069997411897913707e+03
1.710210210210210358e+00 1.070032425059197749e+03
1.729729729729729826e+00 1.070067272774602088e+03
1.749249249249249294e+00 1.070101955820095100e+03
1.768768768768768762e+00 1.070136474968055609e+03
1.788288288288288230e+00 1.070170830987287218e+03
1.807807807807807920e+00 1.070205024643036495e+03
1.827327327327327389e+00 1.070239056697007300e+03
1.846846846846846857e+00 1.070272927907377152e+03
1.866366366366366325e+00 1.070306639028813606e+03
1.885885885885886015e+00 1.070340190812489936e+03
1.905405405405405483e+00 1.070373584006099236e+03
1.924924924924924952e+00 1.070406819353872606e+03
1.944444444444444420e+00 1.070439897596592800e+03
1.963963963963964110e+00 1.070472819471611047e+03
1.983483483483483578e+00 1.070505585712861148e+03
2.003003003003002824e+00 1.070538197050876079e+03
2.022522522522522515e+00 1.070570654212802765e+03
2.042042042042042205e+00 1.070602957922417318e+03
2.061561561561561895e+00 1.070635108900140494e+03
2.081081081081081141e+00 1.070667107863052024e+03
2.100600600600600387e+00 1.070698955524907205e+03
2.120120120120120077e+00 1.070730652596150321e+03
2.139639639639639768e+00 1.070762199783929873e+03
2.159159159159159458e+00 1.070793597792114724e+03
2.178678678678678704e+00 1.070824847321307743e+03
2.198198198198197950e+00 1.070855949068860582e+03
2.217717717717717640e+00 1.070886903728888001e+03
2.237237237237237331e+00 1.070917711992284239e+03
2.256756756756757021e+00 1.070948374546735295e+03
2.276276276276276267e+00 1.070978892076735292e+03
2.295795795795795957e+00 1.071009265263599445e+03
2.315315315315315203e+00 1.071039494785479974e+03
2.334834834834834894e+00 1.071069581317378606e+03
2.354354354354354584e+00 1.071099525531162044e+03
2.373873873873873830e+00 1.071129328095576057e+03
2.393393393393393520e+00 1.071158989676259580e+03
2.412912912912912766e+00 1.071188510935758131e+03
2.432432432432432456e+00 1.071217892533538816e+03
2.451951951951952147e+00 1.071247135126002831e+03
2.471471471471471837e+00 1.071276239366501841e+03
2.490990990990991083e+00 1.071305205905348885e+03
2.510510510510510773e+00 1.071334035389834071e+03
2.530030030030030019e+00 1.071362728464237307e+03
2.549549549549549710e+00 1.071391285769842625e+03
2.569069069069068956e+00 1.071419707944951597e+03
2.588588588588588646e+00 1.071447995624896748e+03
2.608108108108108336e+00 1.071476149442054975e+03
2.627627627627627582e+00 1.071504170025860958e+03
2.647147147147147273e+00 1.071532058002820577e+03
2.666666666666666963e+00 1.071559813996524099e+03
2.686186186186186209e+00 1.071587438627659822e+03
2.705705705705705899e+00 1.071614932514027259e+03
2.725225225225225145e+00 1.071642296270549195e+03
2.744744744744744835e+00 1.071669530509285778e+03
2.764264264264264526e+00 1.071696635839447936e+03
2.783783783783783772e+00 1.071723612867408974e+03
2.803303303303303462e+00 1.071750462196719127e+03
2.822822822822822708e+00 1.071777184428115788e+03
2.842342342342342398e+00 1.071803780159539883e+03
2.861861861861862089e+00 1.071830249986145191e+03
2.881381381381381335e+00 1.071856594500314031e+03
2.900900900900901025e+00 1.071882814291666818e+03
2.920420420420420715e+00 1.071908909947077518e+03
2.939939939939939961e+00 1.071934882050684564e+03
2.959459459459459651e+00 1.071960731183902453e+03
2.978978978978978898e+00 1.071986457925437207e+03
2.998498498498498588e+00 1.072012062851295468e+03
3.018018018018018278e+00 1.072037546534798821e+03
3.037537537537537524e+00 1.072062909546594938e+03
3.057057057057057214e+00 1.072088152454670535e+03
3.076576576576576461e+00 1.072113275824362972e+03
3.096096096096096151e+00 1.072138280218372756e+03
3.115615615615615841e+00 1.072163166196775364e+03
3.135135135135135087e+00 1.072187934317033069e+03
3.154654654654654777e+00 1.072212585134006531e+03
3.174174174174174468e+00 1.072237119199968902e+03
3.193693693693693714e+00 1.072261537064614231e+03
3.213213213213213404e+00 1.072285839275070884e+03
3.232732732732732650e+00 1.072310026375914504e+03
3.252252252252252340e+00 1.072334098909177783e+03
3.271771771771772030e+00 1.072358057414362747e+03
3.291291291291291277e+00 1.072381902428452349e+03
3.310810810810810967e+00 1.072405634485922519e+03
3.330330330330330213e+00 1.072429254118752397e+03
3.349849849849849903e+00 1.072452761856436609e+03
3.369369369369369593e+00 1.072476158225997096e+03
3.388888888888888840e+00 1.072499443751993113e+03
3.408408408408408530e+00 1.072522618956533051e+03
3.427927927927928220e+00 1.072545684359286724e+03
3.447447447447447466e+00 1.072568640477494682e+03
3.466966966966967156e+00 1.072591487825980948e+03
3.486486486486486402e+00 1.072614226917163023e+03
3.506006006006006093e+00 1.072636858261063253e+03
3.525525525525525783e+00 1.072659382365319971e+03
3.545045045045045029e+00 1.072681799735198410e+03
3.564564564564564719e+00 1.072704110873600712e+03
3.584084084084084409e+00 1.072726316281079107e+03
3.603603603603603656e+00 1.072748416455842971e+03
3.623123123123123346e+00 1.072770411893772916e+03
3.642642642642642592e+00 1.072792303088430799e+03
3.662162162162162282e+00 1.072814090531068132e+03
3.681681681681681972e+00 1.072835774710639726e+03
3.701201201201201219e+00 1.072857356113812330e+03
3.720720720720720909e+00 1.072878835224975319e+03
3.740240240240240155e+00 1.072900212526252062e+03
3.759759759759759845e+00 1.072921488497509245e+03
3.779279279279279535e+00 1.072942663616368009e+03
3.798798798798798781e+00 1.072963738358214187e+03
3.818318318318318472e+00 1.072984713196207395e+03
3.837837837837838162e+00 1.073005588601293312e+03
3.857357357357357408e+00 1.073026365042211864e+03
3.876876876876877098e+00 1.073047042985509052e+03
3.896396396396396344e+00 1.073067622895546037e+03
3.915915915915916035e+00 1.073088105234508248e+03
3.935435435435435725e+00 1.073108490462418104e+03
3.954954954954954971e+00 1.073128779037142522e+03
3.974474474474474661e+00 1.073148971414404059e+03
3.993993993993993907e+00 1.073169068047790006e+03
4.013513513513514042e+00 1.073189069388762618e+03
4.033033033033033732e+00 1.073208975886669123e+03
4.052552552552552534e+00 1.073228787988751037e+03
4.072072072072072224e+00 1.073248506140153950e+03
4.091591591591591914e+00 1.073268130783937295e+03
4.111111111111110716e+00 1.073287662361084131e+03
4.130630630630630407e+00 1.073307101310510234e+03
4.150150150150150097e+00 1.073326448069073649e+03
4.169669669669669787e+00 1.073345703071584694e+03
4.189189189189189477e+00 1.073364866750815281e+03
4.208708708708709167e+00 1.073383939537507104e+03
4.228228228228228858e+00 1.073402921860383003e+03
4.247747747747747660e+00 1.073421814146154929e+03
4.267267267267267350e+00 1.073440616819533034e+03
4.286786786786787040e+00 1.073459330303236356e+03
4.306306306306305842e+00 1.073477955018000102e+03
4.325825825825825532e+00 1.073496491382586555e+03
4.345345345345345223e+00 1.073514939813792353e+03
4.364864864864864913e+00 1.073533300726459402e+03
4.384384384384384603e+00 1.073551574533482608e+03
4.403903903903904293e+00 1.073569761645819199e+03
4.423423423423423984e+00 1.073587862472498500e+03
4.442942942942943674e+00 1.073605877420628758e+03
4.462462462462462476e+00 1.073623806895408961e+03
4.481981981981982166e+00 1.073641651300134527e+03
4.501501501501501856e+00 1.073659411036207985e+03
4.521021021021021546e+00 1.073677086503148530e+03
4.540540540540540349e+00 1.073694678098597478e+03
4.560060060060060039e+00 1.073712186218330544e+03
4.579579579579579729e+00 1.073729611256264207e+03
4.599099099099099419e+00 1.073746953604464807e+03
4.618618618618619109e+00 1.073764213653158095e+03
4.638138138138137911e+00 1.073781391790735825e+03
4.657657657657657602e+00 1.073798488403765987e+03
4.677177177177177292e+00 1.073815503877000765e+03
4.696696696696696982e+00 1.073832438593383586e+03
4.716216216216216672e+00 1.073849292934060031e+03
4.735735735735735474e+00 1.073866067278383525e+03
4.755255255255255165e+00 1.073882762003925791e+03
4.774774774774774855e+00 1.073899377486483900e+03
4.794294294294294545e+00 1.073915914100087548e+03
4.813813813813814235e+00 1.073932372217009970e+03
4.833333333333333925e+00 1.073948752207774078e+03
4.852852852852852727e+00 1.073965054441160191e+03
4.872372372372372418e+00 1.073981279284216043e+03
4.891891891891892108e+00 1.073997427102262236e+03
4.911411411411411798e+00 1.074013498258903155e+03
4.930930930930931488e+00 1.074029493116031972e+03
4.950450450450450290e+00 1.074045412033841330e+03
4.969969969969969981e+00 1.074061255370828349e+03
4.989489489489489671e+00 1.074077023483805533e+03
5.009009009009009361e+00 1.074092716727906236e+03
5.028528528528529051e+00 1.074108335456593295e+03
5.048048048048047853e+00 1.074123880021666537e+03
5.067567567567567544e+00 1.074139350773270962e+03
5.087087087087087234e+00 1.074154748059904477e+03
5.106606606606606924e+00 1.074170072228424033e+03
5.126126126126126614e+00 1.074185323624055172e+03
5.145645645645645416e+00 1.074200502590398855e+03
5.165165165165165106e+00 1.074215609469438277e+03
5.184684684684684797e+00 1.074230644601548192e+03
5.204204204204204487e+00 1.074245608325499688e+03
5.223723723723724177e+00 1.074260500978469508e+03
5.243243243243242979e+00 1.074275322896048237e+03
5.262762762762762669e+00 1.074290074412245076e+03
5.282282282282282360e+00 1.074304755859496709e+03
5.301801801801802050e+00 1.074319367568675261e+03
5.321321321321321740e+00 1.074333909869094214e+03
5.340840840840841430e+00 1.074348383088515902e+03
5.360360360360360232e+00 1.074362787553159933e+03
5.379879879879879923e+00 1.074377123587708184e+03
5.399399399399399613e+00 1.074391391515313671e+03
5.418918918918919303e+00 1.074405591657607602e+03
5.438438438438438993e+00 1.074419724334705052e+03
5.457957957957957795e+00 1.074433789865213839e+03
5.477477477477477485e+00 1.074447788566239979e+03
5.496996996996997176e+00 1.074461720753395412e+03
5.516516516516516866e+00 1.074475586740804602e+03
5.536036036036036556e+00 1.074489386841112037e+03
5.555555555555555358e+00 1.074503121365488369e+03
5.575075075075075048e+00 1.074516790623638144e+03
5.594594594594594739e+00 1.074530394923805261e+03
5.614114114114114429e+00 1.074543934572780927e+03
5.633633633633634119e+00 1.074557409875910253e+03
5.653153153153152921e+00 1.074570821137098392e+03
5.672672672672672611e+00 1.074584168658817816e+03
5.692192192192192302e+00 1.074597452742115138e+03
5.711711711711711992e+00 1.074610673686616565e+03
5.731231231231231682e+00 1.074623831790535405e+03
5.750750750750751372e+00 1.074636927350679116e+03
5.770270270270270174e+00 1.074649960662454760e+03
5.789789789789789864e+00 1.074662932019876280e+03
5.809309309309309555e+00 1.074675841715570414e+03
5.828828828828829245e+00 1.074688690040783968e+03
5.848348348348348935e+00 1.074701477285389274e+03
5.867867867867867737e+00 1.074714203737890330e+03
5.887387387387387427e+00 1.074726869685430984e+03
5.906906906906907118e+00 1.074739475413799482e+03
5.926426426426426808e+00 1.074752021207435973e+03
5.945945945945946498e+00 1.074764507349437736e+03
5.965465465465465300e+00 1.074776934121565773e+03
5.984984984984984990e+00 1.074789301804251636e+03
6.004504504504504681e+00 1.074801610676602650e+03
6.024024024024024371e+00 1.074813861016408737e+03
6.043543543543544061e+00 1.074826053100148783e+03
6.063063063063062863e+00 1.074838187202995869e+03
6.082582582582582553e+00 1.074850263598823631e+03
6.102102102102102243e+00 1.074862282560212861e+03
6.121621621621621934e+00 1.074874244358456963e+03
6.141141141141141624e+00 1.074886149263568541e+03
6.160660660660660426e+00 1.074897997544284635e+03
6.180180180180180116e+00 1.074909789468072859e+03
6.199699699699699806e+00 1.074921525301137308e+03
6.219219219219219497e+00 1.074933205308424931e+03
6.238738738738739187e+00 1.074944829753631211e+03
6.258258258258258877e+00 1.074956398899205169e+03
6.277777777777777679e+00 1.074967913006356184e+03
6.297297297297297369e+00 1.074979372335059907e+03
6.316816816816817060e+00 1.074990777144061894e+03
6.336336336336336750e+00 1.075002127690886709e+03
6.355855855855856440e+00 1.075013424231840872e+03
6.375375375375375242e+00 1.075024667022019912e+03
6.394894894894894932e+00 1.075035856315313140e+03
6.414414414414414622e+00 1.075046992364410016e+03
6.433933933933934313e+00 1.075058075420805835e+03
6.453453453453454003e+00 1.075069105734805817e+03
6.472972972972972805e+00 1.075080083555533065e+03
6.492492492492492495e+00 1.075091009130932434e+03
6.512012012012012185e+00 1.075101882707774848e+03
6.531531531531531876e+00 1.075112704531666395e+03
6.551051051051051566e+00 1.075123474847050602e+03
6.570570570570570368e+00 1.075134193897214573e+03
6.590090090090090058e+00 1.075144861924295583e+03
6.609609609609609748e+00 1.075155479169284945e+03
6.629129129129129439e+00 1.075166045872034147e+03
6.648648648648649129e+00 1.075176562271259627e+03
6.668168168168168819e+00 1.075187028604548914e+03
6.687687687687687621e+00 1.075197445108365400e+03
6.707207207207207311e+00 1.075207812018053119e+03
6.726726726726727001e+00 1.075218129567842880e+03
6.746246246246246692e+00 1.075228397990856593e+03
6.765765765765766382e+00 1.075238617519113177e+03
6.785285285285285184e+00 1.075248788383533565e+03
6.804804804804804874e+00 1.075258910813945249e+03
6.824324324324324564e+00 1.075268985039087511e+03
6.843843843843844255e+00 1.075279011286618015e+03
6.863363363363363945e+00 1.075288989783114857e+03
6.882882882882882747e+00 1.075298920754084520e+03
6.902402402402402437e+00 1.075308804423965512e+03
6.921921921921922127e+00 1.075318641016134052e+03
6.941441441441441818e+00 1.075328430752907252e+03
6.960960960960961508e+00 1.075338173855550167e+03
6.980480480480480310e+00 1.075347870544279886e+03
7.000000000000000000e+00 1.075357521038269851e+03
7.019519519519519690e+00 1.075367125555656230e+03
7.039039039039039380e+00 1.075376684313541091e+03
7.058558558558559071e+00 1.075386197527997638e+03
7.078078078078077873e+00 1.075395665414076802e+03
7.097597597597597563e+00 1.075405088185808381e+03
7.117117117117117253e+00 1.075414466056210131e+03
7.136636636636636943e+00 1.075423799237288222e+03
7.156156156156156634e+00 1.075433087940046107e+03
7.175675675675676324e+00 1.075442332374485659e+03
7.195195195195195126e+00 1.075451532749614444e+03
7.214714714714714816e+00 1.075460689273447770e+03
7.234234234234234506e+00 1.075469802153016417e+03
7.253753753753754197e+00 1.075478871594368911e+03
7.273273273273273887e+00 1.075487897802576754e+03
7.292792792792792689e+00 1.075496880981739196e+03
7.312312312312312379e+00 1.075505821334987331e+03
7.331831831831832069e+00 1.075514719064489782e+03
7.351351351351351759e+00 1.075523574371455652e+03
7.370870870870871450e+00 1.075532387456139531e+03
7.390390390390390252e+00 1.075541158517846725e+03
7.409909909909909942e+00 1.075549887754936663e+03
7.429429429429429632e+00 1.075558575364828130e+03
7.448948948948949322e+00 1.075567221544002678e+03
7.468468468468469013e+00 1.075575826488009852e+03
7.487987987987987815e+00 1.075584390391471970e+03
7.507507507507507505e+00 1.075592913448086392e+03
7.527027027027027195e+00 1.075601395850633025e+03
7.546546546546546885e+00 1.075609837790974552e+03
7.566066066066066576e+00 1.075618239460064842e+03
7.585585585585586266e+00 1.075626601047950999e+03
7.605105105105105068e+00 1.075634922743776769e+03
7.624624624624624758e+00 1.075643204735789823e+03
7.644144144144144448e+00 1.075651447211341520e+03
7.663663663663664138e+00 1.075659650356896236e+03
7.683183183183183829e+00 1.075667814358031364e+03
7.702702702702702631e+00 1.075675939399443223e+03
7.722222222222222321e+00 1.075684025664951150e+03
7.741741741741742011e+00 1.075692073337500915e+03
7.761261261261261701e+00 1.075700082599169946e+03
7.780780780780781392e+00 1.075708053631169832e+03
7.800300300300300194e+00 1.075715986613852465e+03
7.819819819819819884e+00 1.075723881726711170e+03
7.839339339339339574e+00 1.075731739148388215e+03
7.858858858858859264e+00 1.075739559056675944e+03
7.878378378378378954e+00 1.075747341628521099e+03
7.897897897897897757e+00 1.075755087040030958e+03
7.917417417417417447e+00 1.075762795466474472e+03
7.936936936936937137e+00 1.075770467082288405e+03
7.956456456456456827e+00 1.075778102061079608e+03
7.975975975975976517e+00 1.075785700575629335e+03
7.995495495495495319e+00 1.075793262797898251e+03
8.015015015015015010e+00 1.075800788899028703e+03
8.034534534534534700e+00 1.075808279049349039e+03
8.054054054054054390e+00 1.075815733418377249e+03
8.073573573573574080e+00 1.075823152174826646e+03
8.093093093093093771e+00 1.075830535486606095e+03
8.112612612612611684e+00 1.075837883520826836e+03
8.132132132132131375e+00 1.075845196443804070e+03
8.151651651651651065e+00 1.075852474421063562e+03
8.171171171171170755e+00 1.075859717617341630e+03
8.190690690690690445e+00 1.075866926196591294e+03
8.210210210210210136e+00 1.075874100321985225e+03
8.229729729729729826e+00 1.075881240155920068e+03
8.249249249249249516e+00 1.075888345860018262e+03
8.268768768768769206e+00 1.075895417595133722e+03
8.288288288288288896e+00 1.075902455521354113e+03
8.307807807807808587e+00 1.075909459798006083e+03
8.327327327327328277e+00 1.075916430583656165e+03
8.346846846846847967e+00 1.075923368036116472e+03
8.366366366366367657e+00 1.075930272312446959e+03
8.385885885885887348e+00 1.075937143568960437e+03
8.405405405405405261e+00 1.075943981961224608e+03
8.424924924924924952e+00 1.075950787644065940e+03
8.444444444444444642e+00 1.075957560771573981e+03
8.463963963963964332e+00 1.075964301497103179e+03
8.483483483483484022e+00 1.075971009973277432e+03
8.503003003003003712e+00 1.075977686351994180e+03
8.522522522522523403e+00 1.075984330784425538e+03
8.542042042042043093e+00 1.075990943421024213e+03
8.561561561561561007e+00 1.075997524411525546e+03
8.581081081081080697e+00 1.076004073904950019e+03
8.600600600600600387e+00 1.076010592049609158e+03
8.620120120120120077e+00 1.076017078993106679e+03
8.639639639639639768e+00 1.076023534882341210e+03
8.659159159159159458e+00 1.076029959863512886e+03
8.678678678678679148e+00 1.076036354082122898e+03
8.698198198198198838e+00 1.076042717682979401e+03
8.717717717717718529e+00 1.076049050810199105e+03
8.737237237237238219e+00 1.076055353607211146e+03
8.756756756756757909e+00 1.076061626216760715e+03
8.776276276276275823e+00 1.076067868780911567e+03
8.795795795795795513e+00 1.076074081441048975e+03
8.815315315315315203e+00 1.076080264337884500e+03
8.834834834834834894e+00 1.076086417611457364e+03
8.854354354354354584e+00 1.076092541401137623e+03
8.873873873873874274e+00 1.076098635845630952e+03
8.893393393393393964e+00 1.076104701082980228e+03
8.912912912912913654e+00 1.076110737250568945e+03
8.932432432432433345e+00 1.076116744485125309e+03
8.951951951951953035e+00 1.076122722922722915e+03
8.971471471471470949e+00 1.076128672698787113e+03
8.990990990990990639e+00 1.076134593948094562e+03
9.010510510510510329e+00 1.076140486804779357e+03
9.030030030030030019e+00 1.076146351402333266e+03
9.049549549549549710e+00 1.076152187873611638e+03
9.069069069069069400e+00 1.076157996350833173e+03
9.088588588588589090e+00 1.076163776965586521e+03
9.108108108108108780e+00 1.076169529848828688e+03
9.127627627627628470e+00 1.076175255130892992e+03
9.147147147147148161e+00 1.076180952941487931e+03
9.166666666666667851e+00 1.076186623409702179e+03
9.186186186186185765e+00 1.076192266664007320e+03
9.205705705705705455e+00 1.076197882832259893e+03
9.225225225225225145e+00 1.076203472041705254e+03
9.244744744744744835e+00 1.076209034418978945e+03
9.264264264264264526e+00 1.076214570090112147e+03
9.283783783783784216e+00 1.076220079180531229e+03
9.303303303303303906e+00 1.076225561815063202e+03
9.322822822822823596e+00 1.076231018117937765e+03
9.342342342342343287e+00 1.076236448212788900e+03
9.361861861861862977e+00 1.076241852222658508e+03
9.381381381381380891e+00 1.076247230270001410e+03
9.400900900900900581e+00 1.076252582476683074e+03
9.420420420420420271e+00 1.076257908963987347e+03
9.439939939939939961e+00 1.076263209852615773e+03
9.459459459459459651e+00 1.076268485262692820e+03
9.478978978978979342e+00 1.076273735313766110e+03
9.498498498498499032e+00 1.076278960124810965e+03
9.518018018018018722e+00 1.076284159814232680e+03
9.537537537537538412e+00 1.076289334499868119e+03
9.557057057057058103e+00 1.076294484298990483e+03
9.576576576576576016e+00 1.076299609328309089e+03
9.596096096096095707e+00 1.076304709703975277e+03
9.615615615615615397e+00 1.076309785541581732e+03
9.635135135135135087e+00 1.076314836956167937e+03
9.654654654654654777e+00 1.076319864062219949e+03
9.674174174174174468e+00 1.076324866973676535e+03
9.693693693693694158e+00 1.076329845803927810e+03
9.713213213213213848e+00 1.076334800665820694e+03
9.732732732732733538e+00 1.076339731671660275e+03
9.752252252252253228e+00 1.076344638933212082e+03
9.771771771771772919e+00 1.076349522561705271e+03
9.791291291291290833e+00 1.076354382667835125e+03
9.810810810810810523e+00 1.076359219361764644e+03
9.830330330330330213e+00 1.076364032753127958e+03
9.849849849849849903e+00 1.076368822951032371e+03
9.869369369369369593e+00 1.076373590064061318e+03
9.888888888888889284e+00 1.076378334200275958e+03
9.908408408408408974e+00 1.076383055467217901e+03
9.927927927927928664e+00 1.076387753971911934e+03
9.947447447447448354e+00 1.076392429820868756e+03
9.966966966966968045e+00 1.076397083120085881e+03
9.986486486486485958e+00 1.076401713975052189e+03
1.000600600600600565e+01 1.076406322490748380e+03
1.002552552552552534e+01 1.076410908771649929e+03
1.004504504504504503e+01 1.076415472921729361e+03
1.006456456456456472e+01 1.076420015044460115e+03
1.008408408408408441e+01 1.076424535242816319e+03
1.010360360360360410e+01 1.076429033619277106e+03
1.012312312312312379e+01 1.076433510275827530e+03
1.014264264264264348e+01 1.076437965313961968e+03
1.016216216216216317e+01 1.076442398834685264e+03
1.018168168168168286e+01 1.076446810938516819e+03
1.020120120120120077e+01 1.076451201725490591e+03
1.022072072072072046e+01 1.076455571295158961e+03
1.024024024024024015e+01 1.076459919746594323e+03
1.025975975975975985e+01 1.076464247178391815e+03
1.027927927927927954e+01 1.076468553688670681e+03
1.029879879879879923e+01 1.076472839375077001e+03
1.031831831831831892e+01 1.076477104334785963e+03
1.033783783783783861e+01 1.076481348664504594e+03
1.035735735735735830e+01 1.076485572460471985e+03
1.037687687687687799e+01 1.076489775818464068e+03
1.039639639639639590e+01 1.076493958833792931e+03
1.041591591591591559e+01 1.076498121601312505e+03
1.043543543543543528e+01 1.076502264215416972e+03
1.045495495495495497e+01 1.076506386770045538e+03
1.047447447447447466e+01 1.076510489358683117e+03
1.049399399399399435e+01 1.076514572074363059e+03
1.051351351351351404e+01 1.076518635009669424e+03
1.053303303303303373e+01 1.076522678256738345e+03
1.055255255255255342e+01 1.076526701907260758e+03
1.057207207207207311e+01 1.076530706052483765e+03
1.059159159159159280e+01 1.076534690783214728e+03
1.061111111111111072e+01 1.076538656189818994e+03
1.063063063063063041e+01 1.076542602362227399e+03
1.065015015015015010e+01 1.076546529389933767e+03
1.066966966966966979e+01 1.076550437361999684e+03
1.068918918918918948e+01 1.076554326367055182e+03
1.070870870870870917e+01 1.076558196493300329e+03
1.072822822822822886e+01 1.076562047828510003e+03
1.074774774774774855e+01 1.076565880460032076e+03
1.076726726726726824e+01 1.076569694474791504e+03
1.078678678678678793e+01 1.076573489959292601e+03
1.080630630630630584e+01 1.076577266999618814e+03
1.082582582582582553e+01 1.076581025681438632e+03
1.084534534534534522e+01 1.076584766090002404e+03
1.086486486486486491e+01 1.076588488310148477e+03
1.088438438438438460e+01 1.076592192426303427e+03
1.090390390390390429e+01 1.076595878522483417e+03
1.092342342342342398e+01 1.076599546682297841e+03
1.094294294294294367e+01 1.076603196988948412e+03
1.096246246246246336e+01 1.076606829525234616e+03
1.098198198198198305e+01 1.076610444373552355e+03
1.100150150150150274e+01 1.076614041615897577e+03
1.102102102102102066e+01 1.076617621333868328e+03
1.104054054054054035e+01 1.076621183608664296e+03
1.106006006006006004e+01 1.076624728521092038e+03
1.107957957957957973e+01 1.076628256151564756e+03
1.109909909909909942e+01 1.076631766580103431e+03
1.111861861861861911e+01 1.076635259886340009e+03
1.113813813813813880e+01 1.076638736149519900e+03
1.115765765765765849e+01 1.076642195448500843e+03
1.117717717717717818e+01 1.076645637861758132e+03
1.119669669669669787e+01 1.076649063467383712e+03
1.121621621621621578e+01 1.076652472343089585e+03
1.123573573573573547e+01 1.076655864566208493e+03
1.125525525525525516e+01 1.076659240213696876e+03
1.127477477477477485e+01 1.076662599362134415e+03
1.129429429429429455e+01 1.076665942087728808e+03
1.131381381381381424e+01 1.076669268466315543e+03
1.133333333333333393e+01 1.076672578573358578e+03
1.135285285285285362e+01 1.076675872483955118e+03
1.137237237237237331e+01 1.076679150272835159e+03
1.139189189189189300e+01 1.076682412014363308e+03
1.141141141141141269e+01 1.076685657782540829e+03
1.143093093093093060e+01 1.076688887651006780e+03
1.145045045045045029e+01 1.076692101693041423e+03
1.146996996996996998e+01 1.076695299981565768e+03
1.148948948948948967e+01 1.076698482589143396e+03
1.150900900900900936e+01 1.076701649587984548e+03
1.152852852852852905e+01 1.076704801049944308e+03
1.154804804804804874e+01 1.076707937046526695e+03
1.156756756756756843e+01 1.076711057648885117e+03
1.158708708708708812e+01 1.076714162927824418e+03
1.160660660660660781e+01 1.076717252953802699e+03
1.162612612612612573e+01 1.076720327796932452e+03
1.164564564564564542e+01 1.076723387526981014e+03
1.166516516516516511e+01 1.076726432213375574e+03
1.168468468468468480e+01 1.076729461925201122e+03
1.170420420420420449e+01 1.076732476731203860e+03
1.172372372372372418e+01 1.076735476699792343e+03
1.174324324324324387e+01 1.076738461899038839e+03
1.176276276276276356e+01 1.076741432396681148e+03
1.178228228228228325e+01 1.076744388260124424e+03
1.180180180180180294e+01 1.076747329556441400e+03
1.182132132132132085e+01 1.076750256352375800e+03
1.184084084084084054e+01 1.076753168714342337e+03
1.186036036036036023e+01 1.076756066708428762e+03
1.187987987987987992e+01 1.076758950400397225e+03
1.189939939939939961e+01 1.076761819855686326e+03
1.191891891891891930e+01 1.076764675139411338e+03
1.193843843843843899e+01 1.076767516316367391e+03
1.195795795795795868e+01 1.076770343451029021e+03
1.197747747747747837e+01 1.076773156607553346e+03
1.199699699699699806e+01 1.076775955849780757e+03
1.201651651651651775e+01 1.076778741241236048e+03
1.203603603603603567e+01 1.076781512845129555e+03
1.205555555555555536e+01 1.076784270724361249e+03
1.207507507507507505e+01 1.076787014941517782e+03
1.209459459459459474e+01 1.076789745558877712e+03
1.211411411411411443e+01 1.076792462638411507e+03
1.213363363363363412e+01 1.076795166241781317e+03
1.215315315315315381e+01 1.076797856430345291e+03
1.217267267267267350e+01 1.076800533265157583e+03
1.219219219219219319e+01 1.076803196806969027e+03
1.221171171171171288e+01 1.076805847116229870e+03
1.223123123123123079e+01 1.076808484253090228e+03
1.225075075075075048e+01 1.076811108277401900e+03
1.227027027027027017e+01 1.076813719248718598e+03
1.228978978978978986e+01 1.076816317226299589e+03
1.230930930930930955e+01 1.076818902269108776e+03
1.232882882882882924e+01 1.076821474435816754e+03
1.234834834834834894e+01 1.076824033784803532e+03
1.236786786786786863e+01 1.076826580374157174e+03
1.238738738738738832e+01 1.076829114261677660e+03
1.240690690690690801e+01 1.076831635504876203e+03
1.242642642642642770e+01 1.076834144160977530e+03
1.244594594594594561e+01 1.076836640286922147e+03
1.246546546546546530e+01 1.076839123939365663e+03
1.248498498498498499e+01 1.076841595174680151e+03
1.250450450450450468e+01 1.076844054048958242e+03
1.252402402402402437e+01 1.076846500618010623e+03
1.254354354354354406e+01 1.076848934937369904e+03
1.256306306306306375e+01 1.076851357062291299e+03
1.258258258258258344e+01 1.076853767047752171e+03
1.260210210210210313e+01 1.076856164948456581e+03
1.262162162162162282e+01 1.076858550818833464e+03
1.264114114114114074e+01 1.076860924713039140e+03
1.266066066066066043e+01 1.076863286684959121e+03
1.268018018018018012e+01 1.076865636788207439e+03
1.269969969969969981e+01 1.076867975076130506e+03
1.271921921921921950e+01 1.076870301601805977e+03
1.273873873873873919e+01 1.076872616418044572e+03
1.275825825825825888e+01 1.076874919577392802e+03
1.277777777777777857e+01 1.076877211132131379e+03
1.279729729729729826e+01 1.076879491134279306e+03
1.281681681681681795e+01 1.076881759635592744e+03
1.283633633633633764e+01 1.076884016687567282e+03
1.285585585585585555e+01 1.076886262341439306e+03
1.287537537537537524e+01 1.076888496648186219e+03
1.289489489489489493e+01 1.076890719658528951e+03
1.291441441441441462e+01 1.076892931422931269e+03
1.293393393393393431e+01 1.076895131991602966e+03
1.295345345345345400e+01 1.076897321414499174e+03
1.297297297297297369e+01 1.076899499741323098e+03
1.299249249249249338e+01 1.076901667021525554e+03
1.301201201201201307e+01 1.076903823304307480e+03
1.303153153153153276e+01 1.076905968638619925e+03
1.305105105105105068e+01 1.076908103073165876e+03
1.307057057057057037e+01 1.076910226656401619e+03
1.309009009009009006e+01 1.076912339436536968e+03
1.310960960960960975e+01 1.076914441461536626e+03
1.312912912912912944e+01 1.076916532779122008e+03
1.314864864864864913e+01 1.076918613436770784e+03
1.316816816816816882e+01 1.076920683481719834e+03
1.318768768768768851e+01 1.076922742960964797e+03
1.320720720720720820e+01 1.076924791921261885e+03
1.322672672672672789e+01 1.076926830409128570e+03
1.324624624624624758e+01 1.076928858470845626e+03
1.326576576576576549e+01 1.076930876152455767e+03
1.328528528528528518e+01 1.076932883499768195e+03
1.330480480480480487e+01 1.076934880558356554e+03
1.332432432432432456e+01 1.076936867373561199e+03
1.334384384384384425e+01 1.076938843990491250e+03
1.336336336336336394e+01 1.076940810454022767e+03
1.338288288288288364e+01 1.076942766808802844e+03
1.340240240240240333e+01 1.076944713099248929e+03
1.342192192192192302e+01 1.076946649369550187e+03
1.344144144144144271e+01 1.076948575663669317e+03
1.346096096096096062e+01 1.076950492025340282e+03
1.348048048048048031e+01 1.076952398498074672e+03
1.350000000000000000e+01 1.076954295125158978e+03
1.351951951951951969e+01 1.076956181949655274e+03
1.353903903903903938e+01 1.076958059014403716e+03
1.355855855855855907e+01 1.076959926362023907e+03
1.357807807807807876e+01 1.076961784034914672e+03
1.359759759759759845e+01 1.076963632075254509e+03
1.361711711711711814e+01 1.076965470525004775e+03
1.363663663663663783e+01 1.076967299425908323e+03
1.365615615615615575e+01 1.076969118819492223e+03
1.367567567567567544e+01 1.076970928747066637e+03
1.369519519519519513e+01 1.076972729249727763e+03
1.371471471471471482e+01 1.076974520368359208e+03
1.373423423423423451e+01 1.076976302143629027e+03
1.375375375375375420e+01 1.076978074615995411e+03
1.377327327327327389e+01 1.076979837825704863e+03
1.379279279279279358e+01 1.076981591812793795e+03
1.381231231231231327e+01 1.076983336617089435e+03
1.383183183183183296e+01 1.076985072278210737e+03
1.385135135135135265e+01 1.076986798835568834e+03
1.387087087087087056e+01 1.076988516328368860e+03
1.389039039039039025e+01 1.076990224795610175e+03
1.390990990990990994e+01 1.076991924276087047e+03
1.392942942942942963e+01 1.076993614808390475e+03
1.394894894894894932e+01 1.076995296430907501e+03
1.396846846846846901e+01 1.076996969181824625e+03
1.398798798798798870e+01 1.076998633099125072e+03
1.400750750750750839e+01 1.077000288220592665e+03
1.402702702702702808e+01 1.077001934583812499e+03
1.404654654654654777e+01 1.077003572226169354e+03
1.406606606606606569e+01 1.077005201184851330e+03
1.408558558558558538e+01 1.077006821496848943e+03
1.410510510510510507e+01 1.077008433198956709e+03
1.412462462462462476e+01 1.077010036327773378e+03
1.414414414414414445e+01 1.077011630919703975e+03
1.416366366366366414e+01 1.077013217010959352e+03
1.418318318318318383e+01 1.077014794637557316e+03
1.420270270270270352e+01 1.077016363835324000e+03
1.422222222222222321e+01 1.077017924639894090e+03
1.424174174174174290e+01 1.077019477086711731e+03
1.426126126126126259e+01 1.077021021211031666e+03
1.428078078078078050e+01 1.077022557047919463e+03
1.430030030030030019e+01 1.077024084632253334e+03
1.431981981981981988e+01 1.077025603998723227e+03
1.433933933933933957e+01 1.077027115181833096e+03
1.435885885885885926e+01 1.077028618215901815e+03
1.437837837837837895e+01 1.077030113135062038e+03
1.439789789789789864e+01 1.077031599973263383e+03
1.441741741741741833e+01 1.077033078764271750e+03
1.443693693693693803e+01 1.077034549541670458e+03
1.445645645645645772e+01 1.077036012338860473e+03
1.447597597597597563e+01 1.077037467189062227e+03
1.449549549549549532e+01 1.077038914125315614e+03
1.451501501501501501e+01 1.077040353180481588e+03
1.453453453453453470e+01 1.077041784387241023e+03
1.455405405405405439e+01 1.077043207778097440e+03
1.457357357357357408e+01 1.077044623385377008e+03
1.459309309309309377e+01 1.077046031241228775e+03
1.461261261261261346e+01 1.077047431377626481e+03
1.463213213213213315e+01 1.077048823826368334e+03
1.465165165165165284e+01 1.077050208619078603e+03
1.467117117117117253e+01 1.077051585787206477e+03
1.469069069069069045e+01 1.077052955362029252e+03
1.471021021021021014e+01 1.077054317374652101e+03
1.472972972972972983e+01 1.077055671856007621e+03
1.474924924924924952e+01 1.077057018836857878e+03
1.476876876876876921e+01 1.077058358347795092e+03
1.478828828828828890e+01 1.077059690419241178e+03
1.480780780780780859e+01 1.077061015081450023e+03
1.482732732732732828e+01 1.077062332364506574e+03
1.484684684684684797e+01 1.077063642298329114e+03
1.486636636636636766e+01 1.077064944912668352e+03
1.488588588588588557e+01 1.077066240237109241e+03
1.490540540540540526e+01 1.077067528301071434e+03
1.492492492492492495e+01 1.077068809133809737e+03
1.494444444444444464e+01 1.077070082764414110e+03
1.496396396396396433e+01 1.077071349221812170e+03
1.498348348348348402e+01 1.077072608534767369e+03
1.500300300300300371e+01 1.077073860731883087e+03
1.502252252252252340e+01 1.077075105841598315e+03
1.504204204204204309e+01 1.077076343892193790e+03
1.506156156156156278e+01 1.077077574911788815e+03
1.508108108108108247e+01 1.077078798928342849e+03
1.510060060060060039e+01 1.077080015969657097e+03
1.512012012012012008e+01 1.077081226063374061e+03
1.513963963963963977e+01 1.077082429236978669e+03
1.515915915915915946e+01 1.077083625517798055e+03
1.517867867867867915e+01 1.077084814933004282e+03
1.519819819819819884e+01 1.077085997509612525e+03
1.521771771771771853e+01 1.077087173274482893e+03
1.523723723723723822e+01 1.077088342254321105e+03
1.525675675675675791e+01 1.077089504475678723e+03
1.527627627627627760e+01 1.077090659964953602e+03
1.529579579579579551e+01 1.077091808748391259e+03
1.531531531531531520e+01 1.077092950852084869e+03
1.533483483483483489e+01 1.077094086301975494e+03
1.535435435435435458e+01 1.077095215123853905e+03
1.537387387387387427e+01 1.077096337343359892e+03
1.539339339339339396e+01 1.077097452985983637e+03
1.541291291291291365e+01 1.077098562077065480e+03
1.543243243243243334e+01 1.077099664641797517e+03
1.545195195195195303e+01 1.077100760705223820e+03
1.547147147147147273e+01 1.077101850292240442e+03
1.549099099099099064e+01 1.077102933427596781e+03
1.551051051051051033e+01 1.077104010135895123e+03
1.553003003003003002e+01 1.077105080441592918e+03
1.554954954954954971e+01 1.077106144369001186e+03
1.556906906906906940e+01 1.077107201942286338e+03
1.558858858858858909e+01 1.077108253185471540e+03
1.560810810810810878e+01 1.077109298122434666e+03
1.562762762762762847e+01 1.077110336776911936e+03
1.564714714714714816e+01 1.077111369172495415e+03
1.566666666666666785e+01 1.077112395332636652e+03
1.568618618618618754e+01 1.077113415280644176e+03
1.570570570570570545e+01 1.077114429039686911e+03
1.572522522522522515e+01 1.077115436632791443e+03
1.574474474474474484e+01 1.077116438082846798e+03
1.576426426426426453e+01 1.077117433412599667e+03
1.578378378378378422e+01 1.077118422644659859e+03
1.580330330330330391e+01 1.077119405801498488e+03
1.582282282282282360e+01 1.077120382905447968e+03
1.584234234234234329e+01 1.077121353978703610e+03
1.586186186186186298e+01 1.077122319043324069e+03
1.588138138138138267e+01 1.077123278121231579e+03
1.590090090090090058e+01 1.077124231234211493e+03
1.592042042042042027e+01 1.077125178403915015e+03
1.593993993993993996e+01 1.077126119651858062e+03
1.595945945945945965e+01 1.077127054999421034e+03
1.597897897897897934e+01 1.077127984467851775e+03
1.599849849849849903e+01 1.077128908078264203e+03
1.601801801801801872e+01 1.077129825851638998e+03
1.603753753753753841e+01 1.077130737808823824e+03
1.605705705705705810e+01 1.077131643970535151e+03
1.607657657657657779e+01 1.077132544357357801e+03
1.609609609609609748e+01 1.077133438989744491e+03
1.611561561561561717e+01 1.077134327888019016e+03
1.613513513513513686e+01 1.077135211072372840e+03
1.615465465465465655e+01 1.077136088562869418e+03
1.617417417417417624e+01 1.077136960379441916e+03
1.619369369369369593e+01 1.077137826541895038e+03
1.621321321321321562e+01 1.077138687069904790e+03
1.623273273273273531e+01 1.077139541983020081e+03
1.625225225225225500e+01 1.077140391300661577e+03
1.627177177177177470e+01 1.077141235042122617e+03
1.629129129129129439e+01 1.077142073226569892e+03
1.631081081081081052e+01 1.077142905873045493e+03
1.633033033033033021e+01 1.077143733000464181e+03
1.634984984984984990e+01 1.077144554627614980e+03
1.636936936936936959e+01 1.077145370773163904e+03
1.638888888888888928e+01 1.077146181455650321e+03
1.640840840840840897e+01 1.077146986693491726e+03
1.642792792792792866e+01 1.077147786504979649e+03
1.644744744744744835e+01 1.077148580908284657e+03
1.646696696696696804e+01 1.077149369921452717e+03
1.648648648648648773e+01 1.077150153562408377e+03
1.650600600600600742e+01 1.077150931848953633e+03
1.652552552552552712e+01 1.077151704798769515e+03
1.654504504504504681e+01 1.077152472429415184e+03
1.656456456456456650e+01 1.077153234758329290e+03
1.658408408408408619e+01 1.077153991802830660e+03
1.660360360360360588e+01 1.077154743580116474e+03
1.662312312312312201e+01 1.077155490107266132e+03
1.664264264264264170e+01 1.077156231401239211e+03
1.666216216216216139e+01 1.077156967478875458e+03
1.668168168168168108e+01 1.077157698356897527e+03
1.670120120120120077e+01 1.077158424051908924e+03
1.672072072072072046e+01 1.077159144580396514e+03
1.674024024024024015e+01 1.077159859958728475e+03
1.675975975975975985e+01 1.077160570203157704e+03
1.677927927927927954e+01 1.077161275329818636e+03
1.679879879879879923e+01 1.077161975354730885e+03
1.681831831831831892e+01 1.077162670293797419e+03
1.683783783783783861e+01 1.077163360162806384e+03
1.685735735735735830e+01 1.077164044977429739e+03
1.687687687687687799e+01 1.077164724753225755e+03
1.689639639639639768e+01 1.077165399505637879e+03
1.691591591591591737e+01 1.077166069249994962e+03
1.693543543543543706e+01 1.077166734001512395e+03
1.695495495495495675e+01 1.077167393775293021e+03
1.697447447447447644e+01 1.077168048586325312e+03
1.699399399399399613e+01 1.077168698449485419e+03
1.701351351351351582e+01 1.077169343379537622e+03
1.703303303303303196e+01 1.077169983391134110e+03
1.705255255255255165e+01 1.077170618498814292e+03
1.707207207207207134e+01 1.077171248717007984e+03
1.709159159159159103e+01 1.077171874060031769e+03
1.711111111111111072e+01 1.077172494542093318e+03
1.713063063063063041e+01 1.077173110177289345e+03
1.715015015015015010e+01 1.077173720979605832e+03
1.716966966966966979e+01 1.077174326962920077e+03
1.718918918918918948e+01 1.077174928140999100e+03
1.720870870870870917e+01 1.077175524527500556e+03
1.722822822822822886e+01 1.077176116135974553e+03
1.724774774774774855e+01 1.077176702979861602e+03
1.726726726726726824e+01 1.077177285072493987e+03
1.728678678678678793e+01 1.077177862427096443e+03
1.730630630630630762e+01 1.077178435056785929e+03
1.732582582582582731e+01 1.077179002974572313e+03
1.734534534534534700e+01 1.077179566193357687e+03
1.736486486486486669e+01 1.077180124725938640e+03
1.738438438438438638e+01 1.077180678585004443e+03
1.740390390390390607e+01 1.077181227783138183e+03
1.742342342342342576e+01 1.077181772332817218e+03
1.744294294294294190e+01 1.077182312246413630e+03
1.746246246246246159e+01 1.077182847536193776e+03
1.748198198198198128e+01 1.077183378214318964e+03
1.750150150150150097e+01 1.077183904292846591e+03
1.752102102102102066e+01 1.077184425783728329e+03
1.754054054054054035e+01 1.077184942698812165e+03
1.756006006006006004e+01 1.077185455049842176e+03
1.757957957957957973e+01 1.077185962848459440e+03
1.759909909909909942e+01 1.077186466106200214e+03
1.761861861861861911e+01 1.077186964834498440e+03
1.763813813813813880e+01 1.077187459044685738e+03
1.765765765765765849e+01 1.077187948747989367e+03
1.767717717717717818e+01 1.077188433955535857e+03
1.769669669669669787e+01 1.077188914678349420e+03
1.771621621621621756e+01 1.077189390927351724e+03
1.773573573573573725e+01 1.077189862713362345e+03
1.775525525525525694e+01 1.077190330047100815e+03
1.777477477477477663e+01 1.077190792939185485e+03
1.779429429429429632e+01 1.077191251400132160e+03
1.781381381381381601e+01 1.077191705440357509e+03
1.783333333333333570e+01 1.077192155070177705e+03
1.785285285285285184e+01 1.077192600299807737e+03
1.787237237237237153e+01 1.077193041139363913e+03
1.789189189189189122e+01 1.077193477598861364e+03
1.791141141141141091e+01 1.077193909688217218e+03
1.793093093093093060e+01 1.077194337417247880e+03
1.795045045045045029e+01 1.077194760795672209e+03
1.796996996996996998e+01 1.077195179833108796e+03
1.798948948948948967e+01 1.077195594539078684e+03
1.800900900900900936e+01 1.077196004923003784e+03
1.802852852852852905e+01 1.077196410994208236e+03
1.804804804804804874e+01 1.077196812761918636e+03
1.806756756756756843e+01 1.077197210235262446e+03
1.808708708708708812e+01 1.077197603423271175e+03
1.810660660660660781e+01 1.077197992334877199e+03
1.812612612612612750e+01 1.077198376978917622e+03
1.814564564564564719e+01 1.077198757364131325e+03
1.816516516516516688e+01 1.077199133499161007e+03
1.818468468468468657e+01 1.077199505392552510e+03
1.820420420420420626e+01 1.077199873052755720e+03
1.822372372372372595e+01 1.077200236488123664e+03
1.824324324324324564e+01 1.077200595706913873e+03
1.826276276276276178e+01 1.077200950717288379e+03
1.828228228228228147e+01 1.077201301527312808e+03
1.830180180180180116e+01 1.077201648144957744e+03
1.832132132132132085e+01 1.077201990578099185e+03
1.834084084084084054e+01 1.077202328834516720e+03
1.836036036036036023e+01 1.077202662921895808e+03
1.837987987987987992e+01 1.077202992847827545e+03
1.839939939939939961e+01 1.077203318619807760e+03
1.841891891891891930e+01 1.077203640245239058e+03
1.843843843843843899e+01 1.077203957731427863e+03
1.845795795795795868e+01 1.077204271085588289e+03
1.847747747747747837e+01 1.077204580314839632e+03
1.849699699699699806e+01 1.077204885426208193e+03
1.851651651651651775e+01 1.077205186426626597e+03
1.853603603603603744e+01 1.077205483322933105e+03
1.855555555555555713e+01 1.077205776121874123e+03
1.857507507507507682e+01 1.077206064830101923e+03
1.859459459459459651e+01 1.077206349454176461e+03
1.861411411411411621e+01 1.077206630000564473e+03
1.863363363363363590e+01 1.077206906475639926e+03
1.865315315315315203e+01 1.077207178885685607e+03
1.867267267267267172e+01 1.077207447236889948e+03
1.869219219219219141e+01 1.077207711535350654e+03
1.871171171171171110e+01 1.077207971787072893e+03
1.873123123123123079e+01 1.077208227997969288e+03
1.875075075075075048e+01 1.077208480173861972e+03
1.877027027027027017e+01 1.077208728320479850e+03
1.878978978978978986e+01 1.077208972443462471e+03
1.880930930930930955e+01 1.077209212548354799e+03
1.882882882882882924e+01 1.077209448640613573e+03
1.884834834834834894e+01 1.077209680725602539e+03
1.886786786786786863e+01 1.077209908808594491e+03
1.888738738738738832e+01 1.077210132894772869e+03
1.890690690690690801e+01 1.077210352989228568e+03
1.892642642642642770e+01 1.077210569096962217e+03
1.894594594594594739e+01 1.077210781222884407e+03
1.896546546546546708e+01 1.077210989371814549e+03
1.898498498498498677e+01 1.077211193548482242e+03
1.900450450450450646e+01 1.077211393757526594e+03
1.902402402402402615e+01 1.077211590003496894e+03
1.904354354354354584e+01 1.077211782290851716e+03
1.906306306306306197e+01 1.077211970623960269e+03
1.908258258258258167e+01 1.077212155007101273e+03
1.910210210210210136e+01 1.077212335444464770e+03
1.912162162162162105e+01 1.077212511940150307e+03
1.914114114114114074e+01 1.077212684498168073e+03
1.916066066066066043e+01 1.077212853122438901e+03
1.918018018018018012e+01 1.077213017816794036e+03
1.919969969969969981e+01 1.077213178584975822e+03
1.921921921921921950e+01 1.077213335430636562e+03
1.923873873873873919e+01 1.077213488357340566e+03
1.925825825825825888e+01 1.077213637368562331e+03
1.927777777777777857e+01 1.077213782467687452e+03
1.929729729729729826e+01 1.077213923658013073e+03
1.931681681681681795e+01 1.077214060942747210e+03
1.933633633633633764e+01 1.077214194325008748e+03
1.935585585585585733e+01 1.077214323807829032e+03
1.937537537537537702e+01 1.077214449394149824e+03
1.939489489489489671e+01 1.077214571086824208e+03
1.941441441441441640e+01 1.077214688888617275e+03
1.943393393393393609e+01 1.077214802802206350e+03
1.945345345345345578e+01 1.077214912830178946e+03
1.947297297297297192e+01 1.077215018975035719e+03
1.949249249249249161e+01 1.077215121239187965e+03
1.951201201201201130e+01 1.077215219624959445e+03
1.953153153153153099e+01 1.077215314134585697e+03
1.955105105105105068e+01 1.077215404770214036e+03
1.957057057057057037e+01 1.077215491533903787e+03
1.959009009009009006e+01 1.077215574427626052e+03
1.960960960960960975e+01 1.077215653453265077e+03
1.962912912912912944e+01 1.077215728612616203e+03
1.964864864864864913e+01 1.077215799907386781e+03
1.966816816816816882e+01 1.077215867339196620e+03
1.968768768768768851e+01 1.077215930909578447e+03
1.970720720720720820e+01 1.077215990619976765e+03
1.972672672672672789e+01 1.077216046471747632e+03
1.974624624624624758e+01 1.077216098466160474e+03
1.976576576576576727e+01 1.077216146604396499e+03
1.978528528528528696e+01 1.077216190887549601e+03
1.980480480480480665e+01 1.077216231316626363e+03
1.982432432432432634e+01 1.077216267892544465e+03
1.984384384384384603e+01 1.077216300616135641e+03
1.986336336336336572e+01 1.077216329488143629e+03
1.988288288288288186e+01 1.077216354509223720e+03
1.990240240240240155e+01 1.077216375679945031e+03
1.992192192192192124e+01 1.077216393000788230e+03
1.994144144144144093e+01 1.077216406472147128e+03
1.996096096096096062e+01 1.077216416094327769e+03
1.998048048048048031e+01 1.077216421867548434e+03
2.000000000000000000e+01 1.077216423791940770e+03
