5.000000000000000000e-01 1.873477128385074479e+02
5.120120120120119633e-01 1.874621223118937792e+02
5.240240240240240377e-01 1.875762914478809478e+02
5.360360360360360010e-01 1.876902204834954091e+02
5.480480480480480754e-01 1.878039096570447839e+02
5.600600600600600387e-01 1.879173592081071433e+02
5.720720720720721131e-01 1.880305693775199529e+02
5.840840840840840764e-01 1.881435404073692439e+02
5.960960960960961508e-01 1.882562725409786992e+02
6.081081081081081141e-01 1.883687660228989103e+02
6.201201201201200774e-01 1.884810210988963206e+02
6.321321321321321518e-01 1.885930380159430797e+02
6.441441441441441151e-01 1.887048170222056456e+02
6.561561561561561895e-01 1.888163583670348942e+02
6.681681681681681528e-01 1.889276623009547507e+02
6.801801801801801162e-01 1.890387290756522134e+02
6.921921921921921905e-01 1.891495589439666105e+02
7.042042042042042649e-01 1.892601521598792544e+02
7.162162162162162282e-01 1.893705089785027269e+02
7.282282282282281916e-01 1.894806296560709882e+02
7.402402402402402659e-01 1.895905144499285200e+02
7.522522522522522292e-01 1.897001636185204632e+02
7.642642642642643036e-01 1.898095774213821016e+02
7.762762762762762669e-01 1.899187561191288296e+02
7.882882882882882303e-01 1.900276999734456922e+02
8.003003003003003046e-01 1.901364092470777791e+02
8.123123123123123790e-01 1.902448842038196233e+02
8.243243243243243423e-01 1.903531251085056795e+02
8.363363363363363057e-01 1.904611322269996379e+02
8.483483483483482690e-01 1.905689058261853290e+02
8.603603603603603434e-01 1.906764461739562080e+02
8.723723723723724177e-01 1.907837535392056054e+02
8.843843843843843811e-01 1.908908281918172065e+02
8.963963963963963444e-01 1.909976704026550465e+02
9.084084084084084187e-01 1.911042804435535061e+02
9.204204204204204931e-01 1.912106585873083304e+02
9.324324324324324564e-01 1.913168051076664540e+02
9.444444444444444198e-01 1.914227202793163940e+02
9.564564564564563831e-01 1.915284043778790704e+02
9.684684684684684575e-01 1.916338576798978295e+02
9.804804804804805318e-01 1.917390804628292358e+02
9.924924924924924952e-01 1.918440730050338061e+02
1.004504504504504458e+00 1.919488355857662611e+02
1.016516516516516422e+00 1.920533684851664589e+02
1.028528528528528607e+00 1.921576719842497596e+02
1.040540540540540571e+00 1.922617463648981868e+02
1.052552552552552534e+00 1.923655919098511617e+02
1.064564564564564719e+00 1.924692089026957547e+02
1.076576576576576461e+00 1.925725976278583573e+02
1.088588588588588646e+00 1.926757583705951618e+02
1.100600600600600609e+00 1.927786914169829515e+02
1.112612612612612573e+00 1.928813970539105753e+02
1.124624624624624758e+00 1.929838755690695962e+02
1.136636636636636499e+00 1.930861272509456796e+02
1.148648648648648685e+00 1.931881523888091294e+02
1.160660660660660648e+00 1.932899512727068441e+02
1.172672672672672611e+00 1.933915241934530229e+02
1.184684684684684797e+00 1.934928714426205545e+02
1.196696696696696538e+00 1.935939933125321488e+02
1.208708708708708723e+00 1.936948900962517541e+02
1.220720720720720687e+00 1.937955620875762008e+02
1.232732732732732650e+00 1.938960095810261919e+02
1.244744744744744835e+00 1.939962328718380320e+02
1.256756756756756799e+00 1.940962322559548170e+02
1.268768768768768762e+00 1.941960080300184188e+02
1.280780780780780725e+00 1.942955604913607033e+02
1.292792792792792689e+00 1.943948899379953446e+02
1.304804804804804874e+00 1.944939966686092134e+02
1.316816816816816837e+00 1.945928809825545329e+02
1.328828828828828801e+00 1.946915431798398970e+02
1.340840840840840986e+00 1.947899835611230230e+02
1.352852852852852727e+00 1.948882024277017138e+02
1.364864864864864913e+00 1.949862000815060412e+02
1.376876876876876876e+00 1.950839768250904740e+02
1.388888888888888840e+00 1.951815329616254076e+02
1.400900900900901025e+00 1.952788687948892346e+02
1.412912912912912766e+00 1.953759846292606994e+02
1.424924924924924952e+00 1.954728807697106276e+02
1.436936936936936915e+00 1.955695575217939961e+02
1.448948948948948878e+00 1.956660151916423445e+02
1.460960960960961064e+00 1.957622540859557319e+02
1.472972972972972805e+00 1.958582745119950630e+02
1.484984984984984990e+00 1.959540767775742722e+02
1.496996996996996954e+00 1.960496611910526212e+02
1.509009009009008917e+00 1.961450280613271957e+02
1.521021021021021102e+00 1.962401776978248904e+02
1.533033033033033066e+00 1.963351104104954459e+02
1.545045045045045029e+00 1.964298265098032061e+02
1.557057057057056992e+00 1.965243263067203827e+02
1.569069069069068956e+00 1.966186101127185850e+02
1.581081081081081141e+00 1.967126782397623970e+02
1.593093093093093104e+00 1.968065310003013053e+02
1.605105105105105068e+00 1.969001687072628215e+02
1.617117117117117031e+00 1.969935916740447226e+02
1.629129129129129216e+00 1.970868002145080311e+02
1.641141141141141180e+00 1.971797946429697106e+02
1.653153153153153143e+00 1.972725752741957308e+02
1.665165165165165106e+00 1.973651424233932516e+02
1.677177177177177070e+00 1.974574964062043705e+02
1.689189189189189255e+00 1.975496375386979935e+02
1.701201201201201219e+00 1.976415661373639523e+02
1.713213213213213182e+00 1.977332825191051029e+02
1.725225225225225145e+00 1.978247870012306180e+02
1.737237237237237331e+00 1.979160799014493648e+02
1.749249249249249294e+00 1.980071615378624017e+02
1.761261261261261257e+00 1.980980322289566118e+02
1.773273273273273221e+00 1.981886922935977964e+02
1.785285285285285184e+00 1.982791420510234843e+02
1.797297297297297369e+00 1.983693818208369919e+02
1.809309309309309333e+00 1.984594119229998057e+02
1.821321321321321296e+00 1.985492326778253869e+02
1.833333333333333259e+00 1.986388444059726055e+02
1.845345345345345223e+00 1.987282474284388911e+02
1.857357357357357408e+00 1.988174420665538378e+02
1.869369369369369371e+00 1.989064286419723828e+02
1.881381381381381335e+00 1.989952074766688099e+02
1.893393393393393298e+00 1.990837788929298142e+02
1.905405405405405483e+00 1.991721432133484200e+02
1.917417417417417447e+00 1.992603007608171595e+02
1.929429429429429410e+00 1.993482518585223602e+02
1.941441441441441373e+00 1.994359968299371531e+02
1.953453453453453337e+00 1.995235359988157029e+02
1.965465465465465522e+00 1.996108696891866714e+02
1.977477477477477485e+00 1.996979982253472770e+02
1.989489489489489449e+00 1.997849219318567009e+02
2.001501501501501412e+00 1.998716411335300904e+02
2.013513513513513598e+00 1.999581561554330449e+02
2.025525525525525339e+00 2.000444673228745103e+02
2.037537537537537524e+00 2.001305749614017770e+02
2.049549549549549710e+00 2.002164793967934315e+02
2.061561561561561451e+00 2.003021809550543253e+02
2.073573573573573636e+00 2.003876799624091802e+02
2.085585585585585378e+00 2.004729767452966769e+02
2.097597597597597563e+00 2.005580716303638269e+02
2.109609609609609748e+00 2.006429649444596635e+02
2.121621621621621934e+00 2.007276570146302959e+02
2.133633633633633675e+00 2.008121481681121168e+02
2.145645645645645416e+00 2.008964387323268284e+02
2.157657657657657602e+00 2.009805290348755307e+02
2.169669669669669787e+00 2.010644194035328667e+02
2.181681681681681972e+00 2.011481101662415938e+02
2.193693693693693714e+00 2.012316016511069847e+02
2.205705705705705455e+00 2.013148941863913421e+02
2.217717717717717640e+00 2.013979881005082007e+02
2.229729729729729826e+00 2.014808837220168130e+02
2.241741741741742011e+00 2.015635813796172329e+02
2.253753753753753752e+00 2.016460814021441763e+02
2.265765765765765494e+00 2.017283841185621327e+02
2.277777777777777679e+00 2.018104898579598512e+02
2.289789789789789864e+00 2.018923989495447131e+02
2.301801801801802050e+00 2.019741117226379288e+02
2.313813813813813791e+00 2.020556285066689099e+02
2.325825825825825532e+00 2.021369496311702392e+02
2.337837837837837718e+00 2.022180754257722981e+02
2.349849849849849903e+00 2.022990062201980095e+02
2.361861861861862089e+00 2.023797423442581760e+02
2.373873873873873830e+00 2.024602841278458527e+02
2.385885885885885571e+00 2.025406319009314302e+02
2.397897897897897757e+00 2.026207859935575755e+02
2.409909909909909942e+00 2.027007467358344854e+02
2.421921921921922127e+00 2.027805144579344017e+02
2.433933933933933869e+00 2.028600894900870628e+02
2.445945945945945610e+00 2.029394721625745319e+02
2.457957957957957795e+00 2.030186628057265636e+02
2.469969969969969981e+00 2.030976617499154599e+02
2.481981981981982166e+00 2.031764693255512384e+02
2.493993993993993907e+00 2.032550858630772268e+02
2.506006006006006093e+00 2.033335116929648052e+02
2.518018018018017834e+00 2.034117471457090005e+02
2.530030030030030019e+00 2.034897925518235411e+02
2.542042042042042205e+00 2.035676482418362809e+02
2.554054054054053946e+00 2.036453145462846237e+02
2.566066066066066131e+00 2.037227917957108332e+02
2.578078078078077873e+00 2.038000803206572016e+02
2.590090090090090058e+00 2.038771804516620421e+02
2.602102102102102243e+00 2.039540925192545444e+02
2.614114114114113985e+00 2.040308168539506823e+02
2.626126126126126170e+00 2.041073537862486376e+02
2.638138138138137911e+00 2.041837036466242239e+02
2.650150150150150097e+00 2.042598667655265672e+02
2.662162162162162282e+00 2.043358434733736715e+02
2.674174174174174023e+00 2.044116341005482695e+02
2.686186186186186209e+00 2.044872389773932468e+02
2.698198198198198394e+00 2.045626584342072078e+02
2.710210210210210136e+00 2.046378928012406959e+02
2.722222222222222321e+00 2.047129424086914184e+02
2.734234234234234062e+00 2.047878075867003531e+02
2.746246246246246248e+00 2.048624886653476267e+02
2.758258258258258433e+00 2.049369859746477687e+02
2.770270270270270174e+00 2.050112998445463290e+02
2.782282282282282360e+00 2.050854306049154161e+02
2.794294294294294101e+00 2.051593785855494332e+02
2.806306306306306286e+00 2.052331441161615544e+02
2.818318318318318472e+00 2.053067275263789213e+02
2.830330330330330213e+00 2.053801291457394029e+02
2.842342342342342398e+00 2.054533493036873040e+02
2.854354354354354140e+00 2.055263883295693859e+02
2.866366366366366325e+00 2.055992465526308877e+02
2.878378378378378510e+00 2.056719243020118029e+02
2.890390390390390252e+00 2.057444219067430708e+02
2.902402402402402437e+00 2.058167396957423705e+02
2.914414414414414178e+00 2.058888779978107380e+02
2.926426426426426364e+00 2.059608371416285308e+02
2.938438438438438549e+00 2.060326174557518186e+02
2.950450450450450290e+00 2.061042192686083467e+02
2.962462462462462476e+00 2.061756429084943250e+02
2.974474474474474661e+00 2.062468887035702778e+02
2.986486486486486402e+00 2.063179569818577193e+02
2.998498498498498588e+00 2.063888480712351168e+02
3.010510510510510329e+00 2.064595622994347934e+02
3.022522522522522515e+00 2.065300999940391478e+02
3.034534534534534700e+00 2.066004614824768453e+02
3.046546546546546441e+00 2.066706470920195784e+02
3.058558558558558627e+00 2.067406571497786274e+02
3.070570570570570368e+00 2.068104919827009951e+02
3.082582582582582553e+00 2.068801519175663657e+02
3.094594594594594739e+00 2.069496372809834668e+02
3.106606606606606480e+00 2.070189483993866020e+02
3.118618618618618665e+00 2.070880855990326097e+02
3.130630630630630407e+00 2.071570492059970263e+02
3.142642642642642592e+00 2.072258395461710165e+02
3.154654654654654777e+00 2.072944569452583039e+02
3.166666666666666519e+00 2.073629017287713054e+02
3.178678678678678704e+00 2.074311742220283179e+02
3.190690690690690445e+00 2.074992747501502492e+02
3.202702702702702631e+00 2.075672036380571512e+02
3.214714714714714816e+00 2.076349612104654625e+02
3.226726726726726557e+00 2.077025477918841432e+02
3.238738738738738743e+00 2.077699637066122591e+02
3.250750750750750928e+00 2.078372092787357701e+02
3.262762762762762669e+00 2.079042848321238068e+02
3.274774774774774855e+00 2.079711906904262264e+02
3.286786786786786596e+00 2.080379271770703440e+02
3.298798798798798781e+00 2.081044946152580621e+02
3.310810810810810967e+00 2.081708933279624603e+02
3.322822822822822708e+00 2.082371236379254071e+02
3.334834834834834894e+00 2.083031858676540367e+02
3.346846846846846635e+00 2.083690803394181330e+02
3.358858858858858820e+00 2.084348073752471464e+02
3.370870870870871006e+00 2.085003672969274362e+02
3.382882882882882747e+00 2.085657604259989455e+02
3.394894894894894932e+00 2.086309870837530411e+02
3.406906906906906674e+00 2.086960475912290747e+02
3.418918918918918859e+00 2.087609422692118528e+02
3.430930930930931044e+00 2.088256714382289090e+02
3.442942942942942786e+00 2.088902354185476895e+02
3.454954954954954971e+00 2.089546345301727683e+02
3.466966966966967156e+00 2.090188690928430333e+02
3.478978978978978898e+00 2.090829394260292133e+02
3.490990990990991083e+00 2.091468458489311786e+02
3.503003003003002824e+00 2.092105886804749844e+02
3.515015015015015010e+00 2.092741682393108249e+02
3.527027027027027195e+00 2.093375848438096511e+02
3.539039039039038936e+00 2.094008388120612381e+02
3.551051051051051122e+00 2.094639304618713709e+02
3.563063063063062863e+00 2.095268601107592303e+02
3.575075075075075048e+00 2.095896280759550052e+02
3.587087087087087234e+00 2.096522346743971070e+02
3.599099099099098975e+00 2.097146802227301521e+02
3.611111111111111160e+00 2.097769650373021193e+02
3.623123123123122902e+00 2.098390894341618775e+02
3.635135135135135087e+00 2.099010537290571961e+02
3.647147147147147273e+00 2.099628582374316750e+02
3.659159159159159014e+00 2.100245032744229832e+02
3.671171171171171199e+00 2.100859891548599876e+02
3.683183183183182940e+00 2.101473161932609628e+02
3.695195195195195126e+00 2.102084847038306918e+02
3.707207207207207311e+00 2.102694950004584484e+02
3.719219219219219053e+00 2.103303473967156663e+02
3.731231231231231238e+00 2.103910422058537222e+02
3.743243243243243423e+00 2.104515797408016056e+02
3.755255255255255165e+00 2.105119603141635878e+02
3.767267267267267350e+00 2.105721842382173463e+02
3.779279279279279091e+00 2.106322518249114069e+02
3.791291291291291277e+00 2.106921633858630969e+02
3.803303303303303462e+00 2.107519192323564425e+02
3.815315315315315203e+00 2.108115196753400937e+02
3.827327327327327389e+00 2.108709650254248515e+02
3.839339339339339130e+00 2.109302555928821050e+02
3.851351351351351315e+00 2.109893916876412163e+02
3.863363363363363501e+00 2.110483736192879576e+02
3.875375375375375242e+00 2.111072016970619245e+02
3.887387387387387427e+00 2.111658762298549448e+02
3.899399399399399169e+00 2.112243975262087190e+02
3.911411411411411354e+00 2.112827658943133997e+02
3.923423423423423539e+00 2.113409816420048912e+02
3.935435435435435281e+00 2.113990450767633149e+02
3.947447447447447466e+00 2.114569565057110481e+02
3.959459459459459651e+00 2.115147162356107060e+02
3.971471471471471393e+00 2.115723245728631525e+02
3.983483483483483578e+00 2.116297818235059651e+02
3.995495495495495319e+00 2.116870882932109907e+02
4.007507507507507505e+00 2.117442442872831805e+02
4.019519519519519690e+00 2.118012501106582022e+02
4.031531531531530987e+00 2.118581060679007066e+02
4.043543543543544061e+00 2.119148124632028214e+02
4.055555555555555358e+00 2.119713696003821894e+02
4.067567567567567544e+00 2.120277777828799799e+02
4.079579579579579729e+00 2.120840373137594952e+02
4.091591591591591026e+00 2.121401484957040395e+02
4.103603603603604100e+00 2.121961116310158673e+02
4.115615615615615397e+00 2.122519270216137102e+02
4.127627627627627582e+00 2.123075949690313280e+02
4.139639639639639768e+00 2.123631157744161726e+02
4.151651651651651065e+00 2.124184897385275406e+02
4.163663663663664138e+00 2.124737171617343847e+02
4.175675675675675436e+00 2.125287983440148594e+02
4.187687687687687621e+00 2.125837335849534497e+02
4.199699699699699806e+00 2.126385231837404035e+02
4.211711711711711104e+00 2.126931674391693150e+02
4.223723723723724177e+00 2.127476666496361872e+02
4.235735735735735474e+00 2.128020211131376129e+02
4.247747747747747660e+00 2.128562311272692966e+02
4.259759759759759845e+00 2.129102969892244630e+02
4.271771771771771142e+00 2.129642189957924074e+02
4.283783783783784216e+00 2.130179974433570749e+02
4.295795795795795513e+00 2.130716326278956672e+02
4.307807807807807698e+00 2.131251248449766820e+02
4.319819819819819884e+00 2.131784743897592023e+02
4.331831831831831181e+00 2.132316815569907931e+02
4.343843843843844255e+00 2.132847466410066488e+02
4.355855855855855552e+00 2.133376699357279449e+02
4.367867867867867737e+00 2.133904517346602745e+02
4.379879879879879923e+00 2.134430923308923695e+02
4.391891891891891220e+00 2.134955920170953334e+02
4.403903903903904293e+00 2.135479510855203387e+02
4.415915915915915591e+00 2.136001698279979450e+02
4.427927927927927776e+00 2.136522485359365078e+02
4.439939939939939961e+00 2.137041875003211828e+02
4.451951951951951258e+00 2.137559870117122216e+02
4.463963963963964332e+00 2.138076473602438909e+02
4.475975975975975629e+00 2.138591688356235920e+02
4.487987987987987815e+00 2.139105517271298993e+02
4.500000000000000000e+00 2.139617963236117930e+02
4.512012012012012185e+00 2.140129029134873804e+02
4.524024024024024371e+00 2.140638717847428154e+02
4.536036036036035668e+00 2.141147032249306790e+02
4.548048048048047853e+00 2.141653975211691261e+02
4.560060060060060039e+00 2.142159549601409765e+02
4.572072072072072224e+00 2.142663758280918387e+02
4.584084084084084409e+00 2.143166604108297690e+02
4.596096096096095707e+00 2.143668089937235948e+02
4.608108108108107892e+00 2.144168218617018340e+02
4.620120120120120077e+00 2.144666992992520420e+02
4.632132132132132263e+00 2.145164415904194186e+02
4.644144144144144448e+00 2.145660490188054723e+02
4.656156156156155745e+00 2.146155218675675940e+02
4.668168168168167931e+00 2.146648604194173799e+02
4.680180180180180116e+00 2.147140649566200636e+02
4.692192192192192302e+00 2.147631357609930944e+02
4.704204204204204487e+00 2.148120731139055124e+02
4.716216216216215784e+00 2.148608772962768398e+02
4.728228228228227970e+00 2.149095485885757739e+02
4.740240240240240155e+00 2.149580872708197035e+02
4.752252252252252340e+00 2.150064936225732311e+02
4.764264264264264526e+00 2.150547679229480025e+02
4.776276276276275823e+00 2.151029104506008025e+02
4.788288288288288008e+00 2.151509214837331854e+02
4.800300300300300194e+00 2.151988013000906221e+02
4.812312312312312379e+00 2.152465501769614207e+02
4.824324324324324564e+00 2.152941683911757877e+02
4.836336336336335862e+00 2.153416562191051185e+02
4.848348348348348047e+00 2.153890139366608594e+02
4.860360360360360232e+00 2.154362418192940822e+02
4.872372372372372418e+00 2.154833401419942049e+02
4.884384384384384603e+00 2.155303091792883947e+02
4.896396396396396788e+00 2.155771492052406586e+02
4.908408408408408086e+00 2.156238604934511613e+02
4.920420420420420271e+00 2.156704433170552306e+02
4.932432432432432456e+00 2.157168979487226181e+02
4.944444444444444642e+00 2.157632246606569595e+02
4.956456456456456827e+00 2.158094237245946942e+02
4.968468468468468124e+00 2.158554954118043554e+02
4.980480480480480310e+00 2.159014399930860577e+02
4.992492492492492495e+00 2.159472577387703609e+02
5.004504504504504681e+00 2.159929489187181275e+02
5.016516516516516866e+00 2.160385138023193292e+02
5.028528528528528163e+00 2.160839526584922794e+02
5.040540540540540349e+00 2.161292657556832637e+02
5.052552552552552534e+00 2.161744533618659432e+02
5.064564564564564719e+00 2.162195157445401890e+02
5.076576576576576905e+00 2.162644531707319686e+02
5.088588588588588202e+00 2.163092659069920671e+02
5.100600600600600387e+00 2.163539542193963428e+02
5.112612612612612573e+00 2.163985183735439648e+02
5.124624624624624758e+00 2.164429586345577263e+02
5.136636636636636943e+00 2.164872752670831346e+02
5.148648648648648241e+00 2.165314685352876722e+02
5.160660660660660426e+00 2.165755387028601433e+02
5.172672672672672611e+00 2.166194860330104746e+02
5.184684684684684797e+00 2.166633107884690048e+02
5.196696696696696982e+00 2.167070132314854334e+02
5.208708708708708279e+00 2.167505936238290474e+02
5.220720720720720465e+00 2.167940522267875849e+02
5.232732732732732650e+00 2.168373893011670930e+02
5.244744744744744835e+00 2.168806051072909895e+02
5.256756756756757021e+00 2.169236999049999781e+02
5.268768768768768318e+00 2.169666739536512239e+02
5.280780780780780503e+00 2.170095275121179554e+02
5.292792792792792689e+00 2.170522608387891523e+02
5.304804804804804874e+00 2.170948741915687776e+02
5.316816816816817060e+00 2.171373678278754653e+02
5.328828828828828357e+00 2.171797420046420086e+02
5.340840840840840542e+00 2.172219969783149907e+02
5.352852852852852727e+00 2.172641330048541874e+02
5.364864864864864913e+00 2.173061503397323690e+02
5.376876876876877098e+00 2.173480492379347027e+02
5.388888888888889284e+00 2.173898299539581842e+02
5.400900900900900581e+00 2.174314927418116667e+02
5.412912912912912766e+00 2.174730378550150078e+02
5.424924924924924952e+00 2.175144655465989558e+02
5.436936936936937137e+00 2.175557760691048657e+02
5.448948948948949322e+00 2.175969696745838462e+02
5.460960960960960620e+00 2.176380466145967887e+02
5.472972972972972805e+00 2.176790071402140825e+02
5.484984984984984990e+00 2.177198515020148477e+02
5.496996996996997176e+00 2.177605799500871342e+02
5.509009009009009361e+00 2.178011927340270120e+02
5.521021021021020658e+00 2.178416901029388271e+02
5.533033033033032844e+00 2.178820723054344342e+02
5.545045045045045029e+00 2.179223395896329691e+02
5.557057057057057214e+00 2.179624922031608492e+02
5.569069069069069400e+00 2.180025303931510905e+02
5.581081081081080697e+00 2.180424544062433938e+02
5.593093093093092882e+00 2.180822644885833768e+02
5.605105105105105068e+00 2.181219608858229151e+02
5.617117117117117253e+00 2.181615438431194320e+02
5.629129129129129439e+00 2.182010136051358131e+02
5.641141141141140736e+00 2.182403704160400082e+02
5.653153153153152921e+00 2.182796145195051452e+02
5.665165165165165106e+00 2.183187461587088762e+02
5.677177177177177292e+00 2.183577655763335201e+02
5.689189189189189477e+00 2.183966730145656072e+02
5.701201201201200774e+00 2.184354687150955954e+02
5.713213213213212960e+00 2.184741529191182678e+02
5.725225225225225145e+00 2.185127258673315396e+02
5.737237237237237331e+00 2.185511877999372814e+02
5.749249249249249516e+00 2.185895389566404674e+02
5.761261261261260813e+00 2.186277795766491749e+02
5.773273273273272999e+00 2.186659098986748120e+02
5.785285285285285184e+00 2.187039301609313497e+02
5.797297297297297369e+00 2.187418406011353795e+02
5.809309309309309555e+00 2.187796414565062548e+02
5.821321321321320852e+00 2.188173329637657503e+02
5.833333333333333037e+00 2.188549153591377490e+02
5.845345345345345223e+00 2.188923888783484983e+02
5.857357357357357408e+00 2.189297537566262974e+02
5.869369369369369593e+00 2.189670102287012412e+02
5.881381381381380891e+00 2.190041585288053057e+02
5.893393393393393076e+00 2.190411988906724616e+02
5.905405405405405261e+00 2.190781315475381916e+02
5.917417417417417447e+00 2.191149567321396034e+02
5.929429429429429632e+00 2.191516746767150892e+02
5.941441441441441818e+00 2.191882856130050357e+02
5.953453453453453115e+00 2.192247897722507730e+02
5.965465465465465300e+00 2.192611873851951998e+02
5.977477477477477485e+00 2.192974786820825557e+02
5.989489489489489671e+00 2.193336638926582225e+02
6.001501501501501856e+00 2.193697432461688379e+02
6.013513513513513153e+00 2.194057169713623807e+02
6.025525525525525339e+00 2.194415852964878866e+02
6.037537537537537524e+00 2.194773484492957607e+02
6.049549549549549710e+00 2.195130066570372662e+02
6.061561561561561895e+00 2.195485601464651779e+02
6.073573573573573192e+00 2.195840091438331854e+02
6.085585585585585378e+00 2.196193538748965466e+02
6.097597597597597563e+00 2.196545945649113492e+02
6.109609609609609748e+00 2.196897314386350786e+02
6.121621621621621934e+00 2.197247647203264762e+02
6.133633633633633231e+00 2.197596946337457666e+02
6.145645645645645416e+00 2.197945214021542597e+02
6.157657657657657602e+00 2.198292452483149191e+02
6.169669669669669787e+00 2.198638663944918505e+02
6.181681681681681972e+00 2.198983850624510978e+02
6.193693693693693270e+00 2.199328014734599890e+02
6.205705705705705455e+00 2.199671158482877615e+02
6.217717717717717640e+00 2.200013284072051363e+02
6.229729729729729826e+00 2.200354393699848856e+02
6.241741741741742011e+00 2.200694489559016915e+02
6.253753753753753308e+00 2.201033573837320603e+02
6.265765765765765494e+00 2.201371648717549476e+02
6.277777777777777679e+00 2.201708716377514179e+02
6.289789789789789864e+00 2.202044778990047860e+02
6.301801801801802050e+00 2.202379838723008731e+02
6.313813813813813347e+00 2.202713897739282345e+02
6.325825825825825532e+00 2.203046958196781588e+02
6.337837837837837718e+00 2.203379022248447825e+02
6.349849849849849903e+00 2.203710092042251460e+02
6.361861861861862089e+00 2.204040169721195355e+02
6.373873873873873386e+00 2.204369257423317094e+02
6.385885885885885571e+00 2.204697357281688141e+02
6.397897897897897757e+00 2.205024471424415538e+02
6.409909909909909942e+00 2.205350601974646452e+02
6.421921921921922127e+00 2.205675751050566475e+02
6.433933933933934313e+00 2.205999920765405022e+02
6.445945945945945610e+00 2.206323113227432202e+02
6.457957957957957795e+00 2.206645330539967915e+02
6.469969969969969981e+00 2.206966574801377590e+02
6.481981981981982166e+00 2.207286848105075308e+02
6.493993993993994351e+00 2.207606152539530058e+02
6.506006006006005649e+00 2.207924490188262325e+02
6.518018018018017834e+00 2.208241863129850344e+02
6.530030030030030019e+00 2.208558273437929529e+02
6.542042042042042205e+00 2.208873723181197590e+02
6.554054054054054390e+00 2.209188214423415673e+02
6.566066066066065687e+00 2.209501749223407501e+02
6.578078078078077873e+00 2.209814329635068759e+02
6.590090090090090058e+00 2.210125957707363682e+02
6.602102102102102243e+00 2.210436635484329884e+02
6.614114114114114429e+00 2.210746365005082339e+02
6.626126126126125726e+00 2.211055148303811109e+02
6.638138138138137911e+00 2.211362987409790435e+02
6.650150150150150097e+00 2.211669884347377888e+02
6.662162162162162282e+00 2.211975841136018062e+02
6.674174174174174468e+00 2.212280859790244563e+02
6.686186186186185765e+00 2.212584942319681716e+02
6.698198198198197950e+00 2.212888090729054795e+02
6.710210210210210136e+00 2.213190307018182637e+02
6.722222222222222321e+00 2.213491593181987582e+02
6.734234234234234506e+00 2.213791951210496620e+02
6.746246246246245803e+00 2.214091383088844509e+02
6.758258258258257989e+00 2.214389890797278895e+02
6.770270270270270174e+00 2.214687476311157468e+02
6.782282282282282360e+00 2.214984141600959902e+02
6.794294294294294545e+00 2.215279888632286429e+02
6.806306306306305842e+00 2.215574719365857845e+02
6.818318318318318028e+00 2.215868635757528580e+02
6.830330330330330213e+00 2.216161639758279307e+02
6.842342342342342398e+00 2.216453733314229169e+02
6.854354354354354584e+00 2.216744918366633783e+02
6.866366366366365881e+00 2.217035196851890646e+02
6.878378378378378066e+00 2.217324570701543962e+02
6.890390390390390252e+00 2.217613041842287771e+02
6.902402402402402437e+00 2.217900612195969074e+02
6.914414414414414622e+00 2.218187283679591815e+02
6.926426426426426808e+00 2.218473058205317727e+02
6.938438438438438105e+00 2.218757937680478278e+02
6.950450450450450290e+00 2.219041924007570401e+02
6.962462462462462476e+00 2.219325019084265023e+02
6.974474474474474661e+00 2.219607224803408769e+02
6.986486486486486847e+00 2.219888543053028798e+02
6.998498498498498144e+00 2.220168975716337059e+02
7.010510510510510329e+00 2.220448524671735413e+02
7.022522522522522515e+00 2.220727191792817621e+02
7.034534534534534700e+00 2.221004978948375310e+02
7.046546546546546885e+00 2.221281888002399967e+02
7.058558558558558182e+00 2.221557920814090892e+02
7.070570570570570368e+00 2.221833079237856339e+02
7.082582582582582553e+00 2.222107365123317493e+02
7.094594594594594739e+00 2.222380780315318134e+02
7.106606606606606924e+00 2.222653326653920658e+02
7.118618618618618221e+00 2.222925005974418866e+02
7.130630630630630407e+00 2.223195820107336544e+02
7.142642642642642592e+00 2.223465770878434853e+02
7.154654654654654777e+00 2.223734860108715452e+02
7.166666666666666963e+00 2.224003089614426187e+02
7.178678678678678260e+00 2.224270461207067058e+02
7.190690690690690445e+00 2.224536976693389931e+02
7.202702702702702631e+00 2.224802637875407925e+02
7.214714714714714816e+00 2.225067446550401087e+02
7.226726726726727001e+00 2.225331404510914410e+02
7.238738738738738299e+00 2.225594513544770052e+02
7.250750750750750484e+00 2.225856775435066766e+02
7.262762762762762669e+00 2.226118191960189847e+02
7.274774774774774855e+00 2.226378764893811422e+02
7.286786786786787040e+00 2.226638496004896126e+02
7.298798798798798337e+00 2.226897387057708215e+02
7.310810810810810523e+00 2.227155439811816109e+02
7.322822822822822708e+00 2.227412656022096087e+02
7.334834834834834894e+00 2.227669037438737121e+02
7.346846846846847079e+00 2.227924585807245421e+02
7.358858858858858376e+00 2.228179302868454101e+02
7.370870870870870561e+00 2.228433190358521472e+02
7.382882882882882747e+00 2.228686250008940419e+02
7.394894894894894932e+00 2.228938483546543523e+02
7.406906906906907118e+00 2.229189892693506749e+02
7.418918918918919303e+00 2.229440479167353431e+02
7.430930930930930600e+00 2.229690244680963360e+02
7.442942942942942786e+00 2.229939190942574498e+02
7.454954954954954971e+00 2.230187319655790930e+02
7.466966966966967156e+00 2.230434632519582863e+02
7.478978978978979342e+00 2.230681131228299705e+02
7.490990990990990639e+00 2.230926817471668926e+02
7.503003003003002824e+00 2.231171692934804014e+02
7.515015015015015010e+00 2.231415759298210446e+02
7.527027027027027195e+00 2.231659018237787677e+02
7.539039039039039380e+00 2.231901471424837382e+02
7.551051051051050678e+00 2.232143120526069140e+02
7.563063063063062863e+00 2.232383967203604413e+02
7.575075075075075048e+00 2.232624013114981096e+02
7.587087087087087234e+00 2.232863259913160050e+02
7.599099099099099419e+00 2.233101709246530788e+02
7.611111111111110716e+00 2.233339362758917161e+02
7.623123123123122902e+00 2.233576222089579346e+02
7.635135135135135087e+00 2.233812288873223793e+02
7.647147147147147273e+00 2.234047564740006067e+02
7.659159159159159458e+00 2.234282051315537103e+02
7.671171171171170755e+00 2.234515750220886900e+02
7.683183183183182940e+00 2.234748663072590773e+02
7.695195195195195126e+00 2.234980791482659015e+02
7.707207207207207311e+00 2.235212137058571784e+02
7.719219219219219497e+00 2.235442701403297292e+02
7.731231231231230794e+00 2.235672486115285835e+02
7.743243243243242979e+00 2.235901492788483438e+02
7.755255255255255165e+00 2.236129723012333841e+02
7.767267267267267350e+00 2.236357178371779355e+02
7.779279279279279535e+00 2.236583860447277630e+02
7.791291291291290833e+00 2.236809770814793694e+02
7.803303303303303018e+00 2.237034911045815022e+02
7.815315315315315203e+00 2.237259282707351531e+02
7.827327327327327389e+00 2.237482887361944393e+02
7.839339339339339574e+00 2.237705726567667739e+02
7.851351351351350871e+00 2.237927801878136336e+02
7.863363363363363057e+00 2.238149114842509277e+02
7.875375375375375242e+00 2.238369667005498513e+02
7.887387387387387427e+00 2.238589459907366859e+02
7.899399399399399613e+00 2.238808495083941352e+02
7.911411411411410910e+00 2.239026774066612973e+02
7.923423423423423095e+00 2.239244298382345164e+02
7.935435435435435281e+00 2.239461069553673553e+02
7.947447447447447466e+00 2.239677089098719023e+02
7.959459459459459651e+00 2.239892358531182879e+02
7.971471471471471837e+00 2.240106879360363337e+02
7.983483483483483134e+00 2.240320653091149552e+02
7.995495495495495319e+00 2.240533681224033558e+02
8.007507507507508393e+00 2.240745965255108842e+02
8.019519519519519690e+00 2.240957506676084563e+02
8.031531531531530987e+00 2.241168306974280995e+02
8.043543543543542285e+00 2.241378367632638913e+02
8.055555555555555358e+00 2.241587690129723285e+02
8.067567567567568432e+00 2.241796275939727821e+02
8.079579579579579729e+00 2.242004126532480939e+02
8.091591591591591026e+00 2.242211243373448042e+02
8.103603603603602323e+00 2.242417627923735779e+02
8.115615615615615397e+00 2.242623281640100288e+02
8.127627627627628470e+00 2.242828205974947480e+02
8.139639639639639768e+00 2.243032402376338439e+02
8.151651651651651065e+00 2.243235872287995392e+02
8.163663663663662362e+00 2.243438617149304832e+02
8.175675675675675436e+00 2.243640638395319797e+02
8.187687687687688509e+00 2.243841937456767539e+02
8.199699699699699806e+00 2.244042515760049525e+02
8.211711711711711104e+00 2.244242374727251104e+02
8.223723723723722401e+00 2.244441515776138090e+02
8.235735735735735474e+00 2.244639940320166716e+02
8.247747747747748548e+00 2.244837649768484198e+02
8.259759759759759845e+00 2.245034645525933001e+02
8.271771771771771142e+00 2.245230928993056239e+02
8.283783783783782440e+00 2.245426501566097386e+02
8.295795795795795513e+00 2.245621364637009094e+02
8.307807807807808587e+00 2.245815519593450915e+02
8.319819819819819884e+00 2.246008967818796407e+02
8.331831831831831181e+00 2.246201710692134839e+02
8.343843843843842478e+00 2.246393749588276023e+02
8.355855855855855552e+00 2.246585085877750885e+02
8.367867867867868625e+00 2.246775720926814301e+02
8.379879879879879923e+00 2.246965656097452779e+02
8.391891891891891220e+00 2.247154892747382178e+02
8.403903903903902517e+00 2.247343432230050837e+02
8.415915915915915591e+00 2.247531275894644978e+02
8.427927927927928664e+00 2.247718425086089837e+02
8.439939939939939961e+00 2.247904881145049956e+02
8.451951951951951258e+00 2.248090645407937416e+02
8.463963963963964332e+00 2.248275719206906729e+02
8.475975975975975629e+00 2.248460103869861939e+02
8.487987987987988703e+00 2.248643800720455488e+02
8.500000000000000000e+00 2.248826811078095034e+02
8.512012012012011297e+00 2.249009136257939190e+02
8.524024024024024371e+00 2.249190777570904629e+02
8.536036036036035668e+00 2.249371736323662390e+02
8.548048048048048742e+00 2.249552013818644980e+02
8.560060060060060039e+00 2.249731611354044105e+02
8.572072072072071336e+00 2.249910530223811520e+02
8.584084084084084409e+00 2.250088771717664144e+02
8.596096096096095707e+00 2.250266337121082358e+02
8.608108108108108780e+00 2.250443227715308012e+02
8.620120120120120077e+00 2.250619444777351816e+02
8.632132132132131375e+00 2.250794989579991068e+02
8.644144144144144448e+00 2.250969863391766239e+02
8.656156156156155745e+00 2.251144067476990074e+02
8.668168168168168819e+00 2.251317603095738775e+02
8.680180180180180116e+00 2.251490471503858544e+02
8.692192192192191413e+00 2.251662673952964724e+02
8.704204204204204487e+00 2.251834211690438110e+02
8.716216216216215784e+00 2.252005085959430346e+02
8.728228228228228858e+00 2.252175297998858241e+02
8.740240240240240155e+00 2.252344849043408317e+02
8.752252252252251452e+00 2.252513740323531977e+02
8.764264264264264526e+00 2.252681973065448346e+02
8.776276276276275823e+00 2.252849548491142286e+02
8.788288288288288896e+00 2.253016467818360695e+02
8.800300300300300194e+00 2.253182732260617627e+02
8.812312312312311491e+00 2.253348343027187468e+02
8.824324324324324564e+00 2.253513301323106077e+02
8.836336336336335862e+00 2.253677608349170214e+02
8.848348348348348935e+00 2.253841265301933277e+02
8.860360360360360232e+00 2.254004273373705303e+02
8.872372372372371530e+00 2.254166633752553537e+02
8.884384384384384603e+00 2.254328347622295610e+02
8.896396396396395900e+00 2.254489416162501243e+02
8.908408408408408974e+00 2.254649840548486850e+02
8.920420420420420271e+00 2.254809621951317808e+02
8.932432432432431568e+00 2.254968761537801072e+02
8.944444444444444642e+00 2.255127260470485737e+02
8.956456456456455939e+00 2.255285119907660487e+02
8.968468468468469013e+00 2.255442341003346485e+02
8.980480480480480310e+00 2.255598924907300216e+02
8.992492492492491607e+00 2.255754872765005530e+02
9.004504504504504681e+00 2.255910185717674779e+02
9.016516516516515978e+00 2.256064864902240572e+02
9.028528528528529051e+00 2.256218911451356348e+02
9.040540540540540349e+00 2.256372326493390403e+02
9.052552552552551646e+00 2.256525111152422767e+02
9.064564564564564719e+00 2.256677266548240368e+02
9.076576576576576016e+00 2.256828793796336754e+02
9.088588588588589090e+00 2.256979694007899866e+02
9.100600600600600387e+00 2.257129968289818009e+02
9.112612612612611684e+00 2.257279617744667348e+02
9.124624624624624758e+00 2.257428643470711052e+02
9.136636636636636055e+00 2.257577046561893042e+02
9.148648648648649129e+00 2.257724828107834014e+02
9.160660660660660426e+00 2.257871989193826607e+02
9.172672672672671723e+00 2.258018530900830001e+02
9.184684684684684797e+00 2.258164454305463380e+02
9.196696696696696094e+00 2.258309760480003661e+02
9.208708708708709167e+00 2.258454450492378385e+02
9.220720720720720465e+00 2.258598525406158046e+02
9.232732732732733538e+00 2.258741986280553533e+02
9.244744744744744835e+00 2.258884834170410159e+02
9.256756756756756133e+00 2.259027070126199419e+02
9.268768768768769206e+00 2.259168695194014731e+02
9.280780780780780503e+00 2.259309710415566030e+02
9.292792792792793577e+00 2.259450116828170394e+02
9.304804804804804874e+00 2.259589915464749481e+02
9.316816816816816171e+00 2.259729107353820439e+02
9.328828828828829245e+00 2.259867693519491070e+02
9.340840840840840542e+00 2.260005674981451591e+02
9.352852852852853616e+00 2.260143052754969801e+02
9.364864864864864913e+00 2.260279827850881702e+02
9.376876876876876210e+00 2.260416001275587234e+02
9.388888888888889284e+00 2.260551574031041184e+02
9.400900900900900581e+00 2.260686547114748350e+02
9.412912912912913654e+00 2.260820921519753313e+02
9.424924924924924952e+00 2.260954698234635600e+02
9.436936936936936249e+00 2.261087878243501734e+02
9.448948948948949322e+00 2.261220462525978405e+02
9.460960960960960620e+00 2.261352452057202527e+02
9.472972972972973693e+00 2.261483847807816971e+02
9.484984984984984990e+00 2.261614650743960340e+02
9.496996996996996288e+00 2.261744861827260991e+02
9.509009009009009361e+00 2.261874482014829084e+02
9.521021021021020658e+00 2.262003512259247202e+02
9.533033033033033732e+00 2.262131953508565516e+02
9.545045045045045029e+00 2.262259806706289282e+02
9.557057057057056326e+00 2.262387072791377136e+02
9.569069069069069400e+00 2.262513752698227449e+02
9.581081081081080697e+00 2.262639847356672931e+02
9.593093093093093771e+00 2.262765357691972099e+02
9.605105105105105068e+00 2.262890284624803883e+02
9.617117117117116365e+00 2.263014629071253410e+02
9.629129129129129439e+00 2.263138391942809164e+02
9.641141141141140736e+00 2.263261574146353041e+02
9.653153153153153809e+00 2.263384176584152669e+02
9.665165165165165106e+00 2.263506200153853456e+02
9.677177177177176404e+00 2.263627645748468638e+02
9.689189189189189477e+00 2.263748514256373028e+02
9.701201201201200774e+00 2.263868806561295344e+02
9.713213213213213848e+00 2.263988523542307121e+02
9.725225225225225145e+00 2.264107666073819303e+02
9.737237237237236442e+00 2.264226235025568030e+02
9.749249249249249516e+00 2.264344231262613505e+02
9.761261261261260813e+00 2.264461655645324356e+02
9.773273273273273887e+00 2.264578509029378779e+02
9.785285285285285184e+00 2.264694792265746628e+02
9.797297297297296481e+00 2.264810506200689701e+02
9.809309309309309555e+00 2.264925651675748668e+02
9.821321321321320852e+00 2.265040229527738234e+02
9.833333333333333925e+00 2.265154240588737480e+02
9.845345345345345223e+00 2.265267685686083894e+02
9.857357357357356520e+00 2.265380565642363990e+02
9.869369369369369593e+00 2.265492881275407626e+02
9.881381381381380891e+00 2.265604633398277770e+02
9.893393393393393964e+00 2.265715822819267942e+02
9.905405405405405261e+00 2.265826450341888290e+02
9.917417417417416559e+00 2.265936516764865871e+02
9.929429429429429632e+00 2.266046022882131012e+02
9.941441441441440929e+00 2.266154969482813328e+02
9.953453453453454003e+00 2.266263357351235470e+02
9.965465465465465300e+00 2.266371187266905736e+02
9.977477477477476597e+00 2.266478460004510680e+02
9.989489489489489671e+00 2.266585176333908294e+02
1.000150150150150097e+01 2.266691337020125161e+02
1.001351351351351404e+01 2.266796942823343670e+02
1.002552552552552534e+01 2.266901994498904287e+02
1.003753753753753664e+01 2.267006492797292765e+02
1.004954954954954971e+01 2.267110438464137303e+02
1.006156156156156101e+01 2.267213832240202578e+02
1.007357357357357408e+01 2.267316674861383206e+02
1.008558558558558538e+01 2.267418967058702606e+02
1.009759759759759667e+01 2.267520709558302485e+02
1.010960960960960975e+01 2.267621903081439996e+02
1.012162162162162105e+01 2.267722548344485460e+02
1.013363363363363412e+01 2.267822646058913847e+02
1.014564564564564542e+01 2.267922196931302778e+02
1.015765765765765671e+01 2.268021201663329691e+02
1.016966966966966979e+01 2.268119660951765866e+02
1.018168168168168108e+01 2.268217575488469606e+02
1.019369369369369416e+01 2.268314945960392777e+02
1.020570570570570545e+01 2.268411773049566307e+02
1.021771771771771675e+01 2.268508057433103602e+02
1.022972972972972983e+01 2.268603799783197701e+02
1.024174174174174112e+01 2.268699000767114455e+02
1.025375375375375420e+01 2.268793661047196792e+02
1.026576576576576549e+01 2.268887781280856473e+02
1.027777777777777857e+01 2.268981362120576648e+02
1.028978978978978986e+01 2.269074404213907314e+02
1.030180180180180116e+01 2.269166908203468154e+02
1.031381381381381424e+01 2.269258874726940292e+02
1.032582582582582553e+01 2.269350304417075392e+02
1.033783783783783861e+01 2.269441197901687985e+02
1.034984984984984990e+01 2.269531555803657739e+02
1.036186186186186120e+01 2.269621378740929742e+02
1.037387387387387427e+01 2.269710667326514795e+02
1.038588588588588557e+01 2.269799422168489684e+02
1.039789789789789864e+01 2.269887643870000318e+02
1.040990990990990994e+01 2.269975333029259730e+02
1.042192192192192124e+01 2.270062490239554336e+02
1.043393393393393431e+01 2.270149116089239669e+02
1.044594594594594561e+01 2.270235211161749760e+02
1.045795795795795868e+01 2.270320776035595145e+02
1.046996996996996998e+01 2.270405811284367417e+02
1.048198198198198128e+01 2.270490317476742348e+02
1.049399399399399435e+01 2.270574295176483588e+02
1.050600600600600565e+01 2.270657744942447778e+02
1.051801801801801872e+01 2.270740667328584550e+02
1.053003003003003002e+01 2.270823062883949035e+02
1.054204204204204132e+01 2.270904932152698734e+02
1.055405405405405439e+01 2.270986275674106594e+02
1.056606606606606569e+01 2.271067093982556742e+02
1.057807807807807876e+01 2.271147387607562393e+02
1.059009009009009006e+01 2.271227157073764715e+02
1.060210210210210136e+01 2.271306402900938508e+02
1.061411411411411443e+01 2.271385125604007555e+02
1.062612612612612573e+01 2.271463325693043771e+02
1.063813813813813880e+01 2.271541003673277999e+02
1.065015015015015010e+01 2.271618160045110812e+02
1.066216216216216139e+01 2.271694795304117349e+02
1.067417417417417447e+01 2.271770909941058392e+02
1.068618618618618576e+01 2.271846504441889749e+02
1.069819819819819884e+01 2.271921579287771635e+02
1.071021021021021014e+01 2.271996134955078901e+02
1.072222222222222143e+01 2.272070171915410697e+02
1.073423423423423451e+01 2.272143690635603548e+02
1.074624624624624580e+01 2.272216691577740448e+02
1.075825825825825888e+01 2.272289175199163651e+02
1.077027027027027017e+01 2.272361141952485468e+02
1.078228228228228147e+01 2.272432592285603619e+02
1.079429429429429455e+01 2.272503526641710891e+02
1.080630630630630584e+01 2.272573945459308788e+02
1.081831831831831892e+01 2.272643849172222872e+02
1.083033033033033021e+01 2.272713238209614701e+02
1.084234234234234151e+01 2.272782112995998034e+02
1.085435435435435458e+01 2.272850473951251331e+02
1.086636636636636588e+01 2.272918321490633957e+02
1.087837837837837895e+01 2.272985656024801813e+02
1.089039039039039025e+01 2.273052477959823250e+02
1.090240240240240155e+01 2.273118787697194136e+02
1.091441441441441462e+01 2.273184585633854340e+02
1.092642642642642592e+01 2.273249872162205918e+02
1.093843843843843899e+01 2.273314647670130739e+02
1.095045045045045029e+01 2.273378912541004979e+02
1.096246246246246159e+01 2.273442667153720151e+02
1.097447447447447466e+01 2.273505911882700445e+02
1.098648648648648596e+01 2.273568647097919495e+02
1.099849849849849903e+01 2.273630873164925106e+02
1.101051051051051033e+01 2.273692590444849202e+02
1.102252252252252163e+01 2.273753799294436817e+02
1.103453453453453470e+01 2.273814500066060873e+02
1.104654654654654600e+01 2.273874693107743497e+02
1.105855855855855907e+01 2.273934378763177335e+02
1.107057057057057037e+01 2.273993557371746022e+02
1.108258258258258167e+01 2.274052229268545773e+02
1.109459459459459474e+01 2.274110394784406708e+02
1.110660660660660604e+01 2.274168054245914163e+02
1.111861861861861911e+01 2.274225207975433420e+02
1.113063063063063041e+01 2.274281856291129031e+02
1.114264264264264170e+01 2.274337999506989547e+02
1.115465465465465478e+01 2.274393637932849401e+02
1.116666666666666607e+01 2.274448771874414774e+02
1.117867867867867915e+01 2.274503401633283488e+02
1.119069069069069045e+01 2.274557527506972860e+02
1.120270270270270174e+01 2.274611149788939315e+02
1.121471471471471482e+01 2.274664268768609361e+02
1.122672672672672611e+01 2.274716884731395510e+02
1.123873873873873919e+01 2.274768997958730949e+02
1.125075075075075048e+01 2.274820608728087734e+02
1.126276276276276178e+01 2.274871717313003785e+02
1.127477477477477485e+01 2.274922323983109607e+02
1.128678678678678615e+01 2.274972429004153867e+02
1.129879879879879923e+01 2.275022032638028975e+02
1.131081081081081052e+01 2.275071135142797800e+02
1.132282282282282360e+01 2.275119736772719818e+02
1.133483483483483489e+01 2.275167837778276976e+02
1.134684684684684619e+01 2.275215438406202395e+02
1.135885885885885926e+01 2.275262538899504534e+02
1.137087087087087056e+01 2.275309139497499018e+02
1.138288288288288364e+01 2.275355240435829671e+02
1.139489489489489493e+01 2.275400841946500634e+02
1.140690690690690623e+01 2.275445944257902511e+02
1.141891891891891930e+01 2.275490547594840223e+02
1.143093093093093060e+01 2.275534652178558588e+02
1.144294294294294367e+01 2.275578258226775290e+02
1.145495495495495497e+01 2.275621365953702480e+02
1.146696696696696627e+01 2.275663975570080879e+02
1.147897897897897934e+01 2.275706087283202521e+02
1.149099099099099064e+01 2.275747701296944854e+02
1.150300300300300371e+01 2.275788817811792342e+02
1.151501501501501501e+01 2.275829437024870288e+02
1.152702702702702631e+01 2.275869559129971265e+02
1.153903903903903938e+01 2.275909184317582401e+02
1.155105105105105068e+01 2.275948312774914939e+02
1.156306306306306375e+01 2.275986944685934361e+02
1.157507507507507505e+01 2.276025080231383697e+02
1.158708708708708635e+01 2.276062719588818197e+02
1.159909909909909942e+01 2.276099862932630060e+02
1.161111111111111072e+01 2.276136510434076285e+02
1.162312312312312379e+01 2.276172662261311075e+02
1.163513513513513509e+01 2.276208318579407432e+02
1.164714714714714638e+01 2.276243479550393261e+02
1.165915915915915946e+01 2.276278145333272391e+02
1.167117117117117076e+01 2.276312316084057841e+02
1.168318318318318383e+01 2.276345991955795967e+02
1.169519519519519513e+01 2.276379173098599722e+02
1.170720720720720642e+01 2.276411859659667982e+02
1.171921921921921950e+01 2.276444051783322493e+02
1.173123123123123079e+01 2.276475749611027197e+02
1.174324324324324387e+01 2.276506953281421488e+02
1.175525525525525516e+01 2.276537662930346073e+02
1.176726726726726646e+01 2.276567878690867417e+02
1.177927927927927954e+01 2.276597600693307584e+02
1.179129129129129083e+01 2.276626829065269817e+02
1.180330330330330391e+01 2.276655563931663835e+02
1.181531531531531520e+01 2.276683805414734820e+02
1.182732732732732650e+01 2.276711553634088432e+02
1.183933933933933957e+01 2.276738808706712689e+02
1.185135135135135087e+01 2.276765570747012930e+02
1.186336336336336394e+01 2.276791839866826024e+02
1.187537537537537524e+01 2.276817616175454475e+02
1.188738738738738654e+01 2.276842899779686036e+02
1.189939939939939961e+01 2.276867690783820422e+02
1.191141141141141091e+01 2.276891989289692901e+02
1.192342342342342398e+01 2.276915795396699025e+02
1.193543543543543528e+01 2.276939109201817928e+02
1.194744744744744658e+01 2.276961930799635638e+02
1.195945945945945965e+01 2.276984260282366961e+02
1.197147147147147095e+01 2.277006097739881056e+02
1.198348348348348402e+01 2.277027443259721622e+02
1.199549549549549532e+01 2.277048296927129343e+02
1.200750750750750662e+01 2.277068658825064915e+02
1.201951951951951969e+01 2.277088529034226951e+02
1.203153153153153099e+01 2.277107907633077843e+02
1.204354354354354406e+01 2.277126794697859395e+02
1.205555555555555536e+01 2.277145190302618403e+02
1.206756756756756666e+01 2.277163094519219442e+02
1.207957957957957973e+01 2.277180507417370734e+02
1.209159159159159103e+01 2.277197429064640346e+02
1.210360360360360410e+01 2.277213859526473811e+02
1.211561561561561540e+01 2.277229798866214026e+02
1.212762762762762669e+01 2.277245247145118867e+02
1.213963963963963977e+01 2.277260204422376546e+02
1.215165165165165106e+01 2.277274670755123509e+02
1.216366366366366414e+01 2.277288646198461777e+02
1.217567567567567544e+01 2.277302130805472871e+02
1.218768768768768673e+01 2.277315124627234582e+02
1.219969969969969981e+01 2.277327627712834897e+02
1.221171171171171110e+01 2.277339640109387631e+02
1.222372372372372418e+01 2.277351161862044933e+02
1.223573573573573547e+01 2.277362193014011211e+02
1.224774774774774677e+01 2.277372733606555926e+02
1.225975975975975985e+01 2.277382783679026943e+02
1.227177177177177114e+01 2.277392343268860486e+02
1.228378378378378422e+01 2.277401412411595061e+02
1.229579579579579551e+01 2.277409991140880265e+02
1.230780780780780859e+01 2.277418079488486171e+02
1.231981981981981988e+01 2.277425677484317532e+02
1.233183183183183118e+01 2.277432785156417197e+02
1.234384384384384425e+01 2.277439402530980601e+02
1.235585585585585555e+01 2.277445529632357761e+02
1.236786786786786863e+01 2.277451166483068050e+02
1.237987987987987992e+01 2.277456313103799630e+02
1.239189189189189122e+01 2.277460969513421958e+02
1.240390390390390429e+01 2.277465135728987775e+02
1.241591591591591559e+01 2.277468811765743339e+02
1.242792792792792866e+01 2.277471997637126151e+02
1.243993993993993996e+01 2.277474693354775752e+02
1.245195195195195126e+01 2.277476898928534297e+02
1.246396396396396433e+01 2.277478614366448824e+02
1.247597597597597563e+01 2.277479839674777509e+02
1.248798798798798870e+01 2.277480574857988245e+02
1.250000000000000000e+01 2.277480819918760915e+02
