5.000000000000000000e-01 3.558700094310092449e-06
8.499999999999999778e-01 8.620169858131324620e-06
1.199999999999999956e+00 1.995429737693601240e-05
1.549999999999999822e+00 4.414212534875378865e-05
1.899999999999999911e+00 9.331817182967822922e-05
2.250000000000000000e+00 1.885277946683700271e-04
2.599999999999999645e+00 3.639826943432640364e-04
2.949999999999999734e+00 6.715560508471676415e-04
3.299999999999999822e+00 1.184077095911472951e-03
3.649999999999999911e+00 1.995142303950321171e-03
4.000000000000000000e+00 3.212654015060253075e-03
4.349999999999999645e+00 4.943678498129786512e-03
4.699999999999999289e+00 7.269970775239605748e-03
5.049999999999999822e+00 1.021671534540596546e-02
5.399999999999999467e+00 1.372101075121645239e-02
5.750000000000000000e+00 1.760990847371909224e-02
6.099999999999999645e+00 2.159853406706028003e-02
6.449999999999999289e+00 2.531556564892213299e-02
6.799999999999999822e+00 2.835614434665711600e-02
7.149999999999999467e+00 3.035308961526535232e-02
7.500000000000000000e+00 3.104951442031372508e-02
