5.000000000000000000e-01 6.861204708666458885e+01
5.157657657657657158e-01 6.865234172675707214e+01
5.315315315315315425e-01 6.869250433551486879e+01
5.472972972972972583e-01 6.873253525392719609e+01
5.630630630630630851e-01 6.877243482280660203e+01
5.788288288288288008e-01 6.881220338278247084e+01
5.945945945945946276e-01 6.885184127429455714e+01
6.103603603603603434e-01 6.889134883758666206e+01
6.261261261261261701e-01 6.893072641270023837e+01
6.418918918918918859e-01 6.896997433946825140e+01
6.576576576576576016e-01 6.900909295750882677e+01
6.734234234234234284e-01 6.904808260621935290e+01
6.891891891891891442e-01 6.908694362477010031e+01
7.049549549549549710e-01 6.912567635209857997e+01
7.207207207207206867e-01 6.916428112690331886e+01
7.364864864864864025e-01 6.920275828763807624e+01
7.522522522522522292e-01 6.924110817250604555e+01
7.680180180180180560e-01 6.927933111945398537e+01
7.837837837837837718e-01 6.931742746616664874e+01
7.995495495495494875e-01 6.935539755006107043e+01
8.153153153153153143e-01 6.939324170828096783e+01
8.310810810810810301e-01 6.943096027769112766e+01
8.468468468468468568e-01 6.946855359487214798e+01
8.626126126126125726e-01 6.950602199611482490e+01
8.783783783783782884e-01 6.954336581741483769e+01
8.941441441441441151e-01 6.958058539446754764e+01
9.099099099099099419e-01 6.961768106266261213e+01
9.256756756756756577e-01 6.965465315707888294e+01
9.414414414414413734e-01 6.969150201247913401e+01
9.572072072072070892e-01 6.972822796330525819e+01
9.729729729729729160e-01 6.976483134367290972e+01
9.887387387387387427e-01 6.980131248736684313e+01
1.004504504504504458e+00 6.983767172783565513e+01
1.020270270270270174e+00 6.987390939818727986e+01
1.036036036036036112e+00 6.991002583118392977e+01
1.051801801801801606e+00 6.994602135923737762e+01
1.067567567567567544e+00 6.998189631440433800e+01
1.083333333333333259e+00 7.001765102838179189e+01
1.099099099099098975e+00 7.005328583250231134e+01
1.114864864864864913e+00 7.008880105772954039e+01
1.130630630630630629e+00 7.012419703465381815e+01
1.146396396396396344e+00 7.015947409348751762e+01
1.162162162162162060e+00 7.019463256406078244e+01
1.177927927927927776e+00 7.022967277581726364e+01
1.193693693693693714e+00 7.026459505780957215e+01
1.209459459459459429e+00 7.029939973869528558e+01
1.225225225225225145e+00 7.033408714673261386e+01
1.240990990990991083e+00 7.036865760977636342e+01
1.256756756756756577e+00 7.040311145527358860e+01
1.272522522522522515e+00 7.043744901025992533e+01
1.288288288288288230e+00 7.047167060135521410e+01
1.304054054054053946e+00 7.050577655475983363e+01
1.319819819819819884e+00 7.053976719625057967e+01
1.335585585585585378e+00 7.057364285117697023e+01
1.351351351351351315e+00 7.060740384445730911e+01
1.367117117117117031e+00 7.064105050057497692e+01
1.382882882882882747e+00 7.067458314357472204e+01
1.398648648648648685e+00 7.070800209705897998e+01
1.414414414414414178e+00 7.074130768418420701e+01
1.430180180180180116e+00 7.077450022765731319e+01
1.445945945945945832e+00 7.080758004973213815e+01
1.461711711711711548e+00 7.084054747220595516e+01
1.477477477477477485e+00 7.087340281641600370e+01
1.493243243243243201e+00 7.090614640323610729e+01
1.509009009009008917e+00 7.093877855307330549e+01
1.524774774774774633e+00 7.097129958586447174e+01
1.540540540540540349e+00 7.100370982107315854e+01
1.556306306306306286e+00 7.103600957768625790e+01
1.572072072072072002e+00 7.106819917421080390e+01
1.587837837837837718e+00 7.110027892867100263e+01
1.603603603603603434e+00 7.113224915860480735e+01
1.619369369369369371e+00 7.116411018106119002e+01
1.635135135135135087e+00 7.119586231259683018e+01
1.650900900900900803e+00 7.122750586927335803e+01
1.666666666666666519e+00 7.125904116665428489e+01
1.682432432432432234e+00 7.129046851980210420e+01
1.698198198198198172e+00 7.132178824327542088e+01
1.713963963963963888e+00 7.135300065112626555e+01
1.729729729729729604e+00 7.138410605689711019e+01
1.745495495495495319e+00 7.141510477361822495e+01
1.761261261261261257e+00 7.144599711380500651e+01
1.777027027027026973e+00 7.147678338945526377e+01
1.792792792792792689e+00 7.150746391204653207e+01
1.808558558558558405e+00 7.153803899253358622e+01
1.824324324324324120e+00 7.156850894134585417e+01
1.840090090090090058e+00 7.159887406838487323e+01
1.855855855855855774e+00 7.162913468302180320e+01
1.871621621621621490e+00 7.165929109409505315e+01
1.887387387387387205e+00 7.168934360990782295e+01
1.903153153153152921e+00 7.171929253822570161e+01
1.918918918918918859e+00 7.174913818627443618e+01
1.934684684684684575e+00 7.177888086073748752e+01
1.950450450450450290e+00 7.180852086775398391e+01
1.966216216216216006e+00 7.183805851291621991e+01
1.981981981981981944e+00 7.186749410126775217e+01
1.997747747747747660e+00 7.189682793730098354e+01
2.013513513513513153e+00 7.192606032495515933e+01
2.029279279279279091e+00 7.195519156761439206e+01
2.045045045045045029e+00 7.198422196810541607e+01
2.060810810810810523e+00 7.201315182869562648e+01
2.076576576576576461e+00 7.204198145109114648e+01
2.092342342342342398e+00 7.207071113643482363e+01
2.108108108108107892e+00 7.209934118530428293e+01
2.123873873873873830e+00 7.212787189771015051e+01
2.139639639639639768e+00 7.215630357309406406e+01
2.155405405405405261e+00 7.218463651032693917e+01
2.171171171171170755e+00 7.221287100770715028e+01
2.186936936936936693e+00 7.224100736295868330e+01
2.202702702702702631e+00 7.226904587322961504e+01
2.218468468468468124e+00 7.229698683509018053e+01
2.234234234234234062e+00 7.232483054453125249e+01
2.250000000000000000e+00 7.235257729696272122e+01
2.265765765765765494e+00 7.238022738721173255e+01
2.281531531531531432e+00 7.240778110952128088e+01
2.297297297297297369e+00 7.243523875754854657e+01
2.313063063063062863e+00 7.246260062436344640e+01
2.328828828828828357e+00 7.248986700244712722e+01
2.344594594594594739e+00 7.251703818369053067e+01
2.360360360360360232e+00 7.254411445939287262e+01
2.376126126126125726e+00 7.257109612026034995e+01
2.391891891891891664e+00 7.259798345640471950e+01
2.407657657657657602e+00 7.262477675734199067e+01
2.423423423423423095e+00 7.265147631199101852e+01
2.439189189189189033e+00 7.267808240867235270e+01
2.454954954954954971e+00 7.270459533510680217e+01
2.470720720720720465e+00 7.273101537841434094e+01
2.486486486486486402e+00 7.275734282511295703e+01
2.502252252252251896e+00 7.278357796111724554e+01
2.518018018018017834e+00 7.280972107173744234e+01
2.533783783783783772e+00 7.283577244167820197e+01
2.549549549549549265e+00 7.286173235503767387e+01
2.565315315315315203e+00 7.288760109530609554e+01
2.581081081081080697e+00 7.291337894536506781e+01
2.596846846846846635e+00 7.293906618748636106e+01
2.612612612612612573e+00 7.296466310333094896e+01
2.628378378378378066e+00 7.299016997394812734e+01
2.644144144144144004e+00 7.301558707977437734e+01
2.659909909909909498e+00 7.304091470063262648e+01
2.675675675675675436e+00 7.306615311573122540e+01
2.691441441441441373e+00 7.309130260366310949e+01
2.707207207207206867e+00 7.311636344240504570e+01
2.722972972972972805e+00 7.314133590931668039e+01
2.738738738738738743e+00 7.316622028113971510e+01
2.754504504504504236e+00 7.319101683399728131e+01
2.770270270270270174e+00 7.321572584339300249e+01
2.786036036036035668e+00 7.324034758421046831e+01
2.801801801801801606e+00 7.326488233071222567e+01
2.817567567567567544e+00 7.328933035653949446e+01
2.833333333333333037e+00 7.331369193471107337e+01
2.849099099099098975e+00 7.333796733762299880e+01
2.864864864864864469e+00 7.336215683704783430e+01
2.880630630630630407e+00 7.338626070413400271e+01
2.896396396396396344e+00 7.341027920940534557e+01
2.912162162162161838e+00 7.343421262276041261e+01
2.927927927927927776e+00 7.345806121347200701e+01
2.943693693693693270e+00 7.348182525018674482e+01
2.959459459459459207e+00 7.350550500092437289e+01
2.975225225225225145e+00 7.352910073307748462e+01
2.990990990990990639e+00 7.355261271341097995e+01
3.006756756756756577e+00 7.357604120806153958e+01
3.022522522522522515e+00 7.359938648253746862e+01
3.038288288288288008e+00 7.362264880171804293e+01
3.054054054054053946e+00 7.364582842985328170e+01
3.069819819819819440e+00 7.366892563056353538e+01
3.085585585585585378e+00 7.369194066683917299e+01
3.101351351351351315e+00 7.371487380104032638e+01
3.117117117117116809e+00 7.373772529489646388e+01
3.132882882882882747e+00 7.376049540950619132e+01
3.148648648648648241e+00 7.378318440533706735e+01
3.164414414414414178e+00 7.380579254222514862e+01
3.180180180180180116e+00 7.382832007937503249e+01
3.195945945945945610e+00 7.385076727535945906e+01
3.211711711711711548e+00 7.387313438811921174e+01
3.227477477477477041e+00 7.389542167496291825e+01
3.243243243243242979e+00 7.391762939256697962e+01
3.259009009009008917e+00 7.393975779697527173e+01
3.274774774774774411e+00 7.396180714359918795e+01
3.290540540540540349e+00 7.398377768721751124e+01
3.306306306306305842e+00 7.400566968197624362e+01
3.322072072072071780e+00 7.402748338138864881e+01
3.337837837837837718e+00 7.404921903833515273e+01
3.353603603603603212e+00 7.407087690506330091e+01
3.369369369369369149e+00 7.409245723318781529e+01
3.385135135135135087e+00 7.411396027369049477e+01
3.400900900900900581e+00 7.413538627692027205e+01
3.416666666666666519e+00 7.415673549259334152e+01
3.432432432432432012e+00 7.417800816979304557e+01
3.448198198198197950e+00 7.419920455697004513e+01
3.463963963963963888e+00 7.422032490194237653e+01
3.479729729729729382e+00 7.424136945189552250e+01
3.495495495495495319e+00 7.426233845338258277e+01
3.511261261261260813e+00 7.428323215232425980e+01
3.527027027027026751e+00 7.430405079400927093e+01
3.542792792792792689e+00 7.432479462309413520e+01
3.558558558558558182e+00 7.434546388360371338e+01
3.574324324324324120e+00 7.436605881893102321e+01
3.590090090090089614e+00 7.438657967183782205e+01
3.605855855855855552e+00 7.440702668445449319e+01
3.621621621621621490e+00 7.442740009828042957e+01
3.637387387387386983e+00 7.444770015418430376e+01
3.653153153153152921e+00 7.446792709240415320e+01
3.668918918918918415e+00 7.448808115254784923e+01
3.684684684684684353e+00 7.450816257359322492e+01
3.700450450450450290e+00 7.452817159388845880e+01
3.716216216216215784e+00 7.454810845115231643e+01
3.731981981981981722e+00 7.456797338247449147e+01
3.747747747747747660e+00 7.458776662431598936e+01
3.763513513513513153e+00 7.460748841250942576e+01
3.779279279279279091e+00 7.462713898225925391e+01
3.795045045045044585e+00 7.464671856814241835e+01
3.810810810810810523e+00 7.466622740410849701e+01
3.826576576576576461e+00 7.468566572348022703e+01
3.842342342342341954e+00 7.470503375895374631e+01
3.858108108108107892e+00 7.472433174259924726e+01
3.873873873873873386e+00 7.474355990586120413e+01
3.889639639639639324e+00 7.476271847955891303e+01
3.905405405405405261e+00 7.478180769388690408e+01
3.921171171171170755e+00 7.480082777841542452e+01
3.936936936936936693e+00 7.481977896209090773e+01
3.952702702702702187e+00 7.483866147323645635e+01
3.968468468468468124e+00 7.485747553955231126e+01
3.984234234234234062e+00 7.487622138811640582e+01
3.999999999999999556e+00 7.489489924538484900e+01
4.015765765765765494e+00 7.491350933719250804e+01
4.031531531531530987e+00 7.493205188875342060e+01
4.047297297297296481e+00 7.495052712466149103e+01
4.063063063063062863e+00 7.496893526889094517e+01
4.078828828828828357e+00 7.498727654479701243e+01
4.094594594594594739e+00 7.500555117511632375e+01
4.110360360360360232e+00 7.502375938196769312e+01
4.126126126126125726e+00 7.504190138685255818e+01
4.141891891891891220e+00 7.505997741065574758e+01
4.157657657657656713e+00 7.507798767364590731e+01
4.173423423423423095e+00 7.509593239547631072e+01
4.189189189189189477e+00 7.511381179518541273e+01
4.204954954954954971e+00 7.513162609119743252e+01
4.220720720720720465e+00 7.514937550132313504e+01
4.236486486486485958e+00 7.516706024276039955e+01
4.252252252252251452e+00 7.518468053209494428e+01
4.268018018018017834e+00 7.520223658530103705e+01
4.283783783783783328e+00 7.521972861774200680e+01
4.299549549549549710e+00 7.523715684417119576e+01
4.315315315315315203e+00 7.525452147873248521e+01
4.331081081081080697e+00 7.527182273496106291e+01
4.346846846846846191e+00 7.528906082578419046e+01
4.362612612612611684e+00 7.530623596352185700e+01
4.378378378378378066e+00 7.532334835988760346e+01
4.394144144144144448e+00 7.534039822598916203e+01
4.409909909909909942e+00 7.535738577232930879e+01
4.425675675675675436e+00 7.537431120880661695e+01
4.441441441441440929e+00 7.539117474471611047e+01
4.457207207207206423e+00 7.540797658875021625e+01
4.472972972972972805e+00 7.542471694899950307e+01
4.488738738738738299e+00 7.544139603295332108e+01
4.504504504504503792e+00 7.545801404750076813e+01
4.520270270270270174e+00 7.547457119893149979e+01
4.536036036036035668e+00 7.549106769293643993e+01
4.551801801801801162e+00 7.550750373460859066e+01
4.567567567567567544e+00 7.552387952844409824e+01
4.583333333333333037e+00 7.554019527834270775e+01
4.599099099099098531e+00 7.555645118760899948e+01
4.614864864864864913e+00 7.557264745895288627e+01
4.630630630630630407e+00 7.558878429449075043e+01
4.646396396396395900e+00 7.560486189574606897e+01
4.662162162162161394e+00 7.562088046365053629e+01
4.677927927927927776e+00 7.563684019854466101e+01
4.693693693693693270e+00 7.565274130017884602e+01
4.709459459459458763e+00 7.566858396771422690e+01
4.725225225225225145e+00 7.568436839972349617e+01
4.740990990990990639e+00 7.570009479419182696e+01
4.756756756756756133e+00 7.571576334851795309e+01
4.772522522522522515e+00 7.573137425951475166e+01
4.788288288288288008e+00 7.574692772341042257e+01
4.804054054054053502e+00 7.576242393584925594e+01
4.819819819819818996e+00 7.577786309189269787e+01
4.835585585585585378e+00 7.579324538602013206e+01
4.851351351351350871e+00 7.580857101212994564e+01
4.867117117117116365e+00 7.582384016354036760e+01
4.882882882882882747e+00 7.583905303299044931e+01
4.898648648648648241e+00 7.585420981264108775e+01
4.914414414414413734e+00 7.586931069407587813e+01
4.930180180180180116e+00 7.588435586830209445e+01
4.945945945945945610e+00 7.589934552575178373e+01
4.961711711711711104e+00 7.591427985628253339e+01
4.977477477477477485e+00 7.592915904917856551e+01
4.993243243243242979e+00 7.594398329315168894e+01
5.009009009009008473e+00 7.595875277634240774e+01
5.024774774774773967e+00 7.597346768632063174e+01
5.040540540540540349e+00 7.598812821008698393e+01
5.056306306306305842e+00 7.600273453407353941e+01
5.072072072072071336e+00 7.601728684414504755e+01
5.087837837837837718e+00 7.603178532559971359e+01
5.103603603603603212e+00 7.604623016317043493e+01
5.119369369369368705e+00 7.606062154102563966e+01
5.135135135135135087e+00 7.607495964277042333e+01
5.150900900900900581e+00 7.608924465144748694e+01
5.166666666666666075e+00 7.610347674953821695e+01
5.182432432432431568e+00 7.611765611896370842e+01
5.198198198198197950e+00 7.613178294108580246e+01
5.213963963963963444e+00 7.614585739670805253e+01
5.229729729729728938e+00 7.615987966607686133e+01
5.245495495495495319e+00 7.617384992888250395e+01
5.261261261261260813e+00 7.618776836426015109e+01
5.277027027027026307e+00 7.620163515079093486e+01
5.292792792792792689e+00 7.621545046650294353e+01
5.308558558558558182e+00 7.622921448887242946e+01
5.324324324324323676e+00 7.624292739482467596e+01
5.340090090090090058e+00 7.625658936073524785e+01
5.355855855855855552e+00 7.627020056243095780e+01
5.371621621621621046e+00 7.628376117519088950e+01
5.387387387387386539e+00 7.629727137374760559e+01
5.403153153153152921e+00 7.631073133228811400e+01
5.418918918918918415e+00 7.632414122445496218e+01
5.434684684684683909e+00 7.633750122334745924e+01
5.450450450450450290e+00 7.635081150152247176e+01
5.466216216216215784e+00 7.636407223099578800e+01
5.481981981981981278e+00 7.637728358324307010e+01
5.497747747747747660e+00 7.639044572920104770e+01
5.513513513513513153e+00 7.640355883926839908e+01
5.529279279279278647e+00 7.641662308330712960e+01
5.545045045045045029e+00 7.642963863064345276e+01
5.560810810810810523e+00 7.644260565006905495e+01
5.576576576576576016e+00 7.645552430984199077e+01
5.592342342342341510e+00 7.646839477768799043e+01
5.608108108108107892e+00 7.648121722080149709e+01
5.623873873873873386e+00 7.649399180584680380e+01
5.639639639639638879e+00 7.650671869895909083e+01
5.655405405405405261e+00 7.651939806574554837e+01
5.671171171171170755e+00 7.653203007128662705e+01
5.686936936936936249e+00 7.654461488013697590e+01
5.702702702702702631e+00 7.655715265632666444e+01
5.718468468468468124e+00 7.656964356336231958e+01
5.734234234234233618e+00 7.658208776422817721e+01
5.749999999999999112e+00 7.659448542138729010e+01
5.765765765765765494e+00 7.660683669678253693e+01
5.781531531531530987e+00 7.661914175183792963e+01
5.797297297297296481e+00 7.663140074745950869e+01
5.813063063063062863e+00 7.664361384403669319e+01
5.828828828828828357e+00 7.665578120144334662e+01
5.844594594594593850e+00 7.666790297903878582e+01
5.860360360360360232e+00 7.667997933566913105e+01
5.876126126126125726e+00 7.669201042966827231e+01
5.891891891891891220e+00 7.670399641885907727e+01
5.907657657657657602e+00 7.671593746055449969e+01
5.923423423423423095e+00 7.672783371155878740e+01
5.939189189189188589e+00 7.673968532816854804e+01
5.954954954954954083e+00 7.675149246617390020e+01
5.970720720720720465e+00 7.676325528085973815e+01
5.986486486486485958e+00 7.677497392700666978e+01
6.002252252252251452e+00 7.678664855889229557e+01
6.018018018018017834e+00 7.679827933029238807e+01
6.033783783783783328e+00 7.680986639448187248e+01
6.049549549549548821e+00 7.682140990423623350e+01
6.065315315315315203e+00 7.683291001183235380e+01
6.081081081081080697e+00 7.684436686904997771e+01
6.096846846846846191e+00 7.685578062717256387e+01
6.112612612612611684e+00 7.686715143698873476e+01
6.128378378378378066e+00 7.687847944879315776e+01
6.144144144144143560e+00 7.688976481238785254e+01
6.159909909909909054e+00 7.690100767708335638e+01
6.175675675675675436e+00 7.691220819169974732e+01
6.191441441441440929e+00 7.692336650456792313e+01
6.207207207207206423e+00 7.693448276353076665e+01
6.222972972972972805e+00 7.694555711594414049e+01
6.238738738738738299e+00 7.695658970867823712e+01
6.254504504504503792e+00 7.696758068811863041e+01
6.270270270270270174e+00 7.697853020016741254e+01
6.286036036036035668e+00 7.698943839024441615e+01
6.301801801801801162e+00 7.700030540328829431e+01
6.317567567567566655e+00 7.701113138375785638e+01
6.333333333333333037e+00 7.702191647563292065e+01
6.349099099099098531e+00 7.703266082241576385e+01
6.364864864864864025e+00 7.704336456713208747e+01
6.380630630630630407e+00 7.705402785233229679e+01
6.396396396396395900e+00 7.706465082009262346e+01
6.412162162162161394e+00 7.707523361201613454e+01
6.427927927927927776e+00 7.708577636923419618e+01
6.443693693693693270e+00 7.709627923240729785e+01
6.459459459459458763e+00 7.710674234172650188e+01
6.475225225225224257e+00 7.711716583691435289e+01
6.490990990990990639e+00 7.712754985722622791e+01
6.506756756756756133e+00 7.713789454145135949e+01
6.522522522522521626e+00 7.714820002791404363e+01
6.538288288288288008e+00 7.715846645447486196e+01
6.554054054054053502e+00 7.716869395853163383e+01
6.569819819819818996e+00 7.717888267702088001e+01
6.585585585585585378e+00 7.718903274641864698e+01
6.601351351351350871e+00 7.719914430274192796e+01
6.617117117117116365e+00 7.720921748154965769e+01
6.632882882882882747e+00 7.721925241794393457e+01
6.648648648648648241e+00 7.722924924657117174e+01
6.664414414414413734e+00 7.723920810162314865e+01
6.680180180180179228e+00 7.724912911683837535e+01
6.695945945945945610e+00 7.725901242550301617e+01
6.711711711711711104e+00 7.726885816045222555e+01
6.727477477477476597e+00 7.727866645407111434e+01
6.743243243243242979e+00 7.728843743829608570e+01
6.759009009009008473e+00 7.729817124461585820e+01
6.774774774774773967e+00 7.730786800407265957e+01
6.790540540540540349e+00 7.731752784726342043e+01
6.806306306306305842e+00 7.732715090434075478e+01
6.822072072072071336e+00 7.733673730501435273e+01
6.837837837837836830e+00 7.734628717855190416e+01
6.853603603603603212e+00 7.735580065378033510e+01
6.869369369369368705e+00 7.736527785908704402e+01
6.885135135135134199e+00 7.737471892242083982e+01
6.900900900900900581e+00 7.738412397129323494e+01
6.916666666666666075e+00 7.739349313277955389e+01
6.932432432432431568e+00 7.740282653352014108e+01
6.948198198198197950e+00 7.741212429972124198e+01
6.963963963963963444e+00 7.742138655715646678e+01
6.979729729729728938e+00 7.743061343116781359e+01
6.995495495495495319e+00 7.743980504666666320e+01
7.011261261261260813e+00 7.744896152813508650e+01
7.027027027027026307e+00 7.745808299962688181e+01
7.042792792792791801e+00 7.746716958476888237e+01
7.058558558558558182e+00 7.747622140676172364e+01
7.074324324324323676e+00 7.748523858838143497e+01
7.090090090090089170e+00 7.749422125198019273e+01
7.105855855855855552e+00 7.750316951948764199e+01
7.121621621621621046e+00 7.751208351241196226e+01
7.137387387387386539e+00 7.752096335184099019e+01
7.153153153153152921e+00 7.752980915844342746e+01
7.168918918918918415e+00 7.753862105246984981e+01
7.184684684684683909e+00 7.754739915375387227e+01
7.200450450450449402e+00 7.755614358171332867e+01
7.216216216216215784e+00 7.756485445535128065e+01
7.231981981981981278e+00 7.757353189325718290e+01
7.247747747747746772e+00 7.758217601360807691e+01
7.263513513513513153e+00 7.759078693416964256e+01
7.279279279279278647e+00 7.759936477229724971e+01
7.295045045045044141e+00 7.760790964493718036e+01
7.310810810810810523e+00 7.761642166862772285e+01
7.326576576576576016e+00 7.762490095950018087e+01
7.342342342342341510e+00 7.763334763328003874e+01
7.358108108108107892e+00 7.764176180528824034e+01
7.373873873873873386e+00 7.765014359044199921e+01
7.389639639639638879e+00 7.765849310325609167e+01
7.405405405405404373e+00 7.766681045784389426e+01
7.421171171171170755e+00 7.767509576791854897e+01
7.436936936936936249e+00 7.768334914679395808e+01
7.452702702702701743e+00 7.769157070738597781e+01
7.468468468468468124e+00 7.769976056221349836e+01
7.484234234234233618e+00 7.770791882339945289e+01
7.499999999999999112e+00 7.771604560267206807e+01
7.515765765765765494e+00 7.772414101136580200e+01
7.531531531531530987e+00 7.773220516042252370e+01
7.547297297297296481e+00 7.774023816039256474e+01
7.563063063063061975e+00 7.774824012143587026e+01
7.578828828828828357e+00 7.775621115332296540e+01
7.594594594594593850e+00 7.776415136543613471e+01
7.610360360360359344e+00 7.777206086677050223e+01
7.626126126126125726e+00 7.777993976593504044e+01
7.641891891891891220e+00 7.778778817115373556e+01
7.657657657657656713e+00 7.779560619026661072e+01
7.673423423423423095e+00 7.780339393073079179e+01
7.689189189189188589e+00 7.781115149962165844e+01
7.704954954954954083e+00 7.781887900363383892e+01
7.720720720720720465e+00 7.782657654908221900e+01
7.736486486486485958e+00 7.783424424190323521e+01
7.752252252252251452e+00 7.784188218765571321e+01
7.768018018018016946e+00 7.784949049152204736e+01
7.783783783783783328e+00 7.785706925830918124e+01
7.799549549549548821e+00 7.786461859244978712e+01
7.815315315315314315e+00 7.787213859800324656e+01
7.831081081081080697e+00 7.787962937865670199e+01
7.846846846846846191e+00 7.788709103772612252e+01
7.862612612612611684e+00 7.789452367815738398e+01
7.878378378378378066e+00 7.790192740252732051e+01
7.894144144144143560e+00 7.790930231304470510e+01
7.909909909909909054e+00 7.791664851155135807e+01
7.925675675675675436e+00 7.792396609952321285e+01
7.941441441441440929e+00 7.793125517807129654e+01
7.957207207207206423e+00 7.793851584794283838e+01
7.972972972972971917e+00 7.794574820952225025e+01
7.988738738738738299e+00 7.795295236283214990e+01
8.004504504504502904e+00 7.796012840753451201e+01
8.020270270270270174e+00 7.796727644293156345e+01
8.036036036036035668e+00 7.797439656796693441e+01
8.051801801801801162e+00 7.798148888122656786e+01
8.067567567567566655e+00 7.798855348093984219e+01
8.083333333333332149e+00 7.799559046498056603e+01
8.099099099099099419e+00 7.800259993086800137e+01
8.114864864864863137e+00 7.800958197576788677e+01
8.130630630630630407e+00 7.801653669649343215e+01
8.146396396396395900e+00 7.802346418950638451e+01
8.162162162162161394e+00 7.803036455091800860e+01
8.177927927927926888e+00 7.803723787649011001e+01
8.193693693693692381e+00 7.804408426163605839e+01
8.209459459459459651e+00 7.805090380142173956e+01
8.225225225225223369e+00 7.805769659056666399e+01
8.240990990990990639e+00 7.806446272344491888e+01
8.256756756756756133e+00 7.807120229408607770e+01
8.272522522522521626e+00 7.807791539617643650e+01
8.288288288288288896e+00 7.808460212305972448e+01
8.304054054054052614e+00 7.809126256773831187e+01
8.319819819819819884e+00 7.809789682287416213e+01
8.335585585585583601e+00 7.810450498078972714e+01
8.351351351351350871e+00 7.811108713346908416e+01
8.367117117117116365e+00 7.811764337255876001e+01
8.382882882882881859e+00 7.812417378936892476e+01
8.398648648648649129e+00 7.813067847487413076e+01
8.414414414414412846e+00 7.813715751971444945e+01
8.430180180180180116e+00 7.814361101419653721e+01
8.445945945945945610e+00 7.815003904829430326e+01
8.461711711711711104e+00 7.815644171165023124e+01
8.477477477477476597e+00 7.816281909357611823e+01
8.493243243243242091e+00 7.816917128305414053e+01
8.509009009009007585e+00 7.817549836873780578e+01
8.524774774774774855e+00 7.818180043895294773e+01
8.540540540540540349e+00 7.818807758169860733e+01
8.556306306306305842e+00 7.819432988464808432e+01
8.572072072072071336e+00 7.820055743514984670e+01
8.587837837837836830e+00 7.820676032022851132e+01
8.603603603603602323e+00 7.821293862658575335e+01
8.619369369369367817e+00 7.821909244060135791e+01
8.635135135135135087e+00 7.822522184833405845e+01
8.650900900900900581e+00 7.823132693552253158e+01
8.666666666666666075e+00 7.823740778758634917e+01
8.682432432432431568e+00 7.824346448962694467e+01
8.698198198198197062e+00 7.824949712642849420e+01
8.713963963963962556e+00 7.825550578245891131e+01
8.729729729729729826e+00 7.826149054187071386e+01
8.745495495495495319e+00 7.826745148850210398e+01
8.761261261261260813e+00 7.827338870587762187e+01
8.777027027027026307e+00 7.827930227720950995e+01
8.792792792792791801e+00 7.828519228539809660e+01
8.808558558558557294e+00 7.829105881303325987e+01
8.824324324324322788e+00 7.829690194239496748e+01
8.840090090090090058e+00 7.830272175545438529e+01
8.855855855855855552e+00 7.830851833387467309e+01
8.871621621621621046e+00 7.831429175901199358e+01
8.887387387387386539e+00 7.832004211191649290e+01
8.903153153153152033e+00 7.832576947333299699e+01
8.918918918918917527e+00 7.833147392370209161e+01
8.934684684684684797e+00 7.833715554316100338e+01
8.950450450450450290e+00 7.834281441154443826e+01
8.966216216216215784e+00 7.834845060838559050e+01
8.981981981981981278e+00 7.835406421291686740e+01
8.997747747747746772e+00 7.835965530407099777e+01
9.013513513513512265e+00 7.836522396048185612e+01
9.029279279279277759e+00 7.837077026048523010e+01
9.045045045045045029e+00 7.837629428211984361e+01
9.060810810810810523e+00 7.838179610312822376e+01
9.076576576576576016e+00 7.838727580095756764e+01
9.092342342342341510e+00 7.839273345276062344e+01
9.108108108108107004e+00 7.839816913539658572e+01
9.123873873873872498e+00 7.840358292543194807e+01
9.139639639639637991e+00 7.840897489914144103e+01
9.155405405405405261e+00 7.841434513250881366e+01
9.171171171171170755e+00 7.841969370122779992e+01
9.186936936936936249e+00 7.842502068070288601e+01
9.202702702702701743e+00 7.843032614605030517e+01
9.218468468468467236e+00 7.843561017209876240e+01
9.234234234234232730e+00 7.844087283339042926e+01
9.250000000000000000e+00 7.844611420418166858e+01
9.265765765765765494e+00 7.845133435844401504e+01
9.281531531531530987e+00 7.845653336986497095e+01
9.297297297297296481e+00 7.846171131184890157e+01
9.313063063063061975e+00 7.846686825751771721e+01
9.328828828828827469e+00 7.847200427971201009e+01
9.344594594594592962e+00 7.847711945099169384e+01
9.360360360360360232e+00 7.848221384363682773e+01
9.376126126126125726e+00 7.848728752964861144e+01
9.391891891891891220e+00 7.849234058075010978e+01
9.407657657657656713e+00 7.849737306838714801e+01
9.423423423423422207e+00 7.850238506372900815e+01
9.439189189189187701e+00 7.850737663766950902e+01
9.454954954954954971e+00 7.851234786082763151e+01
9.470720720720720465e+00 7.851729880354834279e+01
9.486486486486485958e+00 7.852222953590363375e+01
9.502252252252251452e+00 7.852714012769304475e+01
9.518018018018016946e+00 7.853203064844473147e+01
9.533783783783782440e+00 7.853690116741611860e+01
9.549549549549547933e+00 7.854175175359482353e+01
9.565315315315315203e+00 7.854658247569943796e+01
9.581081081081080697e+00 7.855139340218026689e+01
9.596846846846846191e+00 7.855618460122016700e+01
9.612612612612611684e+00 7.856095614073554145e+01
9.628378378378377178e+00 7.856570808837682307e+01
9.644144144144142672e+00 7.857044051152949748e+01
9.659909909909909942e+00 7.857515347731479949e+01
9.675675675675675436e+00 7.857984705259055147e+01
9.691441441441440929e+00 7.858452130395200186e+01
9.707207207207206423e+00 7.858917629773250724e+01
9.722972972972971917e+00 7.859381210000442763e+01
9.738738738738737410e+00 7.859842877657980864e+01
9.754504504504502904e+00 7.860302639301123406e+01
9.770270270270270174e+00 7.860760501459260752e+01
9.786036036036035668e+00 7.861216470635991982e+01
9.801801801801801162e+00 7.861670553309201637e+01
9.817567567567566655e+00 7.862122755931137874e+01
9.833333333333332149e+00 7.862573084928490630e+01
9.849099099099097643e+00 7.863021546702464093e+01
9.864864864864863137e+00 7.863468147628860550e+01
9.880630630630630407e+00 7.863912894058152858e+01
9.896396396396395900e+00 7.864355792315559768e+01
9.912162162162161394e+00 7.864796848701119814e+01
9.927927927927926888e+00 7.865236069489779425e+01
9.943693693693692381e+00 7.865673460931452610e+01
9.959459459459457875e+00 7.866109029251103379e+01
9.975225225225225145e+00 7.866542780648822486e+01
9.990990990990990639e+00 7.866974721299904161e+01
1.000675675675675613e+01 7.867404857354907222e+01
1.002252252252252163e+01 7.867833194939747443e+01
1.003828828828828712e+01 7.868259740155760085e+01
1.005405405405405261e+01 7.868684499079778050e+01
1.006981981981981811e+01 7.869107477764205782e+01
1.008558558558558538e+01 7.869528682237086059e+01
1.010135135135135087e+01 7.869948118502185253e+01
1.011711711711711636e+01 7.870365792539058702e+01
1.013288288288288186e+01 7.870781710303114664e+01
1.014864864864864735e+01 7.871195877725710943e+01
1.016441441441441285e+01 7.871608300714204631e+01
1.018018018018018012e+01 7.872018985152034531e+01
1.019594594594594561e+01 7.872427936898785106e+01
1.021171171171171110e+01 7.872835161790271741e+01
1.022747747747747660e+01 7.873240665638599012e+01
1.024324324324324209e+01 7.873644454232233159e+01
1.025900900900900758e+01 7.874046533336085929e+01
1.027477477477477308e+01 7.874446908691562896e+01
1.029054054054054035e+01 7.874845586016658672e+01
1.030630630630630584e+01 7.875242571006010905e+01
1.032207207207207134e+01 7.875637869330967078e+01
1.033783783783783683e+01 7.876031486639672607e+01
1.035360360360360232e+01 7.876423428557114903e+01
1.036936936936936782e+01 7.876813700685218578e+01
1.038513513513513509e+01 7.877202308602900871e+01
1.040090090090090058e+01 7.877589257866138439e+01
1.041666666666666607e+01 7.877974554008035568e+01
1.043243243243243157e+01 7.878358202538906596e+01
1.044819819819819706e+01 7.878740208946322809e+01
1.046396396396396256e+01 7.879120578695196286e+01
1.047972972972972805e+01 7.879499317227843846e+01
1.049549549549549532e+01 7.879876429964055262e+01
1.051126126126126081e+01 7.880251922301144418e+01
1.052702702702702631e+01 7.880625799614040261e+01
1.054279279279279180e+01 7.880998067255342221e+01
1.055855855855855729e+01 7.881368730555391267e+01
1.057432432432432279e+01 7.881737794822321064e+01
1.059009009009009006e+01 7.882105265342138978e+01
1.060585585585585555e+01 7.882471147378795706e+01
1.062162162162162105e+01 7.882835446174232175e+01
1.063738738738738654e+01 7.883198166948460539e+01
1.065315315315315203e+01 7.883559314899629555e+01
1.066891891891891753e+01 7.883918895204071475e+01
1.068468468468468302e+01 7.884276913016388733e+01
1.070045045045045029e+01 7.884633373469509365e+01
1.071621621621621578e+01 7.884988281674742439e+01
1.073198198198198128e+01 7.885341642721859046e+01
1.074774774774774677e+01 7.885693461679142047e+01
1.076351351351351227e+01 7.886043743593459965e+01
1.077927927927927776e+01 7.886392493490316724e+01
1.079504504504504325e+01 7.886739716373922704e+01
1.081081081081081052e+01 7.887085417227272899e+01
1.082657657657657602e+01 7.887429601012178182e+01
1.084234234234234151e+01 7.887772272669346307e+01
1.085810810810810700e+01 7.888113437118445859e+01
1.087387387387387250e+01 7.888453099258167356e+01
1.088963963963963799e+01 7.888791263966267309e+01
1.090540540540540526e+01 7.889127936099649219e+01
1.092117117117117076e+01 7.889463120494431791e+01
1.093693693693693625e+01 7.889796821965984464e+01
1.095270270270270174e+01 7.890129045308997036e+01
1.096846846846846724e+01 7.890459795297554990e+01
1.098423423423423273e+01 7.890789076685186387e+01
1.099999999999999822e+01 7.891116894204918708e+01
1.101576576576576549e+01 7.891443252569349909e+01
1.103153153153153099e+01 7.891768156470701001e+01
1.104729729729729648e+01 7.892091610580880001e+01
1.106306306306306197e+01 7.892413619551530246e+01
1.107882882882882747e+01 7.892734188014107133e+01
1.109459459459459296e+01 7.893053320579923593e+01
1.111036036036036023e+01 7.893371021840205515e+01
1.112612612612612573e+01 7.893687296366165640e+01
1.114189189189189122e+01 7.894002148709050459e+01
1.115765765765765671e+01 7.894315583400198477e+01
1.117342342342342221e+01 7.894627604951101318e+01
1.118918918918918770e+01 7.894938217853460571e+01
1.120495495495495319e+01 7.895247426579237526e+01
1.122072072072072046e+01 7.895555235580727071e+01
1.123648648648648596e+01 7.895861649290591799e+01
1.125225225225225145e+01 7.896166672121948693e+01
1.126801801801801695e+01 7.896470308468389021e+01
1.128378378378378244e+01 7.896772562704060761e+01
1.129954954954954793e+01 7.897073439183716914e+01
1.131531531531531520e+01 7.897372942242773775e+01
1.133108108108108070e+01 7.897671076197357820e+01
1.134684684684684619e+01 7.897967845344373927e+01
1.136261261261261168e+01 7.898263253961548003e+01
1.137837837837837718e+01 7.898557306307488091e+01
1.139414414414414267e+01 7.898850006621736952e+01
1.140990990990990817e+01 7.899141359124833173e+01
1.142567567567567544e+01 7.899431368018350952e+01
1.144144144144144093e+01 7.899720037484972579e+01
1.145720720720720642e+01 7.900007371688523961e+01
1.147297297297297192e+01 7.900293374774041411e+01
1.148873873873873741e+01 7.900578050867821389e+01
1.150450450450450290e+01 7.900861404077464556e+01
1.152027027027026840e+01 7.901143438491951088e+01
1.153603603603603567e+01 7.901424158181663415e+01
1.155180180180180116e+01 7.901703567198462963e+01
1.156756756756756666e+01 7.901981669575728517e+01
1.158333333333333215e+01 7.902258469328421597e+01
1.159909909909909764e+01 7.902533970453117718e+01
1.161486486486486314e+01 7.902808176928080286e+01
1.163063063063063041e+01 7.903081092713298972e+01
1.164639639639639590e+01 7.903352721750542287e+01
1.166216216216216139e+01 7.903623067963414428e+01
1.167792792792792689e+01 7.903892135257396490e+01
1.169369369369369238e+01 7.904159927519904727e+01
1.170945945945945788e+01 7.904426448620344559e+01
1.172522522522522337e+01 7.904691702410137566e+01
1.174099099099099064e+01 7.904955692722808180e+01
1.175675675675675613e+01 7.905218423374007841e+01
1.177252252252252163e+01 7.905479898161563312e+01
1.178828828828828712e+01 7.905740120865534948e+01
1.180405405405405261e+01 7.905999095248276376e+01
1.181981981981981811e+01 7.906256825054458659e+01
1.183558558558558538e+01 7.906513314011131399e+01
1.185135135135135087e+01 7.906768565827782425e+01
1.186711711711711636e+01 7.907022584196359105e+01
1.188288288288288186e+01 7.907275372791343671e+01
1.189864864864864735e+01 7.907526935269784474e+01
1.191441441441441285e+01 7.907777275271352835e+01
1.193018018018017834e+01 7.908026396418388515e+01
1.194594594594594561e+01 7.908274302315932403e+01
1.196171171171171110e+01 7.908520996551797566e+01
1.197747747747747660e+01 7.908766482696600519e+01
1.199324324324324209e+01 7.909010764303813801e+01
1.200900900900900758e+01 7.909253844909808606e+01
1.202477477477477308e+01 7.909495728033905948e+01
1.204054054054054035e+01 7.909736417178416445e+01
1.205630630630630584e+01 7.909975915828690063e+01
1.207207207207207134e+01 7.910214227453160163e+01
1.208783783783783683e+01 7.910451355503393245e+01
1.210360360360360232e+01 7.910687303414128735e+01
1.211936936936936782e+01 7.910922074603325882e+01
1.213513513513513331e+01 7.911155672472209233e+01
1.215090090090090058e+01 7.911388100405312684e+01
1.216666666666666607e+01 7.911619361770519276e+01
1.218243243243243157e+01 7.911849459919119454e+01
1.219819819819819706e+01 7.912078398185839490e+01
1.221396396396396256e+01 7.912306179888894064e+01
1.222972972972972805e+01 7.912532808330023215e+01
1.224549549549549354e+01 7.912758286794544915e+01
1.226126126126126081e+01 7.912982618551389180e+01
1.227702702702702631e+01 7.913205806853143542e+01
1.229279279279279180e+01 7.913427854936112738e+01
1.230855855855855729e+01 7.913648766020325809e+01
1.232432432432432279e+01 7.913868543309607162e+01
1.234009009009008828e+01 7.914087189991610671e+01
1.235585585585585555e+01 7.914304709237866575e+01
1.237162162162162105e+01 7.914521104203805635e+01
1.238738738738738654e+01 7.914736378028821662e+01
1.240315315315315203e+01 7.914950533836312729e+01
1.241891891891891753e+01 7.915163574733695384e+01
1.243468468468468302e+01 7.915375503812478541e+01
1.245045045045044851e+01 7.915586324148286224e+01
1.246621621621621578e+01 7.915796038800903034e+01
1.248198198198198128e+01 7.916004650814315369e+01
1.249774774774774677e+01 7.916212163216744102e+01
1.251351351351351227e+01 7.916418579020700008e+01
1.252927927927927776e+01 7.916623901223009341e+01
1.254504504504504325e+01 7.916828132804857887e+01
1.256081081081081052e+01 7.917031276731833600e+01
1.257657657657657602e+01 7.917233335953967810e+01
1.259234234234234151e+01 7.917434313405756541e+01
1.260810810810810700e+01 7.917634212006227301e+01
1.262387387387387250e+01 7.917833034658963243e+01
1.263963963963963799e+01 7.918030784252125898e+01
1.265540540540540349e+01 7.918227463658529075e+01
1.267117117117117076e+01 7.918423075735647387e+01
1.268693693693693625e+01 7.918617623325664567e+01
1.270270270270270174e+01 7.918811109255514680e+01
1.271846846846846724e+01 7.919003536336914806e+01
1.273423423423423273e+01 7.919194907366401992e+01
1.274999999999999822e+01 7.919385225125374461e+01
1.276576576576576549e+01 7.919574492380125719e+01
1.278153153153153099e+01 7.919762711881880080e+01
1.279729729729729648e+01 7.919949886366838143e+01
1.281306306306306197e+01 7.920136018556196689e+01
1.282882882882882747e+01 7.920321111156199834e+01
1.284459459459459296e+01 7.920505166858173141e+01
1.286036036036035846e+01 7.920688188338547775e+01
1.287612612612612573e+01 7.920870178258913086e+01
1.289189189189189122e+01 7.921051139266042185e+01
1.290765765765765671e+01 7.921231073991920368e+01
1.292342342342342221e+01 7.921409985053799119e+01
1.293918918918918770e+01 7.921587875054214578e+01
1.295495495495495319e+01 7.921764746581038708e+01
1.297072072072072046e+01 7.921940602207486393e+01
1.298648648648648596e+01 7.922115444492177971e+01
1.300225225225225145e+01 7.922289275979169076e+01
1.301801801801801695e+01 7.922462099197962004e+01
1.303378378378378244e+01 7.922633916663562559e+01
1.304954954954954793e+01 7.922804730876511314e+01
1.306531531531531343e+01 7.922974544322910617e+01
1.308108108108108070e+01 7.923143359474454428e+01
1.309684684684684619e+01 7.923311178788473796e+01
1.311261261261261168e+01 7.923478004707961020e+01
1.312837837837837718e+01 7.923643839661598065e+01
1.314414414414414267e+01 7.923808686063803464e+01
1.315990990990990817e+01 7.923972546314753629e+01
1.317567567567567366e+01 7.924135422800416961e+01
1.319144144144144093e+01 7.924297317892592218e+01
1.320720720720720642e+01 7.924458233948922725e+01
1.322297297297297192e+01 7.924618173312954639e+01
1.323873873873873741e+01 7.924777138314145475e+01
1.325450450450450290e+01 7.924935131267903898e+01
1.327027027027026840e+01 7.925092154475626671e+01
1.328603603603603567e+01 7.925248210224717127e+01
1.330180180180180116e+01 7.925403300788627803e+01
1.331756756756756666e+01 7.925557428426883178e+01
1.333333333333333215e+01 7.925710595385118040e+01
1.334909909909909764e+01 7.925862803895090281e+01
1.336486486486486314e+01 7.926014056174734890e+01
1.338063063063062863e+01 7.926164354428179593e+01
1.339639639639639590e+01 7.926313700845773269e+01
1.341216216216216139e+01 7.926462097604122903e+01
1.342792792792792689e+01 7.926609546866112055e+01
1.344369369369369238e+01 7.926756050780949181e+01
1.345945945945945788e+01 7.926901611484176158e+01
1.347522522522522337e+01 7.927046231097705231e+01
1.349099099099099064e+01 7.927189911729853122e+01
1.350675675675675613e+01 7.927332655475355239e+01
1.352252252252252163e+01 7.927474464415416833e+01
1.353828828828828712e+01 7.927615340617713002e+01
1.355405405405405261e+01 7.927755286136435586e+01
1.356981981981981811e+01 7.927894303012323007e+01
1.358558558558558360e+01 7.928032393272667377e+01
1.360135135135135087e+01 7.928169558931372762e+01
1.361711711711711636e+01 7.928305801988948076e+01
1.363288288288288186e+01 7.928441124432556819e+01
1.364864864864864735e+01 7.928575528236052605e+01
1.366441441441441285e+01 7.928709015359962109e+01
1.368018018018017834e+01 7.928841587751568909e+01
1.369594594594594561e+01 7.928973247344897857e+01
1.371171171171171110e+01 7.929103996060756288e+01
1.372747747747747660e+01 7.929233835806759600e+01
1.374324324324324209e+01 7.929362768477362522e+01
1.375900900900900758e+01 7.929490795953869053e+01
1.377477477477477308e+01 7.929617920104476525e+01
1.379054054054053857e+01 7.929744142784285543e+01
1.380630630630630584e+01 7.929869465835329834e+01
1.382207207207207134e+01 7.929993891086614610e+01
1.383783783783783683e+01 7.930117420354117996e+01
1.385360360360360232e+01 7.930240055440829394e+01
1.386936936936936782e+01 7.930361798136776486e+01
1.388513513513513331e+01 7.930482650219046548e+01
1.390090090090089880e+01 7.930602613451797822e+01
1.391666666666666607e+01 7.930721689586300727e+01
1.393243243243243157e+01 7.930839880360960592e+01
1.394819819819819706e+01 7.930957187501333294e+01
1.396396396396396256e+01 7.931073612720145150e+01
1.397972972972972805e+01 7.931189157717329863e+01
1.399549549549549354e+01 7.931303824180042739e+01
1.401126126126126081e+01 7.931417613782680576e+01
1.402702702702702631e+01 7.931530528186917195e+01
1.404279279279279180e+01 7.931642569041709123e+01
1.405855855855855729e+01 7.931753737983335384e+01
1.407432432432432279e+01 7.931864036635401760e+01
1.409009009009008828e+01 7.931973466608880585e+01
1.410585585585585378e+01 7.932082029502122111e+01
1.412162162162162105e+01 7.932189726900871563e+01
1.413738738738738654e+01 7.932296560378307504e+01
1.415315315315315203e+01 7.932402531495050368e+01
1.416891891891891753e+01 7.932507641799180931e+01
1.418468468468468302e+01 7.932611892826270150e+01
1.420045045045044851e+01 7.932715286099401908e+01
1.421621621621621578e+01 7.932817823129187218e+01
1.423198198198198128e+01 7.932919505413777017e+01
1.424774774774774677e+01 7.933020334438906218e+01
1.426351351351351227e+01 7.933120311677889447e+01
1.427927927927927776e+01 7.933219438591657990e+01
1.429504504504504325e+01 7.933317716628762639e+01
1.431081081081080875e+01 7.933415147225420583e+01
1.432657657657657602e+01 7.933511731805506884e+01
1.434234234234234151e+01 7.933607471780581477e+01
1.435810810810810700e+01 7.933702368549920436e+01
1.437387387387387250e+01 7.933796423500531603e+01
1.438963963963963799e+01 7.933889638007154588e+01
1.440540540540540349e+01 7.933982013432301983e+01
1.442117117117117076e+01 7.934073551126273571e+01
1.443693693693693625e+01 7.934164252427164854e+01
1.445270270270270174e+01 7.934254118660886945e+01
1.446846846846846724e+01 7.934343151141203521e+01
1.448423423423423273e+01 7.934431351169722291e+01
1.449999999999999822e+01 7.934518720035924844e+01
1.451576576576576372e+01 7.934605259017195067e+01
1.453153153153153099e+01 7.934690969378810621e+01
1.454729729729729648e+01 7.934775852373992677e+01
1.456306306306306197e+01 7.934859909243887444e+01
1.457882882882882747e+01 7.934943141217617324e+01
1.459459459459459296e+01 7.935025549512272391e+01
1.461036036036035846e+01 7.935107135332941652e+01
1.462612612612612395e+01 7.935187899872715889e+01
1.464189189189189122e+01 7.935267844312723184e+01
1.465765765765765671e+01 7.935346969822131769e+01
1.467342342342342221e+01 7.935425277558159962e+01
1.468918918918918770e+01 7.935502768666111706e+01
1.470495495495495319e+01 7.935579444279376560e+01
1.472072072072071869e+01 7.935655305519451019e+01
1.473648648648648596e+01 7.935730353495944200e+01
1.475225225225225145e+01 7.935804589306623313e+01
1.476801801801801695e+01 7.935878014037379558e+01
1.478378378378378244e+01 7.935950628762283543e+01
1.479954954954954793e+01 7.936022434543593818e+01
1.481531531531531343e+01 7.936093432431755446e+01
1.483108108108107892e+01 7.936163623465421324e+01
1.484684684684684619e+01 7.936233008671472078e+01
1.486261261261261168e+01 7.936301589065030271e+01
1.487837837837837718e+01 7.936369365649460406e+01
1.489414414414414267e+01 7.936436339416403030e+01
1.490990990990990817e+01 7.936502511345776156e+01
1.492567567567567366e+01 7.936567882405783791e+01
1.494144144144144093e+01 7.936632453552944355e+01
1.495720720720720642e+01 7.936696225732084997e+01
1.497297297297297192e+01 7.936759199876381388e+01
1.498873873873873741e+01 7.936821376907337822e+01
1.500450450450450290e+01 7.936882757734822746e+01
1.502027027027026840e+01 7.936943343257075867e+01
1.503603603603603389e+01 7.937003134360722356e+01
1.505180180180180116e+01 7.937062131920774277e+01
1.506756756756756666e+01 7.937120336800647635e+01
1.508333333333333215e+01 7.937177749852192221e+01
1.509909909909909764e+01 7.937234371915673137e+01
1.511486486486486314e+01 7.937290203819804901e+01
1.513063063063062863e+01 7.937345246381752872e+01
1.514639639639639590e+01 7.937399500407148878e+01
1.516216216216216139e+01 7.937452966690086953e+01
1.517792792792792689e+01 7.937505646013167393e+01
1.519369369369369238e+01 7.937557539147476859e+01
1.520945945945945788e+01 7.937608646852608274e+01
1.522522522522522337e+01 7.937658969876673609e+01
1.524099099099098886e+01 7.937708508956318099e+01
1.525675675675675613e+01 7.937757264816717395e+01
1.527252252252252163e+01 7.937805238171600308e+01
1.528828828828828712e+01 7.937852429723254488e+01
1.530405405405405261e+01 7.937898840162533531e+01
1.531981981981981811e+01 7.937944470168866928e+01
1.533558558558558360e+01 7.937989320410274274e+01
1.535135135135135087e+01 7.938033391543362427e+01
1.536711711711711636e+01 7.938076684213358192e+01
1.538288288288288186e+01 7.938119199054087005e+01
1.539864864864864735e+01 7.938160936688007041e+01
1.541441441441441285e+01 7.938201897726199263e+01
1.543018018018017834e+01 7.938242082768393004e+01
1.544594594594594383e+01 7.938281492402954598e+01
1.546171171171171110e+01 7.938320127206911536e+01
1.547747747747747660e+01 7.938357987745959576e+01
1.549324324324324209e+01 7.938395074574457055e+01
1.550900900900900758e+01 7.938431388235446207e+01
1.552477477477477308e+01 7.938466929260654581e+01
1.554054054054053857e+01 7.938501698170504994e+01
1.555630630630630407e+01 7.938535695474116949e+01
1.557207207207207134e+01 7.938568921669323686e+01
1.558783783783783683e+01 7.938601377242667922e+01
1.560360360360360232e+01 7.938633062669417484e+01
1.561936936936936782e+01 7.938663978413568145e+01
1.563513513513513331e+01 7.938694124927849316e+01
1.565090090090089880e+01 7.938723502653722619e+01
1.566666666666666607e+01 7.938752112021408891e+01
1.568243243243243157e+01 7.938779953449882498e+01
1.569819819819819706e+01 7.938807027346864231e+01
1.571396396396396256e+01 7.938833334108846884e+01
1.572972972972972805e+01 7.938858874121089571e+01
1.574549549549549354e+01 7.938883647757630513e+01
1.576126126126125904e+01 7.938907655381279938e+01
1.577702702702702631e+01 7.938930897343642812e+01
1.579279279279279180e+01 7.938953373985108897e+01
1.580855855855855729e+01 7.938975085634857010e+01
1.582432432432432279e+01 7.938996032610876341e+01
1.584009009009008828e+01 7.939016215219946560e+01
1.585585585585585378e+01 7.939035633757666233e+01
1.587162162162162105e+01 7.939054288508440038e+01
1.588738738738738654e+01 7.939072179745487290e+01
1.590315315315315203e+01 7.939089307730849043e+01
1.591891891891891753e+01 7.939105672715393780e+01
1.593468468468468302e+01 7.939121274938801776e+01
1.595045045045044851e+01 7.939136114629593521e+01
1.596621621621621401e+01 7.939150192005129725e+01
1.598198198198198128e+01 7.939163507271585729e+01
1.599774774774774677e+01 7.939176060623996989e+01
1.601351351351351227e+01 7.939187852246230648e+01
1.602927927927927954e+01 7.939198882310989802e+01
1.604504504504504325e+01 7.939209150979840501e+01
1.606081081081080697e+01 7.939218658403184747e+01
1.607657657657657779e+01 7.939227404720280390e+01
1.609234234234234151e+01 7.939235390059235442e+01
1.610810810810810523e+01 7.939242614537015186e+01
1.612387387387387250e+01 7.939249078259435066e+01
1.613963963963963977e+01 7.939254781321173482e+01
1.615540540540540349e+01 7.939259723805764679e+01
1.617117117117116720e+01 7.939263905785603015e+01
1.618693693693693803e+01 7.939267327321947221e+01
1.620270270270270174e+01 7.939269988464906191e+01
1.621846846846846546e+01 7.939271889253464565e+01
1.623423423423423273e+01 7.939273029715465668e+01
1.625000000000000000e+01 7.939273409867610098e+01
