5.000000000000000000e-01 3.152419583072699538e+02
5.070070070070069601e-01 3.155449546692184981e+02
5.140140140140140312e-01 3.158477601722154304e+02
5.210210210210209913e-01 3.161503745226951878e+02
5.280280280280280625e-01 3.164527974275381439e+02
5.350350350350350226e-01 3.167550285940683352e+02
5.420420420420419827e-01 3.170570677300511875e+02
5.490490490490490538e-01 3.173589145436906165e+02
5.560560560560560139e-01 3.176605687436269250e+02
5.630630630630630851e-01 3.179620300389336194e+02
5.700700700700700452e-01 3.182632981391157614e+02
5.770770770770771163e-01 3.185643727541074099e+02
5.840840840840840764e-01 3.188652535942683812e+02
5.910910910910911475e-01 3.191659403703829980e+02
5.980980980980981077e-01 3.194664327936566792e+02
6.051051051051050678e-01 3.197667305757141207e+02
6.121121121121121389e-01 3.200668334285968513e+02
6.191191191191190990e-01 3.203667410647600491e+02
6.261261261261261701e-01 3.206664531970719736e+02
6.331331331331331302e-01 3.209659695388087925e+02
6.401401401401400904e-01 3.212652898036552642e+02
6.471471471471471615e-01 3.215644137057003604e+02
6.541541541541541216e-01 3.218633409594355612e+02
6.611611611611611927e-01 3.221620712797526949e+02
6.681681681681681528e-01 3.224606043819409820e+02
6.751751751751751129e-01 3.227589399816852165e+02
6.821821821821821841e-01 3.230570777950640036e+02
6.891891891891892552e-01 3.233550175385464627e+02
6.961961961961962153e-01 3.236527589289897264e+02
7.032032032032031754e-01 3.239503016836383154e+02
7.102102102102102466e-01 3.242476455201199315e+02
7.172172172172172067e-01 3.245447901564448898e+02
7.242242242242242778e-01 3.248417353110024237e+02
7.312312312312312379e-01 3.251384807025592636e+02
7.382382382382381980e-01 3.254350260502575907e+02
7.452452452452452691e-01 3.257313710736115695e+02
7.522522522522522292e-01 3.260275154925072911e+02
7.592592592592593004e-01 3.263234590271982825e+02
7.662662662662662605e-01 3.266192013983047673e+02
7.732732732732732206e-01 3.269147423268111083e+02
7.802802802802802917e-01 3.272100815340630220e+02
7.872872872872873629e-01 3.275052187417668961e+02
7.942942942942943230e-01 3.278001536719859814e+02
8.013013013013012831e-01 3.280948860471391981e+02
8.083083083083082432e-01 3.283894155899992597e+02
8.153153153153153143e-01 3.286837420236890921e+02
8.223223223223223854e-01 3.289778650716812649e+02
8.293293293293293456e-01 3.292717844577955475e+02
8.363363363363363057e-01 3.295654999061960098e+02
8.433433433433432658e-01 3.298590111413899990e+02
8.503503503503503369e-01 3.301523178882250136e+02
8.573573573573574080e-01 3.304454198718875659e+02
8.643643643643643681e-01 3.307383168179006816e+02
8.713713713713713283e-01 3.310310084521215117e+02
8.783783783783783994e-01 3.313234945007403098e+02
8.853853853853853595e-01 3.316157746902769645e+02
8.923923923923924306e-01 3.319078487475807151e+02
8.993993993993993907e-01 3.321997163998261158e+02
9.064064064064063508e-01 3.324913773745125809e+02
9.134134134134134220e-01 3.327828313994621112e+02
9.204204204204204931e-01 3.330740782028166791e+02
9.274274274274274532e-01 3.333651175130369211e+02
9.344344344344344133e-01 3.336559490588995232e+02
9.414414414414413734e-01 3.339465725694960838e+02
9.484484484484484446e-01 3.342369877742301583e+02
9.554554554554555157e-01 3.345271944028162920e+02
9.624624624624624758e-01 3.348171921852773494e+02
9.694694694694694359e-01 3.351069808519430921e+02
9.764764764764763960e-01 3.353965601334477924e+02
9.834834834834834671e-01 3.356859297607288681e+02
9.904904904904905383e-01 3.359750894650240980e+02
9.974974974974974984e-01 3.362640389778708823e+02
1.004504504504504458e+00 3.365527780311034576e+02
1.011511511511511419e+00 3.368413063568515327e+02
1.018518518518518601e+00 3.371296236875383556e+02
1.025525525525525561e+00 3.374177297558779287e+02
1.032532532532532521e+00 3.377056242948749514e+02
1.039539539539539481e+00 3.379933070378214666e+02
1.046546546546546441e+00 3.382807777182952123e+02
1.053553553553553623e+00 3.385680360701590530e+02
1.060560560560560583e+00 3.388550818275575693e+02
1.067567567567567544e+00 3.391419147249156936e+02
1.074574574574574726e+00 3.394285344969377434e+02
1.081581581581581464e+00 3.397149408786044091e+02
1.088588588588588646e+00 3.400011336051725266e+02
1.095595595595595606e+00 3.402871124121709272e+02
1.102602602602602566e+00 3.405728770354011772e+02
1.109609609609609748e+00 3.408584272109349058e+02
1.116616616616616486e+00 3.411437626751107928e+02
1.123623623623623669e+00 3.414288831645347955e+02
1.130630630630630629e+00 3.417137884160774206e+02
1.137637637637637589e+00 3.419984781668718483e+02
1.144644644644644771e+00 3.422829521543128521e+02
1.151651651651651509e+00 3.425672101160542979e+02
1.158658658658658691e+00 3.428512517900085186e+02
1.165665665665665651e+00 3.431350769143434150e+02
1.172672672672672611e+00 3.434186852274816033e+02
1.179679679679679793e+00 3.437020764680985394e+02
1.186686686686686532e+00 3.439852503751205859e+02
1.193693693693693714e+00 3.442682066877241027e+02
1.200700700700700674e+00 3.445509451453323777e+02
1.207707707707707634e+00 3.448334654876157401e+02
1.214714714714714816e+00 3.451157674544886049e+02
1.221721721721721554e+00 3.453978507861084495e+02
1.228728728728728736e+00 3.456797152228742220e+02
1.235735735735735696e+00 3.459613605054242385e+02
1.242742742742742657e+00 3.462427863746352728e+02
1.249749749749749839e+00 3.465239925716206812e+02
1.256756756756756799e+00 3.468049788377282994e+02
1.263763763763763759e+00 3.470857449145395890e+02
1.270770770770770719e+00 3.473662905438679900e+02
1.277777777777777679e+00 3.476466154677569875e+02
1.284784784784784861e+00 3.479267194284787479e+02
1.291791791791791821e+00 3.482066021685329247e+02
1.298798798798798781e+00 3.484862634306441009e+02
1.305805805805805964e+00 3.487657029577617323e+02
1.312812812812812702e+00 3.490449204930577025e+02
1.319819819819819884e+00 3.493239157799243912e+02
1.326826826826826844e+00 3.496026885619745030e+02
1.333833833833833804e+00 3.498812385830384528e+02
1.340840840840840986e+00 3.501595655871633426e+02
1.347847847847847724e+00 3.504376693186111993e+02
1.354854854854854906e+00 3.507155495218579517e+02
1.361861861861861867e+00 3.509932059415918957e+02
1.368868868868868827e+00 3.512706383227119886e+02
1.375875875875876009e+00 3.515478464103259739e+02
1.382882882882882747e+00 3.518248299497501534e+02
1.389889889889889929e+00 3.521015886865069433e+02
1.396896896896896889e+00 3.523781223663239075e+02
1.403903903903903849e+00 3.526544307351320526e+02
1.410910910910911031e+00 3.529305135390648047e+02
1.417917917917917769e+00 3.532063705244565881e+02
1.424924924924924952e+00 3.534820014378404380e+02
1.431931931931931912e+00 3.537574060259485123e+02
1.438938938938938872e+00 3.540325840357090783e+02
1.445945945945946054e+00 3.543075352142456040e+02
1.452952952952952792e+00 3.545822593088757912e+02
1.459959959959959974e+00 3.548567560671100978e+02
1.466966966966966934e+00 3.551310252366496343e+02
1.473973973973973894e+00 3.554050665653864485e+02
1.480980980980981077e+00 3.556788798014002282e+02
1.487987987987987815e+00 3.559524646929584719e+02
1.494994994994994997e+00 3.562258209885144993e+02
1.502002002002001957e+00 3.564989484367064847e+02
1.509009009009008917e+00 3.567718467863562068e+02
1.516016016016016099e+00 3.570445157864667749e+02
1.523023023023023059e+00 3.573169551862231401e+02
1.530030030030030019e+00 3.575891647349890263e+02
1.537037037037036979e+00 3.578611441823068731e+02
1.544044044044043940e+00 3.581328932778965850e+02
1.551051051051051122e+00 3.584044117716526330e+02
1.558058058058058082e+00 3.586756994136454182e+02
1.565065065065065042e+00 3.589467559541178048e+02
1.572072072072072002e+00 3.592175811434852903e+02
1.579079079079078962e+00 3.594881747323341301e+02
1.586086086086086144e+00 3.597585364714199727e+02
1.593093093093093104e+00 3.600286661116676896e+02
1.600100100100100065e+00 3.602985634041685330e+02
1.607107107107107025e+00 3.605682281001808747e+02
1.614114114114114207e+00 3.608376599511271934e+02
1.621121121121121167e+00 3.611068587085941317e+02
1.628128128128128127e+00 3.613758241243313023e+02
1.635135135135135087e+00 3.616445559502491278e+02
1.642142142142142047e+00 3.619130539384186136e+02
1.649149149149149229e+00 3.621813178410702676e+02
1.656156156156156189e+00 3.624493474105922246e+02
1.663163163163163150e+00 3.627171423995301325e+02
1.670170170170170110e+00 3.629847025605845374e+02
1.677177177177177070e+00 3.632520276466116229e+02
1.684184184184184252e+00 3.635191174106205949e+02
1.691191191191191212e+00 3.637859716057735113e+02
1.698198198198198172e+00 3.640525899853840883e+02
1.705205205205205132e+00 3.643189723029154834e+02
1.712212212212212092e+00 3.645851183119813754e+02
1.719219219219219275e+00 3.648510277663428951e+02
1.726226226226226235e+00 3.651167004199082839e+02
1.733233233233233195e+00 3.653821360267326668e+02
1.740240240240240155e+00 3.656473343410152665e+02
1.747247247247247337e+00 3.659122951171003706e+02
1.754254254254254297e+00 3.661770181094745453e+02
1.761261261261261257e+00 3.664415030727668068e+02
1.768268268268268217e+00 3.667057497617473700e+02
1.775275275275275177e+00 3.669697579313254892e+02
1.782282282282282360e+00 3.672335273365507078e+02
1.789289289289289320e+00 3.674970577326099601e+02
1.796296296296296280e+00 3.677603488748273435e+02
1.803303303303303240e+00 3.680234005186626973e+02
1.810310310310310200e+00 3.682862124197115463e+02
1.817317317317317382e+00 3.685487843337036225e+02
1.824324324324324342e+00 3.688111160165012734e+02
1.831331331331331302e+00 3.690732072240995763e+02
1.838338338338338263e+00 3.693350577126248595e+02
1.845345345345345223e+00 3.695966672383341916e+02
1.852352352352352405e+00 3.698580355576133343e+02
1.859359359359359365e+00 3.701191624269773683e+02
1.866366366366366325e+00 3.703800476030692153e+02
1.873373373373373285e+00 3.706406908426575342e+02
1.880380380380380467e+00 3.709010919026379725e+02
1.887387387387387427e+00 3.711612505400311761e+02
1.894394394394394388e+00 3.714211665119806867e+02
1.901401401401401348e+00 3.716808395757549874e+02
1.908408408408408308e+00 3.719402694887439225e+02
1.915415415415415490e+00 3.721994560084591512e+02
1.922422422422422450e+00 3.724583988925331255e+02
1.929429429429429410e+00 3.727170978987181229e+02
1.936436436436436370e+00 3.729755527848858492e+02
1.943443443443443330e+00 3.732337633090253348e+02
1.950450450450450512e+00 3.734917292292440152e+02
1.957457457457457473e+00 3.737494503037655136e+02
1.964464464464464433e+00 3.740069262909289023e+02
1.971471471471471393e+00 3.742641569491890436e+02
1.978478478478478575e+00 3.745211420371146573e+02
1.985485485485485535e+00 3.747778813133875815e+02
1.992492492492492495e+00 3.750343745368027726e+02
1.999499499499499455e+00 3.752906214662671118e+02
2.006506506506506415e+00 3.755466218607982682e+02
2.013513513513513598e+00 3.758023754795246418e+02
2.020520520520520336e+00 3.760578820816840562e+02
2.027527527527527518e+00 3.763131414266238721e+02
2.034534534534534700e+00 3.765681532737984867e+02
2.041541541541541438e+00 3.768229173827708109e+02
2.048548548548548620e+00 3.770774335132103374e+02
2.055555555555555358e+00 3.773317014248922305e+02
2.062562562562562540e+00 3.775857208776972129e+02
2.069569569569569722e+00 3.778394916316109402e+02
2.076576576576576461e+00 3.780930134467225230e+02
2.083583583583583643e+00 3.783462860832248111e+02
2.090590590590590381e+00 3.785993093014132569e+02
2.097597597597597563e+00 3.788520828616850054e+02
2.104604604604604745e+00 3.791046065245386103e+02
2.111611611611611927e+00 3.793568800505733520e+02
2.118618618618618665e+00 3.796089032004888395e+02
2.125625625625625403e+00 3.798606757350835892e+02
2.132632632632632586e+00 3.801121974152547978e+02
2.139639639639639768e+00 3.803634680019985126e+02
2.146646646646646950e+00 3.806144872564075285e+02
2.153653653653653688e+00 3.808652549396718427e+02
2.160660660660660426e+00 3.811157708130778019e+02
2.167667667667667608e+00 3.813660346380077044e+02
2.174674674674674790e+00 3.816160461759386635e+02
2.181681681681681972e+00 3.818658051884422662e+02
2.188688688688688710e+00 3.821153114371847437e+02
2.195695695695695449e+00 3.823645646839247547e+02
2.202702702702702631e+00 3.826135646905144085e+02
2.209709709709709813e+00 3.828623112188988671e+02
2.216716716716716995e+00 3.831108040311133323e+02
2.223723723723723733e+00 3.833590428892855471e+02
2.230730730730730471e+00 3.836070275556337492e+02
2.237737737737737653e+00 3.838547577924663301e+02
2.244744744744744835e+00 3.841022333621809821e+02
2.251751751751752018e+00 3.843494540272651534e+02
2.258758758758758756e+00 3.845964195502945699e+02
2.265765765765765494e+00 3.848431296939331219e+02
2.272772772772772676e+00 3.850895842209325792e+02
2.279779779779779858e+00 3.853357828941317393e+02
2.286786786786787040e+00 3.855817254764565973e+02
2.293793793793793778e+00 3.858274117309186977e+02
2.300800800800800516e+00 3.860728414206159300e+02
2.307807807807807698e+00 3.863180143087314491e+02
2.314814814814814881e+00 3.865629301585327084e+02
2.321821821821822063e+00 3.868075887333729383e+02
2.328828828828828801e+00 3.870519897966883036e+02
2.335835835835835539e+00 3.872961331119988699e+02
2.342842842842842721e+00 3.875400184429079786e+02
2.349849849849849903e+00 3.877836455531018487e+02
2.356856856856857085e+00 3.880270142063488947e+02
2.363863863863863823e+00 3.882701241664997838e+02
2.370870870870870561e+00 3.885129751974864121e+02
2.377877877877877744e+00 3.887555670633222462e+02
2.384884884884884926e+00 3.889978995281013567e+02
2.391891891891892108e+00 3.892399723559986455e+02
2.398898898898898846e+00 3.894817853112687658e+02
2.405905905905905584e+00 3.897233381582460652e+02
2.412912912912912766e+00 3.899646306613447564e+02
2.419919919919919948e+00 3.902056625850573255e+02
2.426926926926927131e+00 3.904464336939562372e+02
2.433933933933933869e+00 3.906869437526909223e+02
2.440940940940940607e+00 3.909271925259899376e+02
2.447947947947947789e+00 3.911671797786594880e+02
2.454954954954954971e+00 3.914069052755824600e+02
2.461961961961962153e+00 3.916463687817198434e+02
2.468968968968968891e+00 3.918855700621087976e+02
2.475975975975975629e+00 3.921245088818636759e+02
2.482982982982982811e+00 3.923631850061746604e+02
2.489989989989989994e+00 3.926015982003081035e+02
2.496996996996997176e+00 3.928397482296064709e+02
2.504004004004003914e+00 3.930776348594866931e+02
2.511011011011011096e+00 3.933152578554419847e+02
2.518018018018017834e+00 3.935526169830403092e+02
2.525025025025025016e+00 3.937897120079238107e+02
2.532032032032032198e+00 3.940265426958101784e+02
2.539039039039038936e+00 3.942631088124907137e+02
2.546046046046046119e+00 3.944994101238302733e+02
2.553053053053052857e+00 3.947354463957689177e+02
2.560060060060060039e+00 3.949712173943193534e+02
2.567067067067067221e+00 3.952067228855679559e+02
2.574074074074073959e+00 3.954419626356743152e+02
2.581081081081081141e+00 3.956769364108719174e+02
2.588088088088087879e+00 3.959116439774653600e+02
2.595095095095095061e+00 3.961460851018337621e+02
2.602102102102102243e+00 3.963802595504276383e+02
2.609109109109108982e+00 3.966141670897707172e+02
2.616116116116116164e+00 3.968478074864582368e+02
2.623123123123122902e+00 3.970811805071577396e+02
2.630130130130130084e+00 3.973142859186093574e+02
2.637137137137137266e+00 3.975471234876239350e+02
2.644144144144144004e+00 3.977796929810848496e+02
2.651151151151151186e+00 3.980119941659465894e+02
2.658158158158157924e+00 3.982440268092351516e+02
2.665165165165165106e+00 3.984757906780484404e+02
2.672172172172172289e+00 3.987072855395546185e+02
2.679179179179179027e+00 3.989385111609939827e+02
2.686186186186186209e+00 3.991694673096766905e+02
2.693193193193193391e+00 3.994001537529855455e+02
2.700200200200200129e+00 3.996305702583725292e+02
2.707207207207207311e+00 3.998607165933617580e+02
2.714214214214214049e+00 4.000905925255470379e+02
2.721221221221221231e+00 4.003201978225939683e+02
2.728228228228228414e+00 4.005495322522385209e+02
2.735235235235235152e+00 4.007785955822863002e+02
2.742242242242242334e+00 4.010073875806143064e+02
2.749249249249249072e+00 4.012359080151707076e+02
2.756256256256256254e+00 4.014641566539731343e+02
2.763263263263263436e+00 4.016921332651099306e+02
2.770270270270270174e+00 4.019198376167404376e+02
2.777277277277277356e+00 4.021472694770941985e+02
2.784284284284284094e+00 4.023744286144711850e+02
2.791291291291291277e+00 4.026013147972416846e+02
2.798298298298298459e+00 4.028279277938471523e+02
2.805305305305305197e+00 4.030542673727990177e+02
2.812312312312312379e+00 4.032803333026793666e+02
2.819319319319319117e+00 4.035061253521414528e+02
2.826326326326326299e+00 4.037316432899079928e+02
2.833333333333333481e+00 4.039568868847733825e+02
2.840340340340340219e+00 4.041818559056028448e+02
2.847347347347347402e+00 4.044065501213317475e+02
2.854354354354354140e+00 4.046309693009663988e+02
2.861361361361361322e+00 4.048551132135847297e+02
2.868368368368368504e+00 4.050789816283348728e+02
2.875375375375375242e+00 4.053025743144366970e+02
2.882382382382382424e+00 4.055258910411806141e+02
2.889389389389389162e+00 4.057489315779291132e+02
2.896396396396396344e+00 4.059716956941152830e+02
2.903403403403403527e+00 4.061941831592442327e+02
2.910410410410410265e+00 4.064163937428925237e+02
2.917417417417417447e+00 4.066383272147085108e+02
2.924424424424424185e+00 4.068599833444122851e+02
2.931431431431431367e+00 4.070813619017957876e+02
2.938438438438438549e+00 4.073024626567237760e+02
2.945445445445445287e+00 4.075232853791324032e+02
2.952452452452452469e+00 4.077438298390310365e+02
2.959459459459459651e+00 4.079640958065010068e+02
2.966466466466466390e+00 4.081840830516968026e+02
2.973473473473473572e+00 4.084037913448456720e+02
2.980480480480480310e+00 4.086232204562479069e+02
2.987487487487487492e+00 4.088423701562774113e+02
2.994494494494494674e+00 4.090612402153810763e+02
3.001501501501501412e+00 4.092798304040797461e+02
3.008508508508508594e+00 4.094981404929686164e+02
3.015515515515515332e+00 4.097161702527156990e+02
3.022522522522522515e+00 4.099339194540646076e+02
3.029529529529529697e+00 4.101513878678327956e+02
3.036536536536536435e+00 4.103685752649124652e+02
3.043543543543543617e+00 4.105854814162709090e+02
3.050550550550550355e+00 4.108021060929506234e+02
3.057557557557557537e+00 4.110184490660698771e+02
3.064564564564564719e+00 4.112345101068215172e+02
3.071571571571571457e+00 4.114502889864757549e+02
3.078578578578578639e+00 4.116657854763782893e+02
3.085585585585585378e+00 4.118809993479511604e+02
3.092592592592592560e+00 4.120959303726936014e+02
3.099599599599599742e+00 4.123105783221816409e+02
3.106606606606606480e+00 4.125249429680682738e+02
3.113613613613613662e+00 4.127390240820851091e+02
3.120620620620620400e+00 4.129528214360406650e+02
3.127627627627627582e+00 4.131663348018219608e+02
3.134634634634634764e+00 4.133795639513946867e+02
3.141641641641641503e+00 4.135925086568029201e+02
3.148648648648648685e+00 4.138051686901707171e+02
3.155655655655655423e+00 4.140175438237007484e+02
3.162662662662662605e+00 4.142296338296760041e+02
3.169669669669669787e+00 4.144414384804595102e+02
3.176676676676676525e+00 4.146529575484945553e+02
3.183683683683683707e+00 4.148641908063053734e+02
3.190690690690690445e+00 4.150751380264976547e+02
3.197697697697697627e+00 4.152857989817584325e+02
3.204704704704704810e+00 4.154961734448561970e+02
3.211711711711711548e+00 4.157062611886425998e+02
3.218718718718718730e+00 4.159160619860513748e+02
3.225725725725725912e+00 4.161255756100990766e+02
3.232732732732732650e+00 4.163348018338866154e+02
3.239739739739739832e+00 4.165437404305980067e+02
3.246746746746746570e+00 4.167523911735014508e+02
3.253753753753753752e+00 4.169607538359501859e+02
3.260760760760760935e+00 4.171688281913818059e+02
3.267767767767767673e+00 4.173766140133205340e+02
3.274774774774774855e+00 4.175841110753752901e+02
3.281781781781781593e+00 4.177913191512420212e+02
3.288788788788788775e+00 4.179982380147030199e+02
3.295795795795795957e+00 4.182048674396280035e+02
3.302802802802802695e+00 4.184112071999743421e+02
3.309809809809809877e+00 4.186172570697875130e+02
3.316816816816816615e+00 4.188230168232009873e+02
3.323823823823823798e+00 4.190284862344379917e+02
3.330830830830830980e+00 4.192336650778105991e+02
3.337837837837837718e+00 4.194385531277217183e+02
3.344844844844844900e+00 4.196431501586633317e+02
3.351851851851851638e+00 4.198474559452194512e+02
3.358858858858858820e+00 4.200514702620649814e+02
3.365865865865866002e+00 4.202551928839664583e+02
3.372872872872872740e+00 4.204586235857835845e+02
3.379879879879879923e+00 4.206617621424683762e+02
3.386886886886886661e+00 4.208646083290662432e+02
3.393893893893893843e+00 4.210671619207165008e+02
3.400900900900901025e+00 4.212694226926533361e+02
3.407907907907907763e+00 4.214713904202055801e+02
3.414914914914914945e+00 4.216730648787972200e+02
3.421921921921921683e+00 4.218744458439484220e+02
3.428928928928928865e+00 4.220755330912768386e+02
3.435935935935936048e+00 4.222763263964957900e+02
3.442942942942942786e+00 4.224768255354170492e+02
3.449949949949949968e+00 4.226770302839508986e+02
3.456956956956957150e+00 4.228769404181056757e+02
3.463963963963963888e+00 4.230765557139896487e+02
3.470970970970971070e+00 4.232758759478106185e+02
3.477977977977977808e+00 4.234749008958774539e+02
3.484984984984984990e+00 4.236736303345994088e+02
3.491991991991992172e+00 4.238720640404875439e+02
3.498998998998998911e+00 4.240702017901560907e+02
3.506006006006006093e+00 4.242680433603208030e+02
3.513013013013012831e+00 4.244655885278019127e+02
3.520020020020020013e+00 4.246628370695236754e+02
3.527027027027027195e+00 4.248597887625145404e+02
3.534034034034033933e+00 4.250564433839082312e+02
3.541041041041041115e+00 4.252528007109454506e+02
3.548048048048047853e+00 4.254488605209724028e+02
3.555055055055055035e+00 4.256446225914426691e+02
3.562062062062062218e+00 4.258400866999183449e+02
3.569069069069068956e+00 4.260352526240691304e+02
3.576076076076076138e+00 4.262301201416748881e+02
3.583083083083082876e+00 4.264246890306242790e+02
3.590090090090090058e+00 4.266189590689172633e+02
3.597097097097097240e+00 4.268129300346642481e+02
3.604104104104103978e+00 4.270066017060877925e+02
3.611111111111111160e+00 4.271999738615229489e+02
3.618118118118117899e+00 4.273930462794180585e+02
3.625125125125125081e+00 4.275858187383349787e+02
3.632132132132132263e+00 4.277782910169500497e+02
3.639139139139139001e+00 4.279704628940555153e+02
3.646146146146146183e+00 4.281623341485583296e+02
3.653153153153152921e+00 4.283539045594834533e+02
3.660160160160160103e+00 4.285451739059724332e+02
3.667167167167167285e+00 4.287361419672848228e+02
3.674174174174174023e+00 4.289268085227990923e+02
3.681181181181181206e+00 4.291171733520128555e+02
3.688188188188187944e+00 4.293072362345449164e+02
3.695195195195195126e+00 4.294969969501339051e+02
3.702202202202202308e+00 4.296864552786408353e+02
3.709209209209209046e+00 4.298756110000490480e+02
3.716216216216216228e+00 4.300644638944644385e+02
3.723223223223223410e+00 4.302530137421181280e+02
3.730230230230230148e+00 4.304412603233643040e+02
3.737237237237237331e+00 4.306292034186840283e+02
3.744244244244244069e+00 4.308168428086838162e+02
3.751251251251251251e+00 4.310041782740969438e+02
3.758258258258258433e+00 4.311912095957854376e+02
3.765265265265265171e+00 4.313779365547385396e+02
3.772272272272272353e+00 4.315643589320756064e+02
3.779279279279279091e+00 4.317504765090466208e+02
3.786286286286286273e+00 4.319362890670306001e+02
3.793293293293293456e+00 4.321217963875404280e+02
3.800300300300300194e+00 4.323069982522200689e+02
3.807307307307307376e+00 4.324918944428471264e+02
3.814314314314314114e+00 4.326764847413335815e+02
3.821321321321321296e+00 4.328607689297253955e+02
3.828328328328328478e+00 4.330447467902060907e+02
3.835335335335335216e+00 4.332284181050936240e+02
3.842342342342342398e+00 4.334117826568450482e+02
3.849349349349349136e+00 4.335948402280543519e+02
3.856356356356356319e+00 4.337775906014552447e+02
3.863363363363363501e+00 4.339600335599213281e+02
3.870370370370370239e+00 4.341421688864668909e+02
3.877377377377377421e+00 4.343239963642474777e+02
3.884384384384384159e+00 4.345055157765611966e+02
3.891391391391391341e+00 4.346867269068497990e+02
3.898398398398398523e+00 4.348676295386988500e+02
3.905405405405405261e+00 4.350482234558388654e+02
3.912412412412412444e+00 4.352285084421465626e+02
3.919419419419419182e+00 4.354084842816452010e+02
3.926426426426426364e+00 4.355881507585055488e+02
3.933433433433433546e+00 4.357675076570471333e+02
3.940440440440440284e+00 4.359465547617388665e+02
3.947447447447447466e+00 4.361252918571997270e+02
3.954454454454454204e+00 4.363037187281998968e+02
3.961461461461461386e+00 4.364818351596620687e+02
3.968468468468468568e+00 4.366596409366615603e+02
3.975475475475475307e+00 4.368371358444273369e+02
3.982482482482482489e+00 4.370143196683435463e+02
3.989489489489489671e+00 4.371911921939499734e+02
3.996496496496496409e+00 4.373677532069430072e+02
4.003503503503504035e+00 4.375440024931765493e+02
4.010510510510510329e+00 4.377199398386629809e+02
4.017517517517517511e+00 4.378955650295742430e+02
4.024524524524524693e+00 4.380708778522421767e+02
4.031531531531530987e+00 4.382458780931603428e+02
4.038538538538539058e+00 4.384205655389843628e+02
4.045545545545545352e+00 4.385949399765325438e+02
4.052552552552552534e+00 4.387690011927883234e+02
4.059559559559559716e+00 4.389427489748997573e+02
4.066566566566566010e+00 4.391161831101800885e+02
4.073573573573574080e+00 4.392893033861105323e+02
4.080580580580580374e+00 4.394621095903398214e+02
4.087587587587587556e+00 4.396346015106860818e+02
4.094594594594594739e+00 4.398067789351361512e+02
4.101601601601601033e+00 4.399786416518492729e+02
4.108608608608609103e+00 4.401501894491549933e+02
4.115615615615615397e+00 4.403214221155567429e+02
4.122622622622622579e+00 4.404923394397309835e+02
4.129629629629629761e+00 4.406629412105296524e+02
4.136636636636636055e+00 4.408332272169797648e+02
4.143643643643644126e+00 4.410031972482857441e+02
4.150650650650650419e+00 4.411728510938290810e+02
4.157657657657657602e+00 4.413421885431707210e+02
4.164664664664664784e+00 4.415112093860504388e+02
4.171671671671671078e+00 4.416799134123899080e+02
4.178678678678679148e+00 4.418483004122922466e+02
4.185685685685685442e+00 4.420163701760423578e+02
4.192692692692692624e+00 4.421841224941103405e+02
4.199699699699699806e+00 4.423515571571501823e+02
4.206706706706706100e+00 4.425186739560025444e+02
4.213713713713714171e+00 4.426854726816941366e+02
4.220720720720720465e+00 4.428519531254395929e+02
4.227727727727727647e+00 4.430181150786438025e+02
4.234734734734734829e+00 4.431839583328999197e+02
4.241741741741741123e+00 4.433494826799931161e+02
4.248748748748749193e+00 4.435146879119008645e+02
4.255755755755755487e+00 4.436795738207929389e+02
4.262762762762762669e+00 4.438441401990336317e+02
4.269769769769769852e+00 4.440083868391828332e+02
4.276776776776776146e+00 4.441723135339959185e+02
4.283783783783784216e+00 4.443359200764265893e+02
4.290790790790790510e+00 4.444992062596261917e+02
4.297797797797797692e+00 4.446621718769460472e+02
4.304804804804804874e+00 4.448248167219376796e+02
4.311811811811811168e+00 4.449871405883538387e+02
4.318818818818819238e+00 4.451491432701512281e+02
4.325825825825825532e+00 4.453108245614893121e+02
4.332832832832832715e+00 4.454721842567321346e+02
4.339839839839839897e+00 4.456332221504509903e+02
4.346846846846846191e+00 4.457939380374224356e+02
4.353853853853854261e+00 4.459543317126328361e+02
4.360860860860860555e+00 4.461144029712764905e+02
4.367867867867867737e+00 4.462741516087587001e+02
4.374874874874874919e+00 4.464335774206959968e+02
4.381881881881881213e+00 4.465926802029169949e+02
4.388888888888889284e+00 4.467514597514646084e+02
4.395895895895895578e+00 4.469099158625956534e+02
4.402902902902902760e+00 4.470680483327835759e+02
4.409909909909909942e+00 4.472258569587181114e+02
4.416916916916916236e+00 4.473833415373071034e+02
4.423923923923924306e+00 4.475405018656780953e+02
4.430930930930930600e+00 4.476973377411782735e+02
4.437937937937937782e+00 4.478538489613760589e+02
4.444944944944944965e+00 4.480100353240631534e+02
4.451951951951951258e+00 4.481658966272543694e+02
4.458958958958959329e+00 4.483214326691892779e+02
4.465965965965965623e+00 4.484766432483335734e+02
4.472972972972972805e+00 4.486315281633794143e+02
4.479979979979979987e+00 4.487860872132483792e+02
4.486986986986987169e+00 4.489403201970896475e+02
4.493993993993994351e+00 4.490942269142843202e+02
4.501001001001000645e+00 4.492478071644438842e+02
4.508008008008007828e+00 4.494010607474143058e+02
4.515015015015015010e+00 4.495539874632725059e+02
4.522022022022022192e+00 4.497065871123334091e+02
4.529029029029029374e+00 4.498588594951468167e+02
4.536036036036035668e+00 4.500108044124997946e+02
4.543043043043042850e+00 4.501624216654178099e+02
4.550050050050050032e+00 4.503137110551663795e+02
4.557057057057057214e+00 4.504646723832518092e+02
4.564064064064064397e+00 4.506153054514220457e+02
4.571071071071070691e+00 4.507656100616687240e+02
4.578078078078077873e+00 4.509155860162266549e+02
4.585085085085085055e+00 4.510652331175776908e+02
4.592092092092092237e+00 4.512145511684488497e+02
4.599099099099099419e+00 4.513635399718162944e+02
4.606106106106105713e+00 4.515121993309040249e+02
4.613113113113112895e+00 4.516605290491867777e+02
4.620120120120120077e+00 4.518085289303908212e+02
4.627127127127127260e+00 4.519561987784946382e+02
4.634134134134134442e+00 4.521035383977301194e+02
4.641141141141140736e+00 4.522505475925849510e+02
4.648148148148147918e+00 4.523972261678020459e+02
4.655155155155155100e+00 4.525435739283818180e+02
4.662162162162162282e+00 4.526895906795833184e+02
4.669169169169169464e+00 4.528352762269255436e+02
4.676176176176175758e+00 4.529806303761874915e+02
4.683183183183182940e+00 4.531256529334108336e+02
4.690190190190190123e+00 4.532703437049004833e+02
4.697197197197197305e+00 4.534147024972254485e+02
4.704204204204204487e+00 4.535587291172204232e+02
4.711211211211210781e+00 4.537024233719871518e+02
4.718218218218217963e+00 4.538457850688957933e+02
4.725225225225225145e+00 4.539888140155846941e+02
4.732232232232232327e+00 4.541315100199635140e+02
4.739239239239239510e+00 4.542738728902136245e+02
4.746246246246245803e+00 4.544159024347881655e+02
4.753253253253252986e+00 4.545575984624159673e+02
4.760260260260260168e+00 4.546989607820999595e+02
4.767267267267267350e+00 4.548399892031200693e+02
4.774274274274274532e+00 4.549806835350339611e+02
4.781281281281280826e+00 4.551210435876781162e+02
4.788288288288288008e+00 4.552610691711689697e+02
4.795295295295295190e+00 4.554007600959047295e+02
4.802302302302302373e+00 4.555401161725658312e+02
4.809309309309309555e+00 4.556791372121172117e+02
4.816316316316315849e+00 4.558178230258079680e+02
4.823323323323323031e+00 4.559561734251738017e+02
4.830330330330330213e+00 4.560941882220383263e+02
4.837337337337337395e+00 4.562318672285134085e+02
4.844344344344344577e+00 4.563692102570008160e+02
4.851351351351350871e+00 4.565062171201938099e+02
4.858358358358358053e+00 4.566428876310777127e+02
4.865365365365365236e+00 4.567792216029317842e+02
4.872372372372372418e+00 4.569152188493299604e+02
4.879379379379379600e+00 4.570508791841426728e+02
4.886386386386386782e+00 4.571862024215371321e+02
4.893393393393393076e+00 4.573211883759792045e+02
4.900400400400400258e+00 4.574558368622350599e+02
4.907407407407407440e+00 4.575901476953713995e+02
4.914414414414414622e+00 4.577241206907571041e+02
4.921421421421421805e+00 4.578577556640651096e+02
4.928428428428428099e+00 4.579910524312729763e+02
4.935435435435435281e+00 4.581240108086639680e+02
4.942442442442442463e+00 4.582566306128284168e+02
4.949449449449449645e+00 4.583889116606661105e+02
4.956456456456456827e+00 4.585208537693854396e+02
4.963463463463463121e+00 4.586524567565063535e+02
4.970470470470470303e+00 4.587837204398609856e+02
4.977477477477477485e+00 4.589146446375947335e+02
4.984484484484484668e+00 4.590452291681676229e+02
4.991491491491491850e+00 4.591754738503561271e+02
4.998498498498498144e+00 4.593053785032531664e+02
5.005505505505505326e+00 4.594349429462707803e+02
5.012512512512512508e+00 4.595641669991401272e+02
5.019519519519519690e+00 4.596930504819139855e+02
5.026526526526526872e+00 4.598215932149666401e+02
5.033533533533533166e+00 4.599497950189955304e+02
5.040540540540540349e+00 4.600776557150244344e+02
5.047547547547547531e+00 4.602051751244010234e+02
5.054554554554554713e+00 4.603323530688014671e+02
5.061561561561561895e+00 4.604591893702293532e+02
5.068568568568568189e+00 4.605856838510192688e+02
5.075575575575575371e+00 4.607118363338353788e+02
5.082582582582582553e+00 4.608376466416748372e+02
5.089589589589589735e+00 4.609631145978683548e+02
5.096596596596596918e+00 4.610882400260802001e+02
5.103603603603603212e+00 4.612130227503117794e+02
5.110610610610610394e+00 4.613374625949012966e+02
5.117617617617617576e+00 4.614615593845252874e+02
5.124624624624624758e+00 4.615853129441997567e+02
5.131631631631631940e+00 4.617087230992820537e+02
5.138638638638638234e+00 4.618317896754719527e+02
5.145645645645645416e+00 4.619545124988114253e+02
5.152652652652652598e+00 4.620768913956882216e+02
5.159659659659659781e+00 4.621989261928363817e+02
5.166666666666666963e+00 4.623206167173359518e+02
5.173673673673673257e+00 4.624419627966158828e+02
5.180680680680680439e+00 4.625629642584555086e+02
5.187687687687687621e+00 4.626836209309843753e+02
5.194694694694694803e+00 4.628039326426840034e+02
5.201701701701701985e+00 4.629238992223900482e+02
5.208708708708708279e+00 4.630435204992928675e+02
5.215715715715715461e+00 4.631627963029378634e+02
5.222722722722722644e+00 4.632817264632286651e+02
5.229729729729729826e+00 4.634003108104268449e+02
5.236736736736737008e+00 4.635185491751537938e+02
5.243743743743743302e+00 4.636364413883915176e+02
5.250750750750750484e+00 4.637539872814848536e+02
5.257757757757757666e+00 4.638711866861419821e+02
5.264764764764764848e+00 4.639880394344349384e+02
5.271771771771772030e+00 4.641045453588027954e+02
5.278778778778778324e+00 4.642207042920513800e+02
5.285785785785785507e+00 4.643365160673542960e+02
5.292792792792792689e+00 4.644519805182560503e+02
5.299799799799799871e+00 4.645670974786713714e+02
5.306806806806807053e+00 4.646818667828870844e+02
5.313813813813813347e+00 4.647962882655635894e+02
5.320820820820820529e+00 4.649103617617361124e+02
5.327827827827827711e+00 4.650240871068157276e+02
5.334834834834834894e+00 4.651374641365900970e+02
5.341841841841842076e+00 4.652504926872259716e+02
5.348848848848848370e+00 4.653631725952697025e+02
5.355855855855855552e+00 4.654755036976479801e+02
5.362862862862862734e+00 4.655874858316700511e+02
5.369869869869869916e+00 4.656991188350284574e+02
5.376876876876877098e+00 4.658104025458001729e+02
5.383883883883884280e+00 4.659213368024476836e+02
5.390890890890890574e+00 4.660319214438212043e+02
5.397897897897897757e+00 4.661421563091591906e+02
5.404904904904904939e+00 4.662520412380887933e+02
5.411911911911912121e+00 4.663615760706289279e+02
5.418918918918919303e+00 4.664707606471899908e+02
5.425925925925925597e+00 4.665795948085752798e+02
5.432932932932932779e+00 4.666880783959831547e+02
5.439939939939939961e+00 4.667962112510076622e+02
5.446946946946947143e+00 4.669039932156392751e+02
5.453953953953954326e+00 4.670114241322665976e+02
5.460960960960960620e+00 4.671185038436782406e+02
5.467967967967967802e+00 4.672252321930628227e+02
5.474974974974974984e+00 4.673316090240106178e+02
5.481981981981982166e+00 4.674376341805156017e+02
5.488988988988989348e+00 4.675433075069755660e+02
5.495995995995995642e+00 4.676486288481938232e+02
5.503003003003002824e+00 4.677535980493801162e+02
5.510010010010010006e+00 4.678582149561522670e+02
5.517017017017017189e+00 4.679624794145379951e+02
5.524024024024024371e+00 4.680663912709737247e+02
5.531031031031030665e+00 4.681699503723089038e+02
5.538038038038037847e+00 4.682731565658046406e+02
5.545045045045045029e+00 4.683760096991371142e+02
5.552052052052052211e+00 4.684785096203964940e+02
5.559059059059059393e+00 4.685806561780900665e+02
5.566066066066065687e+00 4.686824492211429174e+02
5.573073073073072869e+00 4.687838885988978745e+02
5.580080080080080052e+00 4.688849741611188051e+02
5.587087087087087234e+00 4.689857057579901038e+02
5.594094094094094416e+00 4.690860832401190237e+02
5.601101101101100710e+00 4.691861064585357326e+02
5.608108108108107892e+00 4.692857752646959852e+02
5.615115115115115074e+00 4.693850895104806682e+02
5.622122122122122256e+00 4.694840490481988127e+02
5.629129129129129439e+00 4.695826537305870829e+02
5.636136136136135732e+00 4.696809034108113110e+02
5.643143143143142915e+00 4.697787979424691116e+02
5.650150150150150097e+00 4.698763371795893704e+02
5.657157157157157279e+00 4.699735209766338926e+02
5.664164164164164461e+00 4.700703491884991649e+02
5.671171171171170755e+00 4.701668216705169812e+02
5.678178178178177937e+00 4.702629382784556924e+02
5.685185185185185119e+00 4.703586988685214010e+02
5.692192192192192302e+00 4.704541032973589836e+02
5.699199199199199484e+00 4.705491514220544218e+02
5.706206206206205778e+00 4.706438431001337790e+02
5.713213213213212960e+00 4.707381781895660993e+02
5.720220220220220142e+00 4.708321565487643170e+02
5.727227227227227324e+00 4.709257780365859389e+02
5.734234234234234506e+00 4.710190425123341811e+02
5.741241241241240800e+00 4.711119498357595603e+02
5.748248248248247982e+00 4.712044998670610880e+02
5.755255255255255165e+00 4.712966924668868387e+02
5.762262262262262347e+00 4.713885274963357119e+02
5.769269269269269529e+00 4.714800048169586262e+02
5.776276276276275823e+00 4.715711242907582346e+02
5.783283283283283005e+00 4.716618857801923355e+02
5.790290290290290187e+00 4.717522891481738156e+02
5.797297297297297369e+00 4.718423342580710482e+02
5.804304304304304551e+00 4.719320209737106211e+02
5.811311311311310845e+00 4.720213491593773369e+02
5.818318318318318028e+00 4.721103186798156912e+02
5.825325325325325210e+00 4.721989294002311226e+02
5.832332332332332392e+00 4.722871811862909794e+02
5.839339339339339574e+00 4.723750739041258839e+02
5.846346346346345868e+00 4.724626074203300163e+02
5.853353353353353050e+00 4.725497816019634456e+02
5.860360360360360232e+00 4.726365963165530388e+02
5.867367367367367414e+00 4.727230514320920634e+02
5.874374374374374597e+00 4.728091468170433700e+02
5.881381381381380891e+00 4.728948823403390520e+02
5.888388388388388073e+00 4.729802578713828893e+02
5.895395395395395255e+00 4.730652732800496096e+02
5.902402402402402437e+00 4.731499284366876168e+02
5.909409409409409619e+00 4.732342232121195025e+02
5.916416416416416801e+00 4.733181574776427283e+02
5.923423423423423095e+00 4.734017311050317289e+02
5.930430430430430278e+00 4.734849439665375712e+02
5.937437437437437460e+00 4.735677959348908530e+02
5.944444444444444642e+00 4.736502868833010780e+02
5.951451451451451824e+00 4.737324166854585314e+02
5.958458458458458118e+00 4.738141852155355878e+02
5.965465465465465300e+00 4.738955923481872787e+02
5.972472472472472482e+00 4.739766379585524305e+02
5.979479479479479664e+00 4.740573219222551984e+02
5.986486486486486847e+00 4.741376441154056351e+02
5.993493493493493141e+00 4.742176044146006575e+02
6.000500500500500323e+00 4.742972026969258650e+02
6.007507507507507505e+00 4.743764388399557106e+02
6.014514514514514687e+00 4.744553127217552060e+02
6.021521521521521869e+00 4.745338242208802058e+02
6.028528528528528163e+00 4.746119732163801928e+02
6.035535535535535345e+00 4.746897595877961180e+02
6.042542542542542527e+00 4.747671832151654598e+02
6.049549549549549710e+00 4.748442439790198364e+02
6.056556556556556892e+00 4.749209417603879047e+02
6.063563563563563186e+00 4.749972764407955310e+02
6.070570570570570368e+00 4.750732479022681787e+02
6.077577577577577550e+00 4.751488560273297708e+02
6.084584584584584732e+00 4.752241006990055894e+02
6.091591591591591914e+00 4.752989818008222187e+02
6.098598598598598208e+00 4.753734992168093640e+02
6.105605605605605390e+00 4.754476528314997950e+02
6.112612612612612573e+00 4.755214425299314485e+02
6.119619619619619755e+00 4.755948681976481680e+02
6.126626626626626937e+00 4.756679297206998740e+02
6.133633633633633231e+00 4.757406269856443828e+02
6.140640640640640413e+00 4.758129598795488846e+02
6.147647647647647595e+00 4.758849282899894320e+02
6.154654654654654777e+00 4.759565321050525881e+02
6.161661661661661959e+00 4.760277712133376440e+02
6.168668668668668253e+00 4.760986455039558223e+02
6.175675675675675436e+00 4.761691548665315281e+02
6.182682682682682618e+00 4.762392991912047364e+02
6.189689689689689800e+00 4.763090783686305372e+02
6.196696696696696982e+00 4.763784922899804428e+02
6.203703703703703276e+00 4.764475408469430135e+02
6.210710710710710458e+00 4.765162239317263015e+02
6.217717717717717640e+00 4.765845414370569415e+02
6.224724724724724823e+00 4.766524932561818559e+02
6.231731731731732005e+00 4.767200792828701310e+02
6.238738738738738299e+00 4.767872994114120502e+02
6.245745745745745481e+00 4.768541535366214248e+02
6.252752752752752663e+00 4.769206415538363331e+02
6.259759759759759845e+00 4.769867633589200864e+02
6.266766766766767027e+00 4.770525188482612862e+02
6.273773773773773321e+00 4.771179079187756429e+02
6.280780780780780503e+00 4.771829304679070560e+02
6.287787787787787686e+00 4.772475863936276141e+02
6.294794794794794868e+00 4.773118755944391864e+02
6.301801801801802050e+00 4.773757979693745028e+02
6.308808808808808344e+00 4.774393534179976086e+02
6.315815815815815526e+00 4.775025418404043194e+02
6.322822822822822708e+00 4.775653631372240397e+02
6.329829829829829890e+00 4.776278172096210710e+02
6.336836836836837072e+00 4.776899039592929057e+02
6.343843843843843366e+00 4.777516232884746614e+02
6.350850850850850549e+00 4.778129750999374892e+02
6.357857857857857731e+00 4.778739592969900514e+02
6.364864864864864913e+00 4.779345757834793176e+02
6.371871871871872095e+00 4.779948244637929520e+02
6.378878878878878389e+00 4.780547052428572101e+02
6.385885885885885571e+00 4.781142180261400654e+02
6.392892892892892753e+00 4.781733627196515499e+02
6.399899899899899935e+00 4.782321392299447211e+02
6.406906906906907118e+00 4.782905474641155479e+02
6.413913913913914300e+00 4.783485873298051843e+02
6.420920920920920594e+00 4.784062587351995717e+02
6.427927927927927776e+00 4.784635615890308031e+02
6.434934934934934958e+00 4.785204958005789422e+02
6.441941941941942140e+00 4.785770612796699197e+02
6.448948948948949322e+00 4.786332579366803657e+02
6.455955955955955616e+00 4.786890856825348806e+02
6.462962962962962798e+00 4.787445444287088208e+02
6.469969969969969981e+00 4.787996340872287533e+02
6.476976976976977163e+00 4.788543545706725695e+02
6.483983983983984345e+00 4.789087057921709061e+02
6.490990990990990639e+00 4.789626876654082821e+02
6.497997997997997821e+00 4.790163001046234399e+02
6.505005005005005003e+00 4.790695430246092315e+02
6.512012012012012185e+00 4.791224163407150058e+02
6.519019019019019368e+00 4.791749199688469503e+02
6.526026026026025662e+00 4.792270538254675785e+02
6.533033033033032844e+00 4.792788178275980044e+02
6.540040040040040026e+00 4.793302118928187383e+02
6.547047047047047208e+00 4.793812359392687199e+02
6.554054054054054390e+00 4.794318898856482747e+02
6.561061061061060684e+00 4.794821736512180337e+02
6.568068068068067866e+00 4.795320871558012072e+02
6.575075075075075048e+00 4.795816303197825050e+02
6.582082082082082231e+00 4.796308030641112623e+02
6.589089089089089413e+00 4.796796053102999053e+02
6.596096096096095707e+00 4.797280369804258271e+02
6.603103103103102889e+00 4.797760979971316146e+02
6.610110110110110071e+00 4.798237882836269819e+02
6.617117117117117253e+00 4.798711077636873483e+02
6.624124124124124435e+00 4.799180563616563404e+02
6.631131131131130729e+00 4.799646340024457913e+02
6.638138138138137911e+00 4.800108406115361959e+02
6.645145145145145094e+00 4.800566761149781314e+02
6.652152152152152276e+00 4.801021404393922580e+02
6.659159159159159458e+00 4.801472335119709101e+02
6.666166166166165752e+00 4.801919552604766750e+02
6.673173173173172934e+00 4.802363056132460315e+02
6.680180180180180116e+00 4.802802844991874167e+02
6.687187187187187298e+00 4.803238918477835568e+02
6.694194194194194480e+00 4.803671275890915240e+02
6.701201201201200774e+00 4.804099916537426225e+02
6.708208208208207957e+00 4.804524839729448900e+02
6.715215215215215139e+00 4.804946044784816195e+02
6.722222222222222321e+00 4.805363531027135764e+02
6.729229229229229503e+00 4.805777297785793962e+02
6.736236236236235797e+00 4.806187344395947321e+02
6.743243243243242979e+00 4.806593670198553241e+02
6.750250250250250161e+00 4.806996274540352374e+02
6.757257257257257343e+00 4.807395156773890790e+02
6.764264264264264526e+00 4.807790316257517134e+02
6.771271271271270820e+00 4.808181752355399112e+02
6.778278278278278002e+00 4.808569464437513830e+02
6.785285285285285184e+00 4.808953451879664840e+02
6.792292292292292366e+00 4.809333714063489538e+02
6.799299299299299548e+00 4.809710250376453473e+02
6.806306306306305842e+00 4.810083060211867974e+02
6.813313313313313024e+00 4.810452142968888438e+02
6.820320320320320207e+00 4.810817498052530254e+02
6.827327327327327389e+00 4.811179124873655724e+02
6.834334334334334571e+00 4.811537022848995662e+02
6.841341341341340865e+00 4.811891191401147694e+02
6.848348348348348047e+00 4.812241629958592739e+02
6.855355355355355229e+00 4.812588337955676252e+02
6.862362362362362411e+00 4.812931314832640624e+02
6.869369369369369593e+00 4.813270560035613244e+02
6.876376376376375887e+00 4.813606073016619007e+02
6.883383383383383070e+00 4.813937853233583724e+02
6.890390390390390252e+00 4.814265900150332982e+02
6.897397397397397434e+00 4.814590213236612612e+02
6.904404404404404616e+00 4.814910791968075614e+02
6.911411411411411798e+00 4.815227635826295227e+02
6.918418418418418092e+00 4.815540744298784830e+02
6.925425425425425274e+00 4.815850116878967810e+02
6.932432432432432456e+00 4.816155753066211673e+02
6.939439439439439639e+00 4.816457652365829176e+02
6.946446446446446821e+00 4.816755814289069235e+02
6.953453453453453115e+00 4.817050238353129998e+02
6.960460460460460297e+00 4.817340924081169078e+02
6.967467467467467479e+00 4.817627871002298434e+02
6.974474474474474661e+00 4.817911078651590060e+02
6.981481481481481843e+00 4.818190546570085644e+02
6.988488488488488137e+00 4.818466274304803392e+02
6.995495495495495319e+00 4.818738261408725521e+02
7.002502502502502502e+00 4.819006507440819291e+02
7.009509509509509684e+00 4.819271011966041556e+02
7.016516516516516866e+00 4.819531774555327388e+02
7.023523523523523160e+00 4.819788794785610548e+02
7.030530530530530342e+00 4.820042072239816662e+02
7.037537537537537524e+00 4.820291606506875723e+02
7.044544544544544706e+00 4.820537397181718120e+02
7.051551551551551889e+00 4.820779443865283156e+02
7.058558558558558182e+00 4.821017746164515643e+02
7.065565565565565365e+00 4.821252303692392616e+02
7.072572572572572547e+00 4.821483116067887522e+02
7.079579579579579729e+00 4.821710182916013423e+02
7.086586586586586911e+00 4.821933503867801392e+02
7.093593593593593205e+00 4.822153078560313588e+02
7.100600600600600387e+00 4.822368906636644397e+02
7.107607607607607569e+00 4.822580987745926109e+02
7.114614614614614752e+00 4.822789321543330630e+02
7.121621621621621934e+00 4.822993907690070046e+02
7.128628628628628228e+00 4.823194745853406857e+02
7.135635635635635410e+00 4.823391835706648294e+02
7.142642642642642592e+00 4.823585176929157683e+02
7.149649649649649774e+00 4.823774769206353881e+02
7.156656656656656956e+00 4.823960612229706157e+02
7.163663663663663250e+00 4.824142705696756934e+02
7.170670670670670432e+00 4.824321049311107004e+02
7.177677677677677615e+00 4.824495642782422919e+02
7.184684684684684797e+00 4.824666485826440976e+02
7.191691691691691979e+00 4.824833578164976871e+02
7.198698698698698273e+00 4.824996919525911494e+02
7.205705705705705455e+00 4.825156509643207983e+02
7.212712712712712637e+00 4.825312348256911719e+02
7.219719719719719819e+00 4.825464435113152035e+02
7.226726726726727001e+00 4.825612769964134827e+02
7.233733733733733295e+00 4.825757352568159035e+02
7.240740740740740478e+00 4.825898182689618352e+02
7.247747747747747660e+00 4.826035260098990420e+02
7.254754754754754842e+00 4.826168584572846498e+02
7.261761761761762024e+00 4.826298155893866237e+02
7.268768768768768318e+00 4.826423973850808693e+02
7.275775775775775500e+00 4.826546038238556093e+02
7.282782782782782682e+00 4.826664348858070639e+02
7.289789789789789864e+00 4.826778905516434293e+02
7.296796796796797047e+00 4.826889708026827748e+02
7.303803803803803341e+00 4.826996756208543502e+02
7.310810810810810523e+00 4.827100049886983015e+02
7.317817817817817705e+00 4.827199588893655005e+02
7.324824824824824887e+00 4.827295373066186244e+02
7.331831831831832069e+00 4.827387402248314743e+02
7.338838838838838363e+00 4.827475676289894864e+02
7.345845845845845545e+00 4.827560195046901299e+02
7.352852852852852727e+00 4.827640958381423388e+02
7.359859859859859910e+00 4.827717966161673644e+02
7.366866866866867092e+00 4.827791218261982067e+02
7.373873873873873386e+00 4.827860714562806947e+02
7.380880880880880568e+00 4.827926454950721791e+02
7.387887887887887750e+00 4.827988439318437486e+02
7.394894894894894932e+00 4.828046667564776158e+02
7.401901901901902114e+00 4.828101139594697884e+02
7.408908908908908408e+00 4.828151855319283072e+02
7.415915915915915591e+00 4.828198814655748379e+02
7.422922922922922773e+00 4.828242017527429653e+02
7.429929929929929955e+00 4.828281463863804106e+02
7.436936936936937137e+00 4.828317153600465872e+02
7.443943943943944319e+00 4.828349086679157267e+02
7.450950950950950613e+00 4.828377263047734118e+02
7.457957957957957795e+00 4.828401682660202141e+02
7.464964964964964977e+00 4.828422345476684541e+02
7.471971971971972160e+00 4.828439251463449864e+02
7.478978978978979342e+00 4.828452400592895515e+02
7.485985985985985636e+00 4.828461792843548324e+02
7.492992992992992818e+00 4.828467428200072504e+02
7.500000000000000000e+00 4.828469306653272497e+02
