5.000000000000000000e-01 3.324235310119057090e+02
5.070070070070069601e-01 3.326439410131744125e+02
5.140140140140140312e-01 3.328644087370961984e+02
5.210210210210209913e-01 3.330849334656855376e+02
5.280280280280280625e-01 3.333055144807034367e+02
5.350350350350350226e-01 3.335261510636626099e+02
5.420420420420419827e-01 3.337468424958314017e+02
5.490490490490490538e-01 3.339675880582404943e+02
5.560560560560560139e-01 3.341883870316855223e+02
5.630630630630630851e-01 3.344092386967341781e+02
5.700700700700700452e-01 3.346301423337292817e+02
5.770770770770771163e-01 3.348510972227950333e+02
5.840840840840840764e-01 3.350721026438405943e+02
5.910910910910911475e-01 3.352931578765661698e+02
5.980980980980981077e-01 3.355142622004672148e+02
6.051051051051050678e-01 3.357354148948386410e+02
6.121121121121121389e-01 3.359566152387812963e+02
6.191191191191190990e-01 3.361778625112051486e+02
6.261261261261261701e-01 3.363991559908350268e+02
6.331331331331331302e-01 3.366204949562149977e+02
6.401401401401400904e-01 3.368418786857132545e+02
6.471471471471471615e-01 3.370633064575273465e+02
6.541541541541541216e-01 3.372847775496878739e+02
6.611611611611611927e-01 3.375062912400643427e+02
6.681681681681681528e-01 3.377278468063696550e+02
6.751751751751751129e-01 3.379494435261642593e+02
6.821821821821821841e-01 3.381710806768612656e+02
6.891891891891892552e-01 3.383927575357320165e+02
6.961961961961962153e-01 3.386144733799088726e+02
7.032032032032031754e-01 3.388362274863919765e+02
7.102102102102102466e-01 3.390580191320524364e+02
7.172172172172172067e-01 3.392798475936380100e+02
7.242242242242242778e-01 3.395017121477773117e+02
7.312312312312312379e-01 3.397236120709840179e+02
7.382382382382381980e-01 3.399455466396630641e+02
7.452452452452452691e-01 3.401675151301132018e+02
7.522522522522522292e-01 3.403895168185335933e+02
7.592592592592593004e-01 3.406115509810272215e+02
7.662662662662662605e-01 3.408336168936059494e+02
7.732732732732732206e-01 3.410557138321947832e+02
7.802802802802802917e-01 3.412778410726372158e+02
7.872872872872873629e-01 3.414999978906992624e+02
7.942942942942943230e-01 3.417221835620737806e+02
8.013013013013012831e-01 3.419443973623858710e+02
8.083083083083082432e-01 3.421666385671968555e+02
8.153153153153153143e-01 3.423889064520086549e+02
8.223223223223223854e-01 3.426112002922692454e+02
8.293293293293293456e-01 3.428335193633761264e+02
8.363363363363363057e-01 3.430558629406814362e+02
8.433433433433432658e-01 3.432782302994965562e+02
8.503503503503503369e-01 3.435006207150961473e+02
8.573573573573574080e-01 3.437230334627229809e+02
8.643643643643643681e-01 3.439454678175924300e+02
8.713713713713713283e-01 3.441679230548969599e+02
8.783783783783783994e-01 3.443903984498106183e+02
8.853853853853853595e-01 3.446128932774930149e+02
8.923923923923924306e-01 3.448354068130944938e+02
8.993993993993993907e-01 3.450579383317601696e+02
9.064064064064063508e-01 3.452804871086340768e+02
9.134134134134134220e-01 3.455030524188648542e+02
9.204204204204204931e-01 3.457256335376081324e+02
9.274274274274274532e-01 3.459482297400329571e+02
9.344344344344344133e-01 3.461708403013242332e+02
9.414414414414413734e-01 3.463934644966893757e+02
9.484484484484484446e-01 3.466161016013604694e+02
9.554554554554555157e-01 3.468387508905998970e+02
9.624624624624624758e-01 3.470614116397048292e+02
9.694694694694694359e-01 3.472840831240104649e+02
9.764764764764763960e-01 3.475067646188951471e+02
9.834834834834834671e-01 3.477294553997849107e+02
9.904904904904905383e-01 3.479521547421567789e+02
9.974974974974974984e-01 3.481748619215443341e+02
1.004504504504504458e+00 3.483975762135412992e+02
1.011511511511511419e+00 3.486202968938054028e+02
1.018518518518518601e+00 3.488430232380638358e+02
1.025525525525525561e+00 3.490657545221160944e+02
1.032532532532532521e+00 3.492884900218394364e+02
1.039539539539539481e+00 3.495112290131925761e+02
1.046546546546546441e+00 3.497339707722195499e+02
1.053553553553553623e+00 3.499567145750548889e+02
1.060560560560560583e+00 3.501794596979267453e+02
1.067567567567567544e+00 3.504022054171619516e+02
1.074574574574574726e+00 3.506249510091897719e+02
1.081581581581581464e+00 3.508476957505461087e+02
1.088588588588588646e+00 3.510704389178777660e+02
1.095595595595595606e+00 3.512931797879463716e+02
1.102602602602602566e+00 3.515159176376329242e+02
1.109609609609609748e+00 3.517386517439414888e+02
1.116616616616616486e+00 3.519613813840037437e+02
1.123623623623623669e+00 3.521841058350827325e+02
1.130630630630630629e+00 3.524068243745770133e+02
1.137637637637637589e+00 3.526295362800248085e+02
1.144644644644644771e+00 3.528522408291081547e+02
1.151651651651651509e+00 3.530749372996572220e+02
1.158658658658658691e+00 3.532976249696532705e+02
1.165665665665665651e+00 3.535203031172343344e+02
1.172672672672672611e+00 3.537429710206979507e+02
1.179679679679679793e+00 3.539656279585055358e+02
1.186686686686686532e+00 3.541882732092865353e+02
1.193693693693693714e+00 3.544109060518427441e+02
1.200700700700700674e+00 3.546335257651514894e+02
1.207707707707707634e+00 3.548561316283701217e+02
1.214714714714714816e+00 3.550787229208401072e+02
1.221721721721721554e+00 3.553012989220903819e+02
1.228728728728728736e+00 3.555238589118424670e+02
1.235735735735735696e+00 3.557464021700126295e+02
1.242742742742742657e+00 3.559689279767176231e+02
1.249749749749749839e+00 3.561914356122772460e+02
1.256756756756756799e+00 3.564139243572191162e+02
1.263763763763763759e+00 3.566363934922820249e+02
1.270770770770770719e+00 3.568588422984200861e+02
1.277777777777777679e+00 3.570812700568069431e+02
1.284784784784784861e+00 3.573036760488384971e+02
1.291791791791791821e+00 3.575260595561377386e+02
1.298798798798798781e+00 3.577484198605586698e+02
1.305805805805805964e+00 3.579707562441894879e+02
1.312812812812812702e+00 3.581930679893565639e+02
1.319819819819819884e+00 3.584153543786286491e+02
1.326826826826826844e+00 3.586376146948203427e+02
1.333833833833833804e+00 3.588598482209957297e+02
1.340840840840840986e+00 3.590820542404726439e+02
1.347847847847847724e+00 3.593042320368260221e+02
1.354854854854854906e+00 3.595263808938914281e+02
1.361861861861861867e+00 3.597485000957693728e+02
1.368868868868868827e+00 3.599705889268292367e+02
1.375875875875876009e+00 3.601926466717114863e+02
1.382882882882882747e+00 3.604146726153335294e+02
1.389889889889889929e+00 3.606366660428915907e+02
1.396896896896896889e+00 3.608586262398650888e+02
1.403903903903903849e+00 3.610805524920207290e+02
1.410910910910911031e+00 3.613024440854155728e+02
1.417917917917917769e+00 3.615243003064007326e+02
1.424924924924924952e+00 3.617461204416250666e+02
1.431931931931931912e+00 3.619679037780392719e+02
1.438938938938938872e+00 3.621896496028988395e+02
1.445945945945946054e+00 3.624113572037678068e+02
1.452952952952952792e+00 3.626330258685223953e+02
1.459959959959959974e+00 3.628546548853552167e+02
1.466966966966966934e+00 3.630762435427775472e+02
1.473973973973973894e+00 3.632977911296243292e+02
1.480980980980981077e+00 3.635192969350561043e+02
1.487987987987987815e+00 3.637407602485644702e+02
1.494994994994994997e+00 3.639621803599738428e+02
1.502002002002001957e+00 3.641835565594456057e+02
1.509009009009008917e+00 3.644048881374826578e+02
1.516016016016016099e+00 3.646261743849311188e+02
1.523023023023023059e+00 3.648474145929846486e+02
1.530030030030030019e+00 3.650686080531884841e+02
1.537037037037036979e+00 3.652897540574416553e+02
1.544044044044043940e+00 3.655108518980016470e+02
1.551051051051051122e+00 3.657319008674869565e+02
1.558058058058058082e+00 3.659529002588810727e+02
1.565065065065065042e+00 3.661738493655354318e+02
1.572072072072072002e+00 3.663947474811733400e+02
1.579079079079078962e+00 3.666155938998928718e+02
1.586086086086086144e+00 3.668363879161702243e+02
1.593093093093093104e+00 3.670571288248641508e+02
1.600100100100100065e+00 3.672778159212173250e+02
1.607107107107107025e+00 3.674984485008617412e+02
1.614114114114114207e+00 3.677190258598209311e+02
1.621121121121121167e+00 3.679395472945129768e+02
1.628128128128128127e+00 3.681600121017551714e+02
1.635135135135135087e+00 3.683804195787657818e+02
1.642142142142142047e+00 3.686007690231684819e+02
1.649149149149149229e+00 3.688210597329952520e+02
1.656156156156156189e+00 3.690412910066893915e+02
1.663163163163163150e+00 3.692614621431089290e+02
1.670170170170170110e+00 3.694815724415300338e+02
1.677177177177177070e+00 3.697016212016500276e+02
1.684184184184184252e+00 3.699216077235910234e+02
1.691191191191191212e+00 3.701415313079021985e+02
1.698198198198198172e+00 3.703613912555645129e+02
1.705205205205205132e+00 3.705811868679920735e+02
1.712212212212212092e+00 3.708009174470368521e+02
1.719219219219219275e+00 3.710205822949914136e+02
1.726226226226226235e+00 3.712401807145911334e+02
1.733233233233233195e+00 3.714597120090188582e+02
1.740240240240240155e+00 3.716791754819067819e+02
1.747247247247247337e+00 3.718985704373407088e+02
1.754254254254254297e+00 3.721178961798616456e+02
1.761261261261261257e+00 3.723371520144706892e+02
1.768268268268268217e+00 3.725563372466310739e+02
1.775275275275275177e+00 3.727754511822705012e+02
1.782282282282282360e+00 3.729944931277864839e+02
1.789289289289289320e+00 3.732134623900469705e+02
1.796296296296296280e+00 3.734323582763952913e+02
1.803303303303303240e+00 3.736511800946514086e+02
1.810310310310310200e+00 3.738699271531168051e+02
1.817317317317317382e+00 3.740885987605760761e+02
1.824324324324324342e+00 3.743071942263004530e+02
1.831331331331331302e+00 3.745257128600511578e+02
1.838338338338338263e+00 3.747441539720815626e+02
1.845345345345345223e+00 3.749625168731411122e+02
1.852352352352352405e+00 3.751808008744770291e+02
1.859359359359359365e+00 3.753990052878391452e+02
1.866366366366366325e+00 3.756171294254804707e+02
1.873373373373373285e+00 3.758351726001623092e+02
1.880380380380380467e+00 3.760531341251557933e+02
1.887387387387387427e+00 3.762710133142454652e+02
1.894394394394394388e+00 3.764888094817317779e+02
1.901401401401401348e+00 3.767065219424342217e+02
1.908408408408408308e+00 3.769241500116941097e+02
1.915415415415415490e+00 3.771416930053773058e+02
1.922422422422422450e+00 3.773591502398776925e+02
1.929429429429429410e+00 3.775765210321189898e+02
1.936436436436436370e+00 3.777938046995587342e+02
1.943443443443443330e+00 3.780110005601899275e+02
1.950450450450450512e+00 3.782281079325448445e+02
1.957457457457457473e+00 3.784451261356974783e+02
1.964464464464464433e+00 3.786620544892658700e+02
1.971471471471471393e+00 3.788788923134158040e+02
1.978478478478478575e+00 3.790956389288627406e+02
1.985485485485485535e+00 3.793122936568753403e+02
1.992492492492492495e+00 3.795288558192770552e+02
1.999499499499499455e+00 3.797453247384508472e+02
2.006506506506506415e+00 3.799616997373391314e+02
2.013513513513513598e+00 3.801779801394493461e+02
2.020520520520520336e+00 3.803941652688545219e+02
2.027527527527527518e+00 3.806102544501975444e+02
2.034534534534534700e+00 3.808262470086926896e+02
2.041541541541541438e+00 3.810421422701286360e+02
2.048548548548548620e+00 3.812579395608719324e+02
2.055555555555555358e+00 3.814736382078676797e+02
2.062562562562562540e+00 3.816892375386451022e+02
2.069569569569569722e+00 3.819047368813174330e+02
2.076576576576576461e+00 3.821201355645858939e+02
2.083583583583583643e+00 3.823354329177423097e+02
2.090590590590590381e+00 3.825506282706713819e+02
2.097597597597597563e+00 3.827657209538537018e+02
2.104604604604604745e+00 3.829807102983671712e+02
2.111611611611611927e+00 3.831955956358916637e+02
2.118618618618618665e+00 3.834103762987097070e+02
2.125625625625625403e+00 3.836250516197098932e+02
2.132632632632632586e+00 3.838396209323890389e+02
2.139639639639639768e+00 3.840540835708555960e+02
2.146646646646646950e+00 3.842684388698311295e+02
2.153653653653653688e+00 3.844826861646532734e+02
2.160660660660660426e+00 3.846968247912784591e+02
2.167667667667667608e+00 3.849108540862840755e+02
2.174674674674674790e+00 3.851247733868710839e+02
2.181681681681681972e+00 3.853385820308666325e+02
2.188688688688688710e+00 3.855522793567270128e+02
2.195695695695695449e+00 3.857658647035383410e+02
2.202702702702702631e+00 3.859793374110212767e+02
2.209709709709709813e+00 3.861926968195321024e+02
2.216716716716716995e+00 3.864059422700654522e+02
2.223723723723723733e+00 3.866190731042569269e+02
2.230730730730730471e+00 3.868320886643853100e+02
2.237737737737737653e+00 3.870449882933752974e+02
2.244744744744744835e+00 3.872577713347993722e+02
2.251751751751752018e+00 3.874704371328808747e+02
2.258758758758758756e+00 3.876829850324959352e+02
2.265765765765765494e+00 3.878954143791758042e+02
2.272772772772772676e+00 3.881077245191096381e+02
2.279779779779779858e+00 3.883199147991464883e+02
2.286786786786787040e+00 3.885319845667980871e+02
2.293793793793793778e+00 3.887439331702403251e+02
2.300800800800800516e+00 3.889557599583168326e+02
2.307807807807807698e+00 3.891674642805405711e+02
2.314814814814814881e+00 3.893790454870958229e+02
2.321821821821822063e+00 3.895905029288414880e+02
2.328828828828828801e+00 3.898018359573124485e+02
2.335835835835835539e+00 3.900130439247226946e+02
2.342842842842842721e+00 3.902241261839668596e+02
2.349849849849849903e+00 3.904350820886232327e+02
2.356856856856857085e+00 3.906459109929551232e+02
2.363863863863863823e+00 3.908566122519144983e+02
2.370870870870870561e+00 3.910671852211426085e+02
2.377877877877877744e+00 3.912776292569737961e+02
2.384884884884884926e+00 3.914879437164366323e+02
2.391891891891892108e+00 3.916981279572564745e+02
2.398898898898898846e+00 3.919081813378585366e+02
2.405905905905905584e+00 3.921181032173681160e+02
2.412912912912912766e+00 3.923278929556153685e+02
2.419919919919919948e+00 3.925375499131356491e+02
2.426926926926927131e+00 3.927470734511723549e+02
2.433933933933933869e+00 3.929564629316788569e+02
2.440940940940940607e+00 3.931657177173218543e+02
2.447947947947947789e+00 3.933748371714815448e+02
2.454954954954954971e+00 3.935838206582554903e+02
2.461961961961962153e+00 3.937926675424604355e+02
2.468968968968968891e+00 3.940013771896338994e+02
2.475975975975975629e+00 3.942099489660369045e+02
2.482982982982982811e+00 3.944183822386555676e+02
2.489989989989989994e+00 3.946266763752046245e+02
2.496996996996997176e+00 3.948348307441277143e+02
2.504004004004003914e+00 3.950428447146004487e+02
2.511011011011011096e+00 3.952507176565329132e+02
2.518018018018017834e+00 3.954584489405716567e+02
2.525025025025025016e+00 3.956660379381007147e+02
2.532032032032032198e+00 3.958734840212450194e+02
2.539039039039038936e+00 3.960807865628727313e+02
2.546046046046046119e+00 3.962879449365955224e+02
2.553053053053052857e+00 3.964949585167730675e+02
2.560060060060060039e+00 3.967018266785128731e+02
2.567067067067067221e+00 3.969085487976742570e+02
2.574074074074073959e+00 3.971151242508694281e+02
2.581081081081081141e+00 3.973215524154657601e+02
2.588088088088087879e+00 3.975278326695880651e+02
2.595095095095095061e+00 3.977339643921199581e+02
2.602102102102102243e+00 3.979399469627075518e+02
2.609109109109108982e+00 3.981457797617595702e+02
2.616116116116116164e+00 3.983514621704509864e+02
2.623123123123122902e+00 3.985569935707235913e+02
2.630130130130130084e+00 3.987623733452902570e+02
2.637137137137137266e+00 3.989676008776341405e+02
2.644144144144144004e+00 3.991726755520134020e+02
2.651151151151151186e+00 3.993775967534617166e+02
2.658158158158157924e+00 3.995823638677905478e+02
2.665165165165165106e+00 3.997869762815917056e+02
2.672172172172172289e+00 3.999914333822387107e+02
2.679179179179179027e+00 4.001957345578896934e+02
2.686186186186186209e+00 4.003998791974880760e+02
2.693193193193193391e+00 4.006038666907663810e+02
2.700200200200200129e+00 4.008076964282469135e+02
2.707207207207207311e+00 4.010113678012442051e+02
2.714214214214214049e+00 4.012148802018669471e+02
2.721221221221221231e+00 4.014182330230202638e+02
2.728228228228228414e+00 4.016214256584083842e+02
2.735235235235235152e+00 4.018244575025343011e+02
2.742242242242242334e+00 4.020273279507050006e+02
2.749249249249249072e+00 4.022300363990308369e+02
2.756256256256256254e+00 4.024325822444288292e+02
2.763263263263263436e+00 4.026349648846249352e+02
2.770270270270270174e+00 4.028371837181549608e+02
2.777277277277277356e+00 4.030392381443676868e+02
2.784284284284284094e+00 4.032411275634261756e+02
2.791291291291291277e+00 4.034428513763100455e+02
2.798298298298298459e+00 4.036444089848175736e+02
2.805305305305305197e+00 4.038457997915678561e+02
2.812312312312312379e+00 4.040470232000017177e+02
2.819319319319319117e+00 4.042480786143860314e+02
2.826326326326326299e+00 4.044489654398128096e+02
2.833333333333333481e+00 4.046496830822037509e+02
2.840340340340340219e+00 4.048502309483111503e+02
2.847347347347347402e+00 4.050506084457194902e+02
2.854354354354354140e+00 4.052508149828485671e+02
2.861361361361361322e+00 4.054508499689545147e+02
2.868368368368368504e+00 4.056507128141327030e+02
2.875375375375375242e+00 4.058504029293185340e+02
2.882382382382382424e+00 4.060499197262917619e+02
2.889389389389389162e+00 4.062492626176754129e+02
2.896396396396396344e+00 4.064484310169402193e+02
2.903403403403403527e+00 4.066474243384061538e+02
2.910410410410410265e+00 4.068462419972431690e+02
2.917417417417417447e+00 4.070448834094758013e+02
2.924424424424424185e+00 4.072433479919820343e+02
2.931431431431431367e+00 4.074416351624980734e+02
2.938438438438438549e+00 4.076397443396192557e+02
2.945445445445445287e+00 4.078376749428015273e+02
2.952452452452452469e+00 4.080354263923646840e+02
2.959459459459459651e+00 4.082329981094939058e+02
2.966466466466466390e+00 4.084303895162415756e+02
2.973473473473473572e+00 4.086276000355295537e+02
2.980480480480480310e+00 4.088246290911515644e+02
2.987487487487487492e+00 4.090214761077749017e+02
2.994494494494494674e+00 4.092181405109423622e+02
3.001501501501501412e+00 4.094146217270745183e+02
3.008508508508508594e+00 4.096109191834727312e+02
3.015515515515515332e+00 4.098070323083193784e+02
3.022522522522522515e+00 4.100029605306814346e+02
3.029529529529529697e+00 4.101987032805119497e+02
3.036536536536536435e+00 4.103942599886524931e+02
3.043543543543543617e+00 4.105896300868352569e+02
3.050550550550550355e+00 4.107848130076844200e+02
3.057557557557557537e+00 4.109798081847195590e+02
3.064564564564564719e+00 4.111746150523567849e+02
3.071571571571571457e+00 4.113692330459113009e+02
3.078578578578578639e+00 4.115636616015997333e+02
3.085585585585585378e+00 4.117579001565413250e+02
3.092592592592592560e+00 4.119519481487618577e+02
3.099599599599599742e+00 4.121458050171939931e+02
3.106606606606606480e+00 4.123394702016806264e+02
3.113613613613613662e+00 4.125329431429765350e+02
3.120620620620620400e+00 4.127262232827506523e+02
3.127627627627627582e+00 4.129193100635887959e+02
3.134634634634634764e+00 4.131122029289949751e+02
3.141641641641641503e+00 4.133049013233942333e+02
3.148648648648648685e+00 4.134974046921351487e+02
3.155655655655655423e+00 4.136897124814910853e+02
3.162662662662662605e+00 4.138818241386630916e+02
3.169669669669669787e+00 4.140737391117825155e+02
3.176676676676676525e+00 4.142654568499124252e+02
3.183683683683683707e+00 4.144569768030505656e+02
3.190690690690690445e+00 4.146482984221307220e+02
3.197697697697697627e+00 4.148394211590268696e+02
3.204704704704704810e+00 4.150303444665534016e+02
3.211711711711711548e+00 4.152210677984683116e+02
3.218718718718718730e+00 4.154115906094759225e+02
3.225725725725725912e+00 4.156019123552285919e+02
3.232732732732732650e+00 4.157920324923295539e+02
3.239739739739739832e+00 4.159819504783343973e+02
3.246746746746746570e+00 4.161716657717547605e+02
3.253753753753753752e+00 4.163611778320598660e+02
3.260760760760760935e+00 4.165504861196786806e+02
3.267767767767767673e+00 4.167395900960029280e+02
3.274774774774774855e+00 4.169284892233893061e+02
3.281781781781781593e+00 4.171171829651621010e+02
3.288788788788788775e+00 4.173056707856144385e+02
3.295795795795795957e+00 4.174939521500130013e+02
3.302802802802802695e+00 4.176820265245979726e+02
3.309809809809809877e+00 4.178698933765878110e+02
3.316816816816816615e+00 4.180575521741794773e+02
3.323823823823823798e+00 4.182450023865532103e+02
3.330830830830830980e+00 4.184322434838729805e+02
3.337837837837837718e+00 4.186192749372906974e+02
3.344844844844844900e+00 4.188060962189469478e+02
3.351851851851851638e+00 4.189927068019757712e+02
3.358858858858858820e+00 4.191791061605057394e+02
3.365865865865866002e+00 4.193652937696618324e+02
3.372872872872872740e+00 4.195512691055704408e+02
3.379879879879879923e+00 4.197370316453593659e+02
3.386886886886886661e+00 4.199225808671626510e+02
3.393893893893893843e+00 4.201079162501210931e+02
3.400900900900901025e+00 4.202930372743863359e+02
3.407907907907907763e+00 4.204779434211241096e+02
3.414914914914914945e+00 4.206626341725141742e+02
3.421921921921921683e+00 4.208471090117560607e+02
3.428928928928928865e+00 4.210313674230700371e+02
3.435935935935936048e+00 4.212154088917001218e+02
3.442942942942942786e+00 4.213992329039169817e+02
3.449949949949949968e+00 4.215828389470210027e+02
3.456956956956957150e+00 4.217662265093438805e+02
3.463963963963963888e+00 4.219493950802525433e+02
3.470970970970971070e+00 4.221323441501516527e+02
3.477977977977977808e+00 4.223150732104861618e+02
3.484984984984984990e+00 4.224975817537441003e+02
3.491991991991992172e+00 4.226798692734595306e+02
3.498998998998998911e+00 4.228619352642156741e+02
3.506006006006006093e+00 4.230437792216470143e+02
3.513013013013012831e+00 4.232254006424427644e+02
3.520020020020020013e+00 4.234067990243498230e+02
3.527027027027027195e+00 4.235879738661748206e+02
3.534034034034033933e+00 4.237689246677883830e+02
3.541041041041041115e+00 4.239496509301264950e+02
3.548048048048047853e+00 4.241301521551947644e+02
3.555055055055055035e+00 4.243104278460706382e+02
3.562062062062062218e+00 4.244904775069064158e+02
3.569069069069068956e+00 4.246703006429324319e+02
3.576076076076076138e+00 4.248498967604599557e+02
3.583083083083082876e+00 4.250292653668839762e+02
3.590090090090090058e+00 4.252084059706868402e+02
3.597097097097097240e+00 4.253873180814407533e+02
3.604104104104103978e+00 4.255660012098099401e+02
3.611111111111111160e+00 4.257444548675561009e+02
3.618118118118117899e+00 4.259226785675392080e+02
3.625125125125125081e+00 4.261006718237214272e+02
3.632132132132132263e+00 4.262784341511704156e+02
3.639139139139139001e+00 4.264559650660621628e+02
3.646146146146146183e+00 4.266332640856838339e+02
3.653153153153152921e+00 4.268103307284374637e+02
3.660160160160160103e+00 4.269871645138429699e+02
3.667167167167167285e+00 4.271637649625401991e+02
3.674174174174174023e+00 4.273401315962941567e+02
3.681181181181181206e+00 4.275162639379963139e+02
3.688188188188187944e+00 4.276921615116692692e+02
3.695195195195195126e+00 4.278678238424677147e+02
3.702202202202202308e+00 4.280432504566849730e+02
3.709209209209209046e+00 4.282184408817525423e+02
3.716216216216216228e+00 4.283933946462464064e+02
3.723223223223223410e+00 4.285681112798884556e+02
3.730230230230230148e+00 4.287425903135498970e+02
3.737237237237237331e+00 4.289168312792552342e+02
3.744244244244244069e+00 4.290908337101849384e+02
3.751251251251251251e+00 4.292645971406790864e+02
3.758258258258258433e+00 4.294381211062400325e+02
3.765265265265265171e+00 4.296114051435362740e+02
3.772272272272272353e+00 4.297844487904055768e+02
3.779279279279279091e+00 4.299572515858582165e+02
3.786286286286286273e+00 4.301298130700798765e+02
3.793293293293293456e+00 4.303021327844359121e+02
3.800300300300300194e+00 4.304742102714736234e+02
3.807307307307307376e+00 4.306460450749261213e+02
3.814314314314314114e+00 4.308176367397158515e+02
3.821321321321321296e+00 4.309889848119569251e+02
3.828328328328328478e+00 4.311600888389596662e+02
3.835335335335335216e+00 4.313309483692333970e+02
3.842342342342342398e+00 4.315015629524891665e+02
3.849349349349349136e+00 4.316719321396444116e+02
3.856356356356356319e+00 4.318420554828246622e+02
3.863363363363363501e+00 4.320119325353687145e+02
3.870370370370370239e+00 4.321815628518297672e+02
3.877377377377377421e+00 4.323509459879809356e+02
3.884384384384384159e+00 4.325200815008171276e+02
3.891391391391391341e+00 4.326889689485588519e+02
3.898398398398398523e+00 4.328576078906557427e+02
3.905405405405405261e+00 4.330259978877891172e+02
3.912412412412412444e+00 4.331941385018763526e+02
3.919419419419419182e+00 4.333620292960734446e+02
3.926426426426426364e+00 4.335296698347779625e+02
3.933433433433433546e+00 4.336970596836339951e+02
3.940440440440440284e+00 4.338641984095333441e+02
3.947447447447447466e+00 4.340310855806198447e+02
3.954454454454454204e+00 4.341977207662930596e+02
3.961461461461461386e+00 4.343641035372110082e+02
3.968468468468468568e+00 4.345302334652930085e+02
3.975475475475475307e+00 4.346961101237233152e+02
3.982482482482482489e+00 4.348617330869549846e+02
3.989489489489489671e+00 4.350271019307125471e+02
3.996496496496496409e+00 4.351922162319938820e+02
4.003503503503504035e+00 4.353570755690760166e+02
4.010510510510510329e+00 4.355216795215164325e+02
4.017517517517517511e+00 4.356860276701565908e+02
4.024524524524524693e+00 4.358501195971257403e+02
4.031531531531530987e+00 4.360139548858423950e+02
4.038538538538539058e+00 4.361775331210203603e+02
4.045545545545545352e+00 4.363408538886675956e+02
4.052552552552552534e+00 4.365039167760937175e+02
4.059559559559559716e+00 4.366667213719099436e+02
4.066566566566566010e+00 4.368292672660335256e+02
4.073573573573574080e+00 4.369915540496898529e+02
4.080580580580580374e+00 4.371535813154159769e+02
4.087587587587587556e+00 4.373153486570643622e+02
4.094594594594594739e+00 4.374768556698032285e+02
4.101601601601601033e+00 4.376381019501224046e+02
4.108608608608609103e+00 4.377990870958346363e+02
4.115615615615615397e+00 4.379598107060778602e+02
4.122622622622622579e+00 4.381202723813191824e+02
4.129629629629629761e+00 4.382804717233576639e+02
4.136636636636636055e+00 4.384404083353253441e+02
4.143643643643644126e+00 4.386000818216919583e+02
4.150650650650650419e+00 4.387594917882665868e+02
4.157657657657657602e+00 4.389186378422001553e+02
4.164664664664664784e+00 4.390775195919881071e+02
4.171671671671671078e+00 4.392361366474729607e+02
4.178678678678679148e+00 4.393944886198473796e+02
4.185685685685685442e+00 4.395525751216554227e+02
4.192692692692692624e+00 4.397103957667957275e+02
4.199699699699699806e+00 4.398679501705236135e+02
4.206706706706706100e+00 4.400252379494535262e+02
4.213713713713714171e+00 4.401822587215607996e+02
4.220720720720720465e+00 4.403390121061844411e+02
4.227727727727727647e+00 4.404954977240294056e+02
4.234734734734734829e+00 4.406517151971670501e+02
4.241741741741741123e+00 4.408076641490397378e+02
4.248748748748749193e+00 4.409633442044607818e+02
4.255755755755755487e+00 4.411187549896166047e+02
4.262762762762762669e+00 4.412738961320694671e+02
4.269769769769769852e+00 4.414287672607590594e+02
4.276776776776776146e+00 4.415833680060032407e+02
4.283783783783784216e+00 4.417376979995003694e+02
4.290790790790790510e+00 4.418917568743316906e+02
4.297797797797797692e+00 4.420455442649608813e+02
4.304804804804804874e+00 4.421990598072377452e+02
4.311811811811811168e+00 4.423523031383976445e+02
4.318818818818819238e+00 4.425052738970641713e+02
4.325825825825825532e+00 4.426579717232501707e+02
4.332832832832832715e+00 4.428103962583576276e+02
4.339839839839839897e+00 4.429625471451803378e+02
4.346846846846846191e+00 4.431144240279042492e+02
4.353853853853854261e+00 4.432660265521086558e+02
4.360860860860860555e+00 4.434173543647661972e+02
4.367867867867867737e+00 4.435684071142444509e+02
4.374874874874874919e+00 4.437191844503063294e+02
4.381881881881881213e+00 4.438696860241108197e+02
4.388888888888889284e+00 4.440199114882132108e+02
4.395895895895895578e+00 4.441698604965656614e+02
4.402902902902902760e+00 4.443195327045172576e+02
4.409909909909909942e+00 4.444689277688144102e+02
4.416916916916916236e+00 4.446180453476012531e+02
4.423923923923924306e+00 4.447668851004189037e+02
4.430930930930930600e+00 4.449154466882059751e+02
4.437937937937937782e+00 4.450637297732986895e+02
4.444944944944944965e+00 4.452117340194295139e+02
4.451951951951951258e+00 4.453594590917273877e+02
4.458958958958959329e+00 4.455069046567176656e+02
4.465965965965965623e+00 4.456540703823208105e+02
4.472972972972972805e+00 4.458009559378515405e+02
4.479979979979979987e+00 4.459475609940195682e+02
4.486986986986987169e+00 4.460938852229256781e+02
4.493993993993994351e+00 4.462399282980637736e+02
4.501001001001000645e+00 4.463856898943176930e+02
4.508008008008007828e+00 4.465311696879610963e+02
4.515015015015015010e+00 4.466763673566545094e+02
4.522022022022022192e+00 4.468212825794461196e+02
4.529029029029029374e+00 4.469659150367676830e+02
4.536036036036035668e+00 4.471102644104341266e+02
4.543043043043042850e+00 4.472543303836414452e+02
4.550050050050050032e+00 4.473981126409642002e+02
4.557057057057057214e+00 4.475416108683539278e+02
4.564064064064064397e+00 4.476848247531361267e+02
4.571071071071070691e+00 4.478277539840084387e+02
4.578078078078077873e+00 4.479703982510380911e+02
4.585085085085085055e+00 4.481127572456581447e+02
4.592092092092092237e+00 4.482548306606659025e+02
4.599099099099099419e+00 4.483966181902191579e+02
4.606106106106105713e+00 4.485381195298332386e+02
4.613113113113112895e+00 4.486793343763777671e+02
4.620120120120120077e+00 4.488202624280729651e+02
4.627127127127127260e+00 4.489609033844864143e+02
4.634134134134134442e+00 4.491012569465286219e+02
4.641141141141140736e+00 4.492413228164505199e+02
4.648148148148147918e+00 4.493811006978377236e+02
4.655155155155155100e+00 4.495205902956073487e+02
4.662162162162162282e+00 4.496597913160032931e+02
4.669169169169169464e+00 4.497987034665921442e+02
4.676176176176175758e+00 4.499373264562578925e+02
4.683183183183182940e+00 4.500756599951969292e+02
4.690190190190190123e+00 4.502137037949142950e+02
4.697197197197197305e+00 4.503514575682176542e+02
4.704204204204204487e+00 4.504889210292109283e+02
4.711211211211210781e+00 4.506260938932908857e+02
4.718218218218217963e+00 4.507629758771400930e+02
4.725225225225225145e+00 4.508995666987214577e+02
4.732232232232232327e+00 4.510358660772719190e+02
4.739239239239239510e+00 4.511718737332969340e+02
4.746246246246245803e+00 4.513075893885630308e+02
4.753253253253252986e+00 4.514430127660926928e+02
4.760260260260260168e+00 4.515781435901564009e+02
4.767267267267267350e+00 4.517129815862664373e+02
4.774274274274274532e+00 4.518475264811688703e+02
4.781281281281280826e+00 4.519817780028383822e+02
4.788288288288288008e+00 4.521157358804686055e+02
4.795295295295295190e+00 4.522493998444653016e+02
4.802302302302302373e+00 4.523827696264389715e+02
4.809309309309309555e+00 4.525158449591965564e+02
4.816316316316315849e+00 4.526486255767334796e+02
4.823323323323323031e+00 4.527811112142242109e+02
4.830330330330330213e+00 4.529133016080160701e+02
4.837337337337337395e+00 4.530451964956178017e+02
4.844344344344344577e+00 4.531767956156921855e+02
4.851351351351350871e+00 4.533080987080469413e+02
4.858358358358358053e+00 4.534391055136252362e+02
4.865365365365365236e+00 4.535698157744955097e+02
4.872372372372372418e+00 4.537002292338432312e+02
4.879379379379379600e+00 4.538303456359595884e+02
4.886386386386386782e+00 4.539601647262321649e+02
4.893393393393393076e+00 4.540896862511347081e+02
4.900400400400400258e+00 4.542189099582166705e+02
4.907407407407407440e+00 4.543478355960921249e+02
4.914414414414414622e+00 4.544764629144291348e+02
4.921421421421421805e+00 4.546047916639391815e+02
4.928428428428428099e+00 4.547328215963658522e+02
4.935435435435435281e+00 4.548605524644722209e+02
4.942442442442442463e+00 4.549879840220311848e+02
4.949449449449449645e+00 4.551151160238121633e+02
4.956456456456456827e+00 4.552419482255696153e+02
4.963463463463463121e+00 4.553684803840307040e+02
4.970470470470470303e+00 4.554947122568831901e+02
4.977477477477477485e+00 4.556206436027627547e+02
4.984484484484484668e+00 4.557462741812396416e+02
4.991491491491491850e+00 4.558716037528066636e+02
4.998498498498498144e+00 4.559966320788653320e+02
5.005505505505505326e+00 4.561213589217127264e+02
5.012512512512512508e+00 4.562457840445272268e+02
5.019519519519519690e+00 4.563699072113566331e+02
5.026526526526526872e+00 4.564937281871020787e+02
5.033533533533533166e+00 4.566172467375047859e+02
5.040540540540540349e+00 4.567404626291325371e+02
5.047547547547547531e+00 4.568633756293635315e+02
5.054554554554554713e+00 4.569859855063727991e+02
5.061561561561561895e+00 4.571082920291171376e+02
5.068568568568568189e+00 4.572302949673201624e+02
5.075575575575575371e+00 4.573519940914559356e+02
5.082582582582582553e+00 4.574733891727349828e+02
5.089589589589589735e+00 4.575944799830882630e+02
5.096596596596596918e+00 4.577152662951505704e+02
5.103603603603603212e+00 4.578357478822448456e+02
5.110610610610610394e+00 4.579559245183671692e+02
5.117617617617617576e+00 4.580757959781687987e+02
5.124624624624624758e+00 4.581953620369396845e+02
5.131631631631631940e+00 4.583146224705935765e+02
5.138638638638638234e+00 4.584335770556490957e+02
5.145645645645645416e+00 4.585522255692133058e+02
5.152652652652652598e+00 4.586705677889648314e+02
5.159659659659659781e+00 4.587886034931368044e+02
5.166666666666666963e+00 4.589063324604977652e+02
5.173673673673673257e+00 4.590237544703354047e+02
5.180680680680680439e+00 4.591408693024378636e+02
5.187687687687687621e+00 4.592576767370765083e+02
5.194694694694694803e+00 4.593741765549864908e+02
5.201701701701701985e+00 4.594903685373493545e+02
5.208708708708708279e+00 4.596062524657742188e+02
5.215715715715715461e+00 4.597218281222787937e+02
5.222722722722722644e+00 4.598370952892711330e+02
5.229729729729729826e+00 4.599520537495305916e+02
5.236736736736737008e+00 4.600667032861878170e+02
5.243743743743743302e+00 4.601810436827065587e+02
5.250750750750750484e+00 4.602950747228639443e+02
5.257757757757757666e+00 4.604087961907307545e+02
5.264764764764764848e+00 4.605222078706519255e+02
5.271771771771772030e+00 4.606353095472269388e+02
5.278778778778778324e+00 4.607481010052895840e+02
5.285785785785785507e+00 4.608605820298876097e+02
5.292792792792792689e+00 4.609727524062639077e+02
5.299799799799799871e+00 4.610846119198349697e+02
5.306806806806807053e+00 4.611961603561709921e+02
5.313813813813813347e+00 4.613073975009750143e+02
5.320820820820820529e+00 4.614183231400633076e+02
5.327827827827827711e+00 4.615289370593436615e+02
5.334834834834834894e+00 4.616392390447950334e+02
5.341841841841842076e+00 4.617492288824465732e+02
5.348848848848848370e+00 4.618589063583572170e+02
5.355855855855855552e+00 4.619682712585933473e+02
5.362862862862862734e+00 4.620773233692093527e+02
5.369869869869869916e+00 4.621860624762254020e+02
5.376876876876877098e+00 4.622944883656060711e+02
5.383883883883884280e+00 4.624026008232396521e+02
5.390890890890890574e+00 4.625103996349162117e+02
5.397897897897897757e+00 4.626178845863063316e+02
5.404904904904904939e+00 4.627250554629401336e+02
5.411911911911912121e+00 4.628319120501844850e+02
5.418918918918919303e+00 4.629384541332229333e+02
5.425925925925925597e+00 4.630446814970329115e+02
5.432932932932932779e+00 4.631505939263645359e+02
5.439939939939939961e+00 4.632561912057186646e+02
5.446946946946947143e+00 4.633614731193260923e+02
5.453953953953954326e+00 4.634664394511244154e+02
5.460960960960960620e+00 4.635710899847364885e+02
5.467967967967967802e+00 4.636754245034512110e+02
5.474974974974974984e+00 4.637794427901973222e+02
5.481981981981982166e+00 4.638831446275258941e+02
5.488988988988989348e+00 4.639865297975853764e+02
5.495995995995995642e+00 4.640895980821026114e+02
5.503003003003002824e+00 4.641923492623585616e+02
5.510010010010010006e+00 4.642947831191689829e+02
5.517017017017017189e+00 4.643968994328607778e+02
5.524024024024024371e+00 4.644986979832511906e+02
5.531031031031030665e+00 4.646001785496270031e+02
5.538038038038037847e+00 4.647013409107218536e+02
5.545045045045045029e+00 4.648021848446953754e+02
5.552052052052052211e+00 4.649027101291118242e+02
5.559059059059059393e+00 4.650029165409177949e+02
5.566066066066065687e+00 4.651028038564229519e+02
5.573073073073072869e+00 4.652023718512766663e+02
5.580080080080080052e+00 4.653016203004484055e+02
5.587087087087087234e+00 4.654005489782060749e+02
5.594094094094094416e+00 4.654991576580949300e+02
5.601101101101100710e+00 4.655974461129175097e+02
5.608108108108107892e+00 4.656954141147123778e+02
5.615115115115115074e+00 4.657930614347337723e+02
5.622122122122122256e+00 4.658903878434308581e+02
5.629129129129129439e+00 4.659873931104282292e+02
5.636136136136135732e+00 4.660840770045044792e+02
5.643143143143142915e+00 4.661804392935728174e+02
5.650150150150150097e+00 4.662764797446619696e+02
5.657157157157157279e+00 4.663721981238946910e+02
5.664164164164164461e+00 4.664675941964694630e+02
5.671171171171170755e+00 4.665626677266415072e+02
5.678178178178177937e+00 4.666574184777019809e+02
5.685185185185185119e+00 4.667518462119597871e+02
5.692192192192192302e+00 4.668459506907238392e+02
5.699199199199199484e+00 4.669397316742822568e+02
5.706206206206205778e+00 4.670331889218855395e+02
5.713213213213212960e+00 4.671263221917274677e+02
5.720220220220220142e+00 4.672191312409275952e+02
5.727227227227227324e+00 4.673116158255133996e+02
5.734234234234234506e+00 4.674037757004023206e+02
5.741241241241240800e+00 4.674956106193851610e+02
5.748248248248247982e+00 4.675871203351082386e+02
5.755255255255255165e+00 4.676783045990566734e+02
5.762262262262262347e+00 4.677691631615389269e+02
5.769269269269269529e+00 4.678596957716689531e+02
5.776276276276275823e+00 4.679499021773505092e+02
5.783283283283283005e+00 4.680397821252628319e+02
5.790290290290290187e+00 4.681293353608432426e+02
5.797297297297297369e+00 4.682185616282730507e+02
5.804304304304304551e+00 4.683074606704626603e+02
5.811311311311310845e+00 4.683960322290367913e+02
5.818318318318318028e+00 4.684842760443199268e+02
5.825325325325325210e+00 4.685721918553230125e+02
5.832332332332332392e+00 4.686597793997298140e+02
5.839339339339339574e+00 4.687470384138831605e+02
5.846346346346345868e+00 4.688339686327719846e+02
5.853353353353353050e+00 4.689205697900193854e+02
5.860360360360360232e+00 4.690068416178702364e+02
5.867367367367367414e+00 4.690927838471790210e+02
5.874374374374374597e+00 4.691783962073975545e+02
5.881381381381380891e+00 4.692636784265662300e+02
5.888388388388388073e+00 4.693486302313011720e+02
5.895395395395395255e+00 4.694332513467840045e+02
5.902402402402402437e+00 4.695175414967530969e+02
5.909409409409409619e+00 4.696015004034931053e+02
5.916416416416416801e+00 4.696851277878256496e+02
5.923423423423423095e+00 4.697684233691010149e+02
5.930430430430430278e+00 4.698513868651900793e+02
5.937437437437437460e+00 4.699340179924760150e+02
5.944444444444444642e+00 4.700163164658458754e+02
5.951451451451451824e+00 4.700982819986855930e+02
5.958458458458458118e+00 4.701799143028720209e+02
5.965465465465465300e+00 4.702612130887661124e+02
5.972472472472472482e+00 4.703421780652088273e+02
5.979479479479479664e+00 4.704228089395159031e+02
5.986486486486486847e+00 4.705031054174704650e+02
5.993493493493493141e+00 4.705830672033221163e+02
6.000500500500500323e+00 4.706626939997805721e+02
6.007507507507507505e+00 4.707419855080136131e+02
6.014514514514514687e+00 4.708209414276437883e+02
6.021521521521521869e+00 4.708995614567460279e+02
6.028528528528528163e+00 4.709778452918459379e+02
6.035535535535535345e+00 4.710557926279170715e+02
6.042542542542542527e+00 4.711334031583827482e+02
6.049549549549549710e+00 4.712106765751133253e+02
6.056556556556556892e+00 4.712876125684268800e+02
6.063563563563563186e+00 4.713642108270900053e+02
6.070570570570570368e+00 4.714404710383192878e+02
6.077577577577577550e+00 4.715163928877825583e+02
6.084584584584584732e+00 4.715919760596011656e+02
6.091591591591591914e+00 4.716672202363527049e+02
6.098598598598598208e+00 4.717421250990743147e+02
6.105605605605605390e+00 4.718166903272668833e+02
6.112612612612612573e+00 4.718909155988984594e+02
6.119619619619619755e+00 4.719648005904102774e+02
6.126626626626626937e+00 4.720383449767217598e+02
6.133633633633633231e+00 4.721115484312359740e+02
6.140640640640640413e+00 4.721844106258472493e+02
6.147647647647647595e+00 4.722569312309474299e+02
6.154654654654654777e+00 4.723291099154340600e+02
6.161661661661661959e+00 4.724009463467185697e+02
6.168668668668668253e+00 4.724724401907350284e+02
6.175675675675675436e+00 4.725435911119494676e+02
6.182682682682682618e+00 4.726143987733702261e+02
6.189689689689689800e+00 4.726848628365578406e+02
6.196696696696696982e+00 4.727549829616368697e+02
6.203703703703703276e+00 4.728247588073069210e+02
6.210710710710710458e+00 4.728941900308559525e+02
6.217717717717717640e+00 4.729632762881717554e+02
6.224724724724724823e+00 4.730320172337562781e+02
6.231731731731732005e+00 4.731004125207399511e+02
6.238738738738738299e+00 4.731684618008954430e+02
6.245745745745745481e+00 4.732361647246532357e+02
6.252752752752752663e+00 4.733035209411175401e+02
6.259759759759759845e+00 4.733705300980826678e+02
6.266766766766767027e+00 4.734371918420500833e+02
6.273773773773773321e+00 4.735035058182439798e+02
6.280780780780780503e+00 4.735694716706342433e+02
6.287787787787787686e+00 4.736350890419490725e+02
6.294794794794794868e+00 4.737003575736993071e+02
6.301801801801802050e+00 4.737652769061947993e+02
6.308808808808808344e+00 4.738298466785678329e+02
6.315815815815815526e+00 4.738940665287910861e+02
6.322822822822822708e+00 4.739579360937018464e+02
6.329829829829829890e+00 4.740214550090234980e+02
6.336836836836837072e+00 4.740846229093872353e+02
6.343843843843843366e+00 4.741474394283558240e+02
6.350850850850850549e+00 4.742099041984494079e+02
6.357857857857857731e+00 4.742720168511676775e+02
6.364864864864864913e+00 4.743337770170151089e+02
6.371871871871872095e+00 4.743951843255288168e+02
6.378878878878878389e+00 4.744562384053024289e+02
6.385885885885885571e+00 4.745169388840133706e+02
6.392892892892892753e+00 4.745772853884508322e+02
6.399899899899899935e+00 4.746372775445440766e+02
6.406906906906907118e+00 4.746969149773888148e+02
6.413913913913914300e+00 4.747561973112785836e+02
6.420920920920920594e+00 4.748151241697327123e+02
6.427927927927927776e+00 4.748736951755271321e+02
6.434934934934934958e+00 4.749319099507246165e+02
6.441941941941942140e+00 4.749897681167061592e+02
6.448948948948949322e+00 4.750472692942033746e+02
6.455955955955955616e+00 4.751044131033285112e+02
6.462962962962962798e+00 4.751611991636099219e+02
6.469969969969969981e+00 4.752176270940228733e+02
6.476976976976977163e+00 4.752736965130252429e+02
6.483983983983984345e+00 4.753294070385904888e+02
6.490990990990990639e+00 4.753847582882428924e+02
6.497997997997997821e+00 4.754397498790929149e+02
6.505005005005005003e+00 4.754943814278726677e+02
6.512012012012012185e+00 4.755486525509722924e+02
6.519019019019019368e+00 4.756025628644764538e+02
6.526026026026025662e+00 4.756561119842012886e+02
6.533033033033032844e+00 4.757092995257329449e+02
6.540040040040040026e+00 4.757621251044649853e+02
6.547047047047047208e+00 4.758145883356361310e+02
6.554054054054054390e+00 4.758666888343708479e+02
6.561061061061060684e+00 4.759184262157176590e+02
6.568068068068067866e+00 4.759698000946893899e+02
6.575075075075075048e+00 4.760208100863027312e+02
6.582082082082082231e+00 4.760714558056193937e+02
6.589089089089089413e+00 4.761217368677881723e+02
6.596096096096095707e+00 4.761716528880834858e+02
6.603103103103102889e+00 4.762212034819506243e+02
6.610110110110110071e+00 4.762703882650454261e+02
6.617117117117117253e+00 4.763192068532785015e+02
6.624124124124124435e+00 4.763676588628561603e+02
6.631131131131130729e+00 4.764157439103262277e+02
6.638138138138137911e+00 4.764634616126197670e+02
6.645145145145145094e+00 4.765108115870954180e+02
6.652152152152152276e+00 4.765577934515838479e+02
6.659159159159159458e+00 4.766044068244331129e+02
6.666166166166165752e+00 4.766506513245517453e+02
6.673173173173172934e+00 4.766965265714550242e+02
6.680180180180180116e+00 4.767420321853111318e+02
6.687187187187187298e+00 4.767871677869853784e+02
6.694194194194194480e+00 4.768319329980870407e+02
6.701201201201200774e+00 4.768763274410154054e+02
6.708208208208207957e+00 4.769203507390066079e+02
6.715215215215215139e+00 4.769640025161796757e+02
6.722222222222222321e+00 4.770072823975839356e+02
6.729229229229229503e+00 4.770501900092464211e+02
6.736236236236235797e+00 4.770927249782184845e+02
6.743243243243242979e+00 4.771348869326236581e+02
6.750250250250250161e+00 4.771766755017059722e+02
6.757257257257257343e+00 4.772180903158765659e+02
6.764264264264264526e+00 4.772591310067629138e+02
6.771271271271270820e+00 4.772997972072562334e+02
6.778278278278278002e+00 4.773400885515605978e+02
6.785285285285285184e+00 4.773800046752400021e+02
6.792292292292292366e+00 4.774195452152682719e+02
6.799299299299299548e+00 4.774587098100776075e+02
6.806306306306305842e+00 4.774974980996058775e+02
6.813313313313313024e+00 4.775359097253469827e+02
6.820320320320320207e+00 4.775739443303987173e+02
6.827327327327327389e+00 4.776116015595124509e+02
6.834334334334334571e+00 4.776488810591414449e+02
6.841341341341340865e+00 4.776857824774896244e+02
6.848348348348348047e+00 4.777223054645614866e+02
6.855355355355355229e+00 4.777584496722100766e+02
6.862362362362362411e+00 4.777942147541866689e+02
6.869369369369369593e+00 4.778296003661891973e+02
6.876376376376375887e+00 4.778646061659110273e+02
6.883383383383383070e+00 4.778992318130904096e+02
6.890390390390390252e+00 4.779334769695592513e+02
6.897397397397397434e+00 4.779673412992904105e+02
6.904404404404404616e+00 4.780008244684479450e+02
6.911411411411411798e+00 4.780339261454350890e+02
6.918418418418418092e+00 4.780666460009426828e+02
6.925425425425425274e+00 4.780989837079966946e+02
6.932432432432432456e+00 4.781309389420076741e+02
6.939439439439439639e+00 4.781625113808175911e+02
6.946446446446446821e+00 4.781937007047479256e+02
6.953453453453453115e+00 4.782245065966477569e+02
6.960460460460460297e+00 4.782549287419410575e+02
6.967467467467467479e+00 4.782849668286729639e+02
6.974474474474474661e+00 4.783146205475580928e+02
6.981481481481481843e+00 4.783438895920266987e+02
6.988488488488488137e+00 4.783727736582716261e+02
6.995495495495495319e+00 4.784012724452937846e+02
7.002502502502502502e+00 4.784293856549491011e+02
7.009509509509509684e+00 4.784571129919939949e+02
7.016516516516516866e+00 4.784844541641305113e+02
7.023523523523523160e+00 4.785114088820510005e+02
7.030530530530530342e+00 4.785379768594852976e+02
7.037537537537537524e+00 4.785641578132424456e+02
7.044544544544544706e+00 4.785899514632560567e+02
7.051551551551551889e+00 4.786153575326284226e+02
7.058558558558558182e+00 4.786403757476740566e+02
7.065565565565565365e+00 4.786650058379617576e+02
7.072572572572572547e+00 4.786892475363581525e+02
7.079579579579579729e+00 4.787131005790704421e+02
7.086586586586586911e+00 4.787365647056865328e+02
7.093593593593593205e+00 4.787596396592189194e+02
7.100600600600600387e+00 4.787823251861432254e+02
7.107607607607607569e+00 4.788046210364407216e+02
7.114614614614614752e+00 4.788265269636380026e+02
7.121621621621621934e+00 4.788480427248459819e+02
7.128628628628628228e+00 4.788691680807994544e+02
7.135635635635635410e+00 4.788899027958959778e+02
7.142642642642642592e+00 4.789102466382340708e+02
7.149649649649649774e+00 4.789301993796508441e+02
7.156656656656656956e+00 4.789497607957582659e+02
7.163663663663663250e+00 4.789689306659817021e+02
7.170670670670670432e+00 4.789877087735942496e+02
7.177677677677677615e+00 4.790060949057528887e+02
7.184684684684684797e+00 4.790240888535339536e+02
7.191691691691691979e+00 4.790416904119665560e+02
7.198698698698698273e+00 4.790588993800671460e+02
7.205705705705705455e+00 4.790757155608722542e+02
7.212712712712712637e+00 4.790921387614715741e+02
7.219719719719719819e+00 4.791081687930395674e+02
7.226726726726727001e+00 4.791238054708666141e+02
7.233733733733733295e+00 4.791390486143910721e+02
7.240740740740740478e+00 4.791538980472272442e+02
7.247747747747747660e+00 4.791683535971969832e+02
7.254754754754754842e+00 4.791824150963570901e+02
7.261761761761762024e+00 4.791960823810278498e+02
7.268768768768768318e+00 4.792093552918209980e+02
7.275775775775775500e+00 4.792222336736657553e+02
7.282782782782782682e+00 4.792347173758346344e+02
7.289789789789789864e+00 4.792468062519708383e+02
7.296796796796797047e+00 4.792585001601104295e+02
7.303803803803803341e+00 4.792697989627077959e+02
7.310810810810810523e+00 4.792807025266587289e+02
7.317817817817817705e+00 4.792912107233225925e+02
7.324824824824824887e+00 4.793013234285447197e+02
7.331831831831832069e+00 4.793110405226766488e+02
7.338838838838838363e+00 4.793203618905971553e+02
7.345845845845845545e+00 4.793292874217318058e+02
7.352852852852852727e+00 4.793378170100716034e+02
7.359859859859859910e+00 4.793459505541906083e+02
7.366866866866867092e+00 4.793536879572644693e+02
7.373873873873873386e+00 4.793610291270855441e+02
7.380880880880880568e+00 4.793679739760798384e+02
7.387887887887887750e+00 4.793745224213208758e+02
7.394894894894894932e+00 4.793806743845450455e+02
7.401901901901902114e+00 4.793864297921641082e+02
7.408908908908908408e+00 4.793917885752782695e+02
7.415915915915915591e+00 4.793967506696877763e+02
7.422922922922922773e+00 4.794013160159039444e+02
7.429929929929929955e+00 4.794054845591597314e+02
7.436936936936937137e+00 4.794092562494189451e+02
7.443943943943944319e+00 4.794126310413843157e+02
7.450950950950950613e+00 4.794156088945060219e+02
7.457957957957957795e+00 4.794181897729882849e+02
7.464964964964964977e+00 4.794203736457957348e+02
7.471971971971972160e+00 4.794221604866585267e+02
7.478978978978979342e+00 4.794235502740770016e+02
7.485985985985985636e+00 4.794245429913254384e+02
7.492992992992992818e+00 4.794251386264544408e+02
7.500000000000000000e+00 4.794253371722943484e+02
