3.000000000000000000e+01 1.059119414737678816e-01 5.756271212286535183e-02
6.000000000000000000e+01 3.206493208480427071e-01 6.333038076604757816e-02
9.000000000000000000e+01 4.056877562777366220e-01 5.980000395454350415e-02
1.200000000000000000e+02 4.112607205945377764e-01 1.196623614149796982e-01
1.500000000000000000e+02 2.820997492259004757e-01 3.180163206737528919e-02
1.800000000000000000e+02 1.996048975431292394e-01 2.998228537900370430e-02
2.100000000000000000e+02 1.423027637230105114e-01 2.901941784604409463e-02
2.400000000000000000e+02 1.070661118852875987e-01 2.856119751423243786e-02
2.700000000000000000e+02 9.128412044938737091e-02 2.721089825227547901e-02
3.000000000000000000e+02 7.608612921329448164e-02 3.222974478764283057e-02
3.300000000000000000e+02 7.509959516861509921e-02 2.640892073054440514e-02
3.600000000000000000e+02 7.160071019785468893e-02 2.482642905291856592e-02
3.900000000000000000e+02 6.968903007396534677e-02 2.255194857747185380e-02
4.200000000000000000e+02 6.380850124856819738e-02 2.260931960837340993e-02
4.500000000000000000e+02 7.214703595241392375e-02 2.463254839408862695e-02
4.800000000000000000e+02 5.935516673632977580e-02 1.773674260828697266e-02
5.100000000000000000e+02 5.693696957286879801e-02 1.664549859059057113e-02
5.400000000000000000e+02 5.232931158534830096e-02 4.989576295963456948e-02
5.700000000000000000e+02 3.761230851308799278e-02 1.563029882379534177e-02
6.000000000000000000e+02 3.244397057486955033e-02 1.550524645608296337e-02
6.300000000000000000e+02 3.082770210654570825e-02 1.554245981960324617e-02
6.600000000000000000e+02 2.780629447615902070e-02 1.444857247439323457e-02
6.900000000000000000e+02 2.716977899169580046e-02 1.422318736636890221e-02
7.200000000000000000e+02 2.230508669934587462e-02 1.330583748497155515e-02
7.500000000000000000e+02 2.164937412936501770e-02 1.332303787683026576e-02
7.800000000000000000e+02 1.769320738209168020e-02 1.329627646894849732e-02
8.100000000000000000e+02 1.535391419195301053e-02 1.289639217815879979e-02
8.400000000000000000e+02 1.400161368844923641e-02 1.215960773931436430e-02
8.700000000000000000e+02 1.213583839586139350e-02 1.214895515396008721e-02
9.000000000000000000e+02 1.042918751961227804e-02 1.186797092294421437e-02
9.300000000000000000e+02 8.833925255161139897e-03 1.151402540951527997e-02
9.600000000000000000e+02 7.238423099923504273e-03 1.139386398480909945e-02
9.900000000000000000e+02 5.748108245857714432e-03 1.157854587913569912e-02
1.020000000000000000e+03 6.722879710487544846e-03 1.139757433615375994e-02
1.050000000000000000e+03 4.297400274937685297e-03 1.064876749243138729e-02
1.080000000000000000e+03 5.213855038803022306e-03 1.073054477373963818e-02
1.110000000000000000e+03 4.515440975870109452e-03 1.064760038265929326e-02
