1.500000000000000000e+01 3.543699228405097768e-03
1.620120120120120077e+01 4.130424987298614986e-03
1.740240240240240155e+01 4.761194682161535435e-03
1.860360360360360232e+01 5.435758505720126969e-03
1.980480480480480310e+01 6.153849515934186297e-03
2.100600600600600387e+01 6.915183784171829127e-03
2.220720720720720820e+01 7.719460552654804769e-03
2.340840840840840897e+01 8.566362401056520567e-03
2.460960960960960975e+01 9.455555422127750326e-03
2.581081081081081052e+01 1.038668940622229815e-02
2.701201201201201130e+01 1.135939803458337061e-02
2.821321321321321562e+01 1.237329908124597602e-02
2.941441441441441640e+01 1.342799462341161265e-02
3.061561561561561717e+01 1.452307126013295882e-02
3.181681681681681795e+01 1.565810033915125687e-02
3.301801801801801872e+01 1.683263819171847489e-02
3.421921921921921950e+01 1.804622637523182332e-02
3.542042042042042027e+01 1.929839192350189803e-02
3.662162162162162105e+01 2.058864760446954545e-02
3.782282282282282182e+01 2.191649218518888081e-02
3.902402402402402259e+01 2.328141070387581071e-02
4.022522522522523047e+01 2.468287474882748661e-02
4.142642642642643125e+01 2.612034274401281095e-02
4.262762762762763202e+01 2.759326024112120773e-02
4.382882882882883280e+01 2.910106021786316999e-02
4.503003003003003357e+01 3.064316338230518855e-02
4.623123123123123435e+01 3.221897848302225642e-02
4.743243243243243512e+01 3.382790262484257349e-02
4.863363363363363590e+01 3.546932158996177892e-02
4.983483483483483667e+01 3.714261016419594802e-02
5.103603603603603744e+01 3.884713246814140708e-02
5.223723723723723822e+01 4.058224229300790714e-02
5.343843843843843899e+01 4.234728344088653507e-02
5.463963963963963977e+01 4.414159006921442724e-02
5.584084084084084054e+01 4.596448703919311929e-02
5.704204204204204132e+01 4.781529026791661585e-02
5.824324324324324209e+01 4.969330708396796359e-02
5.944444444444444287e+01 5.159783658623169622e-02
6.064564564564564364e+01 5.352817000567876987e-02
6.184684684684684441e+01 5.548359106987267586e-02
6.304804804804804519e+01 5.746337636994832548e-02
6.424924924924926017e+01 5.946679572981264372e-02
6.545045045045046095e+01 6.149311257731553126e-02
6.665165165165166172e+01 6.354158431714250488e-02
6.785285285285286250e+01 6.561146270517351220e-02
6.905405405405406327e+01 6.770199422406454615e-02
7.025525525525526405e+01 6.981242045979406396e-02
7.145645645645646482e+01 7.194197847892983000e-02
7.265765765765766560e+01 7.408990120636566035e-02
7.385885885885886637e+01 7.625541780328216890e-02
7.506006006006006714e+01 7.843775404508228355e-02
7.626126126126126792e+01 8.063613269905982317e-02
7.746246246246246869e+01 8.284977390155662258e-02
7.866366366366366947e+01 8.507789553436735652e-02
7.986486486486487024e+01 8.731971360015380879e-02
8.106606606606607102e+01 8.957444259662922237e-02
8.226726726726727179e+01 9.184129588928224841e-02
8.346846846846847257e+01 9.411948608240604253e-02
8.466966966966967334e+01 9.640822538820412180e-02
8.587087087087087411e+01 9.870672599374785694e-02
8.707207207207207489e+01 1.010142004255623477e-01
8.827327327327327566e+01 1.033298619116213429e-01
8.947447447447447644e+01 1.056529247405361693e-01
9.067567567567567721e+01 1.079826046177244508e-01
9.187687687687687799e+01 1.103181190183528254e-01
9.307807807807807876e+01 1.126586875368469076e-01
9.427927927927927954e+01 1.150035322327688653e-01
9.548048048048048031e+01 1.173518779728683487e-01
9.668168168168168108e+01 1.197029527691109430e-01
9.788288288288288186e+01 1.220559881125014706e-01
9.908408408408408263e+01 1.244102193025152514e-01
1.002852852852852834e+02 1.267648857719624322e-01
1.014864864864864842e+02 1.291192314071117619e-01
1.026876876876876850e+02 1.314725048629038773e-01
1.038888888888888857e+02 1.338239598730932567e-01
1.050900900900900865e+02 1.361728555551585396e-01
1.062912912912912873e+02 1.385184567098330100e-01
1.074924924924924881e+02 1.408600341150997304e-01
1.086936936936936888e+02 1.431968648145198197e-01
1.098948948948948896e+02 1.455282323997479643e-01
1.110960960960960904e+02 1.478534272871090960e-01
1.122972972972973054e+02 1.501717469881113098e-01
1.134984984984985061e+02 1.524824963737713979e-01
1.146996996996997069e+02 1.547849879326433364e-01
1.159009009009009077e+02 1.570785420224389828e-01
1.171021021021021085e+02 1.593624871151367306e-01
1.183033033033033092e+02 1.616361600354876971e-01
1.195045045045045100e+02 1.638989061928206037e-01
1.207057057057057108e+02 1.661500798060665252e-01
1.219069069069069116e+02 1.683890441219204614e-01
1.231081081081081123e+02 1.706151716260687345e-01
1.243093093093093131e+02 1.728278442474135423e-01
1.255105105105105139e+02 1.750264535552345235e-01
1.267117117117117147e+02 1.772104009492281584e-01
1.279129129129129154e+02 1.793790978423813742e-01
1.291141141141141020e+02 1.815319658366274791e-01
1.303153153153153312e+02 1.836684368912538945e-01
1.315165165165165035e+02 1.857879534840234659e-01
1.327177177177177327e+02 1.878899687649856487e-01
1.339189189189189051e+02 1.899739467029554485e-01
1.351201201201201343e+02 1.920393622246462095e-01
1.363213213213213066e+02 1.940857013464436231e-01
1.375225225225225358e+02 1.961124612988197069e-01
1.387237237237237082e+02 1.981191506433867544e-01
1.399249249249249374e+02 2.001052893825974455e-01
1.411261261261261097e+02 2.020704090621048277e-01
1.423273273273273389e+02 2.040140528657964913e-01
1.435285285285285397e+02 2.059357757035303049e-01
1.447297297297297405e+02 2.078351442915939429e-01
1.459309309309309413e+02 2.097117372259245105e-01
1.471321321321321420e+02 2.115651450481250140e-01
1.483333333333333428e+02 2.133949703043200308e-01
1.495345345345345436e+02 2.152008275968974316e-01
1.507357357357357444e+02 2.169823436291888896e-01
1.519369369369369451e+02 2.187391572431447440e-01
1.531381381381381459e+02 2.204709194500668601e-01
1.543393393393393467e+02 2.221772934544588296e-01
1.555405405405405475e+02 2.238579546710710855e-01
1.567417417417417482e+02 2.255125907352071024e-01
1.579429429429429490e+02 2.271409015063740877e-01
1.591441441441441498e+02 2.287425990653554342e-01
1.603453453453453506e+02 2.303174077047932811e-01
1.615465465465465513e+02 2.318650639133692237e-01
1.627477477477477521e+02 2.333853163536739050e-01
1.639489489489489529e+02 2.348779258338647147e-01
1.651501501501501536e+02 2.363426652732086297e-01
1.663513513513513544e+02 2.377793196616123372e-01
1.675525525525525552e+02 2.391876860132462757e-01
1.687537537537537560e+02 2.405675733143690931e-01
1.699549549549549567e+02 2.419188024654666813e-01
1.711561561561561575e+02 2.432412062178143375e-01
1.723573573573573583e+02 2.445346291045841780e-01
1.735585585585585591e+02 2.457989273666103536e-01
1.747597597597597598e+02 2.470339688729376870e-01
1.759609609609609606e+02 2.482396330362732495e-01
1.771621621621621614e+02 2.494158107234668853e-01
1.783633633633633622e+02 2.505624041611473896e-01
1.795645645645645629e+02 2.516793268366420699e-01
1.807657657657657637e+02 2.527665033943090056e-01
1.819669669669669645e+02 2.538238695274152024e-01
1.831681681681681653e+02 2.548513718656907345e-01
1.843693693693693660e+02 2.558489678586945981e-01
1.855705705705705668e+02 2.568166256551243087e-01
1.867717717717717676e+02 2.577543239782087436e-01
1.879729729729729684e+02 2.586620519973175658e-01
1.891741741741741691e+02 2.595398091959242870e-01
1.903753753753753699e+02 2.603876052360627469e-01
1.915765765765765707e+02 2.612054598194127331e-01
1.927777777777777715e+02 2.619934025451555737e-01
1.939789789789789722e+02 2.627514727647335957e-01
1.951801801801801730e+02 2.634797194336574444e-01
1.963813813813813738e+02 2.641782009604963788e-01
1.975825825825825746e+02 2.648469850531888770e-01
1.987837837837837753e+02 2.654861485628160489e-01
1.999849849849849761e+02 2.660957773249679748e-01
2.011861861861861769e+02 2.666759659988493514e-01
2.023873873873873777e+02 2.672268179042509018e-01
2.035885885885885784e+02 2.677484448565309871e-01
2.047897897897897792e+02 2.682409669997348201e-01
2.059909909909909800e+02 2.687045126379911109e-01
2.071921921921921808e+02 2.691392180653164323e-01
2.083933933933934100e+02 2.695452273939566989e-01
2.095945945945946107e+02 2.699226923814013746e-01
2.107957957957958115e+02 2.702717722561963631e-01
2.119969969969970123e+02 2.705926335426831475e-01
2.131981981981982130e+02 2.708854498847931280e-01
2.143993993993994138e+02 2.711504018690195084e-01
2.156006006006006146e+02 2.713876768466914058e-01
2.168018018018018154e+02 2.715974687556718670e-01
2.180030030030030161e+02 2.717799779415983608e-01
2.192042042042042169e+02 2.719354109787859852e-01
2.204054054054054177e+02 2.720639804909065207e-01
2.216066066066066185e+02 2.721659049715606793e-01
2.228078078078078192e+02 2.722414086048536852e-01
2.240090090090090200e+02 2.722907210860845972e-01
2.252102102102102208e+02 2.723140774426580646e-01
2.264114114114114216e+02 2.723117178553241535e-01
2.276126126126126223e+02 2.722838874798491626e-01
2.288138138138138231e+02 2.722308362692194006e-01
2.300150150150150239e+02 2.721528187964769030e-01
2.312162162162162247e+02 2.720500940782852872e-01
2.324174174174174254e+02 2.719229253993156736e-01
2.336186186186186262e+02 2.717715801375507056e-01
2.348198198198198270e+02 2.715963295905913233e-01
2.360210210210210278e+02 2.713974488030560517e-01
2.372222222222222285e+02 2.711752163951561267e-01
2.384234234234234293e+02 2.709299143925298359e-01
2.396246246246246301e+02 2.706618280574138447e-01
2.408258258258258309e+02 2.703712457212296694e-01
2.420270270270270316e+02 2.700584586186617897e-01
2.432282282282282324e+02 2.697237607232931267e-01
2.444294294294294332e+02 2.693674485848768230e-01
2.456306306306306340e+02 2.689898211683010576e-01
2.468318318318318347e+02 2.685911796943185048e-01
2.480330330330330355e+02 2.681718274820993342e-01
2.492342342342342363e+02 2.677320697936659277e-01
2.504354354354354371e+02 2.672722136802682114e-01
2.516366366366366378e+02 2.667925678307519477e-01
2.528378378378378386e+02 2.662934424219723373e-01
2.540390390390390394e+02 2.657751489713000015e-01
2.552402402402402402e+02 2.652380001912702512e-01
2.564414414414414409e+02 2.646823098464126667e-01
2.576426426426426133e+02 2.641083926123101167e-01
2.588438438438438425e+02 2.635165639369193014e-01
2.600450450450450717e+02 2.629071399041941204e-01
2.612462462462462440e+02 2.622804371000440615e-01
2.624474474474474164e+02 2.616367724806588635e-01
2.636486486486486456e+02 2.609764632432295395e-01
2.648498498498498748e+02 2.602998266990935727e-01
2.660510510510510471e+02 2.596071801493263220e-01
2.672522522522522195e+02 2.588988407628051713e-01
2.684534534534534487e+02 2.581751254567610232e-01
2.696546546546546779e+02 2.574363507798413386e-01
2.708558558558558502e+02 2.566828327976952706e-01
2.720570570570570794e+02 2.559148869810977112e-01
2.732582582582582518e+02 2.551328280966222439e-01
2.744594594594594810e+02 2.543369700998726057e-01
2.756606606606606533e+02 2.535276260312819829e-01
2.768618618618618825e+02 2.527051079144815304e-01
2.780630630630630549e+02 2.518697266572468840e-01
2.792642642642642841e+02 2.510217919550195020e-01
2.804654654654654564e+02 2.501616121970063888e-01
2.816666666666666856e+02 2.492894943748523162e-01
2.828678678678678580e+02 2.484057439938852085e-01
2.840690690690690872e+02 2.475106649869250608e-01
2.852702702702702595e+02 2.466045596306523369e-01
2.864714714714714887e+02 2.456877284645251069e-01
2.876726726726726611e+02 2.447604702122340714e-01
2.888738738738738903e+02 2.438230817056867006e-01
2.900750750750750626e+02 2.428758578115027822e-01
2.912762762762762918e+02 2.419190913600103854e-01
2.924774774774774642e+02 2.409530730767225348e-01
2.936786786786786934e+02 2.399780915162800787e-01
2.948798798798798657e+02 2.389944329988397953e-01
2.960810810810810949e+02 2.380023815488885863e-01
2.972822822822822673e+02 2.370022188364614424e-01
2.984834834834834965e+02 2.359942241207413915e-01
2.996846846846846688e+02 2.349786741960187830e-01
3.008858858858858980e+02 2.339558433399826221e-01
3.020870870870870704e+02 2.329260032643211131e-01
3.032882882882882996e+02 2.318894230676017687e-01
3.044894894894894719e+02 2.308463691904076298e-01
3.056906906906907011e+02 2.297971053726959312e-01
3.068918918918918735e+02 2.287418926133551744e-01
3.080930930930931027e+02 2.276809891319256929e-01
3.092942942942942750e+02 2.266146503324583394e-01
3.104954954954955042e+02 2.255431287694732168e-01
3.116966966966966766e+02 2.244666741159926926e-01
3.128978978978979058e+02 2.233855331336115912e-01
3.140990990990990781e+02 2.222999496445738354e-01
3.153003003003003073e+02 2.212101645058189847e-01
3.165015015015014797e+02 2.201164155849686110e-01
3.177027027027027088e+02 2.190189377382120717e-01
3.189039039039038812e+02 2.179179627900632021e-01
3.201051051051051104e+02 2.168137195149444918e-01
3.213063063063062827e+02 2.157064336205724298e-01
3.225075075075075119e+02 2.145963277330977526e-01
3.237087087087087411e+02 2.134836213839727825e-01
3.249099099099099135e+02 2.123685309985042791e-01
3.261111111111111427e+02 2.112512698860562477e-01
3.273123123123123150e+02 2.101320482318673188e-01
3.285135135135135442e+02 2.090110730904424508e-01
3.297147147147147166e+02 2.078885483804865930e-01
3.309159159159159458e+02 2.067646748813379565e-01
3.321171171171171181e+02 2.056396502308673602e-01
3.333183183183183473e+02 2.045136689248057693e-01
3.345195195195195197e+02 2.033869223174625818e-01
3.357207207207207489e+02 2.022595986237970545e-01
3.369219219219219212e+02 2.011318829228076477e-01
3.381231231231231504e+02 2.000039571622010404e-01
3.393243243243243228e+02 1.988760001643049280e-01
3.405255255255255520e+02 1.977481876331880217e-01
3.417267267267267243e+02 1.966206921629518323e-01
3.429279279279279535e+02 1.954936832471559915e-01
3.441291291291291259e+02 1.943673272893445825e-01
3.453303303303303551e+02 1.932417876146351743e-01
3.465315315315315274e+02 1.921172244823373954e-01
3.477327327327327566e+02 1.909937950995649891e-01
3.489339339339339290e+02 1.898716536358072693e-01
3.501351351351351582e+02 1.887509512384265009e-01
3.513363363363363305e+02 1.876318360490455417e-01
3.525375375375375597e+02 1.865144532207946571e-01
3.537387387387387321e+02 1.853989449363829811e-01
3.549399399399399613e+02 1.842854504269620941e-01
3.561411411411411336e+02 1.831741059917501302e-01
3.573423423423423628e+02 1.820650450183847469e-01
3.585435435435435352e+02 1.809583980039729534e-01
3.597447447447447644e+02 1.798542925768069345e-01
3.609459459459459367e+02 1.787528535187173917e-01
3.621471471471471659e+02 1.776542027880311236e-01
3.633483483483483383e+02 1.765584595431074488e-01
3.645495495495495675e+02 1.754657401664212191e-01
3.657507507507507398e+02 1.743761582891653616e-01
3.669519519519519690e+02 1.732898248163468602e-01
3.681531531531531414e+02 1.722068479523444218e-01
3.693543543543543706e+02 1.711273332269067637e-01
3.705555555555555429e+02 1.700513835215595460e-01
3.717567567567567721e+02 1.689790990963998818e-01
3.729579579579579445e+02 1.679105776172501174e-01
3.741591591591591737e+02 1.668459141831473980e-01
3.753603603603603460e+02 1.657852013541459557e-01
3.765615615615615752e+02 1.647285291794047812e-01
3.777627627627627476e+02 1.636759852255442182e-01
3.789639639639639768e+02 1.626276546052412564e-01
3.801651651651651491e+02 1.615836200060481731e-01
3.813663663663663783e+02 1.605439617194084345e-01
3.825675675675675507e+02 1.595087576698518417e-01
3.837687687687687799e+02 1.584780834443480502e-01
3.849699699699699522e+02 1.574520123217985623e-01
3.861711711711711814e+02 1.564306153026454593e-01
3.873723723723723538e+02 1.554139611385840780e-01
3.885735735735735830e+02 1.544021163623553183e-01
3.897747747747747553e+02 1.533951453176040092e-01
3.909759759759759845e+02 1.523931101887838757e-01
3.921771771771771569e+02 1.513960710310945090e-01
3.933783783783783861e+02 1.504040858004326298e-01
3.945795795795795584e+02 1.494172103833431020e-01
3.957807807807807876e+02 1.484354986269544874e-01
3.969819819819819600e+02 1.474590023688836793e-01
3.981831831831831892e+02 1.464877714670981823e-01
3.993843843843843615e+02 1.455218538297193831e-01
4.005855855855855907e+02 1.445612954447549059e-01
4.017867867867868199e+02 1.436061404097497829e-01
4.029879879879879923e+02 1.426564309613396753e-01
4.041891891891892215e+02 1.417122075046990670e-01
4.053903903903903938e+02 1.407735086428712479e-01
4.065915915915916230e+02 1.398403712059686499e-01
4.077927927927927954e+02 1.389128302802344339e-01
4.089939939939940245e+02 1.379909192369558335e-01
4.101951951951951969e+02 1.370746697612188203e-01
4.113963963963964261e+02 1.361641118804949868e-01
4.125975975975975985e+02 1.352592739930534027e-01
4.137987987987988276e+02 1.343601828961882849e-01
4.150000000000000000e+02 1.334668638142551822e-01
4.162012012012012292e+02 1.325793404265060982e-01
4.174024024024024015e+02 1.316976348947224429e-01
4.186036036036036307e+02 1.308217678906310744e-01
4.198048048048048031e+02 1.299517586231037913e-01
4.210060060060060323e+02 1.290876248651311453e-01
4.222072072072072046e+02 1.282293829805662422e-01
4.234084084084084338e+02 1.273770479506322328e-01
4.246096096096096062e+02 1.265306334001896627e-01
4.258108108108108354e+02 1.256901516237584615e-01
4.270120120120120077e+02 1.248556136112907444e-01
4.282132132132132369e+02 1.240270290736904257e-01
4.294144144144144093e+02 1.232044064680753864e-01
4.306156156156156385e+02 1.223877530227793775e-01
4.318168168168168108e+02 1.215770747620917858e-01
4.330180180180180400e+02 1.207723765307280872e-01
4.342192192192192124e+02 1.199736620180359148e-01
4.354204204204204416e+02 1.191809337819259851e-01
4.366216216216216139e+02 1.183941932725324775e-01
4.378228228228228431e+02 1.176134408555978006e-01
4.390240240240240155e+02 1.168386758355806215e-01
4.402252252252252447e+02 1.160698964784863119e-01
4.414264264264264170e+02 1.153071000344191022e-01
4.426276276276276462e+02 1.145502827598535028e-01
4.438288288288288186e+02 1.137994399396257683e-01
4.450300300300300478e+02 1.130545659086446691e-01
4.462312312312312201e+02 1.123156540733192266e-01
4.474324324324324493e+02 1.115826969327083779e-01
4.486336336336336217e+02 1.108556860993844678e-01
4.498348348348348509e+02 1.101346123200204752e-01
4.510360360360360232e+02 1.094194654956927304e-01
4.522372372372372524e+02 1.087102347019043014e-01
4.534384384384384248e+02 1.080069082083294218e-01
4.546396396396396540e+02 1.073094734982787402e-01
4.558408408408408263e+02 1.066179172878853332e-01
4.570420420420420555e+02 1.059322255450153988e-01
4.582432432432432279e+02 1.052523835079028219e-01
4.594444444444444571e+02 1.045783757035082528e-01
4.606456456456456294e+02 1.039101859656072074e-01
4.618468468468468586e+02 1.032477974526040398e-01
4.630480480480480310e+02 1.025911926650790729e-01
4.642492492492492602e+02 1.019403534630644731e-01
4.654504504504504325e+02 1.012952610830565037e-01
4.666516516516516617e+02 1.006558961547613096e-01
4.678528528528528341e+02 1.000222387175798422e-01
4.690540540540540633e+02 9.939426823682989687e-02
4.702552552552552356e+02 9.877196361971343763e-02
4.714564564564564648e+02 9.815530323102406030e-02
4.726576576576576372e+02 9.754426490860257370e-02
4.738588588588588664e+02 9.693882597854083794e-02
4.750600600600600387e+02 9.633896327013584393e-02
4.762612612612612679e+02 9.574465313059626892e-02
4.774624624624624971e+02 9.515587143950648974e-02
4.786636636636636695e+02 9.457259362304620831e-02
4.798648648648648987e+02 9.399479466797243388e-02
4.810660660660660710e+02 9.342244913536387751e-02
4.822672672672673002e+02 9.285553117413049284e-02
4.834684684684684726e+02 9.229401453429217361e-02
4.846696696696697018e+02 9.173787258002802369e-02
4.858708708708708741e+02 9.118707830249855872e-02
4.870720720720721033e+02 9.064160433244489168e-02
4.882732732732732757e+02 9.010142295256640121e-02
4.894744744744745049e+02 8.956650610968040771e-02
4.906756756756756772e+02 8.903682542666530031e-02
4.918768768768769064e+02 8.851235221419131993e-02
4.930780780780780788e+02 8.799305748224099666e-02
4.942792792792793080e+02 8.747891195142201703e-02
4.954804804804804803e+02 8.696988606407438094e-02
4.966816816816817095e+02 8.646594999517728808e-02
4.978828828828828819e+02 8.596707366305458842e-02
4.990840840840841111e+02 8.547322673988445862e-02
5.002852852852852834e+02 8.498437866201541402e-02
5.014864864864865126e+02 8.450049864009015477e-02
5.026876876876876850e+02 8.402155566898178440e-02
5.038888888888889142e+02 8.354751853754210922e-02
5.050900900900900865e+02 8.307835583817002600e-02
5.062912912912913157e+02 8.261403597619497441e-02
5.074924924924924881e+02 8.215452717908600100e-02
5.086936936936937173e+02 8.169979750548310438e-02
5.098948948948948896e+02 8.124981485405692594e-02
5.110960960960961188e+02 8.080454697219696669e-02
5.122972972972972912e+02 8.036396146453389511e-02
5.134984984984985203e+02 7.992802580129423906e-02
5.146996996996997495e+02 7.949670732649455340e-02
5.159009009009009787e+02 7.906997326597352271e-02
5.171021021021020942e+02 7.864779073526777242e-02
5.183033033033033234e+02 7.823012674733109684e-02
5.195045045045044390e+02 7.781694822010179480e-02
5.207057057057056682e+02 7.740822198391805742e-02
5.219069069069068973e+02 7.700391478878694518e-02
5.231081081081081265e+02 7.660399331150524738e-02
5.243093093093093557e+02 7.620842416263871877e-02
5.255105105105105849e+02 7.581717389335893009e-02
5.267117117117117004e+02 7.543020900214066071e-02
5.279129129129129296e+02 7.504749594132395507e-02
5.291141141141141588e+02 7.466900112353896946e-02
5.303153153153152743e+02 7.429469092800161656e-02
5.315165165165165035e+02 7.392453170667437345e-02
5.327177177177177327e+02 7.355848979030360502e-02
5.339189189189189619e+02 7.319653149432692185e-02
5.351201201201200774e+02 7.283862312465763655e-02
5.363213213213213066e+02 7.248473098334763665e-02
5.375225225225225358e+02 7.213482137412838280e-02
5.387237237237237650e+02 7.178886060783545853e-02
5.399249249249248805e+02 7.144681500771543625e-02
5.411261261261261097e+02 7.110865091461840426e-02
5.423273273273273389e+02 7.077433469207873584e-02
5.435285285285285681e+02 7.044383273128389245e-02
5.447297297297296836e+02 7.011711145593553518e-02
5.459309309309309128e+02 6.979413732700162631e-02
5.471321321321321420e+02 6.947487684736566860e-02
5.483333333333333712e+02 6.915929656636937706e-02
5.495345345345344867e+02 6.884736308425545848e-02
5.507357357357357159e+02 6.853904305650916629e-02
5.519369369369369451e+02 6.823430319810086520e-02
5.531381381381381743e+02 6.793311028763231174e-02
5.543393393393394035e+02 6.763543117138684502e-02
5.555405405405405190e+02 6.734123276728538887e-02
5.567417417417417482e+02 6.705048206875048600e-02
5.579429429429429774e+02 6.676314614847955742e-02
5.591441441441442066e+02 6.647919216212802573e-02
5.603453453453453221e+02 6.619858735190539689e-02
5.615465465465465513e+02 6.592129905008355106e-02
5.627477477477477805e+02 6.564729468242139210e-02
5.639489489489490097e+02 6.537654177150414858e-02
5.651501501501501252e+02 6.510900794000208658e-02
5.663513513513513544e+02 6.484466091384638586e-02
5.675525525525525836e+02 6.458346852532649562e-02
5.687537537537538128e+02 6.432539871610853943e-02
5.699549549549549283e+02 6.407041954017658747e-02
5.711561561561561575e+02 6.381849916669836420e-02
5.723573573573573867e+02 6.356960588281582170e-02
5.735585585585586159e+02 6.332370809636216069e-02
5.747597597597597314e+02 6.308077433850771409e-02
5.759609609609609606e+02 6.284077326633216720e-02
5.771621621621621898e+02 6.260367366533013678e-02
5.783633633633634190e+02 6.236944445184534197e-02
5.795645645645645345e+02 6.213805467543788430e-02
5.807657657657657637e+02 6.190947352118486569e-02
5.819669669669669929e+02 6.168367031191589189e-02
5.831681681681682221e+02 6.146061451038284384e-02
5.843693693693693376e+02 6.124027572136754582e-02
5.855705705705705668e+02 6.102262369372614403e-02
5.867717717717717960e+02 6.080762832237207594e-02
5.879729729729730252e+02 6.059525965019879612e-02
5.891741741741741407e+02 6.038548786994275830e-02
5.903753753753753699e+02 6.017828332598819385e-02
5.915765765765765991e+02 5.997361651611375633e-02
5.927777777777778283e+02 5.977145809318304415e-02
5.939789789789789438e+02 5.957177886677874484e-02
5.951801801801801730e+02 5.937454980478244770e-02
5.963813813813814022e+02 5.917974203490001389e-02
5.975825825825826314e+02 5.898732684613411381e-02
5.987837837837837469e+02 5.879727569020422318e-02
5.999849849849849761e+02 5.860956018291534064e-02
6.011861861861862053e+02 5.842415210547587112e-02
6.023873873873874345e+02 5.824102340576625680e-02
6.035885885885885500e+02 5.806014619955755102e-02
6.047897897897897792e+02 5.788149277168288392e-02
6.059909909909910084e+02 5.770503557716102905e-02
6.071921921921922376e+02 5.753074724227266040e-02
6.083933933933933531e+02 5.735860056559215214e-02
6.095945945945945823e+02 5.718856851897263088e-02
6.107957957957958115e+02 5.702062424848772237e-02
6.119969969969970407e+02 5.685474107532902110e-02
6.131981981981981562e+02 5.669089249666049019e-02
6.143993993993993854e+02 5.652905218643081847e-02
6.156006006006006146e+02 5.636919399614466475e-02
6.168018018018018438e+02 5.621129195559111669e-02
6.180030030030029593e+02 5.605532027353443691e-02
6.192042042042041885e+02 5.590125333836330063e-02
6.204054054054054177e+02 5.574906571870164723e-02
6.216066066066066469e+02 5.559873216398179135e-02
6.228078078078077624e+02 5.545022760497880787e-02
6.240090090090089916e+02 5.530352715430877919e-02
6.252102102102102208e+02 5.515860610689040516e-02
6.264114114114114500e+02 5.501543994037091934e-02
6.276126126126125655e+02 5.487400431551592989e-02
6.288138138138137947e+02 5.473427507656628693e-02
6.300150150150150239e+02 5.459622825155925618e-02
6.312162162162162531e+02 5.445984005261777366e-02
6.324174174174174823e+02 5.432508687620550558e-02
6.336186186186185978e+02 5.419194530335099541e-02
6.348198198198198270e+02 5.406039209983852512e-02
6.360210210210210562e+02 5.393040421636941667e-02
6.372222222222222854e+02 5.380195878869145631e-02
6.384234234234234009e+02 5.367503313769916157e-02
6.396246246246246301e+02 5.354960476950398895e-02
6.408258258258258593e+02 5.342565137547534981e-02
6.420270270270270885e+02 5.330315083225376643e-02
6.432282282282282040e+02 5.318208120173594650e-02
6.444294294294294332e+02 5.306242073103147050e-02
6.456306306306306624e+02 5.294414785239388854e-02
6.468318318318318916e+02 5.282724118312431133e-02
6.480330330330330071e+02 5.271167952544988933e-02
6.492342342342342363e+02 5.259744186637551472e-02
6.504354354354354655e+02 5.248450737751242379e-02
6.516366366366366947e+02 5.237285541487998741e-02
6.528378378378378102e+02 5.226246551868593548e-02
6.540390390390390394e+02 5.215331741308060903e-02
6.552402402402402686e+02 5.204539100588996547e-02
6.564414414414414978e+02 5.193866638832429772e-02
6.576426426426426133e+02 5.183312383466673334e-02
6.588438438438438425e+02 5.172874380193755173e-02
6.600450450450450717e+02 5.162550692953929432e-02
6.612462462462463009e+02 5.152339403887934433e-02
6.624474474474474164e+02 5.142238613297349381e-02
6.636486486486486456e+02 5.132246439602797944e-02
6.648498498498498748e+02 5.122361019300301216e-02
6.660510510510511040e+02 5.112580506915671147e-02
6.672522522522522195e+02 5.102903074957006180e-02
6.684534534534534487e+02 5.093326913865355021e-02
6.696546546546546779e+02 5.083850231963617933e-02
6.708558558558559071e+02 5.074471255403623093e-02
6.720570570570570226e+02 5.065188228111557750e-02
6.732582582582582518e+02 5.055999411731644522e-02
6.744594594594594810e+02 5.046903085568207187e-02
6.756606606606607102e+02 5.037897546526163423e-02
6.768618618618618257e+02 5.028981109049882048e-02
6.780630630630630549e+02 5.020152105060593506e-02
6.792642642642642841e+02 5.011408883892200239e-02
6.804654654654655133e+02 5.002749812225738141e-02
6.816666666666666288e+02 4.994173274022345455e-02
6.828678678678678580e+02 4.985677670454870258e-02
6.840690690690690872e+02 4.977261419838159562e-02
6.852702702702703164e+02 4.968922957557948134e-02
6.864714714714714319e+02 4.960660735998545512e-02
6.876726726726726611e+02 4.952473224469240015e-02
6.888738738738738903e+02 4.944358909129512730e-02
6.900750750750751195e+02 4.936316292913037196e-02
6.912762762762762350e+02 4.928343895450542494e-02
6.924774774774774642e+02 4.920440252991600122e-02
6.936786786786786934e+02 4.912603918325242347e-02
6.948798798798799226e+02 4.904833460699623698e-02
6.960810810810810381e+02 4.897127465740629820e-02
6.972822822822822673e+02 4.889484535369387902e-02
6.984834834834834965e+02 4.881903287719056850e-02
6.996846846846847257e+02 4.874382357050432296e-02
7.008858858858858412e+02 4.866920393666821637e-02
7.020870870870870704e+02 4.859516063827964971e-02
7.032882882882882996e+02 4.852168049663151128e-02
7.044894894894895288e+02 4.844875049083556540e-02
7.056906906906906443e+02 4.837635775693650830e-02
7.068918918918918735e+02 4.830448958702054235e-02
7.080930930930931027e+02 4.823313342831534595e-02
7.092942942942943318e+02 4.816227688228285481e-02
7.104954954954955610e+02 4.809190770370631862e-02
7.116966966966966766e+02 4.802201379977006496e-02
7.128978978978979058e+02 4.795258322913315691e-02
7.140990990990991349e+02 4.788360420099758985e-02
7.153003003003003641e+02 4.781506507417002810e-02
7.165015015015014797e+02 4.774695435611855249e-02
7.177027027027027088e+02 4.767926070202421068e-02
7.189039039039039380e+02 4.761197291382726626e-02
7.201051051051051672e+02 4.754507993926931214e-02
7.213063063063062827e+02 4.747857087093014516e-02
7.225075075075075119e+02 4.741243494526086594e-02
7.237087087087087411e+02 4.734666154161304430e-02
7.249099099099099703e+02 4.728124018126338840e-02
7.261111111111110858e+02 4.721616052643612393e-02
7.273123123123123150e+02 4.715141237932046064e-02
7.285135135135135442e+02 4.708698568108597021e-02
7.297147147147147734e+02 4.702287051089506370e-02
7.309159159159158889e+02 4.695905708491189545e-02
7.321171171171171181e+02 4.689553575530967106e-02
7.333183183183183473e+02 4.683229700927517974e-02
7.345195195195195765e+02 4.676933146801151575e-02
7.357207207207206920e+02 4.670662988573830859e-02
7.369219219219219212e+02 4.664418314869089865e-02
7.381231231231231504e+02 4.658198227411802089e-02
7.393243243243243796e+02 4.652001840927727505e-02
7.405255255255254951e+02 4.645828283043052648e-02
7.417267267267267243e+02 4.639676694183754446e-02
7.429279279279279535e+02 4.633546227474940465e-02
7.441291291291291827e+02 4.627436048640114208e-02
7.453303303303302982e+02 4.621345335900346740e-02
7.465315315315315274e+02 4.615273279873493423e-02
7.477327327327327566e+02 4.609219083473364842e-02
7.489339339339339858e+02 4.603181961808892886e-02
7.501351351351351013e+02 4.597161142083370372e-02
7.513363363363363305e+02 4.591155863493646266e-02
7.525375375375375597e+02 4.585165377129457598e-02
7.537387387387387889e+02 4.579188945872767619e-02
7.549399399399399044e+02 4.573225844297230946e-02
7.561411411411411336e+02 4.567275358567750992e-02
7.573423423423423628e+02 4.561336786340079719e-02
7.585435435435435920e+02 4.555409436660693562e-02
7.597447447447447075e+02 4.549492629866638133e-02
7.609459459459459367e+02 4.543585697485633124e-02
7.621471471471471659e+02 4.537687982136361098e-02
7.633483483483483951e+02 4.531798837428828441e-02
7.645495495495495106e+02 4.525917627865014975e-02
7.657507507507507398e+02 4.520043728739707445e-02
7.669519519519519690e+02 4.514176526041541876e-02
7.681531531531531982e+02 4.508315416354232580e-02
7.693543543543543137e+02 4.502459806758161986e-02
7.705555555555555429e+02 4.496609114732055129e-02
7.717567567567567721e+02 4.490762768055090587e-02
7.729579579579580013e+02 4.484920204709144653e-02
7.741591591591591168e+02 4.479080872781398409e-02
7.753603603603603460e+02 4.473244230367224433e-02
7.765615615615615752e+02 4.467409745473376742e-02
7.777627627627628044e+02 4.461576895921481878e-02
7.789639639639639199e+02 4.455745169251869309e-02
7.801651651651651491e+02 4.449914062627732814e-02
7.813663663663663783e+02 4.444083082739663793e-02
7.825675675675676075e+02 4.438251745710453111e-02
7.837687687687687230e+02 4.432419577000358546e-02
7.849699699699699522e+02 4.426586111312664357e-02
7.861711711711711814e+02 4.420750892499675927e-02
7.873723723723724106e+02 4.414913473469050248e-02
7.885735735735736398e+02 4.409073416090533021e-02
7.897747747747747553e+02 4.403230291103117644e-02
7.909759759759759845e+02 4.397383678022617065e-02
7.921771771771772137e+02 4.391533165049608944e-02
7.933783783783784429e+02 4.385678348977835317e-02
7.945795795795795584e+02 4.379818835103022751e-02
7.957807807807807876e+02 4.373954237132154921e-02
7.969819819819820168e+02 4.368084177093149029e-02
7.981831831831832460e+02 4.362208285245021411e-02
7.993843843843843615e+02 4.356326199988494463e-02
8.005855855855855907e+02 4.350437567777037939e-02
8.017867867867868199e+02 4.344542043028414013e-02
8.029879879879880491e+02 4.338639288036678227e-02
8.041891891891891646e+02 4.332728972884618973e-02
8.053903903903903938e+02 4.326810775356768751e-02
8.065915915915916230e+02 4.320884380852786644e-02
8.077927927927928522e+02 4.314949482301447953e-02
8.089939939939939677e+02 4.309005780074994657e-02
8.101951951951951969e+02 4.303052981904144370e-02
8.113963963963964261e+02 4.297090802793442771e-02
8.125975975975976553e+02 4.291118964937246094e-02
8.137987987987987708e+02 4.285137197636122025e-02
8.150000000000000000e+02 4.279145237213845959e-02
8.162012012012012292e+02 4.273142826934873267e-02
8.174024024024024584e+02 4.267129716922297977e-02
8.186036036036035739e+02 4.261105664076390853e-02
8.198048048048048031e+02 4.255070431993673852e-02
8.210060060060060323e+02 4.249023790886452545e-02
8.222072072072072615e+02 4.242965517502927247e-02
8.234084084084083770e+02 4.236895395047874519e-02
8.246096096096096062e+02 4.230813213103771370e-02
8.258108108108108354e+02 4.224718767552532173e-02
8.270120120120120646e+02 4.218611860497781946e-02
8.282132132132131801e+02 4.212492300187647282e-02
8.294144144144144093e+02 4.206359900938074631e-02
8.306156156156156385e+02 4.200214483056739084e-02
8.318168168168168677e+02 4.194055872767504800e-02
8.330180180180179832e+02 4.187883902135371844e-02
8.342192192192192124e+02 4.181698408992032268e-02
8.354204204204204416e+02 4.175499236861961866e-02
8.366216216216216708e+02 4.169286234889029580e-02
8.378228228228227863e+02 4.163059257763746662e-02
8.390240240240240155e+02 4.156818165650955771e-02
8.402252252252252447e+02 4.150562824118138316e-02
8.414264264264264739e+02 4.144293104064320638e-02
8.426276276276275894e+02 4.138008881649421489e-02
8.438288288288288186e+02 4.131710038224246928e-02
8.450300300300300478e+02 4.125396460261018805e-02
8.462312312312312770e+02 4.119068039284423666e-02
8.474324324324323925e+02 4.112724671803275750e-02
8.486336336336336217e+02 4.106366259242674038e-02
8.498348348348348509e+02 4.099992707876774084e-02
8.510360360360360801e+02 4.093603928762058752e-02
8.522372372372371956e+02 4.087199837671212643e-02
8.534384384384384248e+02 4.080780355027508605e-02
8.546396396396396540e+02 4.074345405839772255e-02
8.558408408408408832e+02 4.067894919637900231e-02
8.570420420420419987e+02 4.061428830408920360e-02
8.582432432432432279e+02 4.054947076533593070e-02
8.594444444444444571e+02 4.048449600723582481e-02
8.606456456456456863e+02 4.041936349959178443e-02
8.618468468468469155e+02 4.035407275427538992e-02
8.630480480480480310e+02 4.028862332461490697e-02
8.642492492492492602e+02 4.022301480478912561e-02
8.654504504504504894e+02 4.015724682922588995e-02
8.666516516516517186e+02 4.009131907200688683e-02
8.678528528528528341e+02 4.002523124627690998e-02
8.690540540540540633e+02 3.995898310365946643e-02
8.702552552552552925e+02 3.989257443367711514e-02
8.714564564564565217e+02 3.982600506317734990e-02
8.726576576576576372e+02 3.975927485576402631e-02
8.738588588588588664e+02 3.969238371123357673e-02
8.750600600600600956e+02 3.962533156501719944e-02
8.762612612612613248e+02 3.955811838762770399e-02
8.774624624624624403e+02 3.949074418411233078e-02
8.786636636636636695e+02 3.942320899350992142e-02
8.798648648648648987e+02 3.935551288831417444e-02
8.810660660660661279e+02 3.928765597394137665e-02
8.822672672672672434e+02 3.921963838820418519e-02
8.834684684684684726e+02 3.915146030078916345e-02
8.846696696696697018e+02 3.908312191274129765e-02
8.858708708708709310e+02 3.901462345595183706e-02
8.870720720720720465e+02 3.894596519265258044e-02
8.882732732732732757e+02 3.887714741491427040e-02
8.894744744744745049e+02 3.880817044415073302e-02
8.906756756756757341e+02 3.873903463062734059e-02
8.918768768768768496e+02 3.866974035297519874e-02
8.930780780780780788e+02 3.860028801770960805e-02
8.942792792792793080e+02 3.853067805875406981e-02
8.954804804804805372e+02 3.846091093696853841e-02
8.966816816816816527e+02 3.839098713968325249e-02
8.978828828828828819e+02 3.832090718023676429e-02
8.990840840840841111e+02 3.825067159751938117e-02
9.002852852852853403e+02 3.818028095552079837e-02
9.014864864864864558e+02 3.810973584288306071e-02
9.026876876876876850e+02 3.803903687245788895e-02
9.038888888888889142e+02 3.796818468086896048e-02
9.050900900900901433e+02 3.789717992807863089e-02
9.062912912912912589e+02 3.782602329695946425e-02
9.074924924924924881e+02 3.775471549287031520e-02
9.086936936936937173e+02 3.768325724323705328e-02
9.098948948948949464e+02 3.761164929713788768e-02
9.110960960960960620e+02 3.753989242489304268e-02
9.122972972972972912e+02 3.746798741765927643e-02
9.134984984984985203e+02 3.739593508702813984e-02
9.146996996996997495e+02 3.732373626462998084e-02
9.159009009009008651e+02 3.725139180174072417e-02
9.171021021021020942e+02 3.717890256889449380e-02
9.183033033033033234e+02 3.710626945549962835e-02
9.195045045045045526e+02 3.703349336945930409e-02
9.207057057057056682e+02 3.696057523679686235e-02
9.219069069069068973e+02 3.688751600128450936e-02
9.231081081081081265e+02 3.681431662407718547e-02
9.243093093093093557e+02 3.674097808334968185e-02
9.255105105105104712e+02 3.666750137393898212e-02
9.267117117117117004e+02 3.659388750698967102e-02
9.279129129129129296e+02 3.652013750960430433e-02
9.291141141141141588e+02 3.644625242449708175e-02
9.303153153153152743e+02 3.637223330965248802e-02
9.315165165165165035e+02 3.629808123798664715e-02
9.327177177177177327e+02 3.622379729701421386e-02
9.339189189189189619e+02 3.614938258851770753e-02
9.351201201201200774e+02 3.607483822822187686e-02
9.363213213213213066e+02 3.600016534547113844e-02
9.375225225225225358e+02 3.592536508291144237e-02
9.387237237237237650e+02 3.585043859617560724e-02
9.399249249249249942e+02 3.577538705357263121e-02
9.411261261261261097e+02 3.570021163578056961e-02
9.423273273273273389e+02 3.562491353554329138e-02
9.435285285285285681e+02 3.554949395737058704e-02
9.447297297297297973e+02 3.547395411724271058e-02
9.459309309309309128e+02 3.539829524231759283e-02
9.471321321321321420e+02 3.532251857064223205e-02
9.483333333333333712e+02 3.524662535086726250e-02
9.495345345345346004e+02 3.517061684196572113e-02
9.507357357357357159e+02 3.509449431295457583e-02
9.519369369369369451e+02 3.501825904261988975e-02
9.531381381381381743e+02 3.494191231924578811e-02
9.543393393393394035e+02 3.486545544034647115e-02
9.555405405405405190e+02 3.478888971240168271e-02
9.567417417417417482e+02 3.471221645059550942e-02
9.579429429429429774e+02 3.463543697855866327e-02
9.591441441441442066e+02 3.455855262811373396e-02
9.603453453453453221e+02 3.448156473902399405e-02
9.615465465465465513e+02 3.440447465874520161e-02
9.627477477477477805e+02 3.432728374218064343e-02
9.639489489489490097e+02 3.424999335143957130e-02
9.651501501501501252e+02 3.417260485559828198e-02
9.663513513513513544e+02 3.409511963046488181e-02
9.675525525525525836e+02 3.401753905834649372e-02
9.687537537537538128e+02 3.393986452782019742e-02
9.699549549549549283e+02 3.386209743350622470e-02
9.711561561561561575e+02 3.378423917584485320e-02
9.723573573573573867e+02 3.370629116087573568e-02
9.735585585585586159e+02 3.362825480002042122e-02
9.747597597597597314e+02 3.355013150986765891e-02
9.759609609609609606e+02 3.347192271196153951e-02
9.771621621621621898e+02 3.339362983259269030e-02
9.783633633633634190e+02 3.331525430259194703e-02
9.795645645645645345e+02 3.323679755712703049e-02
9.807657657657657637e+02 3.315826103550198467e-02
9.819669669669669929e+02 3.307964618095924486e-02
9.831681681681682221e+02 3.300095444048436327e-02
9.843693693693693376e+02 3.292218726461366984e-02
9.855705705705705668e+02 3.284334610724399389e-02
9.867717717717717960e+02 3.276443242544597317e-02
9.879729729729730252e+02 3.268544767927870909e-02
9.891741741741741407e+02 3.260639333160821746e-02
9.903753753753753699e+02 3.252727084792737117e-02
9.915765765765765991e+02 3.244808169617917348e-02
9.927777777777778283e+02 3.236882734658187710e-02
9.939789789789789438e+02 3.228950927145705224e-02
9.951801801801801730e+02 3.221012894505975027e-02
9.963813813813814022e+02 3.213068784341108902e-02
9.975825825825826314e+02 3.205118744413360671e-02
9.987837837837837469e+02 3.197162922628834364e-02
9.999849849849849761e+02 3.189201467021487296e-02
1.001186186186186205e+03 3.181234525737310775e-02
1.002387387387387435e+03 3.173262247018769633e-02
1.003588588588588550e+03 3.165284779189485309e-02
1.004789789789789779e+03 3.157302270639066738e-02
1.005990990990991008e+03 3.149314869808245154e-02
1.007192192192192238e+03 3.141322725174200414e-02
1.008393393393393353e+03 3.133325985236076056e-02
1.009594594594594582e+03 3.125324798500717094e-02
1.010795795795795812e+03 3.117319313468665948e-02
1.011996996996997041e+03 3.109309678620303732e-02
1.013198198198198156e+03 3.101296042402225048e-02
1.014399399399399385e+03 3.093278553213829260e-02
1.015600600600600615e+03 3.085257359394083521e-02
1.016801801801801844e+03 3.077232609208519626e-02
1.018003003003003073e+03 3.069204450836402615e-02
1.019204204204204188e+03 3.061173032358098511e-02
1.020405405405405418e+03 3.053138501742653360e-02
1.021606606606606647e+03 3.045101006835534280e-02
1.022807807807807876e+03 3.037060695346585279e-02
1.024009009009008878e+03 3.029017714838147524e-02
1.025210210210210334e+03 3.020972212713390198e-02
1.026411411411411336e+03 3.012924336204796452e-02
1.027612612612612793e+03 3.004874232362841555e-02
1.028813813813813795e+03 2.996822048044860132e-02
1.030015015015015024e+03 2.988767929904060511e-02
1.031216216216216253e+03 2.980712024378756250e-02
1.032417417417417482e+03 2.972654477681730897e-02
1.033618618618618711e+03 2.964595435789774483e-02
1.034819819819819713e+03 2.956535044433433040e-02
1.036021021021021170e+03 2.948473449086868453e-02
1.037222222222222172e+03 2.940410794957911203e-02
1.038423423423423401e+03 2.932347226978270285e-02
1.039624624624624630e+03 2.924282889793918677e-02
1.040825825825825859e+03 2.916217927755606482e-02
1.042027027027027088e+03 2.908152484909557259e-02
1.043228228228228318e+03 2.900086704988300013e-02
1.044429429429429547e+03 2.892020731401688874e-02
1.045630630630630549e+03 2.883954707228035194e-02
1.046831831831831778e+03 2.875888775205378764e-02
1.048033033033033007e+03 2.867823077722986280e-02
1.049234234234234236e+03 2.859757756812901855e-02
1.050435435435435465e+03 2.851692954141703956e-02
1.051636636636636695e+03 2.843628811002373372e-02
1.052837837837837924e+03 2.835565468306314868e-02
1.054039039039039153e+03 2.827503066575517282e-02
1.055240240240240155e+03 2.819441745934865573e-02
1.056441441441441384e+03 2.811381646104544121e-02
1.057642642642642613e+03 2.803322906392637440e-02
1.058843843843843842e+03 2.795265665687810680e-02
1.060045045045045072e+03 2.787210062452155288e-02
1.061246246246246301e+03 2.779156234714133880e-02
1.062447447447447530e+03 2.771104320061699988e-02
1.063648648648648759e+03 2.763054455635488918e-02
1.064849849849849761e+03 2.755006778122190761e-02
1.066051051051050990e+03 2.746961423747978567e-02
1.067252252252252219e+03 2.738918528272133585e-02
1.068453453453453449e+03 2.730878226980747170e-02
1.069654654654654678e+03 2.722840654680532685e-02
1.070855855855855907e+03 2.714805945692812944e-02
1.072057057057057136e+03 2.706774233847546174e-02
1.073258258258258365e+03 2.698745652477519200e-02
1.074459459459459367e+03 2.690720334412661369e-02
1.075660660660660596e+03 2.682698411974422312e-02
1.076861861861861826e+03 2.674680016970310339e-02
1.078063063063063055e+03 2.666665280688515841e-02
1.079264264264264284e+03 2.658654333892646743e-02
1.080465465465465513e+03 2.650647306816571527e-02
1.081666666666666742e+03 2.642644329159367020e-02
1.082867867867867972e+03 2.634645530080385531e-02
1.084069069069068973e+03 2.626651038194394161e-02
1.085270270270270203e+03 2.618660981566857393e-02
1.086471471471471432e+03 2.610675487709271034e-02
1.087672672672672661e+03 2.602694683574656442e-02
1.088873873873873890e+03 2.594718695553088067e-02
1.090075075075075119e+03 2.586747649467373983e-02
1.091276276276276349e+03 2.578781670568799228e-02
1.092477477477477578e+03 2.570820883532966630e-02
1.093678678678678807e+03 2.562865412455760106e-02
1.094879879879879809e+03 2.554915380849357917e-02
1.096081081081081038e+03 2.546970911638372220e-02
1.097282282282282267e+03 2.539032127156058000e-02
1.098483483483483496e+03 2.531099149140629556e-02
1.099684684684684726e+03 2.523172098731639446e-02
1.100885885885885955e+03 2.515251096466486480e-02
1.102087087087087184e+03 2.507336262276945935e-02
1.103288288288288413e+03 2.499427715485870796e-02
1.104489489489489415e+03 2.491525574803878096e-02
1.105690690690690644e+03 2.483629958326214263e-02
1.106891891891891873e+03 2.475740983529631581e-02
1.108093093093093103e+03 2.467858767269372894e-02
1.109294294294294332e+03 2.459983425776254493e-02
1.110495495495495561e+03 2.452115074653788210e-02
1.111696696696696790e+03 2.444253828875416618e-02
1.112897897897898019e+03 2.436399802781805471e-02
1.114099099099099021e+03 2.428553110078224275e-02
1.115300300300300250e+03 2.420713863831979590e-02
1.116501501501501480e+03 2.412882176469965251e-02
1.117702702702702709e+03 2.405058159776244861e-02
1.118903903903903938e+03 2.397241924889729342e-02
1.120105105105105167e+03 2.389433582301912079e-02
1.121306306306306396e+03 2.381633241854691496e-02
1.122507507507507626e+03 2.373841012738247061e-02
1.123708708708708627e+03 2.366057003489006536e-02
1.124909909909909857e+03 2.358281321987639942e-02
1.126111111111111086e+03 2.350514075457184326e-02
1.127312312312312315e+03 2.342755370461169911e-02
1.128513513513513544e+03 2.335005312901859698e-02
1.129714714714714773e+03 2.327264008018518904e-02
1.130915915915916003e+03 2.319531560385783286e-02
1.132117117117117232e+03 2.311808073912069092e-02
1.133318318318318234e+03 2.304093651838049622e-02
1.134519519519519463e+03 2.296388396735169618e-02
1.135720720720720692e+03 2.288692410504298072e-02
1.136921921921921921e+03 2.281005794374344267e-02
1.138123123123123150e+03 2.273328648900983101e-02
1.139324324324324380e+03 2.265661073965470965e-02
1.140525525525525609e+03 2.258003168773432823e-02
1.141726726726726838e+03 2.250355031853790849e-02
1.142927927927927840e+03 2.242716761057704858e-02
1.144129129129129069e+03 2.235088453557585939e-02
1.145330330330330298e+03 2.227470205846151380e-02
1.146531531531531527e+03 2.219862113735553491e-02
1.147732732732732757e+03 2.212264272356548669e-02
1.148933933933933986e+03 2.204676776157713652e-02
1.150135135135135215e+03 2.197099718904742954e-02
1.151336336336336444e+03 2.189533193679762263e-02
1.152537537537537446e+03 2.181977292880722327e-02
1.153738738738738675e+03 2.174432108220820947e-02
1.154939939939939904e+03 2.166897730728000945e-02
1.156141141141141134e+03 2.159374250744476240e-02
1.157342342342342363e+03 2.151861757926301633e-02
1.158543543543543592e+03 2.144360341243028989e-02
1.159744744744744821e+03 2.136870088977363760e-02
1.160945945945946050e+03 2.129391088724898531e-02
1.162147147147147052e+03 2.121923427393889935e-02
1.163348348348348281e+03 2.114467191205060201e-02
1.164549549549549511e+03 2.107022465691477109e-02
1.165750750750750740e+03 2.099589335698464482e-02
1.166951951951951969e+03 2.092167885383534182e-02
1.168153153153153198e+03 2.084758198216405539e-02
1.169354354354354427e+03 2.077360356979030681e-02
1.170555555555555657e+03 2.069974443765682653e-02
1.171756756756756886e+03 2.062600539983075118e-02
1.172957957957957888e+03 2.055238726350544151e-02
1.174159159159159117e+03 2.047889082900228655e-02
1.175360360360360346e+03 2.040551688977344791e-02
1.176561561561561575e+03 2.033226623240455902e-02
1.177762762762762804e+03 2.025913963661809050e-02
1.178963963963964034e+03 2.018613787527697226e-02
1.180165165165165263e+03 2.011326171438873253e-02
1.181366366366366492e+03 2.004051191310974103e-02
1.182567567567567494e+03 1.996788922375031944e-02
1.183768768768768723e+03 1.989539439177955005e-02
1.184969969969969952e+03 1.982302815583111832e-02
1.186171171171171181e+03 1.975079124770919015e-02
1.187372372372372411e+03 1.967868439239446252e-02
1.188573573573573640e+03 1.960670830805096368e-02
1.189774774774774869e+03 1.953486370603309263e-02
1.190975975975976098e+03 1.946315129089270721e-02
1.192177177177177100e+03 1.939157176038686092e-02
1.193378378378378329e+03 1.932012580548596661e-02
1.194579579579579558e+03 1.924881411038183512e-02
1.195780780780780788e+03 1.917763735249646689e-02
1.196981981981982017e+03 1.910659620249097190e-02
1.198183183183183246e+03 1.903569132427496494e-02
1.199384384384384475e+03 1.896492337501589492e-02
1.200585585585585704e+03 1.889429300514933185e-02
1.201786786786786706e+03 1.882380085838878531e-02
1.202987987987987935e+03 1.875344757173647361e-02
1.204189189189189165e+03 1.868323377549402711e-02
1.205390390390390394e+03 1.861316009327359730e-02
1.206591591591591623e+03 1.854322714200938235e-02
1.207792792792792852e+03 1.847343553196904853e-02
1.208993993993994081e+03 1.840378586676585590e-02
1.210195195195195311e+03 1.833427874337096447e-02
1.211396396396396312e+03 1.826491475212577154e-02
1.212597597597597542e+03 1.819569447675476945e-02
1.213798798798798771e+03 1.812661849437860809e-02
1.215000000000000000e+03 1.805768737552743489e-02
