4.500000000000000000e+01 5.970267011729757378e-02
4.617117117117117431e+01 6.254608985523862907e-02
4.734234234234234151e+01 6.543263698369150561e-02
4.851351351351351582e+01 6.836029723510783640e-02
4.968468468468468302e+01 7.132703655057559544e-02
5.085585585585585733e+01 7.433080298247013440e-02
5.202702702702702453e+01 7.736952860224255435e-02
5.319819819819819884e+01 8.044113141101116859e-02
5.436936936936936604e+01 8.354351725064201872e-02
5.554054054054054035e+01 8.667458171301645198e-02
5.671171171171171466e+01 8.983221204521751879e-02
5.788288288288288186e+01 9.301428904836900324e-02
5.905405405405405617e+01 9.621868896791729853e-02
6.022522522522522337e+01 9.944328537315128003e-02
6.139639639639639768e+01 1.026859510238063988e-01
6.256756756756756488e+01 1.059445597216333579e-01
6.373873873873873919e+01 1.092169881448447621e-01
6.490990990990991349e+01 1.125011176634026500e-01
6.608108108108108070e+01 1.157948361331612164e-01
6.725225225225224790e+01 1.190960396669125121e-01
6.842342342342342931e+01 1.224026343804481276e-01
6.959459459459459651e+01 1.257125381117947804e-01
7.076576576576576372e+01 1.290236821118469490e-01
7.193693693693694513e+01 1.323340127046640502e-01
7.310810810810811233e+01 1.356414929157721549e-01
7.427927927927927954e+01 1.389441040668682459e-01
7.545045045045044674e+01 1.422398473353858606e-01
7.662162162162161394e+01 1.455267452774511860e-01
7.779279279279279535e+01 1.488028433128227856e-01
7.896396396396396256e+01 1.520662111704755848e-01
8.013513513513512976e+01 1.553149442935680691e-01
8.130630630630631117e+01 1.585471652025857159e-01
8.247747747747747837e+01 1.617610248155453290e-01
8.364864864864864558e+01 1.649547037242033443e-01
8.481981981981982699e+01 1.681264134252871689e-01
8.599099099099099419e+01 1.712743975058527157e-01
8.716216216216216139e+01 1.743969327819284154e-01
8.833333333333334281e+01 1.774923303896960847e-01
8.950450450450449580e+01 1.805589368285265284e-01
9.067567567567567721e+01 1.835951349552656930e-01
9.184684684684684441e+01 1.865993449292357997e-01
9.301801801801801162e+01 1.895700251075014831e-01
9.418918918918919303e+01 1.925056728900140790e-01
9.536036036036036023e+01 1.954048255143304158e-01
9.653153153153152743e+01 1.982660607996660773e-01
9.770270270270270885e+01 2.010879978401257095e-01
9.887387387387387605e+01 2.038692976470169449e-01
1.000450450450450433e+02 2.066086637402283488e-01
1.012162162162162247e+02 2.093048426887227365e-01
1.023873873873873919e+02 2.119566246002598242e-01
1.035585585585585591e+02 2.145628435605404505e-01
1.047297297297297405e+02 2.171223780220172817e-01
1.059009009009008935e+02 2.196341511426909143e-01
1.070720720720720749e+02 2.220971310752712369e-01
1.082432432432432421e+02 2.245103312071397572e-01
1.094144144144144093e+02 2.268728103516191585e-01
1.105855855855855907e+02 2.291836728911003096e-01
1.117567567567567579e+02 2.314420688726459008e-01
1.129279279279279251e+02 2.336471940567351746e-01
1.140990990990991065e+02 2.357982899198716731e-01
1.152702702702702737e+02 2.378946436118191676e-01
1.164414414414414409e+02 2.399355878682911947e-01
1.176126126126126081e+02 2.419205008799502066e-01
1.187837837837837895e+02 2.438488061186269984e-01
1.199549549549549567e+02 2.457199721217108168e-01
1.211261261261261239e+02 2.475335122356952799e-01
1.222972972972973054e+02 2.492889843199068700e-01
1.234684684684684726e+02 2.509859904114765117e-01
1.246396396396396398e+02 2.526241763526444473e-01
1.258108108108108070e+02 2.542032313815230093e-01
1.269819819819819884e+02 2.557228876874682033e-01
1.281531531531531414e+02 2.571829199322333559e-01
1.293243243243243228e+02 2.585831447381069514e-01
1.304954954954955042e+02 2.599234201442524039e-01
1.316666666666666856e+02 2.612036450324901615e-01
1.328378378378378386e+02 2.624237585237763626e-01
1.340090090090089916e+02 2.635837393466484713e-01
1.351801801801801730e+02 2.646836051789156485e-01
1.363513513513513544e+02 2.657234119638888226e-01
1.375225225225225358e+02 2.667032532024446456e-01
1.386936936936936888e+02 2.676232592222300699e-01
1.398648648648648702e+02 2.684835964253107776e-01
1.410360360360360232e+02 2.692844665155736394e-01
1.422072072072072046e+02 2.700261057071890458e-01
1.433783783783783861e+02 2.707087839154359576e-01
1.445495495495495675e+02 2.713328039311913575e-01
1.457207207207207205e+02 2.718985005803731814e-01
1.468918918918918735e+02 2.724062398696231457e-01
1.480630630630630549e+02 2.728564181195014537e-01
1.492342342342342363e+02 2.732494610864562579e-01
1.504054054054054177e+02 2.735858230748131614e-01
1.515765765765765991e+02 2.738659860400216028e-01
1.527477477477477521e+02 2.740904586843694868e-01
1.539189189189189051e+02 2.742597755463672127e-01
1.550900900900900865e+02 2.743744960849769932e-01
1.562612612612612679e+02 2.744352037598459249e-01
1.574324324324324493e+02 2.744425051086773482e-01
1.586036036036036023e+02 2.743970288228509968e-01
1.597747747747747837e+02 2.742994248223819542e-01
1.609459459459459367e+02 2.741503633312757926e-01
1.621171171171171181e+02 2.739505339543201190e-01
1.632882882882882996e+02 2.737006447563150036e-01
1.644594594594594810e+02 2.734014213447246155e-01
1.656306306306306340e+02 2.730536059567015839e-01
1.668018018018017870e+02 2.726579565514007930e-01
1.679729729729729684e+02 2.722152459084776766e-01
1.691441441441441498e+02 2.717262607336261571e-01
1.703153153153153312e+02 2.711918007719884005e-01
1.714864864864864842e+02 2.706126779302284180e-01
1.726576576576576656e+02 2.699897154080379558e-01
1.738288288288288186e+02 2.693237468398028134e-01
1.750000000000000000e+02 2.686156154471314172e-01
1.761711711711711814e+02 2.678661732029076759e-01
1.773423423423423344e+02 2.670762800075083820e-01
1.785135135135135158e+02 2.662468028777759121e-01
1.796846846846846972e+02 2.653786151493228718e-01
1.808558558558558502e+02 2.644725956926946009e-01
1.820270270270270316e+02 2.635296281438977983e-01
1.831981981981982130e+02 2.625506001497598385e-01
1.843693693693693660e+02 2.615364026285560417e-01
1.855405405405405475e+02 2.604879290463092967e-01
1.867117117117117289e+02 2.594060747091365138e-01
1.878828828828828819e+02 2.582917360719781397e-01
1.890540540540540633e+02 2.571458100640258149e-01
1.902252252252252163e+02 2.559691934311241202e-01
1.913963963963963977e+02 2.547627820953957123e-01
1.925675675675675791e+02 2.535274705323136146e-01
1.937387387387387321e+02 2.522641511654032387e-01
1.949099099099099135e+02 2.509737137787457772e-01
1.960810810810810949e+02 2.496570449474088682e-01
1.972522522522522479e+02 2.483150274859187712e-01
1.984234234234234293e+02 2.469485399148474980e-01
1.995945945945946107e+02 2.455584559455770144e-01
2.007657657657657637e+02 2.441456439832652980e-01
2.019369369369369451e+02 2.427109666480208594e-01
2.031081081081080981e+02 2.412552803142698765e-01
2.042792792792792795e+02 2.397794346682704802e-01
2.054504504504504609e+02 2.382842722837163751e-01
2.066216216216216139e+02 2.367706282153421160e-01
2.077927927927927954e+02 2.352393296104255960e-01
2.089639639639639768e+02 2.336911953380663431e-01
2.101351351351351298e+02 2.321270356360933262e-01
2.113063063063063112e+02 2.305476517754439514e-01
2.124774774774774926e+02 2.289538357418341163e-01
2.136486486486486456e+02 2.273463699345267264e-01
2.148198198198198270e+02 2.257260268819888394e-01
2.159909909909910084e+02 2.240935689742110937e-01
2.171621621621621614e+02 2.224497482114546620e-01
2.183333333333333428e+02 2.207953059691715458e-01
2.195045045045044958e+02 2.191309727788365580e-01
2.206756756756756772e+02 2.174574681244160201e-01
2.218468468468468586e+02 2.157755002541878186e-01
2.230180180180180116e+02 2.140857660076184998e-01
2.241891891891891930e+02 2.123889506569925090e-01
2.253603603603603744e+02 2.106857277634816283e-01
2.265315315315315274e+02 2.089767590473378400e-01
2.277027027027027088e+02 2.072626942718755472e-01
2.288738738738738903e+02 2.055441711409218553e-01
2.300450450450450433e+02 2.038218152093868030e-01
2.312162162162162247e+02 2.020962398066177002e-01
2.323873873873873777e+02 2.003680459721883522e-01
2.335585585585585591e+02 1.986378224037750606e-01
2.347297297297297405e+02 1.969061454167656822e-01
2.359009009009008935e+02 1.951735789152485301e-01
2.370720720720720749e+02 1.934406743740247625e-01
2.382432432432432563e+02 1.917079708312875164e-01
2.394144144144144093e+02 1.899759948916117380e-01
2.405855855855855907e+02 1.882452607388956090e-01
2.417567567567567721e+02 1.865162701588998495e-01
2.429279279279279251e+02 1.847895125710289077e-01
2.440990990990991065e+02 1.830654650690004825e-01
2.452702702702702879e+02 1.813445924700531897e-01
2.464414414414414409e+02 1.796273473723425662e-01
2.476126126126126223e+02 1.779141702201809117e-01
2.487837837837837753e+02 1.762054893767788788e-01
2.499549549549549567e+02 1.745017212041483079e-01
2.511261261261261382e+02 1.728032701498352364e-01
2.522972972972972912e+02 1.711105288401492119e-01
2.534684684684684726e+02 1.694238781795665005e-01
2.546396396396396540e+02 1.677436874559853908e-01
2.558108108108108070e+02 1.660703144515196794e-01
2.569819819819820168e+02 1.644041055585178934e-01
2.581531531531531982e+02 1.627453959005079609e-01
2.593243243243243228e+02 1.610945094577669878e-01
2.604954954954955042e+02 1.594517591972239579e-01
2.616666666666666856e+02 1.578174472064128309e-01
2.628378378378378102e+02 1.561918648311918789e-01
2.640090090090089916e+02 1.545752928169613905e-01
2.651801801801801730e+02 1.529680014531110965e-01
2.663513513513513544e+02 1.513702507204392478e-01
2.675225225225225358e+02 1.497822904412898781e-01
2.686936936936937173e+02 1.482043604321646446e-01
2.698648648648648987e+02 1.466366906585706009e-01
2.710360360360360801e+02 1.450795013918708409e-01
2.722072072072072046e+02 1.435330033679167172e-01
2.733783783783783861e+02 1.419973979472411996e-01
2.745495495495495675e+02 1.404728772766081213e-01
2.757207207207206920e+02 1.389596244517092294e-01
2.768918918918918735e+02 1.374578136808166928e-01
2.780630630630630549e+02 1.359676104492016369e-01
2.792342342342342363e+02 1.344891716841364326e-01
2.804054054054054177e+02 1.330226459203057710e-01
2.815765765765765991e+02 1.315681734654605972e-01
2.827477477477477805e+02 1.301258865661507613e-01
2.839189189189189619e+02 1.286959095733853642e-01
2.850900900900900865e+02 1.272783591080710597e-01
2.862612612612612679e+02 1.258733442260863145e-01
2.874324324324324493e+02 1.244809665828622569e-01
2.886036036036035739e+02 1.231013205973342378e-01
2.897747747747747553e+02 1.217344936151494861e-01
2.909459459459459367e+02 1.203805660710096787e-01
2.921171171171171181e+02 1.190396116500424400e-01
2.932882882882882996e+02 1.177116974480955786e-01
2.944594594594594810e+02 1.163968841308570257e-01
2.956306306306306624e+02 1.150952260917082332e-01
2.968018018018018438e+02 1.138067716082235281e-01
2.979729729729729684e+02 1.125315629972343523e-01
2.991441441441441498e+02 1.112696367683820853e-01
3.003153153153153312e+02 1.100210237760880505e-01
3.014864864864865126e+02 1.087857493698750067e-01
3.026576576576576372e+02 1.075638335429778270e-01
3.038288288288288186e+02 1.063552910791875361e-01
3.050000000000000000e+02 1.051601316978762191e-01
3.061711711711711814e+02 1.039783601971544097e-01
3.073423423423423628e+02 1.028099765951177719e-01
3.085135135135135442e+02 1.016549762691439512e-01
3.096846846846846688e+02 1.005133500932033075e-01
3.108558558558558502e+02 9.938508457315116396e-02
3.120270270270270316e+02 9.827016197997613667e-02
3.131981981981982130e+02 9.716856048097566312e-02
3.143693693693693945e+02 9.608025426884077291e-02
3.155405405405405190e+02 9.500521368863158733e-02
3.167117117117117004e+02 9.394340536262638097e-02
3.178828828828828819e+02 9.289479231303528206e-02
3.190540540540540633e+02 9.185933408256700961e-02
3.202252252252252447e+02 9.083698685284330443e-02
3.213963963963964261e+02 8.982770356065680750e-02
3.225675675675675507e+02 8.883143401207103940e-02
3.237387387387387321e+02 8.784812499436338296e-02
3.249099099099099135e+02 8.687772038581330347e-02
3.260810810810810949e+02 8.592016126334235671e-02
3.272522522522522763e+02 8.497538600801213260e-02
3.284234234234234577e+02 8.404333040838840585e-02
3.295945945945945823e+02 8.312392776178420539e-02
3.307657657657657637e+02 8.221710897339132296e-02
3.319369369369369451e+02 8.132280265331764957e-02
3.331081081081081265e+02 8.044093521154206672e-02
3.342792792792793080e+02 7.957143095080512762e-02
3.354504504504504325e+02 7.871421215745527666e-02
3.366216216216216139e+02 7.786919919026474846e-02
3.377927927927927954e+02 7.703631056724144499e-02
3.389639639639639768e+02 7.621546305045244496e-02
3.401351351351351582e+02 7.540657172888458326e-02
3.413063063063063396e+02 7.460955009936331983e-02
3.424774774774774642e+02 7.382431014555471127e-02
3.436486486486486456e+02 7.305076241507293955e-02
3.448198198198198270e+02 7.228881609472045944e-02
3.459909909909910084e+02 7.153837908388460676e-02
3.471621621621621898e+02 7.079935806611703519e-02
3.483333333333333144e+02 7.007165857892279359e-02
3.495045045045044958e+02 6.935518508178536989e-02
3.506756756756756772e+02 6.864984102245433317e-02
3.518468468468468586e+02 6.795552890152384284e-02
3.530180180180180400e+02 6.727215033532872590e-02
3.541891891891892215e+02 6.659960611718607204e-02
3.553603603603603460e+02 6.593779627701039370e-02
3.565315315315315274e+02 6.528662013932946817e-02
3.577027027027027088e+02 6.464597637972989419e-02
3.588738738738738903e+02 6.401576307975918867e-02
3.600450450450450717e+02 6.339587778031333110e-02
3.612162162162161962e+02 6.278621753353627599e-02
3.623873873873873777e+02 6.218667895326086825e-02
3.635585585585585591e+02 6.159715826401689076e-02
3.647297297297297405e+02 6.101755134863581093e-02
3.659009009009009219e+02 6.044775379447704655e-02
3.670720720720721033e+02 5.988766093830534543e-02
3.682432432432432279e+02 5.933716790984415457e-02
3.694144144144144093e+02 5.879616967403254041e-02
3.705855855855855907e+02 5.826456107201263140e-02
3.717567567567567721e+02 5.774223686087163326e-02
3.729279279279279535e+02 5.722909175216707445e-02
3.740990990990991349e+02 5.672502044925802067e-02
3.752702702702702595e+02 5.622991768346916747e-02
3.764414414414414409e+02 5.574367824911303365e-02
3.776126126126126223e+02 5.526619703739246714e-02
3.787837837837838038e+02 5.479736906921051087e-02
3.799549549549549852e+02 5.433708952691031213e-02
3.811261261261261097e+02 5.388525378496677315e-02
3.822972972972972912e+02 5.344175743965692837e-02
3.834684684684684726e+02 5.300649633772859526e-02
3.846396396396396540e+02 5.257936660409071039e-02
3.858108108108108354e+02 5.216026466854786769e-02
3.869819819819820168e+02 5.174908729160031251e-02
3.881531531531531414e+02 5.134573158933065928e-02
3.893243243243243228e+02 5.095009505739819117e-02
3.904954954954955042e+02 5.056207559416195374e-02
3.916666666666666856e+02 5.018157152295135703e-02
3.928378378378378670e+02 4.980848161350608094e-02
3.940090090090089916e+02 4.944270510260326962e-02
3.951801801801801730e+02 4.908414171389061109e-02
3.963513513513513544e+02 4.873269167694711801e-02
3.975225225225225358e+02 4.838825574558499459e-02
3.986936936936937173e+02 4.805073521541498860e-02
3.998648648648648987e+02 4.772003194069156240e-02
4.010360360360360232e+02 4.739604835045267694e-02
4.022072072072072046e+02 4.707868746397561588e-02
4.033783783783783861e+02 4.676785290556162433e-02
4.045495495495495675e+02 4.646344891866739657e-02
4.057207207207207489e+02 4.616538037939876826e-02
4.068918918918918735e+02 4.587355280938347490e-02
4.080630630630630549e+02 4.558787238803511943e-02
4.092342342342342363e+02 4.530824596422766692e-02
4.104054054054054177e+02 4.503458106739179068e-02
4.115765765765765991e+02 4.476678591804782170e-02
4.127477477477477805e+02 4.450476943779192729e-02
4.139189189189189051e+02 4.424844125874480283e-02
4.150900900900900865e+02 4.399771173248140377e-02
4.162612612612612679e+02 4.375249193845055090e-02
4.174324324324324493e+02 4.351269369190033376e-02
4.186036036036036307e+02 4.327822955131999105e-02
4.197747747747747553e+02 4.304901282541206270e-02
4.209459459459459367e+02 4.282495757960548544e-02
4.221171171171171181e+02 4.260597864212395391e-02
4.232882882882882996e+02 4.239199160961681923e-02
4.244594594594594810e+02 4.218291285236956678e-02
4.256306306306306624e+02 4.197865951909994509e-02
4.268018018018017870e+02 4.177914954135326236e-02
4.279729729729729684e+02 4.158430163750780062e-02
4.291441441441441498e+02 4.139403531639868072e-02
4.303153153153153312e+02 4.120827088057279347e-02
4.314864864864865126e+02 4.102692942918313712e-02
4.326576576576576940e+02 4.084993286053339306e-02
4.338288288288288186e+02 4.067720387428115647e-02
4.350000000000000000e+02 4.050866597331150704e-02
4.361711711711711814e+02 4.034424346528720645e-02
4.373423423423423628e+02 4.018386146388668728e-02
4.385135135135135442e+02 4.002744588973790318e-02
4.396846846846846688e+02 3.987492347105700552e-02
4.408558558558558502e+02 3.972622174399972894e-02
4.420270270270270316e+02 3.958126905273474938e-02
4.431981981981982130e+02 3.943999454924647374e-02
4.443693693693693945e+02 3.930232819287494961e-02
4.455405405405405759e+02 3.916820074960197795e-02
4.467117117117117004e+02 3.903754379108990979e-02
4.478828828828828819e+02 3.891028969348107880e-02
4.490540540540540633e+02 3.878637163596505844e-02
4.502252252252252447e+02 3.866572359912184842e-02
4.513963963963964261e+02 3.854828036304647210e-02
4.525675675675675507e+02 3.843397750526292289e-02
4.537387387387387321e+02 3.832275139843478728e-02
4.549099099099099135e+02 3.821453920787792891e-02
4.560810810810810949e+02 3.810927888888229753e-02
4.572522522522522763e+02 3.800690918384994760e-02
4.584234234234234577e+02 3.790736961925424836e-02
4.595945945945945823e+02 3.781060050242748827e-02
4.607657657657657637e+02 3.771654291818260507e-02
4.619369369369369451e+02 3.762513872527429443e-02
4.631081081081081265e+02 3.753633055270657465e-02
4.642792792792793080e+02 3.745006179589131096e-02
4.654504504504504325e+02 3.736627661266365974e-02
4.666216216216216139e+02 3.728491991916025455e-02
4.677927927927927954e+02 3.720593738556437352e-02
4.689639639639639768e+02 3.712927543172538786e-02
4.701351351351351582e+02 3.705488122265474665e-02
4.713063063063063396e+02 3.698270266390608907e-02
4.724774774774774642e+02 3.691268839684300196e-02
4.736486486486486456e+02 3.684478779379977281e-02
4.748198198198198270e+02 3.677895095313930135e-02
4.759909909909910084e+02 3.671512869421348496e-02
4.771621621621621898e+02 3.665327255223040787e-02
4.783333333333333712e+02 3.659333477303206711e-02
4.795045045045044958e+02 3.653526830778811713e-02
4.806756756756756772e+02 3.647902680760894273e-02
4.818468468468468586e+02 3.642456461808270263e-02
4.830180180180180400e+02 3.637183677373997254e-02
4.841891891891892215e+02 3.632079899245092142e-02
4.853603603603603460e+02 3.627140766975722741e-02
4.865315315315315274e+02 3.622361987314452747e-02
4.877027027027027088e+02 3.617739333625729498e-02
4.888738738738738903e+02 3.613268645306155075e-02
4.900450450450450717e+02 3.608945827195652462e-02
4.912162162162162531e+02 3.604766848984237299e-02
4.923873873873873777e+02 3.600727744614300174e-02
4.935585585585585591e+02 3.596824611679119710e-02
4.947297297297297405e+02 3.593053610817648069e-02
4.959009009009009219e+02 3.589410965106080292e-02
4.970720720720721033e+02 3.585892959446394107e-02
4.982432432432432279e+02 3.582495939952173858e-02
4.994144144144144093e+02 3.579216313332123089e-02
5.005855855855855907e+02 3.576050546271398317e-02
5.017567567567567721e+02 3.572995164811102603e-02
5.029279279279279535e+02 3.570046753726321270e-02
5.040990990990991349e+02 3.567201955902746247e-02
5.052702702702702595e+02 3.564457471712347003e-02
5.064414414414414409e+02 3.561810058388217154e-02
5.076126126126126223e+02 3.559256529398921454e-02
5.087837837837838038e+02 3.556793753822500015e-02
5.099549549549549852e+02 3.554418655720464199e-02
5.111261261261261097e+02 3.552128213511918098e-02
5.122972972972972912e+02 3.549919459348007539e-02
5.134684684684684726e+02 3.547789478487071296e-02
5.146396396396396540e+02 3.545735408670531996e-02
5.158108108108108354e+02 3.543754439499735565e-02
5.169819819819820168e+02 3.541843811814075066e-02
5.181531531531531982e+02 3.540000817070479422e-02
5.193243243243243796e+02 3.538222796724361380e-02
5.204954954954955610e+02 3.536507141612483390e-02
5.216666666666667425e+02 3.534851291337606782e-02
5.228378378378379239e+02 3.533252733655214972e-02
5.240090090090091053e+02 3.531709003862638224e-02
5.251801801801801730e+02 3.530217684190351674e-02
5.263513513513513544e+02 3.528776403195953149e-02
5.275225225225225358e+02 3.527382835160855490e-02
5.286936936936937173e+02 3.526034699489715568e-02
5.298648648648648987e+02 3.524729760112878946e-02
5.310360360360359664e+02 3.523465824891922754e-02
5.322072072072071478e+02 3.522240745028407116e-02
5.333783783783783292e+02 3.521052414475994013e-02
5.345495495495495106e+02 3.519898769355930129e-02
5.357207207207206920e+02 3.518777787376239918e-02
5.368918918918918735e+02 3.517687487254458900e-02
5.380630630630630549e+02 3.516625928144208324e-02
5.392342342342342363e+02 3.515591209065617451e-02
5.404054054054054177e+02 3.514581468339730147e-02
5.415765765765765991e+02 3.513594883026936039e-02
5.427477477477477805e+02 3.512629668369538632e-02
5.439189189189189619e+02 3.511684077238551305e-02
5.450900900900901433e+02 3.510756399584831489e-02
5.462612612612613248e+02 3.509844961894460769e-02
5.474324324324325062e+02 3.508948126648665788e-02
5.486036036036036876e+02 3.508064291788218214e-02
5.497747747747748690e+02 3.507191890182349836e-02
5.509459459459459367e+02 3.506329389102325056e-02
5.521171171171171181e+02 3.505475289699670066e-02
5.532882882882882996e+02 3.504628126489123252e-02
5.544594594594594810e+02 3.503786466836382452e-02
5.556306306306306624e+02 3.502948910450603276e-02
5.568018018018017301e+02 3.502114088881788656e-02
5.579729729729730252e+02 3.501280665023111943e-02
5.591441441441442066e+02 3.500447332618066010e-02
5.603153153153152743e+02 3.499612815772651375e-02
5.614864864864864558e+02 3.498775868472536049e-02
5.626576576576576372e+02 3.497935274105169745e-02
5.638288288288288186e+02 3.497089844986998181e-02
5.650000000000000000e+02 3.496238421895699056e-02
5.661711711711711814e+02 3.495379873607508403e-02
5.673423423423423628e+02 3.494513096439579025e-02
5.685135135135135442e+02 3.493637013797523672e-02
5.696846846846847257e+02 3.492750575727976425e-02
5.708558558558559071e+02 3.491852758476324259e-02
5.720270270270270885e+02 3.490942564049549779e-02
5.731981981981981562e+02 3.490019019784172671e-02
5.743693693693693376e+02 3.489081177919348131e-02
5.755405405405405190e+02 3.488128115175044563e-02
5.767117117117117004e+02 3.487158932335397005e-02
5.778828828828828819e+02 3.486172753837105120e-02
5.790540540540540633e+02 3.485168727362988883e-02
5.802252252252252447e+02 3.484146023440626294e-02
5.813963963963964261e+02 3.483103835046046787e-02
5.825675675675676075e+02 3.482041377212546224e-02
5.837387387387387889e+02 3.480957886644497901e-02
5.849099099099099703e+02 3.479852621336268492e-02
5.860810810810810381e+02 3.478724860196096696e-02
5.872522522522522195e+02 3.477573902675024087e-02
5.884234234234234009e+02 3.476399068400755354e-02
5.895945945945945823e+02 3.475199696816543699e-02
5.907657657657657637e+02 3.473975146824925808e-02
5.919369369369369451e+02 3.472724796436463257e-02
5.931081081081081265e+02 3.471448042423273816e-02
5.942792792792793080e+02 3.470144299977516444e-02
5.954504504504504894e+02 3.468813002374585008e-02
5.966216216216216708e+02 3.467453600641244582e-02
5.977927927927928522e+02 3.466065563228377944e-02
5.989639639639640336e+02 3.464648375688596238e-02
6.001351351351351013e+02 3.463201540358477881e-02
6.013063063063062827e+02 3.461724576045489832e-02
6.024774774774774642e+02 3.460217017719571103e-02
6.036486486486486456e+02 3.458678416209264722e-02
6.048198198198198270e+02 3.457108337902459194e-02
6.059909909909910084e+02 3.455506364451591678e-02
6.071621621621621898e+02 3.453872092483421807e-02
6.083333333333333712e+02 3.452205133313162450e-02
6.095045045045045526e+02 3.450505112663098534e-02
6.106756756756757341e+02 3.448771670385489263e-02
6.118468468468469155e+02 3.447004460189896646e-02
6.130180180180179832e+02 3.445203149374693324e-02
6.141891891891891646e+02 3.443367418562919696e-02
6.153603603603603460e+02 3.441496961442241931e-02
6.165315315315315274e+02 3.439591484509163521e-02
6.177027027027027088e+02 3.437650706817294705e-02
6.188738738738738903e+02 3.435674359729710275e-02
6.200450450450450717e+02 3.433662186675334044e-02
6.212162162162162531e+02 3.431613942909352705e-02
6.223873873873874345e+02 3.429529395277503001e-02
6.235585585585586159e+02 3.427408321984302259e-02
6.247297297297297973e+02 3.425250512365149436e-02
6.259009009009008651e+02 3.423055766662170402e-02
6.270720720720720465e+02 3.420823895803904585e-02
6.282432432432432279e+02 3.418554721188656748e-02
6.294144144144144093e+02 3.416248074471554125e-02
6.305855855855855907e+02 3.413903797355232611e-02
6.317567567567567721e+02 3.411521741384065942e-02
6.329279279279279535e+02 3.409101767742008654e-02
6.340990990990991349e+02 3.406643747053848814e-02
6.352702702702703164e+02 3.404147559190015548e-02
6.364414414414414978e+02 3.401613093074661726e-02
6.376126126126126792e+02 3.399040246497214007e-02
6.387837837837837469e+02 3.396428925927184178e-02
6.399549549549549283e+02 3.393779046332270205e-02
6.411261261261261097e+02 3.391090530999659597e-02
6.422972972972972912e+02 3.388363311360530206e-02
6.434684684684684726e+02 3.385597326817681163e-02
6.446396396396396540e+02 3.382792524576279380e-02
6.458108108108108354e+02 3.379948859477574508e-02
6.469819819819820168e+02 3.377066293835721822e-02
6.481531531531531982e+02 3.374144797277487534e-02
6.493243243243243796e+02 3.371184346584891328e-02
6.504954954954955610e+02 3.368184925540732705e-02
6.516666666666666288e+02 3.365146524776927578e-02
6.528378378378378102e+02 3.362069141625648183e-02
6.540090090090089916e+02 3.358952779973185115e-02
6.551801801801801730e+02 3.355797450116535657e-02
6.563513513513513544e+02 3.352603168622624030e-02
6.575225225225225358e+02 3.349369958190154956e-02
6.586936936936937173e+02 3.346097847514050566e-02
6.598648648648648987e+02 3.342786871152404055e-02
6.610360360360360801e+02 3.339437069395920221e-02
6.622072072072072615e+02 3.336048488139858881e-02
6.633783783783784429e+02 3.332621178758332636e-02
6.645495495495495106e+02 3.329155197981007591e-02
6.657207207207206920e+02 3.325650607772133449e-02
6.668918918918918735e+02 3.322107475211891203e-02
6.680630630630630549e+02 3.318525872379943925e-02
6.692342342342342363e+02 3.314905876241270449e-02
6.704054054054054177e+02 3.311247568534138319e-02
6.715765765765765991e+02 3.307551035660234034e-02
6.727477477477477805e+02 3.303816368576895784e-02
6.739189189189189619e+02 3.300043662691433399e-02
6.750900900900901433e+02 3.296233017757451561e-02
6.762612612612613248e+02 3.292384537773209580e-02
6.774324324324323925e+02 3.288498330881898385e-02
6.786036036036035739e+02 3.284574509273898574e-02
6.797747747747747553e+02 3.280613189090893222e-02
6.809459459459459367e+02 3.276614490331843099e-02
6.821171171171171181e+02 3.272578536760809703e-02
6.832882882882882996e+02 3.268505455816547722e-02
6.844594594594594810e+02 3.264395378523889113e-02
6.856306306306306624e+02 3.260248439406798759e-02
6.868018018018018438e+02 3.256064776403188449e-02
6.879729729729730252e+02 3.251844530781344139e-02
6.891441441441442066e+02 3.247587847058039379e-02
6.903153153153152743e+02 3.243294872918181526e-02
6.914864864864864558e+02 3.238965759136084449e-02
6.926576576576576372e+02 3.234600659498287206e-02
6.938288288288288186e+02 3.230199730727817409e-02
6.950000000000000000e+02 3.225763132410030404e-02
6.961711711711711814e+02 3.221291026919832073e-02
6.973423423423423628e+02 3.216783579350364353e-02
6.985135135135135442e+02 3.212240957443081996e-02
6.996846846846847257e+02 3.207663331519192834e-02
7.008558558558559071e+02 3.203050874412447652e-02
7.020270270270270885e+02 3.198403761403266488e-02
7.031981981981982699e+02 3.193722170154116718e-02
7.043693693693693376e+02 3.189006280646210223e-02
7.055405405405405190e+02 3.184256275117405832e-02
7.067117117117117004e+02 3.179472338001310822e-02
7.078828828828828819e+02 3.174654655867655689e-02
7.090540540540540633e+02 3.169803417363730585e-02
7.102252252252252447e+02 3.164918813157061028e-02
7.113963963963964261e+02 3.160001035879136944e-02
7.125675675675676075e+02 3.155050280070280377e-02
7.137387387387387889e+02 3.150066742125572777e-02
7.149099099099099703e+02 3.145050620241841149e-02
7.160810810810811518e+02 3.140002114365691988e-02
7.172522522522522195e+02 3.134921426142521506e-02
7.184234234234234009e+02 3.129808758866540336e-02
7.195945945945945823e+02 3.124664317431785285e-02
7.207657657657657637e+02 3.119488308284028982e-02
7.219369369369369451e+02 3.114280939373687343e-02
7.231081081081081265e+02 3.109042420109572880e-02
7.242792792792793080e+02 3.103772961313596215e-02
7.254504504504504894e+02 3.098472775176287428e-02
7.266216216216216708e+02 3.093142075213217712e-02
7.277927927927928522e+02 3.087781076222239490e-02
7.289639639639640336e+02 3.082389994241534203e-02
7.301351351351351013e+02 3.076969046508494510e-02
7.313063063063062827e+02 3.071518451419338533e-02
7.324774774774774642e+02 3.066038428489548801e-02
7.336486486486486456e+02 3.060529198315036989e-02
7.348198198198198270e+02 3.054990982534048008e-02
7.359909909909910084e+02 3.049424003789756241e-02
7.371621621621621898e+02 3.043828485693634428e-02
7.383333333333333712e+02 3.038204652789436647e-02
7.395045045045045526e+02 3.032552730517921319e-02
7.406756756756757341e+02 3.026872945182171315e-02
7.418468468468469155e+02 3.021165523913620435e-02
7.430180180180179832e+02 3.015430694638678716e-02
7.441891891891891646e+02 3.009668686045979813e-02
7.453603603603603460e+02 3.003879727554239348e-02
7.465315315315315274e+02 2.998064049280711740e-02
7.477027027027027088e+02 2.992221882010209430e-02
7.488738738738738903e+02 2.986353457164717812e-02
7.500450450450450717e+02 2.980459006773533356e-02
7.512162162162162531e+02 2.974538763443961356e-02
7.523873873873874345e+02 2.968592960332560801e-02
7.535585585585586159e+02 2.962621831116872551e-02
7.547297297297297973e+02 2.956625609967691165e-02
7.559009009009008651e+02 2.950604531521812054e-02
7.570720720720720465e+02 2.944558830855295919e-02
7.582432432432432279e+02 2.938488743457157854e-02
7.594144144144144093e+02 2.932394505203590046e-02
7.605855855855855907e+02 2.926276352332576880e-02
7.617567567567567721e+02 2.920134521419012752e-02
7.629279279279279535e+02 2.913969249350209859e-02
7.640990990990991349e+02 2.907780773301876440e-02
7.652702702702703164e+02 2.901569330714484987e-02
7.664414414414414978e+02 2.895335159270060951e-02
7.676126126126126792e+02 2.889078496869370433e-02
7.687837837837837469e+02 2.882799581609507902e-02
7.699549549549549283e+02 2.876498651761858275e-02
7.711261261261261097e+02 2.870175945750456578e-02
7.722972972972972912e+02 2.863831702130674450e-02
7.734684684684684726e+02 2.857466159568327821e-02
7.746396396396396540e+02 2.851079556819073602e-02
7.758108108108108354e+02 2.844672132708210913e-02
7.769819819819820168e+02 2.838244126110775825e-02
7.781531531531531982e+02 2.831795775931996578e-02
7.793243243243243796e+02 2.825327321088065904e-02
7.804954954954955610e+02 2.818839000487225258e-02
7.816666666666666288e+02 2.812331053011164067e-02
7.828378378378378102e+02 2.805803717496741997e-02
7.840090090090089916e+02 2.799257232717976621e-02
7.851801801801801730e+02 2.792691837368361726e-02
7.863513513513513544e+02 2.786107770043447229e-02
7.875225225225225358e+02 2.779505269223704958e-02
7.886936936936937173e+02 2.772884573257682062e-02
7.898648648648648987e+02 2.766245920345416706e-02
7.910360360360360801e+02 2.759589548522118838e-02
7.922072072072072615e+02 2.752915695642116703e-02
7.933783783783784429e+02 2.746224599363055949e-02
7.945495495495495106e+02 2.739516497130332559e-02
7.957207207207206920e+02 2.732791626161811330e-02
7.968918918918918735e+02 2.726050223432752509e-02
7.980630630630630549e+02 2.719292525660959095e-02
7.992342342342342363e+02 2.712518769292220425e-02
8.004054054054054177e+02 2.705729190485917784e-02
8.015765765765765991e+02 2.698924025100873925e-02
8.027477477477477805e+02 2.692103508681442658e-02
8.039189189189189619e+02 2.685267876443784771e-02
8.050900900900901433e+02 2.678417363262377421e-02
8.062612612612613248e+02 2.671552203656698751e-02
8.074324324324325062e+02 2.664672631778173401e-02
8.086036036036035739e+02 2.657778881397250201e-02
8.097747747747747553e+02 2.650871185890729329e-02
8.109459459459459367e+02 2.643949778229251132e-02
8.121171171171171181e+02 2.637014890964993821e-02
8.132882882882882996e+02 2.630066756219547053e-02
8.144594594594594810e+02 2.623105605671975649e-02
8.156306306306306624e+02 2.616131670547046720e-02
8.168018018018018438e+02 2.609145181603672245e-02
8.179729729729730252e+02 2.602146369123483835e-02
8.191441441441442066e+02 2.595135462899599704e-02
8.203153153153153880e+02 2.588112692225555747e-02
8.214864864864864558e+02 2.581078285884418066e-02
8.226576576576576372e+02 2.574032472138032893e-02
8.238288288288288186e+02 2.566975478716447892e-02
8.250000000000000000e+02 2.559907532807517358e-02
8.261711711711711814e+02 2.552828861046609055e-02
8.273423423423423628e+02 2.545739689506526515e-02
8.285135135135135442e+02 2.538640243687539239e-02
8.296846846846847257e+02 2.531530748507569012e-02
8.308558558558559071e+02 2.524411428292553522e-02
8.320270270270270885e+02 2.517282506766907457e-02
8.331981981981982699e+02 2.510144207044170614e-02
8.343693693693693376e+02 2.502996751617761820e-02
8.355405405405405190e+02 2.495840362351908065e-02
8.367117117117117004e+02 2.488675260472672165e-02
8.378828828828828819e+02 2.481501666559139674e-02
8.390540540540540633e+02 2.474319800534736935e-02
8.402252252252252447e+02 2.467129881658684798e-02
8.413963963963964261e+02 2.459932128517558145e-02
8.425675675675676075e+02 2.452726759017005362e-02
8.437387387387387889e+02 2.445513990373580568e-02
8.449099099099099703e+02 2.438294039106688946e-02
8.460810810810811518e+02 2.431067121030681955e-02
8.472522522522522195e+02 2.423833451247056972e-02
8.484234234234234009e+02 2.416593244136776286e-02
8.495945945945945823e+02 2.409346713352719313e-02
8.507657657657657637e+02 2.402094071812236123e-02
8.519369369369369451e+02 2.394835531689837316e-02
8.531081081081081265e+02 2.387571304409965428e-02
8.542792792792793080e+02 2.380301600639939119e-02
8.554504504504504894e+02 2.373026630282930316e-02
8.566216216216216708e+02 2.365746602471140506e-02
8.577927927927928522e+02 2.358461725559005476e-02
8.589639639639640336e+02 2.351172207116572835e-02
8.601351351351351013e+02 2.343878253922954472e-02
8.613063063063062827e+02 2.336580071959884139e-02
8.624774774774774642e+02 2.329277866405408959e-02
8.636486486486486456e+02 2.321971841627653785e-02
8.648198198198198270e+02 2.314662201178707343e-02
8.659909909909910084e+02 2.307349147788611068e-02
8.671621621621621898e+02 2.300032883359438840e-02
8.683333333333333712e+02 2.292713608959493637e-02
8.695045045045045526e+02 2.285391524817585035e-02
8.706756756756757341e+02 2.278066830317432984e-02
8.718468468468469155e+02 2.270739723992128492e-02
8.730180180180179832e+02 2.263410403518744535e-02
8.741891891891891646e+02 2.256079065712991022e-02
8.753603603603603460e+02 2.248745906524007854e-02
8.765315315315315274e+02 2.241411121029225628e-02
8.777027027027027088e+02 2.234074903429334250e-02
8.788738738738738903e+02 2.226737447043336537e-02
8.800450450450450717e+02 2.219398944303699328e-02
8.812162162162162531e+02 2.212059586751599985e-02
8.823873873873874345e+02 2.204719565032248543e-02
8.835585585585586159e+02 2.197379068890324694e-02
8.847297297297297973e+02 2.190038287165485889e-02
8.859009009009008651e+02 2.182697407787959065e-02
8.870720720720720465e+02 2.175356617774245119e-02
8.882432432432432279e+02 2.168016103222888610e-02
8.894144144144144093e+02 2.160676049310345306e-02
8.905855855855855907e+02 2.153336640286932988e-02
8.917567567567567721e+02 2.145998059472861708e-02
8.929279279279279535e+02 2.138660489254370911e-02
8.940990990990991349e+02 2.131324111079918940e-02
8.952702702702703164e+02 2.123989105456480786e-02
8.964414414414414978e+02 2.116655651945923214e-02
8.976126126126126792e+02 2.109323929161448924e-02
8.987837837837838606e+02 2.101994114764151392e-02
8.999549549549549283e+02 2.094666385459623484e-02
9.011261261261261097e+02 2.087340916994658013e-02
9.022972972972972912e+02 2.080017884154026359e-02
9.034684684684684726e+02 2.072697460757350063e-02
9.046396396396396540e+02 2.065379819656025170e-02
9.058108108108108354e+02 2.058065132730252031e-02
9.069819819819820168e+02 2.050753570886125476e-02
9.081531531531531982e+02 2.043445304052813466e-02
9.093243243243243796e+02 2.036140501179802345e-02
9.104954954954955610e+02 2.028839330234234045e-02
9.116666666666667425e+02 2.021541958198299488e-02
9.128378378378378102e+02 2.014248551066726012e-02
9.140090090090089916e+02 2.006959273844330024e-02
9.151801801801801730e+02 1.999674290543649105e-02
9.163513513513513544e+02 1.992393764182638985e-02
9.175225225225225358e+02 1.985117856782461776e-02
9.186936936936937173e+02 1.977846729365325545e-02
9.198648648648648987e+02 1.970580541952413056e-02
9.210360360360360801e+02 1.963319453561878508e-02
9.222072072072072615e+02 1.956063622206917832e-02
9.233783783783784429e+02 1.948813204893900392e-02
9.245495495495496243e+02 1.941568357620580138e-02
9.257207207207206920e+02 1.934329235374379272e-02
9.268918918918918735e+02 1.927095992130746158e-02
9.280630630630630549e+02 1.919868780851546886e-02
9.292342342342342363e+02 1.912647753483595267e-02
9.304054054054054177e+02 1.905433060957173463e-02
9.315765765765765991e+02 1.898224853184678207e-02
9.327477477477477805e+02 1.891023279059307616e-02
9.339189189189189619e+02 1.883828486453825030e-02
9.350900900900901433e+02 1.876640622219379051e-02
9.362612612612613248e+02 1.869459832184408934e-02
9.374324324324325062e+02 1.862286261153591610e-02
9.386036036036035739e+02 1.855120052906880299e-02
9.397747747747747553e+02 1.847961350198586150e-02
9.409459459459459367e+02 1.840810294756534474e-02
9.421171171171171181e+02 1.833667027281288622e-02
9.432882882882882996e+02 1.826531687445424532e-02
9.444594594594594810e+02 1.819404413892893035e-02
9.456306306306306624e+02 1.812285344238410978e-02
9.468018018018018438e+02 1.805174615066946348e-02
9.479729729729730252e+02 1.798072361933249555e-02
9.491441441441442066e+02 1.790978719361446467e-02
9.503153153153153880e+02 1.783893820844695971e-02
9.514864864864864558e+02 1.776817798844917279e-02
9.526576576576576372e+02 1.769750784792553308e-02
9.538288288288288186e+02 1.762692909086421150e-02
9.550000000000000000e+02 1.755644301093603823e-02
9.561711711711711814e+02 1.748605089149414885e-02
9.573423423423423628e+02 1.741575400557402245e-02
9.585135135135135442e+02 1.734555361589437683e-02
9.596846846846847257e+02 1.727545097485835845e-02
9.608558558558559071e+02 1.720544732455550618e-02
9.620270270270270885e+02 1.713554389676424580e-02
9.631981981981982699e+02 1.706574191295486334e-02
9.643693693693693376e+02 1.699604258429309248e-02
9.655405405405405190e+02 1.692644711164435073e-02
9.667117117117117004e+02 1.685695668557839894e-02
9.678828828828828819e+02 1.678757248637455235e-02
9.690540540540540633e+02 1.671829568402760993e-02
9.702252252252252447e+02 1.664912743825408201e-02
9.713963963963964261e+02 1.658006889849913956e-02
9.725675675675676075e+02 1.651112120394396601e-02
9.737387387387387889e+02 1.644228548351380284e-02
9.749099099099099703e+02 1.637356285588629015e-02
9.760810810810811518e+02 1.630495442950060866e-02
9.772522522522522195e+02 1.623646130256682640e-02
9.784234234234234009e+02 1.616808456307606418e-02
9.795945945945945823e+02 1.609982528881088309e-02
9.807657657657657637e+02 1.603168454735646314e-02
9.819369369369369451e+02 1.596366339611197602e-02
9.831081081081081265e+02 1.589576288230276288e-02
9.842792792792793080e+02 1.582798404299271336e-02
9.854504504504504894e+02 1.576032790509740780e-02
9.866216216216216708e+02 1.569279548539747812e-02
9.877927927927928522e+02 1.562538779055262783e-02
9.889639639639640336e+02 1.555810581711614300e-02
9.901351351351351013e+02 1.549095055154963568e-02
9.913063063063062827e+02 1.542392297023856794e-02
9.924774774774774642e+02 1.535702403950807426e-02
9.936486486486486456e+02 1.529025471563919512e-02
9.948198198198198270e+02 1.522361594488564999e-02
9.959909909909910084e+02 1.515710866349111001e-02
9.971621621621621898e+02 1.509073379770672386e-02
9.983333333333333712e+02 1.502449226380931334e-02
9.995045045045045526e+02 1.495838496811985330e-02
1.000675675675675734e+03 1.489241280702239233e-02
1.001846846846846915e+03 1.482657666698355102e-02
1.003018018018018097e+03 1.476087742457221977e-02
1.004189189189189165e+03 1.469531594647985502e-02
1.005360360360360346e+03 1.462989308954110342e-02
1.006531531531531527e+03 1.456460970075486999e-02
1.007702702702702709e+03 1.449946661730580101e-02
1.008873873873873890e+03 1.443446466658617963e-02
1.010045045045045072e+03 1.436960466621810435e-02
1.011216216216216253e+03 1.430488742407628674e-02
1.012387387387387435e+03 1.424031373831098103e-02
1.013558558558558616e+03 1.417588439737157459e-02
1.014729729729729797e+03 1.411160018003032070e-02
1.015900900900900979e+03 1.404746185540655355e-02
1.017072072072072046e+03 1.398347018299135602e-02
1.018243243243243228e+03 1.391962591267241825e-02
1.019414414414414409e+03 1.385592978475937327e-02
1.020585585585585591e+03 1.379238253000962186e-02
1.021756756756756772e+03 1.372898486965414520e-02
1.022927927927927954e+03 1.366573751542411730e-02
1.024099099099099021e+03 1.360264116957756592e-02
1.025270270270270430e+03 1.353969652492643602e-02
1.026441441441441384e+03 1.347690426486411810e-02
1.027612612612612793e+03 1.341426506339312395e-02
1.028783783783783747e+03 1.335177958515327765e-02
1.029954954954954928e+03 1.328944848545016502e-02
1.031126126126126110e+03 1.322727241028379130e-02
1.032297297297297291e+03 1.316525199637779385e-02
1.033468468468468473e+03 1.310338787120884745e-02
1.034639639639639654e+03 1.304168065303623961e-02
1.035810810810810835e+03 1.298013095093208252e-02
1.036981981981982017e+03 1.291873936481155276e-02
1.038153153153153198e+03 1.285750648546351779e-02
1.039324324324324380e+03 1.279643289458154420e-02
1.040495495495495561e+03 1.273551916479506371e-02
1.041666666666666742e+03 1.267476585970095208e-02
1.042837837837837924e+03 1.261417353389523467e-02
1.044009009009008878e+03 1.255374273300529156e-02
1.045180180180180287e+03 1.249347399372210433e-02
1.046351351351351241e+03 1.243336784383305797e-02
1.047522522522522650e+03 1.237342480225464558e-02
1.048693693693693604e+03 1.231364537906582540e-02
1.049864864864865012e+03 1.225403007554133616e-02
1.051036036036035966e+03 1.219457938418544614e-02
1.052207207207207375e+03 1.213529378876590514e-02
1.053378378378378329e+03 1.207617376434806135e-02
1.054549549549549738e+03 1.201721977732943605e-02
1.055720720720720692e+03 1.195843228547436785e-02
1.056891891891891873e+03 1.189981173794880942e-02
1.058063063063063055e+03 1.184135857535570380e-02
1.059234234234234236e+03 1.178307322977019400e-02
1.060405405405405418e+03 1.172495612477533235e-02
1.061576576576576599e+03 1.166700767549793023e-02
1.062747747747747781e+03 1.160922828864452937e-02
1.063918918918918962e+03 1.155161836253778933e-02
1.065090090090090143e+03 1.149417828715289074e-02
1.066261261261261325e+03 1.143690844415425935e-02
1.067432432432432506e+03 1.137980920693249139e-02
1.068603603603603460e+03 1.132288094064140722e-02
1.069774774774774869e+03 1.126612400223532366e-02
1.070945945945946050e+03 1.120953874050668875e-02
1.072117117117117232e+03 1.115312549612357956e-02
1.073288288288288413e+03 1.109688460166763889e-02
1.074459459459459595e+03 1.104081638167217841e-02
1.075630630630630549e+03 1.098492115266028191e-02
1.076801801801801730e+03 1.092919922318329011e-02
1.077972972972972912e+03 1.087365089385935145e-02
1.079144144144144093e+03 1.081827645741214802e-02
1.080315315315315274e+03 1.076307619870978637e-02
1.081486486486486456e+03 1.070805039480385822e-02
1.082657657657657637e+03 1.065319931496867649e-02
1.083828828828828819e+03 1.059852322074060493e-02
1.085000000000000000e+03 1.054402236595762196e-02
1.086171171171171181e+03 1.048969699679888970e-02
1.087342342342342363e+03 1.043554735182470987e-02
1.088513513513513544e+03 1.038157366201632008e-02
1.089684684684684726e+03 1.032777615081603012e-02
1.090855855855855907e+03 1.027415503416743287e-02
1.092027027027027088e+03 1.022071052055571229e-02
1.093198198198198270e+03 1.016744281104816836e-02
1.094369369369369451e+03 1.011435209933471413e-02
1.095540540540540633e+03 1.006143857176862097e-02
1.096711711711711814e+03 1.000870240740736258e-02
1.097882882882882996e+03 9.956143778053440016e-03
1.099054054054054177e+03 9.903762848295518881e-03
1.100225225225225358e+03 9.851559775549502407e-03
1.101396396396396312e+03 9.799534710099824797e-03
1.102567567567567494e+03 9.747687795140645706e-03
1.103738738738738675e+03 9.696019166817497481e-03
1.104909909909909857e+03 9.644528954268620155e-03
1.106081081081081038e+03 9.593217279666657257e-03
1.107252252252252219e+03 9.542084258260297852e-03
1.108423423423423401e+03 9.491129998416102456e-03
1.109594594594594582e+03 9.440354601660292527e-03
1.110765765765765764e+03 9.389758162720723833e-03
1.111936936936936945e+03 9.339340769568866760e-03
1.113108108108108127e+03 9.289102503461875091e-03
1.114279279279279308e+03 9.239043438984670398e-03
1.115450450450450489e+03 9.189163644092212049e-03
1.116621621621621671e+03 9.139463180151677010e-03
1.117792792792792852e+03 9.089942101984846076e-03
1.118963963963964034e+03 9.040600457910327042e-03
1.120135135135135215e+03 8.991438289786128288e-03
1.121306306306306396e+03 8.942455633052024191e-03
1.122477477477477578e+03 8.893652516772014224e-03
1.123648648648648759e+03 8.845028963676985004e-03
1.124819819819819941e+03 8.796584990207171120e-03
1.125990990990991122e+03 8.748320606554844947e-03
1.127162162162162076e+03 8.700235816706897163e-03
1.128333333333333258e+03 8.652330618487585542e-03
1.129504504504504439e+03 8.604605003601172725e-03
1.130675675675675620e+03 8.557058957674659391e-03
1.131846846846846802e+03 8.509692460300586833e-03
1.133018018018017983e+03 8.462505485079695536e-03
1.134189189189189165e+03 8.415497999663807543e-03
1.135360360360360346e+03 8.368669965798514535e-03
1.136531531531531527e+03 8.322021339366037634e-03
1.137702702702702709e+03 8.275552070428066412e-03
1.138873873873873890e+03 8.229262103268422668e-03
1.140045045045045072e+03 8.183151376436067700e-03
1.141216216216216253e+03 8.137219822787698439e-03
1.142387387387387435e+03 8.091467369530721751e-03
1.143558558558558616e+03 8.045893938265961595e-03
1.144729729729729797e+03 8.000499445030447715e-03
1.145900900900900979e+03 7.955283800340235550e-03
1.147072072072072160e+03 7.910246909233101253e-03
1.148243243243243342e+03 7.865388671311321703e-03
1.149414414414414523e+03 7.820708980784404213e-03
1.150585585585585704e+03 7.776207726511747721e-03
1.151756756756756886e+03 7.731884792045318720e-03
1.152927927927928067e+03 7.687740055672362752e-03
1.154099099099099021e+03 7.643773390457951102e-03
1.155270270270270203e+03 7.599984664287522292e-03
1.156441441441441384e+03 7.556373739909610053e-03
1.157612612612612565e+03 7.512940474978119405e-03
1.158783783783783747e+03 7.469684722094990445e-03
1.159954954954954928e+03 7.426606328852524731e-03
1.161126126126126110e+03 7.383705137875794938e-03
1.162297297297297291e+03 7.340980986865005935e-03
1.163468468468468473e+03 7.298433708637751781e-03
1.164639639639639654e+03 7.256063131171273592e-03
1.165810810810810835e+03 7.213869077644639340e-03
1.166981981981982017e+03 7.171851366480878551e-03
1.168153153153153198e+03 7.130009811389021596e-03
1.169324324324324380e+03 7.088344221406210101e-03
1.170495495495495561e+03 7.046854400939500315e-03
1.171666666666666742e+03 7.005540149807874643e-03
1.172837837837837924e+03 6.964401263283992102e-03
1.174009009009009105e+03 6.923437532135952657e-03
1.175180180180180287e+03 6.882648742669005178e-03
1.176351351351351468e+03 6.842034676767094932e-03
1.177522522522522650e+03 6.801595111934474400e-03
1.178693693693693831e+03 6.761329821337087702e-03
1.179864864864864785e+03 6.721238573843986257e-03
1.181036036036035966e+03 6.681321134068609127e-03
1.182207207207207148e+03 6.641577262410006122e-03
1.183378378378378329e+03 6.602006715093963751e-03
1.184549549549549511e+03 6.562609244214031440e-03
1.185720720720720692e+03 6.523384597772519979e-03
1.186891891891891873e+03 6.484332519721310896e-03
1.188063063063063055e+03 6.445452750002653684e-03
1.189234234234234236e+03 6.406745024589858076e-03
1.190405405405405418e+03 6.368209075527818050e-03
1.191576576576576599e+03 6.329844630973586149e-03
1.192747747747747781e+03 6.291651415236688451e-03
1.193918918918918962e+03 6.253629148819402246e-03
1.195090090090090143e+03 6.215777548457016369e-03
1.196261261261261325e+03 6.178096327157787948e-03
1.197432432432432506e+03 6.140585194243048349e-03
1.198603603603603688e+03 6.103243855386922267e-03
1.199774774774774869e+03 6.066072012656222034e-03
1.200945945945946050e+03 6.029069364549984565e-03
1.202117117117117232e+03 5.992235606039035198e-03
1.203288288288288413e+03 5.955570428605417958e-03
1.204459459459459595e+03 5.919073520281667965e-03
1.205630630630630549e+03 5.882744565690046536e-03
1.206801801801801730e+03 5.846583246081481396e-03
1.207972972972972912e+03 5.810589239374674281e-03
1.209144144144144093e+03 5.774762220194796548e-03
1.210315315315315274e+03 5.739101859912230756e-03
1.211486486486486456e+03 5.703607826681165657e-03
1.212657657657657637e+03 5.668279785477978693e-03
1.213828828828828819e+03 5.633117398139644502e-03
1.215000000000000000e+03 5.598120323401811239e-03
