15.0 3.807369396302898 0.20940109642871335 0.6162327458341145 0.06254957213749934 4615.568395998938 27.015330366637624
17.5 3.7524641126418783 0.0727768194212779 0.7297871934034093 0.018330971734472686 4561.4842258326735 6.460917955780468
21.5 3.1993710837713105 0.011088608821988005 0.8844349590741601 0 3110.504660610905 0
25.0 3.4960565922162754 0.8525555584316492 0.8982789580426136 0.1912686323427421 2133.2142129796075 22.600260514790342
27.5 5.595128284776872 0.04948902073002767 0.6705603022651481 0.011524125898553231 1791.1507947116108 1.5575701843181904
30.0 5.750755851852235 0.3989983934515801 0.5569085513479279 0.09953030373721462 1404.3962386275928 13.36228095023538
32.5 6.406997341780237 0.046838583567698856 0.6598704388980331 0.011531939223366533 1118.0419927183905 0.9832521193738274
35.0 5.625650414023478 0.08011366153861858 0.7499828132416856 0.017403229629408226 854.04556020624 0.9949582507960922
37.5 7.188812508389935 0.05847525952955153 0.6401599844750895 0.01553240884861534 712.4404605630493 0.8770227286152935
40.0 6.389074779979113 0.08891141411204415 0.7558173900247561 0.021374983315680073 578.1402273596686 0.8299121681966489
15.0 3.7762650492927454 0.23867430137426066 0.6254249792919971 0.070632093035147 4611.274757632863 30.170114642989002
