1.000000000000000021e-02 1.404679204603591219e-78
5.003003003003003712e-02 1.293571023411555551e-41
9.006006006006006537e-02 4.412182960717235367e-31
1.300900900900901214e-01 2.677909328802895978e-25
1.701201201201201496e-01 1.800085406893365116e-21
2.101501501501501779e-01 1.090675858434426866e-18
2.501801801801802339e-01 1.510892464594335412e-16
2.902102102102102621e-01 7.804509127030807663e-15
3.302402402402402903e-01 2.001985262411076950e-13
3.702702702702703186e-01 3.056500176652493861e-12
4.103003003003003468e-01 3.135010481858762989e-11
4.503303303303303751e-01 2.351071125032995072e-10
4.903603603603604588e-01 1.370599222883387463e-09
5.303903903903904871e-01 6.501118915258133507e-09
5.704204204204205153e-01 2.597839983760393949e-08
6.104504504504505435e-01 8.985586548479383544e-08
6.504804804804805718e-01 2.748561497782759155e-07
6.905105105105106000e-01 7.564460313791388056e-07
7.305405405405406283e-01 1.899606273758964583e-06
7.705705705705706565e-01 4.403408366897606019e-06
8.106006006006006848e-01 9.513478807455699854e-06
8.506306306306307130e-01 1.931221289718130658e-05
8.906606606606607413e-01 3.708921632537179704e-05
9.306906906906907695e-01 6.778463295766991986e-05
9.707207207207209088e-01 1.184870594752078320e-04
1.010750750750750937e+00 1.989572479404131680e-04
1.050780780780780965e+00 3.221403306047950616e-04
1.090810810810810993e+00 5.046241350149334361e-04
1.130840840840841022e+00 7.670000582967283339e-04
1.170870870870871050e+00 1.134086123445429087e-03
1.210900900900901078e+00 1.634978882080693032e-03
1.250930930930931106e+00 2.302910951594094782e-03
1.290960960960961135e+00 3.174903091407575706e-03
1.330990990990991163e+00 4.291212631743105722e-03
1.371021021021021191e+00 5.694592608526696971e-03
1.411051051051051219e+00 7.429387130777422715e-03
1.451081081081081248e+00 9.540497552564119674e-03
1.491111111111111276e+00 1.207226045651743282e-02
1.531141141141141304e+00 1.506728207141811576e-02
1.571171171171171332e+00 1.856527458112304865e-02
1.611201201201201361e+00 2.260193807555453335e-02
1.651231231231231389e+00 2.720792803206442331e-02
1.691261261261261417e+00 3.240794267219426067e-02
1.731291291291291445e+00 3.821995782747609344e-02
1.771321321321321474e+00 4.465462957529773430e-02
1.811351351351351502e+00 5.171487733910878903e-02
1.851381381381381530e+00 5.939565279033132833e-02
1.891411411411411558e+00 6.768389306932530436e-02
1.931441441441441809e+00 7.655865080444296256e-02
1.971471471471471837e+00 8.599138831546970785e-02
2.011501501501501643e+00 9.594641932984018795e-02
2.051531531531531449e+00 1.063814785411303226e-01
2.091561561561561700e+00 1.172483973700127746e-01
2.131591591591591506e+00 1.284938632770203371e-01
2.171621621621621756e+00 1.400602398231113321e-01
2.211651651651651562e+00 1.518864252580305052e-01
2.251681681681681813e+00 1.639087286079951578e-01
2.291711711711711619e+00 1.760617439015766672e-01
2.331741741741741869e+00 1.882792051884595863e-01
2.371771771771771675e+00 2.004948072516100910e-01
2.411801801801801926e+00 2.126429792830906995e-01
2.451831831831831732e+00 2.246596011951210170e-01
2.491861861861861982e+00 2.364826545939102409e-01
2.531891891891891788e+00 2.480528026920515161e-01
2.571921921921922038e+00 2.593138955281807378e-01
2.611951951951952289e+00 2.702133987656774594e-01
2.651981981981982095e+00 2.807027460329873381e-01
2.692012012012012345e+00 2.907376162345625681e-01
2.732042042042042151e+00 3.002781385001687120e-01
2.772072072072072402e+00 3.092890284552758384e-01
2.812102102102102208e+00 3.177396602959965399e-01
2.852132132132132458e+00 3.256040797523782060e-01
2.892162162162162264e+00 3.328609634406484163e-01
2.932192192192192515e+00 3.394935303570343343e-01
2.972222222222222321e+00 3.454894113727996485e-01
3.012252252252252571e+00 3.508404825722129527e-01
3.052282282282282377e+00 3.555426681519360255e-01
3.092312312312312628e+00 3.595957183906247634e-01
3.132342342342342434e+00 3.630029679190101000e-01
3.172372372372372684e+00 3.657710791895910085e-01
3.212402402402402490e+00 3.679097756759350801e-01
3.252432432432432741e+00 3.694315689374554901e-01
3.292462462462462547e+00 3.703514832776985677e-01
3.332492492492492797e+00 3.706867813123441158e-01
3.372522522522522603e+00 3.704566933553986585e-01
3.412552552552552854e+00 3.696821531351254242e-01
3.452582582582582660e+00 3.683855419704314405e-01
3.492612612612612910e+00 3.665904431778275185e-01
3.532642642642642716e+00 3.643214081417205374e-01
3.572672672672672967e+00 3.616037351687692580e-01
3.612702702702702773e+00 3.584632619615916727e-01
3.652732732732733023e+00 3.549261722888079618e-01
3.692762762762762829e+00 3.510188171972224436e-01
3.732792792792793080e+00 3.467675509073821494e-01
3.772822822822822886e+00 3.421985813549165978e-01
3.812852852852853136e+00 3.373378351857883040e-01
3.852882882882883386e+00 3.322108368824608360e-01
3.892912912912913193e+00 3.268426015884718372e-01
3.932942942942943443e+00 3.212575411093215316e-01
3.972972972972973249e+00 3.154793824962617843e-01
4.013003003003003499e+00 3.095310985647609092e-01
4.053033033033033306e+00 3.034348496594518330e-01
4.093063063063063112e+00 2.972119359505796532e-01
4.133093093093093806e+00 2.908827595317746706e-01
4.173123123123123612e+00 2.844667955838909301e-01
4.213153153153153418e+00 2.779825718732447659e-01
4.253183183183183225e+00 2.714476558635798842e-01
4.293213213213213919e+00 2.648786487382344124e-01
4.333243243243243725e+00 2.582911856512269955e-01
4.373273273273273531e+00 2.516999415522784833e-01
4.413303303303303338e+00 2.451186419602847943e-01
4.453333333333334032e+00 2.385600780916214692e-01
4.493363363363363838e+00 2.320361257832119217e-01
4.533393393393393644e+00 2.255577676849016000e-01
4.573423423423423451e+00 2.191351182308134971e-01
4.613453453453454145e+00 2.127774509345634335e-01
4.653483483483483951e+00 2.064932275880905499e-01
4.693513513513513757e+00 2.002901289780889549e-01
4.733543543543543564e+00 1.941750867673441294e-01
4.773573573573574258e+00 1.881543162204558084e-01
4.813603603603604064e+00 1.822333494843124124e-01
4.853633633633633870e+00 1.764170691631276044e-01
4.893663663663663677e+00 1.707097419557800089e-01
4.933693693693694371e+00 1.651150521495242107e-01
4.973723723723724177e+00 1.596361347888667070e-01
5.013753753753753983e+00 1.542756083614680584e-01
5.053783783783783790e+00 1.490356068643983178e-01
5.093813813813814484e+00 1.439178111339114441e-01
5.133843843843844290e+00 1.389234793401901980e-01
5.173873873873874096e+00 1.340534765652776905e-01
5.213903903903904791e+00 1.293083033977115992e-01
5.253933933933934597e+00 1.246881234912754766e-01
5.293963963963964403e+00 1.201927900478559907e-01
5.333993993993994209e+00 1.158218711956986724e-01
5.374024024024024904e+00 1.115746742444800599e-01
5.414054054054054710e+00 1.074502688076182239e-01
5.454084084084084516e+00 1.034475087902127638e-01
5.494114114114114322e+00 9.956505324800632439e-02
5.534144144144145017e+00 9.580138612886658633e-02
5.574174174174174823e+00 9.215483491356485368e-02
5.614204204204204629e+00 8.862358817715386416e-02
5.654234234234234435e+00 8.520571209607263885e-02
5.694264264264265130e+00 8.189916592930347738e-02
5.734294294294294936e+00 7.870181650452938438e-02
5.774324324324324742e+00 7.561145174234039368e-02
5.814354354354354548e+00 7.262579325317818080e-02
5.854384384384385243e+00 6.974250804292156380e-02
5.894414414414415049e+00 6.695921936386560469e-02
5.934444444444444855e+00 6.427351674835452000e-02
5.974474474474474661e+00 6.168296526255824530e-02
6.014504504504505356e+00 5.918511401784096876e-02
6.054534534534535162e+00 5.677750397691901096e-02
6.094564564564564968e+00 5.445767509155097219e-02
6.134594594594594774e+00 5.222317280789194605e-02
6.174624624624625469e+00 5.007155397488641940e-02
6.214654654654655275e+00 4.800039219020529879e-02
6.254684684684685081e+00 4.600728261726124563e-02
6.294714714714714887e+00 4.408984630579445424e-02
6.334744744744745581e+00 4.224573404741102656e-02
6.374774774774775388e+00 4.047262979630332491e-02
6.414804804804805194e+00 3.876825368419558465e-02
6.454834834834835888e+00 3.713036465734877167e-02
6.494864864864865694e+00 3.555676276224026267e-02
6.534894894894895501e+00 3.404529110531001601e-02
6.574924924924925307e+00 3.259383751095053239e-02
6.614954954954956001e+00 3.120033590071262866e-02
6.654984984984985807e+00 2.986276741551248046e-02
6.695015015015015614e+00 2.857916130146206588e-02
6.735045045045045420e+00 2.734759557880963102e-02
6.775075075075076114e+00 2.616619751236872946e-02
6.815105105105105920e+00 2.503314390074280402e-02
6.855135135135135727e+00 2.394666120061315906e-02
6.895165165165165533e+00 2.290502550135748577e-02
6.935195195195196227e+00 2.190656236430286660e-02
6.975225225225226033e+00 2.094964653999261545e-02
7.015255255255255840e+00 2.003270157596125783e-02
7.055285285285285646e+00 1.915419932666666963e-02
7.095315315315316340e+00 1.831265937642152786e-02
7.135345345345346146e+00 1.750664838539913240e-02
7.175375375375375953e+00 1.673477936805954636e-02
7.215405405405405759e+00 1.599571091265129114e-02
7.255435435435436453e+00 1.528814634978862587e-02
7.295465465465466259e+00 1.461083287748675408e-02
7.335495495495496066e+00 1.396256064945340485e-02
7.375525525525525872e+00 1.334216183288602225e-02
7.415555555555556566e+00 1.274850964150568006e-02
7.455585585585586372e+00 1.218051734907455580e-02
7.495615615615616179e+00 1.163713728818642316e-02
7.535645645645645985e+00 1.111735983869470944e-02
7.575675675675676679e+00 1.062021240974250942e-02
7.615705705705706485e+00 1.014475841898648117e-02
7.655735735735736291e+00 9.690096272258948498e-03
7.695765765765766986e+00 9.255358346589337079e-03
7.735795795795796792e+00 8.839709979204623050e-03
7.775825825825826598e+00 8.442348464848642778e-03
7.815855855855856404e+00 8.062502063502152358e-03
7.855885885885887099e+00 7.699429020344075204e-03
7.895915915915916905e+00 7.352416599574098342e-03
7.935945945945946711e+00 7.020780133510527189e-03
7.975975975975976517e+00 6.703862088190323636e-03
8.016006006006007212e+00 6.401031146523210834e-03
8.056036036036037018e+00 6.111681309893327897e-03
8.096066066066066824e+00 5.835231018955700476e-03
8.136096096096096630e+00 5.571122294240843029e-03
8.176126126126126437e+00 5.318819897059124703e-03
8.216156156156156243e+00 5.077810511085259493e-03
8.256186186186187825e+00 4.847601944902416721e-03
8.296216216216217632e+00 4.627722355693501474e-03
8.336246246246247438e+00 4.417719494184722297e-03
8.376276276276277244e+00 4.217159970871755224e-03
8.416306306306307050e+00 4.025628543491475628e-03
8.456336336336336856e+00 3.842727425642493682e-03
8.496366366366366663e+00 3.668075616403832732e-03
8.536396396396396469e+00 3.501308250753483800e-03
8.576426426426428051e+00 3.342075970546590051e-03
8.616456456456457857e+00 3.190044315775788716e-03
8.656486486486487664e+00 3.044893135804122193e-03
8.696516516516517470e+00 2.906316020232828368e-03
8.736546546546547276e+00 2.774019749042098710e-03
8.776576576576577082e+00 2.647723761622821064e-03
8.816606606606606888e+00 2.527159644299692334e-03
8.856636636636636695e+00 2.412070635932500769e-03
8.896666666666668277e+00 2.302211151170543719e-03
8.936696696696698083e+00 2.197346320926612303e-03
8.976726726726727890e+00 2.097251549630207729e-03
9.016756756756757696e+00 2.001712088815160197e-03
9.056786786786787502e+00 1.910522626594180406e-03
9.096816816816817308e+00 1.823486892571741158e-03
9.136846846846847114e+00 1.740417277747207357e-03
9.176876876876878697e+00 1.661134468962009725e-03
9.216906906906908503e+00 1.585467097447504619e-03
9.256936936936938309e+00 1.513251401034302734e-03
9.296966966966968116e+00 1.444330899588855627e-03
9.336996996996997922e+00 1.378556083248793024e-03
9.377027027027027728e+00 1.315784113035066297e-03
9.417057057057057534e+00 1.255878533426045074e-03
9.457087087087087340e+00 1.198708996486434102e-03
9.497117117117118923e+00 1.144150997151865013e-03
9.537147147147148729e+00 1.092085619278570499e-03
9.577177177177178535e+00 1.042399292076323473e-03
9.617207207207208342e+00 9.949835565517897457e-04
9.657237237237238148e+00 9.497348415987278119e-04
9.697267267267267954e+00 9.065542493808251886e-04
9.737297297297297760e+00 8.653473496623480471e-04
9.777327327327327566e+00 8.260239827514357334e-04
9.817357357357359149e+00 7.884980707302231091e-04
9.857387387387388955e+00 7.526874366557371066e-04
9.897417417417418761e+00 7.185136314247209371e-04
9.937447447447448567e+00 6.859017680052794264e-04
9.977477477477478374e+00 6.547803627472411963e-04
1.001750750750750818e+01 6.250811834926791547e-04
1.005753753753753799e+01 5.967391042168421807e-04
1.009756756756756779e+01 5.696919659389460076e-04
1.013759759759759937e+01 5.438804436509158671e-04
1.017762762762762918e+01 5.192479190208875188e-04
1.021765765765765899e+01 4.957403586367290860e-04
1.025768768768768879e+01 4.733061975631040036e-04
1.029771771771771860e+01 4.518962279937095488e-04
1.033774774774774841e+01 4.314634927882282319e-04
1.037777777777777821e+01 4.119631836912050955e-04
1.041780780780780979e+01 3.933525440375719071e-04
1.045783783783783960e+01 3.755907757568737512e-04
1.049786786786786941e+01 3.586389504952450561e-04
1.053789789789789921e+01 3.424599246812229576e-04
1.057792792792792902e+01 3.270182583680019523e-04
1.061795795795795883e+01 3.122801376913397330e-04
1.065798798798798863e+01 2.982133007885498011e-04
1.069801801801801844e+01 2.847869670300985558e-04
1.073804804804805002e+01 2.719717694212000678e-04
1.077807807807807983e+01 2.597396900365462821e-04
1.081810810810810963e+01 2.480639983567003428e-04
1.085813813813813944e+01 2.369191923801196602e-04
1.089816816816816925e+01 2.262809423897917539e-04
1.093819819819819905e+01 2.161260372584731593e-04
1.097822822822822886e+01 2.064323331812789445e-04
1.101825825825825866e+01 1.971787047289652085e-04
1.105828828828829025e+01 1.883449981196567340e-04
1.109831831831832005e+01 1.799119866110896935e-04
1.113834834834834986e+01 1.718613279194918669e-04
1.117837837837837967e+01 1.641755235752129357e-04
1.121840840840840947e+01 1.568378801289941021e-04
1.125843843843843928e+01 1.498324721264538697e-04
1.129846846846846908e+01 1.431441067718426392e-04
1.133849849849849889e+01 1.367582902055369636e-04
1.137852852852853047e+01 1.306611953229545214e-04
1.141855855855856028e+01 1.248396310657173033e-04
1.145858858858859008e+01 1.192810131188538209e-04
1.149861861861861989e+01 1.139733359507318479e-04
1.153864864864864970e+01 1.089051461351492713e-04
1.157867867867867950e+01 1.040655168976577471e-04
1.161870870870870931e+01 9.944402383074180151e-05
1.165873873873874089e+01 9.503072172488497764e-05
1.169876876876877070e+01 9.081612246491701102e-05
1.173879879879880050e+01 8.679117394322964174e-05
1.177882882882883031e+01 8.294723994363142818e-05
1.181885885885886012e+01 7.927608095163409972e-05
1.185888888888888992e+01 7.576983584893064996e-05
1.189891891891891973e+01 7.242100445172405408e-05
1.193894894894894954e+01 6.922243085434435800e-05
1.197897897897898112e+01 6.616728754132959202e-05
1.201900900900901092e+01 6.324906023279602244e-05
1.205903903903904073e+01 6.046153342949066545e-05
1.209906906906907054e+01 5.779877662545099916e-05
1.213909909909910034e+01 5.525513115761675518e-05
1.217912912912913015e+01 5.282519766314911001e-05
1.221915915915915996e+01 5.050382411650808915e-05
1.225918918918918976e+01 4.828609441962616850e-05
1.229921921921922134e+01 4.616731751971313210e-05
1.233924924924925115e+01 4.414301703038278098e-05
1.237927927927928096e+01 4.220892133290677663e-05
1.241930930930931076e+01 4.036095413544553136e-05
1.245933933933934057e+01 3.859522546912498412e-05
1.249936936936937038e+01 3.690802310078492260e-05
1.253939939939940018e+01 3.529580434315396462e-05
1.257942942942942999e+01 3.375518824407912230e-05
1.261945945945946157e+01 3.228294813728542652e-05
1.265948948948949138e+01 3.087600453793926586e-05
1.269951951951952118e+01 2.953141836706128971e-05
1.273954954954955099e+01 2.824638448956370916e-05
1.277957957957958079e+01 2.701822555138850434e-05
1.281960960960961060e+01 2.584438610189124778e-05
1.285963963963964041e+01 2.472242698825275367e-05
1.289966966966967199e+01 2.365002000930936670e-05
1.293969969969970180e+01 2.262494281677600446e-05
1.297972972972973160e+01 2.164507405238875337e-05
1.301975975975976141e+01 2.070838871002554115e-05
1.305978978978979121e+01 1.981295371236791860e-05
1.309981981981982102e+01 1.895692369215011086e-05
1.313984984984985083e+01 1.813853696850158614e-05
1.317987987987988063e+01 1.735611170932880015e-05
1.321990990990991222e+01 1.660804227110250600e-05
1.325993993993994202e+01 1.589279570781471811e-05
1.329996996996997183e+01 1.520890844125253165e-05
1.334000000000000163e+01 1.455498308510203267e-05
1.338003003003003144e+01 1.392968541573788253e-05
1.342006006006006125e+01 1.333174148289166746e-05
1.346009009009009105e+01 1.275993485370384935e-05
1.350012012012012086e+01 1.221310398396778655e-05
1.354015015015015244e+01 1.169013971066198965e-05
1.358018018018018225e+01 1.118998286013942045e-05
1.362021021021021205e+01 1.071162196660713154e-05
1.366024024024024186e+01 1.025409109577719952e-05
1.370027027027027167e+01 9.816467768807434922e-06
1.374030030030030147e+01 9.397870981880104426e-06
1.378033033033033128e+01 8.997459316980085784e-06
1.382036036036036108e+01 8.614429139643021659e-06
1.386039039039039267e+01 8.248012879638913860e-06
1.390042042042042247e+01 7.897477390746057008e-06
1.394045045045045228e+01 7.562122385947765682e-06
1.398048048048048209e+01 7.241278944555960539e-06
1.402051051051051189e+01 6.934308087928028827e-06
1.406054054054054170e+01 6.640599420599069570e-06
1.410057057057057150e+01 6.359569833798405003e-06
1.414060060060060309e+01 6.090662268462025034e-06
1.418063063063063289e+01 5.833344534985824898e-06
1.422066066066066270e+01 5.587108187092924167e-06
1.426069069069069251e+01 5.351467447311493506e-06
1.430072072072072231e+01 5.125958181675022951e-06
1.434075075075075212e+01 4.910136921368341808e-06
1.438078078078078192e+01 4.703579929149624654e-06
1.442081081081081173e+01 4.505882308477929989e-06
1.446084084084084331e+01 4.316657153373709670e-06
1.450087087087087312e+01 4.135534737130588504e-06
1.454090090090090293e+01 3.962161738084513410e-06
1.458093093093093273e+01 3.796200500729888165e-06
1.462096096096096254e+01 3.637328330551797023e-06
1.466099099099099234e+01 3.485236821019160046e-06
1.470102102102102215e+01 3.339631211255906018e-06
1.474105105105105196e+01 3.200229772976802925e-06
1.478108108108108354e+01 3.066763225338916430e-06
1.482111111111111335e+01 2.938974176424066694e-06
1.486114114114114315e+01 2.816616590125806094e-06
1.490117117117117296e+01 2.699455277272144513e-06
1.494120120120120276e+01 2.587265409869701642e-06
1.498123123123123257e+01 2.479832057405844496e-06
1.502126126126126238e+01 2.376949744195622772e-06
1.506129129129129218e+01 2.278422026806661379e-06
1.510132132132132377e+01 2.184061090640406533e-06
1.514135135135135357e+01 2.093687364790548843e-06
1.518138138138138338e+01 2.007129154340307241e-06
1.522141141141141318e+01 1.924222289299359231e-06
1.526144144144144299e+01 1.844809789417567062e-06
1.530147147147147280e+01 1.768741544148556487e-06
1.534150150150150260e+01 1.695874007069776438e-06
1.538153153153153418e+01 1.626069904097234377e-06
1.542156156156156399e+01 1.559197954864478254e-06
1.546159159159159380e+01 1.495132606663798332e-06
1.550162162162162360e+01 1.433753780376055720e-06
1.554165165165165341e+01 1.374946627841485312e-06
1.558168168168168322e+01 1.318601300149591543e-06
1.562171171171171302e+01 1.264612726350065517e-06
1.566174174174174283e+01 1.212880402109545204e-06
1.570177177177177441e+01 1.163308187861336892e-06
1.574180180180180422e+01 1.115804116015596921e-06
1.578183183183183402e+01 1.070280206817860423e-06
1.582186186186186383e+01 1.026652292462376017e-06
1.586189189189189364e+01 9.848398490851254392e-07
1.590192192192192344e+01 9.447658362785557761e-07
1.594195195195195325e+01 9.063565437863809719e-07
1.598198198198198305e+01 8.695414450527756486e-07
1.602201201201201641e+01 8.342530573150271910e-07
1.606204204204204444e+01 8.004268079430995456e-07
1.610207207207207603e+01 7.680009067430848514e-07
1.614210210210210406e+01 7.369162239546663445e-07
1.618213213213213564e+01 7.071161736848440142e-07
1.622216216216216722e+01 6.785466025322481939e-07
1.626219219219219525e+01 6.511556831674127524e-07
1.630222222222222683e+01 6.248938126452042031e-07
1.634225225225225486e+01 5.997135152359116528e-07
1.638228228228228645e+01 5.755693495710781157e-07
1.642231231231231448e+01 5.524178199096927876e-07
1.646234234234234606e+01 5.302172913390794244e-07
1.650237237237237764e+01 5.089279087333642226e-07
1.654240240240240567e+01 4.885115193004971433e-07
1.658243243243243725e+01 4.689315985564333378e-07
1.662246246246246528e+01 4.501531795725692138e-07
1.666249249249249686e+01 4.321427853493746158e-07
1.670252252252252489e+01 4.148683641760255728e-07
1.674255255255255648e+01 3.982992278420586022e-07
1.678258258258258806e+01 3.824059925733236345e-07
1.682261261261261609e+01 3.671605225701435425e-07
1.686264264264264767e+01 3.525358760313022891e-07
1.690267267267267570e+01 3.385062535526448912e-07
1.694270270270270728e+01 3.250469487941593066e-07
1.698273273273273531e+01 3.121343013142614667e-07
1.702276276276276690e+01 2.997456514744937428e-07
1.706279279279279493e+01 2.878592973223526047e-07
1.710282282282282651e+01 2.764544533640389026e-07
1.714285285285285809e+01 2.655112111429687841e-07
1.718288288288288612e+01 2.550105015436584847e-07
1.722291291291291770e+01 2.449340587442481594e-07
1.726294294294294573e+01 2.352643857443847849e-07
1.730297297297297732e+01 2.259847213984737745e-07
1.734300300300300535e+01 2.170790088875179825e-07
1.738303303303303693e+01 2.085318655656784244e-07
1.742306306306306851e+01 2.003285541206861445e-07
1.746309309309309654e+01 1.924549549898558349e-07
1.750312312312312812e+01 1.848975399761542140e-07
1.754315315315315615e+01 1.776433470112571334e-07
1.758318318318318774e+01 1.706799560148522359e-07
1.762321321321321577e+01 1.639954658018213458e-07
1.766324324324324735e+01 1.575784719910237816e-07
1.770327327327327538e+01 1.514180458715075316e-07
1.774330330330330696e+01 1.455037141839677727e-07
1.778333333333333854e+01 1.398254397771298599e-07
1.782336336336336657e+01 1.343736031005576325e-07
1.786339339339339816e+01 1.291389844971015319e-07
1.790342342342342619e+01 1.241127472598630409e-07
1.794345345345345777e+01 1.192864214200674270e-07
1.798348348348348580e+01 1.146518882338215961e-07
1.802351351351351738e+01 1.102013653370626620e-07
1.806354354354354896e+01 1.059273925394568599e-07
1.810357357357357699e+01 1.018228182292567326e-07
1.814360360360360858e+01 9.788078636238616479e-08
1.818363363363363661e+01 9.409472401021929488e-08
1.822366366366366819e+01 9.045832944163365216e-08
1.826369369369369622e+01 8.696556071603381414e-08
1.830372372372372780e+01 8.361062476503238178e-08
1.834375375375375938e+01 8.038796694150625153e-08
1.838378378378378741e+01 7.729226101566766968e-08
1.842381381381381900e+01 7.431839959868279014e-08
1.846384384384384703e+01 7.146148497526287216e-08
1.850387387387387861e+01 6.871682032743534402e-08
1.854390390390390664e+01 6.607990133252261426e-08
1.858393393393393822e+01 6.354640811907932262e-08
1.862396396396396625e+01 6.111219756527673965e-08
1.866399399399399783e+01 5.877329592488759447e-08
1.870402402402402942e+01 5.652589176669697530e-08
1.874405405405405745e+01 5.436632921377281954e-08
1.878408408408408903e+01 5.229110146963604510e-08
1.882411411411411706e+01 5.029684461894150008e-08
1.886414414414414864e+01 4.838033169081345980e-08
1.890417417417417667e+01 4.653846697351264069e-08
1.894420420420420825e+01 4.476828056960254288e-08
1.898423423423423984e+01 4.306692318125771499e-08
1.902426426426426787e+01 4.143166111580805631e-08
1.906429429429429945e+01 3.985987150205542932e-08
1.910432432432432748e+01 3.834903770830174536e-08
1.914435435435435906e+01 3.689674495343013937e-08
1.918438438438438709e+01 3.550067610275840154e-08
1.922441441441441867e+01 3.415860764074365027e-08
1.926444444444445026e+01 3.286840581296367438e-08
1.930447447447447828e+01 3.162802293012803490e-08
1.934450450450450987e+01 3.043549382719375071e-08
1.938453453453453790e+01 2.928893247095337916e-08
1.942456456456456948e+01 2.818652870975625108e-08
1.946459459459459751e+01 2.712654515930309032e-08
1.950462462462462909e+01 2.610731421870563839e-08
1.954465465465465712e+01 2.512723521126756261e-08
1.958468468468468870e+01 2.418477164467452718e-08
1.962471471471472029e+01 2.327844858551692025e-08
1.966474474474474832e+01 2.240685014328306623e-08
1.970477477477477990e+01 2.156861705917687800e-08
1.974480480480480793e+01 2.076244439530974062e-08
1.978483483483483951e+01 1.998707932001158289e-08
1.982486486486486754e+01 1.924131898518913838e-08
1.986489489489489912e+01 1.852400849183224529e-08
1.990492492492493071e+01 1.783403893994422776e-08
1.994495495495495874e+01 1.717034555932132067e-08
1.998498498498499032e+01 1.653190591777274988e-08
2.002501501501501835e+01 1.591773820350904567e-08
2.006504504504504993e+01 1.532689957857289866e-08
2.010507507507507796e+01 1.475848460031861954e-08
2.014510510510510954e+01 1.421162370807556510e-08
2.018513513513513757e+01 1.368548177225301831e-08
2.022516516516516916e+01 1.317925670326067569e-08
2.026519519519520074e+01 1.269217811773509077e-08
2.030522522522522877e+01 1.222350605966347928e-08
2.034525525525526035e+01 1.177252977410583680e-08
2.038528528528528838e+01 1.133856653130856180e-08
2.042531531531531996e+01 1.092096049910191476e-08
2.046534534534534799e+01 1.051908166155998652e-08
2.050537537537537958e+01 1.013232478198880090e-08
2.054540540540541116e+01 9.760108408393301611e-09
2.058543543543543919e+01 9.401873919646467565e-09
2.062546546546547077e+01 9.057084610666758835e-09
2.066549549549549880e+01 8.725224814975899090e-09
2.070552552552553038e+01 8.405799063081455008e-09
2.074555555555555841e+01 8.098331275193950781e-09
2.078558558558559000e+01 7.802363986850069468e-09
2.082561561561562158e+01 7.517457606076193196e-09
2.086564564564564961e+01 7.243189700782551731e-09
2.090567567567568119e+01 6.979154315134062947e-09
2.094570570570570922e+01 6.724961313697612060e-09
2.098573573573574080e+01 6.480235752214649365e-09
2.102576576576576883e+01 6.244617273898694886e-09
2.106579579579580042e+01 6.017759530201385687e-09
2.110582582582582845e+01 5.799329625037021249e-09
2.114585585585586003e+01 5.589007581496783206e-09
2.118588588588589161e+01 5.386485830125619693e-09
2.122591591591591964e+01 5.191468717872484173e-09
2.126594594594595122e+01 5.003672036863505175e-09
2.130597597597597925e+01 4.822822572181490933e-09
2.134600600600601084e+01 4.648657667871162717e-09
2.138603603603603887e+01 4.480924810421133773e-09
2.142606606606607045e+01 4.319381229004885105e-09
2.146609609609610203e+01 4.163793511794049152e-09
2.150612612612613006e+01 4.013937237684835208e-09
2.154615615615616164e+01 3.869596622806605821e-09
2.158618618618618967e+01 3.730564181207739940e-09
2.162621621621622126e+01 3.596640399139136824e-09
2.166624624624624929e+01 3.467633422380068162e-09
2.170627627627628087e+01 3.343358756073482592e-09
2.174630630630630890e+01 3.223638976561371162e-09
2.178633633633634048e+01 3.108303454730283176e-09
2.182636636636637206e+01 2.997188090398733355e-09
2.186639639639640009e+01 2.890135057297490124e-09
2.190642642642643168e+01 2.786992558211164786e-09
2.194645645645645970e+01 2.687614589869386488e-09
2.198648648648649129e+01 2.591860717190961314e-09
2.202651651651651932e+01 2.499595856502243304e-09
2.206654654654655090e+01 2.410690067365533744e-09
2.210657657657658248e+01 2.325018352669330234e-09
2.214660660660661051e+01 2.242460466645622095e-09
2.218663663663664209e+01 2.162900730494250954e-09
2.222666666666667012e+01 2.086227855306545484e-09
2.226669669669670171e+01 2.012334771993947992e-09
2.230672672672672974e+01 1.941118467938998876e-09
2.234675675675676132e+01 1.872479830097474134e-09
2.238678678678679290e+01 1.806323494292503096e-09
2.242681681681682093e+01 1.742557700450728357e-09
2.246684684684685251e+01 1.681094153542332433e-09
2.250687687687688054e+01 1.621847889995340955e-09
2.254690690690691213e+01 1.564737149364537972e-09
2.258693693693694016e+01 1.509683251044469073e-09
2.262696696696697174e+01 1.456610475823900784e-09
2.266699699699699977e+01 1.405445952088408010e-09
2.270702702702703135e+01 1.356119546484674021e-09
2.274705705705706293e+01 1.308563758868323530e-09
2.278708708708709096e+01 1.262713621364124095e-09
2.282711711711712255e+01 1.218506601374269717e-09
2.286714714714715058e+01 1.175882508377594303e-09
2.290717717717718216e+01 1.134783404368148632e-09
2.294720720720721019e+01 1.095153517788656557e-09
2.298723723723724177e+01 1.056939160819542895e-09
2.302726726726727335e+01 1.020088649890117249e-09
2.306729729729730138e+01 9.845522292840078518e-10
2.310732732732733297e+01 9.502819977159243383e-10
2.314735735735736100e+01 9.172318377619425734e-10
2.318738738738739258e+01 8.853573480301319413e-10
2.322741741741742061e+01 8.546157779631486096e-10
2.326744744744745219e+01 8.249659651684604104e-10
2.330747747747748377e+01 7.963682751764027585e-10
2.334750750750751180e+01 7.687845435300917669e-10
2.338753753753754339e+01 7.421780201151013394e-10
2.342756756756757142e+01 7.165133156406698120e-10
2.346759759759760300e+01 6.917563501874549181e-10
2.350762762762763103e+01 6.678743037406597426e-10
2.354765765765766261e+01 6.448355686301900767e-10
2.358768768768769064e+01 6.226097038030225175e-10
2.362771771771772222e+01 6.011673908557098223e-10
2.366774774774775381e+01 5.804803917579348108e-10
2.370777777777778184e+01 5.605215082007841980e-10
2.374780780780781342e+01 5.412645425060495552e-10
2.378783783783784145e+01 5.226842600354425714e-10
2.382786786786787303e+01 5.047563530409601537e-10
2.386789789789790106e+01 4.874574059001542897e-10
2.390792792792793264e+01 4.707648616820295626e-10
2.394795795795796423e+01 4.546569899918209845e-10
2.398798798798799226e+01 4.391128560445549370e-10
2.402801801801802384e+01 4.241122909196553855e-10
2.406804804804805187e+01 4.096358629505094122e-10
2.410807807807808345e+01 3.956648502048057857e-10
2.414810810810811148e+01 3.821812140133150828e-10
2.418813813813814306e+01 3.691675735062703020e-10
2.422816816816817109e+01 3.566071811182855009e-10
2.426819819819820268e+01 3.444838990242231483e-10
2.430822822822823426e+01 3.327821764698935721e-10
2.434825825825826229e+01 3.214870279629718379e-10
2.438828828828829387e+01 3.105840122907869088e-10
2.442831831831832190e+01 3.000592123330429540e-10
2.446834834834835348e+01 2.898992156387176117e-10
2.450837837837838151e+01 2.800910957376680682e-10
2.454840840840841310e+01 2.706223941585420542e-10
2.458843843843844468e+01 2.614811031258222184e-10
2.462846846846847271e+01 2.526556489098029323e-10
2.466849849849850429e+01 2.441348758043578894e-10
2.470852852852853232e+01 2.359080307083991597e-10
2.474855855855856390e+01 2.279647482877673540e-10
2.478858858858859193e+01 2.202950366952943234e-10
2.482861861861862351e+01 2.128892638276236410e-10
2.486864864864865510e+01 2.057381440981755530e-10
2.490867867867868313e+01 1.988327257065314503e-10
2.494870870870871471e+01 1.921643783851673909e-10
2.498873873873874274e+01 1.857247816053440265e-10
2.502876876876877432e+01 1.795059132245450227e-10
2.506879879879880235e+01 1.735000385586397915e-10
2.510882882882883393e+01 1.676996998625349200e-10
2.514885885885886196e+01 1.620977062037512013e-10
2.518888888888889355e+01 1.566871237139436489e-10
2.522891891891892513e+01 1.514612662039819186e-10
2.526894894894895316e+01 1.464136861287575997e-10
2.530897897897898474e+01 1.415381658884142379e-10
2.534900900900901277e+01 1.368287094532348552e-10
2.538903903903904435e+01 1.322795342998870514e-10
2.542906906906907238e+01 1.278850636472253866e-10
2.546909909909910397e+01 1.236399189802999028e-10
2.550912912912913555e+01 1.195389128516448414e-10
2.554915915915916358e+01 1.155770419493691293e-10
2.558918918918919516e+01 1.117494804219480993e-10
2.562921921921922319e+01 1.080515734500343601e-10
2.566924924924925477e+01 1.044788310559375731e-10
2.570927927927928280e+01 1.010269221418326459e-10
2.574930930930931439e+01 9.769166874806023841e-11
2.578933933933934597e+01 9.446904052323453062e-11
2.582936936936937400e+01 9.135514939818177280e-11
2.586939939939940558e+01 8.834624445604849240e-11
2.590942942942943361e+01 8.543870699121470964e-11
2.594945945945946519e+01 8.262904574990202753e-11
2.598948948948949322e+01 7.991389234568668429e-11
2.602951951951952481e+01 7.728999684332926843e-11
2.606954954954955284e+01 7.475422350465027906e-11
2.610957957957958442e+01 7.230354669035391784e-11
2.614960960960961600e+01 6.993504691198677765e-11
2.618963963963964403e+01 6.764590702841065831e-11
2.622966966966967561e+01 6.543340858139739018e-11
2.626969969969970364e+01 6.329492826515187621e-11
2.630972972972973523e+01 6.122793452476796997e-11
2.634975975975976326e+01 5.922998427881195529e-11
2.638978978978979484e+01 5.729871976141974967e-11
2.642981981981982642e+01 5.543186547945053015e-11
2.646984984984985445e+01 5.362722528042671355e-11
2.650987987987988603e+01 5.188267952714042772e-11
2.654990990990991406e+01 5.019618237497496733e-11
2.658993993993994565e+01 4.856575914811840600e-11
2.662996996996997368e+01 4.698950381101921083e-11
2.667000000000000526e+01 4.546557653154169713e-11
2.671003003003003329e+01 4.399220133244267212e-11
2.675006006006006487e+01 4.256766382788886950e-11
2.679009009009009645e+01 4.119030904188473565e-11
2.683012012012012448e+01 3.985853930558157437e-11
2.687015015015015607e+01 3.857081223055399616e-11
2.691018018018018410e+01 3.732563875525168546e-11
2.695021021021021568e+01 3.612158126192309805e-11
2.699024024024024371e+01 3.495725176142053992e-11
2.703027027027027529e+01 3.383131014339139847e-11
2.707030030030030687e+01 3.274246248944810085e-11
2.711033033033033490e+01 3.168945944700743406e-11
2.715036036036036649e+01 3.067109466157097660e-11
2.719039039039039451e+01 2.968620326530414059e-11
2.723042042042042610e+01 2.873366041985212184e-11
2.727045045045045413e+01 2.781237991140348872e-11
2.731048048048048571e+01 2.692131279609388283e-11
2.735051051051051729e+01 2.605944609390716064e-11
2.739054054054054532e+01 2.522580152930124092e-11
2.743057057057057690e+01 2.441943431685675620e-11
2.747060060060060493e+01 2.363943199030254195e-11
2.751063063063063652e+01 2.288491327333757331e-11
2.755066066066066455e+01 2.215502699072992848e-11
2.759069069069069613e+01 2.144895101822192897e-11
2.763072072072072416e+01 2.076589126983640945e-11
2.767075075075075574e+01 2.010508072121735335e-11
2.771078078078078732e+01 1.946577846770449178e-11
2.775081081081081535e+01 1.884726881587563002e-11
2.779084084084084694e+01 1.824886040734503717e-11
2.783087087087087497e+01 1.766988537365059509e-11
2.787090090090090655e+01 1.710969852110163918e-11
2.791093093093093458e+01 1.656767654450687002e-11
2.795096096096096616e+01 1.604321726873422360e-11
2.799099099099099774e+01 1.553573891710110085e-11
2.803102102102102577e+01 1.504467940562434725e-11
2.807105105105105736e+01 1.456949566219837351e-11
2.811108108108108539e+01 1.410966296980146589e-11
2.815111111111111697e+01 1.366467433286707151e-11
2.819114114114114500e+01 1.323403986598479675e-11
2.823117117117117658e+01 1.281728620412755172e-11
2.827120120120120816e+01 1.241395593363445921e-11
2.831123123123123619e+01 1.202360704320002022e-11
2.835126126126126778e+01 1.164581239415495217e-11
2.839129129129129581e+01 1.128015920934516689e-11
2.843132132132132739e+01 1.092624857994375621e-11
2.847135135135135542e+01 1.058369498955313636e-11
2.851138138138138700e+01 1.025212585497872527e-11
2.855141141141141503e+01 9.931181083079461502e-12
2.859144144144144661e+01 9.620512643118745962e-12
2.863147147147147820e+01 9.319784154064997841e-12
2.867150150150150623e+01 9.028670486306023368e-12
2.871153153153153781e+01 8.746857377265681474e-12
2.875156156156156584e+01 8.474041060426142201e-12
2.879159159159159742e+01 8.209927907279676021e-12
2.883162162162162545e+01 7.954234081749699745e-12
2.887165165165165703e+01 7.706685206637093073e-12
2.891168168168168862e+01 7.467016041667057599e-12
2.895171171171171665e+01 7.234970172722285803e-12
2.899174174174174823e+01 7.010299711867392586e-12
2.903177177177177626e+01 6.792765007781845284e-12
2.907180180180180784e+01 6.582134366232400118e-12
2.911183183183183587e+01 6.378183780230850227e-12
2.915186186186186745e+01 6.180696669533258456e-12
2.919189189189189548e+01 5.989463629152357696e-12
2.923192192192192707e+01 5.804282186563138018e-12
2.927195195195195865e+01 5.624956567296207590e-12
2.931198198198198668e+01 5.451297468623003501e-12
2.935201201201201826e+01 5.283121841047114106e-12
2.939204204204204629e+01 5.120252677328143906e-12
2.943207207207207787e+01 4.962518808771833430e-12
2.947210210210210590e+01 4.809754708532264283e-12
2.951213213213213749e+01 4.661800301678758569e-12
2.955216216216216907e+01 4.518500781791152653e-12
2.959219219219219710e+01 4.379706433853254805e-12
2.963222222222222868e+01 4.245272463225158660e-12
2.967225225225225671e+01 4.115058830479989330e-12
2.971228228228228829e+01 3.988930091901224171e-12
2.975231231231231632e+01 3.866755245441931558e-12
2.979234234234234791e+01 3.748407581954871575e-12
2.983237237237237949e+01 3.633764541510092296e-12
2.987240240240240752e+01 3.522707574622001740e-12
2.991243243243243910e+01 3.415122008214585701e-12
2.995246246246246713e+01 3.310896916160429906e-12
2.999249249249249871e+01 3.209924994233314173e-12
3.003252252252252674e+01 3.112102439321566245e-12
3.007255255255255832e+01 3.017328832753666891e-12
3.011258258258258635e+01 2.925507027593469735e-12
3.015261261261261794e+01 2.836543039766754056e-12
3.019264264264264952e+01 2.750345942886941812e-12
3.023267267267267755e+01 2.666827766650997673e-12
3.027270270270270913e+01 2.585903398682198353e-12
3.031273273273273716e+01 2.507490489700568345e-12
3.035276276276276874e+01 2.431509361905404604e-12
3.039279279279279677e+01 2.357882920459362187e-12
3.043282282282282836e+01 2.286536567966611399e-12
3.047285285285285994e+01 2.217398121841897073e-12
3.051288288288288797e+01 2.150397734470646202e-12
3.055291291291291955e+01 2.085467816064114816e-12
3.059294294294294758e+01 2.022542960116432694e-12
3.063297297297297916e+01 1.961559871374352167e-12
3.067300300300300719e+01 1.902457296233031618e-12
3.071303303303303878e+01 1.845175955474461133e-12
3.075306306306307036e+01 1.789658479268229946e-12
3.079309309309309839e+01 1.735849344356895049e-12
3.083312312312312997e+01 1.683694813350875641e-12
3.087315315315315800e+01 1.633142876061009072e-12
3.091318318318318958e+01 1.584143192798377555e-12
3.095321321321321761e+01 1.536647039574616865e-12
3.099324324324324920e+01 1.490607255137329872e-12
3.103327327327327723e+01 1.445978189778208108e-12
3.107330330330330881e+01 1.402715655853012498e-12
3.111333333333334039e+01 1.360776879955135993e-12
3.115336336336336842e+01 1.320120456686518208e-12
3.119339339339340000e+01 1.280706303971074994e-12
3.123342342342342803e+01 1.242495619858566113e-12
3.127345345345345962e+01 1.205450840767741827e-12
3.131348348348348765e+01 1.169535601120334721e-12
3.135351351351351923e+01 1.134714694317988941e-12
3.139354354354355081e+01 1.100954035017174555e-12
3.143357357357357884e+01 1.068220622657568720e-12
3.147360360360361042e+01 1.036482506201590421e-12
3.151363363363363845e+01 1.005708750044078517e-12
3.155366366366367004e+01 9.758694010523684355e-13
3.159369369369369807e+01 9.469354566986402716e-13
3.163372372372372965e+01 9.188788342474290515e-13
3.167375375375375768e+01 8.916723409629025879e-13
3.171378378378378926e+01 8.652896453011824979e-13
3.175381381381382084e+01 8.397052490546964894e-13
3.179384384384384887e+01 8.148944604163065162e-13
3.183387387387388046e+01 7.908333679323098508e-13
3.187390390390390849e+01 7.674988153143698845e-13
3.191393393393394007e+01 7.448683770813848422e-13
3.195396396396396810e+01 7.229203350035145935e-13
3.199399399399399968e+01 7.016336553213490048e-13
3.203402402402402771e+01 6.809879667141577055e-13
3.207405405405405929e+01 6.609635389921156501e-13
3.211408408408408377e+01 6.415412624882709712e-13
3.215411411411411535e+01 6.227026281267091546e-13
3.219414414414414694e+01 6.044297081443753866e-13
3.223417417417417852e+01 5.867051374445979339e-13
3.227420420420420299e+01 5.695120955612025863e-13
3.231423423423423458e+01 5.528342892129007418e-13
3.235426426426426616e+01 5.366559354281008166e-13
3.239429429429429774e+01 5.209617452212133507e-13
3.243432432432432933e+01 5.057369078020049501e-13
3.247435435435435380e+01 4.909670753002869641e-13
3.251438438438438538e+01 4.766383479887034070e-13
3.255441441441441697e+01 4.627372599871276266e-13
3.259444444444444855e+01 4.492507654325634956e-13
3.263447447447448013e+01 4.361662250991838126e-13
3.267450450450450461e+01 4.234713934534400073e-13
3.271453453453453619e+01 4.111544061298993618e-13
3.275456456456456777e+01 3.992037678138259320e-13
3.279459459459459936e+01 3.876083405170042632e-13
3.283462462462462383e+01 3.763573322338050180e-13
3.287465465465465542e+01 3.654402859648918955e-13
3.291468468468468700e+01 3.548470690964594517e-13
3.295471471471471858e+01 3.445678631231523472e-13
3.299474474474475016e+01 3.345931537034432964e-13
3.303477477477477464e+01 3.249137210363840130e-13
3.307480480480480622e+01 3.155206305491747737e-13
3.311483483483483781e+01 3.064052238853474918e-13
3.315486486486486939e+01 2.975591101835847878e-13
3.319489489489489387e+01 2.889741576376577844e-13
3.323492492492492545e+01 2.806424853282314208e-13
3.327495495495495703e+01 2.725564553175910739e-13
3.331498498498498861e+01 2.647086649986483561e-13
3.335501501501502020e+01 2.570919396898943072e-13
3.339504504504504467e+01 2.496993254682451650e-13
3.343507507507507626e+01 2.425240822319176545e-13
3.347510510510510784e+01 2.355596769858975493e-13
3.351513513513513942e+01 2.287997773426250891e-13
3.355516516516517100e+01 2.222382452309047890e-13
3.359519519519519548e+01 2.158691308062301185e-13
3.363522522522522706e+01 2.096866665559139605e-13
3.367525525525525865e+01 2.036852615927060616e-13
3.371528528528529023e+01 1.978594961307093466e-13
3.375531531531531471e+01 1.922041161376854045e-13
3.379534534534534629e+01 1.867140281579669864e-13
3.383537537537537787e+01 1.813842943004633131e-13
3.387540540540540945e+01 1.762101273863456729e-13
3.391543543543544104e+01 1.711868862512593103e-13
3.395546546546546551e+01 1.663100711969981003e-13
3.399549549549549710e+01 1.615753195878372554e-13
3.403552552552552868e+01 1.569784015867895344e-13
3.407555555555556026e+01 1.525152160272675700e-13
3.411558558558558474e+01 1.481817864157626144e-13
3.415561561561561632e+01 1.439742570612950741e-13
3.419564564564564790e+01 1.398888893275234505e-13
3.423567567567567949e+01 1.359220580035672022e-13
3.427570570570571107e+01 1.320702477896917198e-13
3.431573573573573555e+01 1.283300498941416046e-13
3.435576576576576713e+01 1.246981587375477926e-13
3.439579579579579871e+01 1.211713687614332932e-13
3.443582582582583029e+01 1.177465713374575254e-13
3.447585585585585477e+01 1.144207517741641650e-13
3.451588588588588635e+01 1.111909864180799123e-13
3.455591591591591794e+01 1.080544398461474983e-13
3.459594594594594952e+01 1.050083621465345517e-13
3.463597597597598110e+01 1.020500862850073939e-13
3.467600600600600558e+01 9.917702555408890653e-14
3.471603603603603716e+01 9.638667110237619084e-14
3.475606606606606874e+01 9.367658954142763947e-14
3.479609609609610033e+01 9.104442062774290200e-14
3.483612612612613191e+01 8.848787501742708065e-14
3.487615615615615638e+01 8.600473209121772156e-14
3.491618618618618797e+01 8.359283784762021384e-14
3.495621621621621955e+01 8.125010286198071429e-14
3.499624624624625113e+01 7.897450030938449527e-14
3.503627627627627561e+01 7.676406404934562852e-14
3.507630630630630719e+01 7.461688677032069925e-14
3.511633633633633877e+01 7.253111819213379641e-14
3.515636636636637036e+01 7.050496332447461976e-14
3.519639639639640194e+01 6.853668077967873668e-14
3.523642642642642642e+01 6.662458113806806365e-14
3.527645645645645800e+01 6.476702536417787406e-14
3.531648648648648958e+01 6.296242327225710604e-14
3.535651651651652116e+01 6.120923203947432014e-14
3.539654654654654564e+01 5.950595476531856930e-14
3.543657657657657722e+01 5.785113907572606928e-14
3.547660660660660881e+01 5.624337577052625070e-14
3.551663663663664039e+01 5.468129751282055181e-14
3.555666666666667197e+01 5.316357755897854859e-14
3.559669669669669645e+01 5.168892852796555989e-14
3.563672672672672803e+01 5.025610120875112440e-14
3.567675675675675961e+01 4.886388340460865252e-14
3.571678678678679120e+01 4.751109881312797261e-14
3.575681681681682278e+01 4.619660594082689368e-14
3.579684684684684726e+01 4.491929705126147514e-14
3.583687687687687884e+01 4.367809714558737087e-14
3.587690690690691042e+01 4.247196297454462082e-14
3.591693693693694200e+01 4.129988208088420629e-14
3.595696696696696648e+01 4.016087187127210309e-14
3.599699699699699806e+01 3.905397871674943065e-14
3.603702702702702965e+01 3.797827708085187555e-14
3.607705705705706123e+01 3.693286867451874317e-14
3.611708708708709281e+01 3.591688163695430870e-14
3.615711711711711729e+01 3.492946974162328644e-14
3.619714714714714887e+01 3.396981162660159055e-14
3.623717717717718045e+01 3.303711004851074274e-14
3.627720720720721204e+01 3.213059115930680458e-14
3.631723723723723651e+01 3.124950380520280939e-14
3.635726726726726810e+01 3.039311884703950811e-14
3.639729729729729968e+01 2.956072850142832467e-14
3.643732732732733126e+01 2.875164570202556218e-14
3.647735735735736284e+01 2.796520348030592527e-14
3.651738738738738732e+01 2.720075436522582178e-14
3.655741741741741890e+01 2.645766980119732192e-14
3.659744744744745049e+01 2.573533958379149180e-14
3.663747747747748207e+01 2.503317131262960180e-14
3.667750750750751365e+01 2.435058986092173305e-14
3.671753753753753813e+01 2.368703686114014205e-14
3.675756756756756971e+01 2.304197020632199829e-14
3.679759759759760129e+01 2.241486356652310747e-14
3.683762762762763288e+01 2.180520591994670054e-14
3.687765765765765735e+01 2.121250109829703514e-14
3.691768768768768894e+01 2.063626734591509132e-14
3.695771771771772052e+01 2.007603689227184692e-14
3.699774774774775210e+01 1.953135553740486725e-14
3.703777777777778368e+01 1.900178224989928819e-14
3.707780780780780816e+01 1.848688877702445488e-14
3.711783783783783974e+01 1.798625926665266187e-14
3.715786786786787133e+01 1.749948990059650656e-14
3.719789789789790291e+01 1.702618853901252220e-14
3.723792792792792739e+01 1.656597437553001875e-14
3.727795795795795897e+01 1.611847760277524225e-14
3.731798798798799055e+01 1.568333908797182197e-14
3.735801801801802213e+01 1.526021005830785186e-14
3.739804804804805372e+01 1.484875179576732442e-14
3.743807807807807819e+01 1.444863534113915033e-14
3.747810810810810978e+01 1.405954120691788047e-14
3.751813813813814136e+01 1.368115909882821437e-14
3.755816816816817294e+01 1.331318764570484576e-14
3.759819819819820452e+01 1.295533413747376749e-14
3.763822822822822900e+01 1.260731427098834822e-14
3.767825825825826058e+01 1.226885190347614025e-14
3.771828828828829216e+01 1.193967881336922039e-14
3.775831831831832375e+01 1.161953446828620805e-14
3.779834834834834822e+01 1.130816579995395584e-14
3.783837837837837981e+01 1.100532698585229306e-14
3.787840840840841139e+01 1.071077923738012924e-14
3.791843843843844297e+01 1.042429059434151997e-14
3.795846846846847455e+01 1.014563572556226584e-14
3.799849849849849903e+01 9.874595735447585419e-15
3.803852852852853061e+01 9.610957976302211992e-15
3.807855855855856220e+01 9.354515866237077033e-15
3.811858858858859378e+01 9.105068712492741783e-15
3.815861861861861826e+01 8.862421540014858066e-15
3.819864864864864984e+01 8.626384925124217455e-15
3.823867867867868142e+01 8.396774834123881695e-15
3.827870870870871300e+01 8.173412466697201078e-15
3.831873873873874459e+01 7.956124103948124631e-15
3.835876876876876906e+01 7.744740960946735958e-15
3.839879879879880065e+01 7.539099043641716367e-15
3.843882882882883223e+01 7.339039010007796722e-15
3.847885885885886381e+01 7.144406035301368127e-15
3.851888888888889539e+01 6.955049681299428387e-15
3.855891891891891987e+01 6.770823769402009468e-15
3.859894894894895145e+01 6.591586257481291938e-15
3.863897897897898304e+01 6.417199120365161729e-15
3.867900900900901462e+01 6.247528233845193913e-15
3.871903903903903910e+01 6.082443262103342683e-15
3.875906906906907068e+01 5.921817548454085949e-15
3.879909909909910226e+01 5.765528009303033496e-15
3.883912912912913384e+01 5.613455031225391695e-15
3.887915915915916543e+01 5.465482371069500720e-15
3.891918918918918990e+01 5.321497058996040321e-15
3.895921921921922149e+01 5.181389304364715025e-15
3.899924924924925307e+01 5.045052404381880708e-15
3.903927927927928465e+01 4.912382655428267731e-15
3.907930930930930913e+01 4.783279266985240283e-15
3.911933933933934071e+01 4.657644278082076902e-15
3.915936936936937229e+01 4.535382476189978036e-15
3.919939939939940388e+01 4.416401318488022938e-15
3.923942942942943546e+01 4.300610855431752376e-15
3.927945945945945994e+01 4.187923656554970029e-15
3.931948948948949152e+01 4.078254738438306551e-15
3.935951951951952310e+01 3.971521494779843141e-15
3.939954954954955468e+01 3.867643628505674994e-15
3.943957957957957916e+01 3.766543085859319694e-15
3.947960960960961074e+01 3.668143992410824159e-15
3.951963963963964233e+01 3.572372590929496299e-15
3.955966966966967391e+01 3.479157181063857059e-15
3.959969969969970549e+01 3.388428060775692523e-15
3.963972972972972997e+01 3.300117469476312452e-15
3.967975975975976155e+01 3.214159532813855248e-15
3.971978978978979313e+01 3.130490209063569720e-15
3.975981981981982472e+01 3.049047237073105771e-15
3.979984984984985630e+01 2.969770085716756771e-15
3.983987987987988078e+01 2.892599904814411128e-15
3.987990990990991236e+01 2.817479477471140979e-15
3.991993993993994394e+01 2.744353173796878192e-15
3.995996996996997552e+01 2.673166905963494765e-15
4.000000000000000000e+01 2.603868084561735501e-15
