5.000000000000000000e+01 1.106510513789100633e-02 2.399946008079600207e-02
1.250000000000000000e+02 1.418886744382173992e-01 2.025500256163352553e-02
2.000000000000000000e+02 2.637284465000057643e-01 1.847904499841824394e-02
2.750000000000000000e+02 3.093533285528537458e-01 1.817606301711686620e-02
3.500000000000000000e+02 2.857319858356063280e-01 1.632149812001680231e-02
4.250000000000000000e+02 2.258882372038246433e-01 1.593289589941355305e-02
5.000000000000000000e+02 1.648516685280506378e-01 1.528418789269460863e-02
5.750000000000000000e+02 1.204925337162062737e-01 1.554776704872921911e-02
6.500000000000000000e+02 8.929745659619563181e-02 1.562694787950862085e-02
7.250000000000000000e+02 7.151736955132570461e-02 1.583609216753865609e-02
8.000000000000000000e+02 6.072398222401539231e-02 1.540421943210010768e-02
8.750000000000000000e+02 5.381743459910435373e-02 1.504613035300629738e-02
9.500000000000000000e+02 4.956293875191476739e-02 1.488546744060670335e-02
1.025000000000000000e+03 4.610455760041256429e-02 1.536777963524564063e-02
1.100000000000000000e+03 4.269320901661022294e-02 1.481052018611788736e-02
1.175000000000000000e+03 3.801123513381986230e-02 1.494063050053185543e-02
1.250000000000000000e+03 3.368806553124113062e-02 1.478051593086264666e-02
1.321275050632020111e+03 2.893706745905652578e-02 1.482133240895811693e-02
