5.000000000000000000e-01 9.379826254820491727e+01
5.182682682682682174e-01 9.385172541142190994e+01
5.365365365365365458e-01 9.390521247063399812e+01
5.548048048048047631e-01 9.395872413075214524e+01
5.730730730730730915e-01 9.401226079686408355e+01
5.913413413413413089e-01 9.406582287425476352e+01
6.096096096096096373e-01 9.411941076842893494e+01
6.278778778778778547e-01 9.417302488513153946e+01
6.461461461461461830e-01 9.422666563036790421e+01
6.644144144144144004e-01 9.428033341042448967e+01
6.826826826826827288e-01 9.433402863188821641e+01
7.009509509509509462e-01 9.438775170166620399e+01
7.192192192192192746e-01 9.444150302700396082e+01
7.374874874874874919e-01 9.449528301550492415e+01
7.557557557557557093e-01 9.454909207514918990e+01
7.740240240240240377e-01 9.460293061430918726e+01
7.922922922922923661e-01 9.465679904177048343e+01
8.105605605605605835e-01 9.471069776674720231e+01
8.288288288288288008e-01 9.476462719889963182e+01
8.470970970970971292e-01 9.481858774835194481e+01
8.653653653653654576e-01 9.487257982570763204e+01
8.836336336336336750e-01 9.492660384206605784e+01
9.019019019019018923e-01 9.498066020903986839e+01
9.201701701701702207e-01 9.503474933876887576e+01
9.384384384384384381e-01 9.508887164393779301e+01
9.567067067067067665e-01 9.514302753778964927e+01
9.749749749749749839e-01 9.519721743414321224e+01
9.932432432432432012e-01 9.525144174740589165e+01
1.011511511511511419e+00 9.530570089258995381e+01
1.029779779779779858e+00 9.535999528532619252e+01
1.048048048048048075e+00 9.541432534187978831e+01
1.066316316316316293e+00 9.546869147916268616e+01
1.084584584584584732e+00 9.552309411474865897e+01
1.102852852852852727e+00 9.557753366688739050e+01
1.121121121121121167e+00 9.563201055451801835e+01
1.139389389389389384e+00 9.568652519728173900e+01
1.157657657657657602e+00 9.574107801553654440e+01
1.175925925925926041e+00 9.579566943036995497e+01
1.194194194194194258e+00 9.585029986361094245e+01
1.212462462462462476e+00 9.590496973784513557e+01
1.230730730730730915e+00 9.595967947642510865e+01
1.248998998998998911e+00 9.601442950348440775e+01
1.267267267267267350e+00 9.606922024395004200e+01
1.285535535535535567e+00 9.612405212355366757e+01
1.303803803803803785e+00 9.617892556884525845e+01
1.322072072072072224e+00 9.623384100720359413e+01
1.340340340340340441e+00 9.628879886684904932e+01
1.358608608608608659e+00 9.634379957685580109e+01
1.376876876876876876e+00 9.639884356716243019e+01
1.395145145145145094e+00 9.645393126858397181e+01
1.413413413413413533e+00 9.650906311282230376e+01
1.431681681681681750e+00 9.656423953247984571e+01
1.449949949949949968e+00 9.661946096106800042e+01
1.468218218218218407e+00 9.667472783301943196e+01
1.486486486486486402e+00 9.673004058369861013e+01
1.504754754754754842e+00 9.678539964941371920e+01
1.523023023023023059e+00 9.684080546742552542e+01
1.541291291291291277e+00 9.689625847595883101e+01
1.559559559559559716e+00 9.695175911421276282e+01
1.577827827827827933e+00 9.700730782237117467e+01
1.596096096096096151e+00 9.706290504161432864e+01
1.614364364364364368e+00 9.711855121412537528e+01
1.632632632632632808e+00 9.717424678310331387e+01
1.650900900900901025e+00 9.722999219277291161e+01
1.669169169169169242e+00 9.728578788839303115e+01
1.687437437437437460e+00 9.734163431626652141e+01
1.705705705705705677e+00 9.739753192375100355e+01
1.723973973973974116e+00 9.745348115926697119e+01
1.742242242242242334e+00 9.750948247230890331e+01
1.760510510510510551e+00 9.756553631345236965e+01
1.778778778778778769e+00 9.762164313436461782e+01
1.797047047047047208e+00 9.767780338781295768e+01
1.815315315315315425e+00 9.773401752767532003e+01
1.833583583583583643e+00 9.779028600894677936e+01
1.851851851851851860e+00 9.784660928774930255e+01
1.870120120120120299e+00 9.790298782134163957e+01
1.888388388388388517e+00 9.795942206812638631e+01
1.906656656656656734e+00 9.801591248765871001e+01
1.924924924924924952e+00 9.807245954065551530e+01
1.943193193193193391e+00 9.812906368900307541e+01
1.961461461461461608e+00 9.818572539576547342e+01
1.979729729729729826e+00 9.824244512519199191e+01
1.997997997997998043e+00 9.829922334272711737e+01
2.016266266266266260e+00 9.835606051501579827e+01
2.034534534534534700e+00 9.841295710991339263e+01
2.052802802802802695e+00 9.846991359649298658e+01
2.071071071071071135e+00 9.852693044505146247e+01
2.089339339339339574e+00 9.858400812711877848e+01
2.107607607607607569e+00 9.864114711546586989e+01
2.125875875875876009e+00 9.869834788410925341e+01
2.144144144144144448e+00 9.875561090832177058e+01
2.162412412412412444e+00 9.881293666463619729e+01
2.180680680680680883e+00 9.887032563085595882e+01
2.198948948948949322e+00 9.892777828605883883e+01
2.217217217217217318e+00 9.898529511060675645e+01
2.235485485485485313e+00 9.904287658614956058e+01
2.253753753753753752e+00 9.910052319563394008e+01
2.272022022022022192e+00 9.915823542330967655e+01
2.290290290290290187e+00 9.921601375473498763e+01
2.308558558558558627e+00 9.927385867678503928e+01
2.326826826826827066e+00 9.933177067765545587e+01
2.345095095095095061e+00 9.938975024687059090e+01
2.363363363363363501e+00 9.944779787528933923e+01
2.381631631631631940e+00 9.950591405511012510e+01
2.399899899899899935e+00 9.956409927987859021e+01
2.418168168168168375e+00 9.962235404449153009e+01
2.436436436436436814e+00 9.968067884520371535e+01
2.454704704704704810e+00 9.973907417963370392e+01
2.472972972972972805e+00 9.979754054676797637e+01
2.491241241241241688e+00 9.985607844696772872e+01
2.509509509509509684e+00 9.991468838197398838e+01
2.527777777777778123e+00 9.997337085491193420e+01
2.546046046046046119e+00 1.000321263702979024e+02
2.564314314314314558e+00 1.000909554340414900e+02
2.582582582582582553e+00 1.001498585534525745e+02
2.600850850850850993e+00 1.002088362372477093e+02
2.619119119119119432e+00 1.002678889955491144e+02
2.637387387387387427e+00 1.003270173398972815e+02
2.655655655655655867e+00 1.003862217832467962e+02
2.673923923923923862e+00 1.004455028399780332e+02
2.692192192192192302e+00 1.005048610258972417e+02
2.710460460460460741e+00 1.005642968582431394e+02
2.728728728728728736e+00 1.006238108556874948e+02
2.746996996996997176e+00 1.006834035383441375e+02
2.765265265265265615e+00 1.007430754277681615e+02
2.783533533533533610e+00 1.008028270469630172e+02
2.801801801801802050e+00 1.008626589203802695e+02
2.820070070070070045e+00 1.009225715739295879e+02
2.838338338338338485e+00 1.009825655349732756e+02
2.856606606606606924e+00 1.010426413323389596e+02
2.874874874874874919e+00 1.011027994963144607e+02
2.893143143143143359e+00 1.011630405586575137e+02
2.911411411411411354e+00 1.012233650525949002e+02
2.929679679679679793e+00 1.012837735128247658e+02
2.947947947947948233e+00 1.013442664755237388e+02
2.966216216216216228e+00 1.014048444783433354e+02
2.984484484484484668e+00 1.014655080604183581e+02
3.002752752752753107e+00 1.015262577623662139e+02
3.021021021021021102e+00 1.015870941262886760e+02
3.039289289289289542e+00 1.016480176957741577e+02
3.057557557557557537e+00 1.017090290159034254e+02
3.075825825825825977e+00 1.017701286332463724e+02
3.094094094094094416e+00 1.018313170958667371e+02
3.112362362362362411e+00 1.018925949533225435e+02
3.130630630630630851e+00 1.019539627566676785e+02
3.148898898898898846e+00 1.020154210584555301e+02
3.167167167167167285e+00 1.020769704127355908e+02
3.185435435435435725e+00 1.021386113750604636e+02
3.203703703703703720e+00 1.022003445024818404e+02
3.221971971971972160e+00 1.022621703535528610e+02
3.240240240240240599e+00 1.023240894883319214e+02
3.258508508508508594e+00 1.023861024683784819e+02
3.276776776776777034e+00 1.024482098567555397e+02
3.295045045045045029e+00 1.025104122180325135e+02
3.313313313313313468e+00 1.025727101182809946e+02
3.331581581581581908e+00 1.026351041250777314e+02
3.349849849849849903e+00 1.026975948075047853e+02
3.368118118118118343e+00 1.027601827361467315e+02
3.386386386386386782e+00 1.028228684830929893e+02
3.404654654654654777e+00 1.028856526219360745e+02
3.422922922922923217e+00 1.029485357277722528e+02
3.441191191191191212e+00 1.030115183771981293e+02
3.459459459459459651e+00 1.030746011483118991e+02
3.477727727727728091e+00 1.031377846207135178e+02
3.495995995995996086e+00 1.032010693754995003e+02
3.514264264264264526e+00 1.032644559952659336e+02
3.532532532532532521e+00 1.033279450641029200e+02
3.550800800800800960e+00 1.033915371675970079e+02
3.569069069069069400e+00 1.034552328928275386e+02
3.587337337337337395e+00 1.035190328283613326e+02
3.605605605605605835e+00 1.035829375642587564e+02
3.623873873873874274e+00 1.036469476920614170e+02
3.642142142142142269e+00 1.037110638048009434e+02
3.660410410410410709e+00 1.037752864969864532e+02
3.678678678678678704e+00 1.038396163646058596e+02
3.696946946946947143e+00 1.039040540051247490e+02
3.715215215215215583e+00 1.039686000174813358e+02
3.733483483483483578e+00 1.040332550020826261e+02
3.751751751751752018e+00 1.040980195608043601e+02
3.770020020020020013e+00 1.041628942969825999e+02
3.788288288288288452e+00 1.042278798154149086e+02
3.806556556556556892e+00 1.042929767223544246e+02
3.824824824824824887e+00 1.043581856255023297e+02
3.843093093093093326e+00 1.044235071340128513e+02
3.861361361361361766e+00 1.044889418584793503e+02
3.879629629629629761e+00 1.045544904109351876e+02
3.897897897897898201e+00 1.046201534048467181e+02
3.916166166166166196e+00 1.046859314551127227e+02
3.934434434434434635e+00 1.047518251780516181e+02
3.952702702702703075e+00 1.048178351914058055e+02
3.970970970970971070e+00 1.048839621143244898e+02
3.989239239239239510e+00 1.049502065673716089e+02
4.007507507507507505e+00 1.050165691725119075e+02
4.025775775775775500e+00 1.050830505531035755e+02
4.044044044044044384e+00 1.051496513339011756e+02
4.062312312312312379e+00 1.052163721410369277e+02
4.080580580580580374e+00 1.052832136020256826e+02
4.098848848848849258e+00 1.053501763457515494e+02
4.117117117117117253e+00 1.054172610024666312e+02
4.135385385385385248e+00 1.054844682037737158e+02
4.153653653653654132e+00 1.055517985826344614e+02
4.171921921921922127e+00 1.056192527733468864e+02
4.190190190190190123e+00 1.056868314115461374e+02
4.208458458458459006e+00 1.057545351341995428e+02
4.226726726726727001e+00 1.058223645795876990e+02
4.244994994994994997e+00 1.058903203873077672e+02
4.263263263263263880e+00 1.059584031982587504e+02
4.281531531531531876e+00 1.060266136546378561e+02
4.299799799799799871e+00 1.060949523999229172e+02
4.318068068068068754e+00 1.061634200788727043e+02
4.336336336336336750e+00 1.062320173375165240e+02
4.354604604604604745e+00 1.063007448231362417e+02
4.372872872872873629e+00 1.063696031842722505e+02
4.391141141141140736e+00 1.064385930706994401e+02
4.409409409409409619e+00 1.065077151334217263e+02
4.427677677677678503e+00 1.065769700246649307e+02
4.445945945945945610e+00 1.066463583978673881e+02
4.464214214214214493e+00 1.067158809076651096e+02
4.482482482482483377e+00 1.067855382098772310e+02
4.500750750750751372e+00 1.068553309615095515e+02
4.519019019019019368e+00 1.069252598207272911e+02
4.537287287287287363e+00 1.069953254468569952e+02
4.555555555555556246e+00 1.070655285003602160e+02
4.573823823823824242e+00 1.071358696428399355e+02
4.592092092092092237e+00 1.072063495370136366e+02
4.610360360360360232e+00 1.072769688467055005e+02
4.628628628628629116e+00 1.073477282368388757e+02
4.646896896896897111e+00 1.074186283734184570e+02
4.665165165165165106e+00 1.074896699235195143e+02
4.683433433433433990e+00 1.075608535552681531e+02
4.701701701701701985e+00 1.076321799378446684e+02
4.719969969969969981e+00 1.077036497414503913e+02
4.738238238238238864e+00 1.077752636373037802e+02
4.756506506506506859e+00 1.078470222976320372e+02
4.774774774774774855e+00 1.079189263956400140e+02
4.793043043043043738e+00 1.079909766055187106e+02
4.811311311311311734e+00 1.080631736024073888e+02
4.829579579579579729e+00 1.081355180623923502e+02
4.847847847847847724e+00 1.082080106624962070e+02
4.866116116116116608e+00 1.082806520806436339e+02
4.884384384384384603e+00 1.083534429956651053e+02
4.902652652652652598e+00 1.084263840872722398e+02
4.920920920920921482e+00 1.084994760360386294e+02
4.939189189189189477e+00 1.085727195233957616e+02
4.957457457457457473e+00 1.086461152315965393e+02
4.975725725725726356e+00 1.087196638437264369e+02
4.993993993993994351e+00 1.087933660436577838e+02
5.012262262262262347e+00 1.088672225160481872e+02
5.030530530530531230e+00 1.089412339463289356e+02
5.048798798798799226e+00 1.090154010206594535e+02
5.067067067067067221e+00 1.090897244259540599e+02
5.085335335335335216e+00 1.091642048498135296e+02
5.103603603603604100e+00 1.092388429805487533e+02
5.121871871871872095e+00 1.093136395071362443e+02
5.140140140140140090e+00 1.093885951192085884e+02
5.158408408408408974e+00 1.094637105070345200e+02
5.176676676676676969e+00 1.095389863615028503e+02
5.194944944944944965e+00 1.096144233740935476e+02
5.213213213213213848e+00 1.096900222368637259e+02
5.231481481481481843e+00 1.097657836424307760e+02
5.249749749749749839e+00 1.098417082839492878e+02
5.268018018018018722e+00 1.099177968550782083e+02
5.286286286286286717e+00 1.099940500499865266e+02
5.304554554554554713e+00 1.100704685633028390e+02
5.322822822822822708e+00 1.101470530901166001e+02
5.341091091091091592e+00 1.102238043259412308e+02
5.359359359359359587e+00 1.103007229667003060e+02
5.377627627627627582e+00 1.103778097087076873e+02
5.395895895895896466e+00 1.104550652486311577e+02
5.414164164164164461e+00 1.105324902834829004e+02
5.432432432432432456e+00 1.106100855105971448e+02
5.450700700700701340e+00 1.106878516275936164e+02
5.468968968968969335e+00 1.107657893323699057e+02
5.487237237237237331e+00 1.108438993230701328e+02
5.505505505505506214e+00 1.109221822980518652e+02
5.523773773773774209e+00 1.110006389558794950e+02
5.542042042042042205e+00 1.110792699952914830e+02
5.560310310310310200e+00 1.111580761151654571e+02
5.578578578578579084e+00 1.112370580145115895e+02
5.596846846846847079e+00 1.113162163924380650e+02
5.615115115115115074e+00 1.113955519481205272e+02
5.633383383383383958e+00 1.114750653807810039e+02
5.651651651651651953e+00 1.115547573896687794e+02
5.669919919919919948e+00 1.116346286740146923e+02
5.688188188188188832e+00 1.117146799330253515e+02
5.706456456456456827e+00 1.117949118658481922e+02
5.724724724724724823e+00 1.118753251715371846e+02
5.742992992992993706e+00 1.119559205490280931e+02
5.761261261261261701e+00 1.120366986971267949e+02
5.779529529529529697e+00 1.121176603144576660e+02
5.797797797797797692e+00 1.121988060994406027e+02
5.816066066066066576e+00 1.122801367502863172e+02
5.834334334334334571e+00 1.123616529649187470e+02
5.852602602602602566e+00 1.124433554410038312e+02
5.870870870870871450e+00 1.125252448758767656e+02
5.889139139139139445e+00 1.126073219665237843e+02
5.907407407407407440e+00 1.126895874095653198e+02
5.925675675675676324e+00 1.127720419012066202e+02
5.943943943943944319e+00 1.128546861372209804e+02
5.962212212212212314e+00 1.129375208129059160e+02
5.980480480480481198e+00 1.130205466230680003e+02
5.998748748748749193e+00 1.131037642619751011e+02
6.017017017017017189e+00 1.131871744233402950e+02
6.035285285285286072e+00 1.132707778002758801e+02
6.053553553553554067e+00 1.133545750852697722e+02
6.071821821821822063e+00 1.134385669701454162e+02
6.090090090090090058e+00 1.135227541460460543e+02
6.108358358358358942e+00 1.136071373033672955e+02
6.126626626626626937e+00 1.136917171317600292e+02
6.144894894894894932e+00 1.137764943200854901e+02
6.163163163163163816e+00 1.138614695563647103e+02
6.181431431431431811e+00 1.139466435277643797e+02
6.199699699699699806e+00 1.140320169205625689e+02
6.217967967967968690e+00 1.141175904200909201e+02
6.236236236236236685e+00 1.142033647107245287e+02
6.254504504504504681e+00 1.142893404758257532e+02
6.272772772772773564e+00 1.143755183977296781e+02
6.291041041041041559e+00 1.144618991577062133e+02
6.309309309309309555e+00 1.145484834358929618e+02
6.327577577577577550e+00 1.146352719112935290e+02
6.345845845845846434e+00 1.147222652617328862e+02
6.364114114114114429e+00 1.148094641638082862e+02
6.382382382382382424e+00 1.148968692928539213e+02
6.400650650650651308e+00 1.149844813229208569e+02
6.418918918918919303e+00 1.150723009267112502e+02
6.437187187187187298e+00 1.151603287755800267e+02
6.455455455455456182e+00 1.152485655394405057e+02
6.473723723723724177e+00 1.153370118867745902e+02
6.491991991991992172e+00 1.154256684845760361e+02
6.510260260260261056e+00 1.155145359983043960e+02
6.528528528528529051e+00 1.156036150918497043e+02
6.546796796796797047e+00 1.156929064275020522e+02
6.565065065065065042e+00 1.157824106659076193e+02
6.583333333333333925e+00 1.158721284660002624e+02
6.601601601601601921e+00 1.159620604850099852e+02
6.619869869869869916e+00 1.160522073783852903e+02
6.638138138138138800e+00 1.161425697997658517e+02
6.656406406406406795e+00 1.162331484009223033e+02
6.674674674674674790e+00 1.163239438317562957e+02
6.692942942942943674e+00 1.164149567402215837e+02
6.711211211211211669e+00 1.165061877722773431e+02
6.729479479479479664e+00 1.165976375718766462e+02
6.747747747747748548e+00 1.166893067809048148e+02
6.766016016016016543e+00 1.167811960391302790e+02
6.784284284284284539e+00 1.168733059841703437e+02
6.802552552552552534e+00 1.169656372514494507e+02
6.820820820820821417e+00 1.170581904741489154e+02
6.839089089089089413e+00 1.171509662831653600e+02
6.857357357357357408e+00 1.172439653070656220e+02
6.875625625625626292e+00 1.173371881720381253e+02
6.893893893893894287e+00 1.174306355018600243e+02
6.912162162162162282e+00 1.175243079178271444e+02
6.930430430430431166e+00 1.176182060387410360e+02
6.948698698698699161e+00 1.177123304808265800e+02
6.966966966966967156e+00 1.178066818577343895e+02
6.985235235235236040e+00 1.179012607804263411e+02
7.003503503503504035e+00 1.179960678572101216e+02
7.021771771771772030e+00 1.180911036936073799e+02
7.040040040040040026e+00 1.181863688923767199e+02
7.058308308308308909e+00 1.182818640534295014e+02
7.076576576576576905e+00 1.183775897737812812e+02
7.094844844844844900e+00 1.184735466475271437e+02
7.113113113113113783e+00 1.185697352657719819e+02
7.131381381381381779e+00 1.186661562165840706e+02
7.149649649649649774e+00 1.187628100849570814e+02
7.167917917917918658e+00 1.188596974527471986e+02
7.186186186186186653e+00 1.189568188986533386e+02
7.204454454454454648e+00 1.190541749981135666e+02
7.222722722722723532e+00 1.191517663233014019e+02
7.240990990990991527e+00 1.192495934430709497e+02
7.259259259259259522e+00 1.193476569228731705e+02
7.277527527527527518e+00 1.194459573247687700e+02
7.295795795795796401e+00 1.195444952072942471e+02
7.314064064064064397e+00 1.196432711254672370e+02
7.332332332332332392e+00 1.197422856307504446e+02
7.350600600600601275e+00 1.198415392709238176e+02
7.368868868868869271e+00 1.199410325901177572e+02
7.387137137137137266e+00 1.200407661287109420e+02
7.405405405405406150e+00 1.201407404232866014e+02
7.423673673673674145e+00 1.202409560065928673e+02
7.441941941941942140e+00 1.203414134074779867e+02
7.460210210210211024e+00 1.204421131508453442e+02
7.478478478478479019e+00 1.205430557575680268e+02
7.496746746746747014e+00 1.206442417445223185e+02
7.515015015015015010e+00 1.207456716244180654e+02
7.533283283283283893e+00 1.208473459058289308e+02
7.551551551551551889e+00 1.209492650931073428e+02
7.569819819819819884e+00 1.210514296863302377e+02
7.588088088088088767e+00 1.211538401812585448e+02
7.606356356356356763e+00 1.212564970692473878e+02
7.624624624624624758e+00 1.213594008372613757e+02
7.642892892892893641e+00 1.214625519677209127e+02
7.661161161161161637e+00 1.215659509385375543e+02
7.679429429429429632e+00 1.216695982230254174e+02
7.697697697697698516e+00 1.217734942898018318e+02
7.715965965965966511e+00 1.218776396028015938e+02
7.734234234234234506e+00 1.219820346211867701e+02
7.752502502502503390e+00 1.220866797993037238e+02
7.770770770770771385e+00 1.221915755865891668e+02
7.789039039039039380e+00 1.222967224275653990e+02
7.807307307307307376e+00 1.224021207617395675e+02
7.825575575575576259e+00 1.225077710235902373e+02
7.843843843843844255e+00 1.226136736424584797e+02
7.862112112112112250e+00 1.227198290425521066e+02
7.880380380380381133e+00 1.228262376428230453e+02
7.898648648648649129e+00 1.229328998569397839e+02
7.916916916916917124e+00 1.230398160932739273e+02
7.935185185185186008e+00 1.231469867547521204e+02
7.953453453453454003e+00 1.232544122388539591e+02
7.971721721721721998e+00 1.233620929375565538e+02
7.989989989989990882e+00 1.234700292372692303e+02
8.008258258258258877e+00 1.235782215187415716e+02
8.026526526526527761e+00 1.236866701570576339e+02
8.044794794794794868e+00 1.237953755215316676e+02
8.063063063063063751e+00 1.239043379756937924e+02
8.081331331331330858e+00 1.240135578771931506e+02
8.099599599599599742e+00 1.241230355777244938e+02
8.117867867867868625e+00 1.242327714230433884e+02
8.136136136136137509e+00 1.243427657528222028e+02
8.154404404404404616e+00 1.244530189006509744e+02
8.172672672672673500e+00 1.245635311939228131e+02
8.190940940940940607e+00 1.246743029538557295e+02
8.209209209209209490e+00 1.247853344953000772e+02
8.227477477477478374e+00 1.248966261268401468e+02
8.245745745745747257e+00 1.250081781506227685e+02
8.264014014014014364e+00 1.251199908622871106e+02
8.282282282282281471e+00 1.252320645510230008e+02
8.300550550550550355e+00 1.253443994993368165e+02
8.318818818818819238e+00 1.254569959831715522e+02
8.337087087087088122e+00 1.255698542717150445e+02
8.355355355355357005e+00 1.256829746273779023e+02
8.373623623623624113e+00 1.257963573057553504e+02
8.391891891891891220e+00 1.259100025555437981e+02
8.410160160160160103e+00 1.260239106184725557e+02
8.428428428428428987e+00 1.261380817292643997e+02
8.446696696696697870e+00 1.262525161155703444e+02
8.464964964964966754e+00 1.263672139978892517e+02
8.483233233233233861e+00 1.264821755895220434e+02
8.501501501501502744e+00 1.265974010964993539e+02
8.519769769769769852e+00 1.267128907175546146e+02
8.538038038038038735e+00 1.268286446439828836e+02
8.556306306306307619e+00 1.269446630596888923e+02
8.574574574574574726e+00 1.270609461410256245e+02
8.592842842842843609e+00 1.271774940567844823e+02
8.611111111111112493e+00 1.272943069681585797e+02
8.629379379379379600e+00 1.274113850285889669e+02
8.647647647647648483e+00 1.275287283837946717e+02
8.665915915915915591e+00 1.276463371716530446e+02
8.684184184184184474e+00 1.277642115221987922e+02
8.702452452452453358e+00 1.278823515574670466e+02
8.720720720720720465e+00 1.280007573915480350e+02
8.738988988988989348e+00 1.281194291304012154e+02
8.757257257257258232e+00 1.282383668719022580e+02
8.775525525525525339e+00 1.283575707057504758e+02
8.793793793793794222e+00 1.284770407133171659e+02
8.812062062062063106e+00 1.285967769677532146e+02
8.830330330330330213e+00 1.287167795337439031e+02
8.848598598598599096e+00 1.288370484675751868e+02
8.866866866866867980e+00 1.289575838170568716e+02
8.885135135135135087e+00 1.290783856213979561e+02
8.903403403403403971e+00 1.291994539111998108e+02
8.921671671671672854e+00 1.293207887083577816e+02
8.939939939939939961e+00 1.294423900260389075e+02
8.958208208208208845e+00 1.295642578686042725e+02
8.976476476476477728e+00 1.296863922315086199e+02
8.994744744744744835e+00 1.298087931013276375e+02
9.013013013013013719e+00 1.299314604555866310e+02
9.031281281281282602e+00 1.300543942627891454e+02
9.049549549549549710e+00 1.301775944822710755e+02
9.067817817817818593e+00 1.303010610642899110e+02
9.086086086086087477e+00 1.304247939497773530e+02
9.104354354354354584e+00 1.305487930703380641e+02
9.122622622622623467e+00 1.306730583483290502e+02
9.140890890890890574e+00 1.307975896965706681e+02
9.159159159159159458e+00 1.309223870184630130e+02
9.177427427427428341e+00 1.310474502078042462e+02
9.195695695695695449e+00 1.311727791488990249e+02
9.213963963963964332e+00 1.312983737162347495e+02
9.232232232232233216e+00 1.314242337746482292e+02
9.250500500500500323e+00 1.315503591792327995e+02
9.268768768768769206e+00 1.316767497751384326e+02
9.287037037037038090e+00 1.318034053976940640e+02
9.305305305305305197e+00 1.319303258721613190e+02
9.323573573573574080e+00 1.320575110139331514e+02
9.341841841841842964e+00 1.321849606281218996e+02
9.360110110110110071e+00 1.323126745098275023e+02
9.378378378378378954e+00 1.324406524439251314e+02
9.396646646646647838e+00 1.325688942049502259e+02
9.414914914914914945e+00 1.326973995572274987e+02
9.433183183183183829e+00 1.328261682546239797e+02
9.451451451451452712e+00 1.329552000405671208e+02
9.469719719719719819e+00 1.330844946480023907e+02
9.487987987987988703e+00 1.332140517993224194e+02
9.506256256256257586e+00 1.333438712063024525e+02
9.524524524524524693e+00 1.334739525700503293e+02
9.542792792792793577e+00 1.336042955809049602e+02
9.561061061061062460e+00 1.337348999184875140e+02
9.579329329329329568e+00 1.338657652514603740e+02
9.597597597597598451e+00 1.339968912377614743e+02
9.615865865865865558e+00 1.341282775241400884e+02
9.634134134134134442e+00 1.342599237465731790e+02
9.652402402402403325e+00 1.343918295297613383e+02
9.670670670670670432e+00 1.345239944874349476e+02
9.688938938938939316e+00 1.346564182220139401e+02
9.707207207207208199e+00 1.347891003247262631e+02
9.725475475475475307e+00 1.349220403755865334e+02
9.743743743743744190e+00 1.350552379431530312e+02
9.762012012012013074e+00 1.351886925846396252e+02
9.780280280280280181e+00 1.353224038457733229e+02
9.798548548548549064e+00 1.354563712607743184e+02
9.816816816816817948e+00 1.355905943523260646e+02
9.835085085085085055e+00 1.357250726314922247e+02
9.853353353353353938e+00 1.358598055976027013e+02
9.871621621621622822e+00 1.359947927383531123e+02
9.889889889889889929e+00 1.361300335296037929e+02
9.908158158158158813e+00 1.362655274354475239e+02
9.926426426426427696e+00 1.364012739079654466e+02
9.944694694694694803e+00 1.365372723874993426e+02
9.962962962962963687e+00 1.366735223022249386e+02
9.981231231231232570e+00 1.368100230684245275e+02
9.999499499499499677e+00 1.369467740902045421e+02
1.001776776776776856e+01 1.370837747596409315e+02
1.003603603603603744e+01 1.372210244564700190e+02
1.005430430430430455e+01 1.373585225483475938e+02
1.007257257257257343e+01 1.374962683906172174e+02
1.009084084084084232e+01 1.376342613262103498e+02
1.010910910910910943e+01 1.377725006857412211e+02
1.012737737737737831e+01 1.379109857874266254e+02
1.014564564564564542e+01 1.380497159369589326e+02
1.016391391391391430e+01 1.381886904275509096e+02
1.018218218218218318e+01 1.383279085398294228e+02
1.020045045045045029e+01 1.384673695418111095e+02
1.021871871871871917e+01 1.386070726888364106e+02
1.023698698698698806e+01 1.387470172236228052e+02
1.025525525525525516e+01 1.388872023760334571e+02
1.027352352352352405e+01 1.390276273631989739e+02
1.029179179179179293e+01 1.391682913894338469e+02
1.031006006006006004e+01 1.393091936461198941e+02
1.032832832832832892e+01 1.394503333117929458e+02
1.034659659659659781e+01 1.395917095519415625e+02
1.036486486486486491e+01 1.397333215190881788e+02
1.038313313313313380e+01 1.398751683527606815e+02
1.040140140140140268e+01 1.400172491792976075e+02
1.041966966966966979e+01 1.401595631119661789e+02
1.043793793793793867e+01 1.403021092508638503e+02
1.045620620620620755e+01 1.404448866828714984e+02
1.047447447447447466e+01 1.405878944816617491e+02
1.049274274274274354e+01 1.407311317075617012e+02
1.051101101101101243e+01 1.408745974075883112e+02
1.052927927927927954e+01 1.410182906154745126e+02
1.054754754754754842e+01 1.411622103514249886e+02
1.056581581581581730e+01 1.413063556223590069e+02
1.058408408408408441e+01 1.414507254215844796e+02
1.060235235235235329e+01 1.415953187290235746e+02
1.062062062062062040e+01 1.417401345109796864e+02
1.063888888888888928e+01 1.418851717202298062e+02
1.065715715715715817e+01 1.420304292959443160e+02
1.067542542542542527e+01 1.421759061635702324e+02
1.069369369369369416e+01 1.423216012350383721e+02
1.071196196196196304e+01 1.424675134084356785e+02
1.073023023023023015e+01 1.426136415681899337e+02
1.074849849849849903e+01 1.427599845849812539e+02
1.076676676676676792e+01 1.429065413156192790e+02
1.078503503503503502e+01 1.430533106031273860e+02
1.080330330330330391e+01 1.432002912766710949e+02
1.082157157157157279e+01 1.433474821515663962e+02
1.083983983983983990e+01 1.434948820292115954e+02
1.085810810810810878e+01 1.436424896970615919e+02
1.087637637637637766e+01 1.437903039285895659e+02
1.089464464464464477e+01 1.439383234832436358e+02
1.091291291291291365e+01 1.440865471066210546e+02
1.093118118118118254e+01 1.442349735301462204e+02
1.094944944944944965e+01 1.443836014711796452e+02
1.096771771771771853e+01 1.445324296330483662e+02
1.098598598598598741e+01 1.446814567050161884e+02
1.100425425425425452e+01 1.448306813621183835e+02
1.102252252252252340e+01 1.449801022653202267e+02
1.104079079079079229e+01 1.451297180614106423e+02
1.105905905905905939e+01 1.452795273829509881e+02
1.107732732732732828e+01 1.454295288483533000e+02
1.109559559559559538e+01 1.455797210617643600e+02
1.111386386386386427e+01 1.457301026130680839e+02
1.113213213213213315e+01 1.458806720780336548e+02
1.115040040040040026e+01 1.460314280179786408e+02
1.116866866866866914e+01 1.461823689799936972e+02
1.118693693693693803e+01 1.463334934969549863e+02
1.120520520520520513e+01 1.464848000873073772e+02
1.122347347347347402e+01 1.466362872552163594e+02
1.124174174174174290e+01 1.467879534905134449e+02
1.126001001001001001e+01 1.469397972686601861e+02
1.127827827827827889e+01 1.470918170507366938e+02
1.129654654654654777e+01 1.472440112835232071e+02
1.131481481481481488e+01 1.473963783993742709e+02
1.133308308308308376e+01 1.475489168161725217e+02
1.135135135135135265e+01 1.477016249376035262e+02
1.136961961961961975e+01 1.478545011527494637e+02
1.138788788788788864e+01 1.480075438363324736e+02
1.140615615615615752e+01 1.481607513487394385e+02
1.142442442442442463e+01 1.483141220358896248e+02
1.144269269269269351e+01 1.484676542292699821e+02
1.146096096096096240e+01 1.486213462458476329e+02
1.147922922922922950e+01 1.487751963883890198e+02
1.149749749749749839e+01 1.489292029450510881e+02
1.151576576576576727e+01 1.490833641895639801e+02
1.153403403403403438e+01 1.492376783813471661e+02
1.155230230230230326e+01 1.493921437652293207e+02
1.157057057057057214e+01 1.495467585718284340e+02
1.158883883883883925e+01 1.497015210170644366e+02
1.160710710710710813e+01 1.498564293026992686e+02
1.162537537537537524e+01 1.500114816158879592e+02
1.164364364364364413e+01 1.501666761295406616e+02
1.166191191191191301e+01 1.503220110019731521e+02
1.168018018018018012e+01 1.504774843772710256e+02
1.169844844844844900e+01 1.506330943850627193e+02
1.171671671671671788e+01 1.507888391406916924e+02
1.173498498498498499e+01 1.509447167448740572e+02
1.175325325325325387e+01 1.511007252842939863e+02
1.177152152152152276e+01 1.512568628310463623e+02
1.178978978978978986e+01 1.514131274430505982e+02
1.180805805805805875e+01 1.515695171638207057e+02
1.182632632632632763e+01 1.517260300225040623e+02
1.184459459459459474e+01 1.518826640341643781e+02
1.186286286286286362e+01 1.520394171993386863e+02
1.188113113113113251e+01 1.521962875045252588e+02
1.189939939939939961e+01 1.523532729218863153e+02
1.191766766766766850e+01 1.525103714092006157e+02
1.193593593593593738e+01 1.526675809103968788e+02
1.195420420420420449e+01 1.528248993549430850e+02
1.197247247247247337e+01 1.529823246582041634e+02
1.199074074074074225e+01 1.531398547215389385e+02
1.200900900900900936e+01 1.532974874320278502e+02
1.202727727727727824e+01 1.534552206627206488e+02
1.204554554554554713e+01 1.536130522725996457e+02
1.206381381381381424e+01 1.537709801066476416e+02
1.208208208208208312e+01 1.539290019957449829e+02
1.210035035035035023e+01 1.540871157568828664e+02
1.211861861861861911e+01 1.542453191930730156e+02
1.213688688688688799e+01 1.544036100934293927e+02
1.215515515515515510e+01 1.545619862330255216e+02
1.217342342342342398e+01 1.547204453732736056e+02
1.219169169169169287e+01 1.548789852616062035e+02
1.220995995995995997e+01 1.550376036317248349e+02
1.222822822822822886e+01 1.551962982035816765e+02
1.224649649649649774e+01 1.553550666833967000e+02
1.226476476476476485e+01 1.555139067636436891e+02
1.228303303303303373e+01 1.556728161232041714e+02
1.230130130130130262e+01 1.558317924273599147e+02
1.231956956956956972e+01 1.559908333277482768e+02
1.233783783783783861e+01 1.561499364625922794e+02
1.235610610610610749e+01 1.563090994564400944e+02
1.237437437437437460e+01 1.564683199205277617e+02
1.239264264264264348e+01 1.566275954527139902e+02
1.241091091091091236e+01 1.567869236373471153e+02
1.242917917917917947e+01 1.569463020456410902e+02
1.244744744744744835e+01 1.571057282353450830e+02
1.246571571571571724e+01 1.572651997511287902e+02
1.248398398398398434e+01 1.574247141245386956e+02
1.250225225225225323e+01 1.575842688737479023e+02
1.252052052052052211e+01 1.577438615040608170e+02
1.253878878878878922e+01 1.579034895077001579e+02
1.255705705705705810e+01 1.580631503639201583e+02
1.257532532532532521e+01 1.582228415390500800e+02
1.259359359359359409e+01 1.583825604866472361e+02
1.261186186186186298e+01 1.585423046471712212e+02
1.263013013013013008e+01 1.587020714486846771e+02
1.264839839839839897e+01 1.588618583063537244e+02
1.266666666666666785e+01 1.590216626227561960e+02
1.268493493493493496e+01 1.591814817877986457e+02
1.270320320320320384e+01 1.593413131790754278e+02
1.272147147147147273e+01 1.595011541614779844e+02
1.273973973973973983e+01 1.596610020876863700e+02
1.275800800800800872e+01 1.598208542979681965e+02
1.277627627627627760e+01 1.599807081202822872e+02
1.279454454454454471e+01 1.601405608704739620e+02
1.281281281281281359e+01 1.603004098522315246e+02
1.283108108108108247e+01 1.604602523571127506e+02
1.284934934934934958e+01 1.606200856646630939e+02
1.286761761761761846e+01 1.607799070425420780e+02
1.288588588588588735e+01 1.609397137466162633e+02
1.290415415415415445e+01 1.610995030208009382e+02
1.292242242242242334e+01 1.612592720974098768e+02
1.294069069069069222e+01 1.614190181969820514e+02
1.295895895895895933e+01 1.615787385285929645e+02
1.297722722722722821e+01 1.617384302897905570e+02
1.299549549549549710e+01 1.618980906667716511e+02
1.301376376376376420e+01 1.620577168341612833e+02
1.303203203203203309e+01 1.622173059555067596e+02
1.305030030030030197e+01 1.623768551830316085e+02
1.306856856856856908e+01 1.625363616581371673e+02
1.308683683683683796e+01 1.626958225107474050e+02
1.310510510510510507e+01 1.628552348601993742e+02
1.312337337337337395e+01 1.630145958147918748e+02
1.314164164164164283e+01 1.631739024720551470e+02
1.315990990990990994e+01 1.633331519188861876e+02
1.317817817817817883e+01 1.634923412315878579e+02
1.319644644644644771e+01 1.636514674756349450e+02
1.321471471471471482e+01 1.638105277065435814e+02
1.323298298298298370e+01 1.639695189690530412e+02
1.325125125125125258e+01 1.641284382980529983e+02
1.326951951951951969e+01 1.642872827177828583e+02
1.328778778778778857e+01 1.644460492427516272e+02
1.330605605605605746e+01 1.646047348773334988e+02
1.332432432432432456e+01 1.647633366161869048e+02
1.334259259259259345e+01 1.649218514438478564e+02
1.336086086086086233e+01 1.650802763354107583e+02
1.337912912912912944e+01 1.652386082562609033e+02
1.339739739739739832e+01 1.653968441623022443e+02
1.341566566566566721e+01 1.655549809999892545e+02
1.343393393393393431e+01 1.657130157065039668e+02
1.345220220220220320e+01 1.658709452097213557e+02
1.347047047047047208e+01 1.660287664285462199e+02
1.348873873873873919e+01 1.661864762726624178e+02
1.350700700700700807e+01 1.663440716430797863e+02
1.352527527527527695e+01 1.665015494319299023e+02
1.354354354354354406e+01 1.666589065224100921e+02
1.356181181181181294e+01 1.668161397893184699e+02
1.358008008008008005e+01 1.669732460990531422e+02
1.359834834834834894e+01 1.671302223095517547e+02
1.361661661661661782e+01 1.672870652702114853e+02
1.363488488488488493e+01 1.674437718226644165e+02
1.365315315315315381e+01 1.676003388003132670e+02
1.367142142142142269e+01 1.677567630284546283e+02
1.368968968968968980e+01 1.679130413247209503e+02
1.370795795795795868e+01 1.680691704989803270e+02
1.372622622622622757e+01 1.682251473535281150e+02
1.374449449449449467e+01 1.683809686832076125e+02
1.376276276276276356e+01 1.685366312752382782e+02
1.378103103103103244e+01 1.686921319097152718e+02
1.379929929929929955e+01 1.688474673597485491e+02
1.381756756756756843e+01 1.690026343910444382e+02
1.383583583583583732e+01 1.691576297628623138e+02
1.385410410410410442e+01 1.693124502271780614e+02
1.387237237237237331e+01 1.694670925295085624e+02
1.389064064064064219e+01 1.696215534089770074e+02
1.390890890890890930e+01 1.697758295980165713e+02
1.392717717717717818e+01 1.699299178227995810e+02
1.394544544544544706e+01 1.700838148034003154e+02
1.396371371371371417e+01 1.702375172538257573e+02
1.398198198198198305e+01 1.703910218819278271e+02
1.400025025025025194e+01 1.705443253901261471e+02
1.401851851851851904e+01 1.706974244746345164e+02
1.403678678678678793e+01 1.708503158266677531e+02
1.405505505505505504e+01 1.710029961316260767e+02
1.407332332332332392e+01 1.711554620696015263e+02
1.409159159159159280e+01 1.713077103157493468e+02
1.410985985985985991e+01 1.714597375400115880e+02
1.412812812812812879e+01 1.716115404074050161e+02
1.414639639639639768e+01 1.717631155781514565e+02
1.416466466466466478e+01 1.719144597080192227e+02
1.418293293293293367e+01 1.720655694479296471e+02
1.420120120120120255e+01 1.722164414446627347e+02
1.421946946946946966e+01 1.723670723406433467e+02
1.423773773773773854e+01 1.725174587741539085e+02
1.425600600600600742e+01 1.726675973796340600e+02
1.427427427427427453e+01 1.728174847875344824e+02
1.429254254254254342e+01 1.729671176246059758e+02
1.431081081081081230e+01 1.731164925142470281e+02
1.432907907907907941e+01 1.732656060760460264e+02
1.434734734734734829e+01 1.734144549264561022e+02
1.436561561561561717e+01 1.735630356790705378e+02
1.438388388388388428e+01 1.737113449438242299e+02
1.440215215215215316e+01 1.738593793286490552e+02
1.442042042042042205e+01 1.740071354379355739e+02
1.443868868868868915e+01 1.741546098738501769e+02
1.445695695695695804e+01 1.743017992361003508e+02
1.447522522522522692e+01 1.744487001220300328e+02
1.449349349349349403e+01 1.745953091270081359e+02
1.451176176176176291e+01 1.747416228439763017e+02
1.453003003003003002e+01 1.748876378644986573e+02
1.454829829829829890e+01 1.750333507781116680e+02
1.456656656656656779e+01 1.751787581728142129e+02
1.458483483483483489e+01 1.753238566351581085e+02
1.460310310310310378e+01 1.754686427505684492e+02
1.462137137137137266e+01 1.756131131031454515e+02
1.463963963963963977e+01 1.757572642760805763e+02
1.465790790790790865e+01 1.759010928517683396e+02
1.467617617617617753e+01 1.760445954118412146e+02
1.469444444444444464e+01 1.761877685373887914e+02
1.471271271271271353e+01 1.763306088091426602e+02
1.473098098098098241e+01 1.764731128075951290e+02
1.474924924924924952e+01 1.766152771132335886e+02
1.476751751751751840e+01 1.767570983063465064e+02
1.478578578578578728e+01 1.768985729678499581e+02
1.480405405405405439e+01 1.770396976785843322e+02
1.482232232232232327e+01 1.771804690201868198e+02
1.484059059059059216e+01 1.773208835749277057e+02
1.485885885885885926e+01 1.774609379259189552e+02
1.487712712712712815e+01 1.776006286570849682e+02
1.489539539539539703e+01 1.777399523537666255e+02
1.491366366366366414e+01 1.778789056022358750e+02
1.493193193193193302e+01 1.780174849907106420e+02
1.495020020020020191e+01 1.781556871085715841e+02
1.496846846846846901e+01 1.782935085471083880e+02
1.498673673673673790e+01 1.784309458995321620e+02
1.500500500500500678e+01 1.785679957611906730e+02
1.502327327327327389e+01 1.787046547294539494e+02
1.504154154154154277e+01 1.788409194044136257e+02
1.505980980980980988e+01 1.789767863883424184e+02
1.507807807807807876e+01 1.791122522865421729e+02
1.509634634634634764e+01 1.792473137069408722e+02
1.511461461461461475e+01 1.793819672605877429e+02
1.513288288288288364e+01 1.795162095616684894e+02
1.515115115115115252e+01 1.796500372276835549e+02
1.516941941941941963e+01 1.797834468797391310e+02
1.518768768768768851e+01 1.799164351424115864e+02
1.520595595595595739e+01 1.800489986443596422e+02
1.522422422422422450e+01 1.801811340179410763e+02
1.524249249249249338e+01 1.803128378998443111e+02
1.526076076076076227e+01 1.804441069310132661e+02
1.527902902902902937e+01 1.805749377566758369e+02
1.529729729729729826e+01 1.807053270268367271e+02
1.531556556556556714e+01 1.808352713964740985e+02
1.533383383383383425e+01 1.809647675247989866e+02
1.535210210210210313e+01 1.810938120771361923e+02
1.537037037037037202e+01 1.812224017231929167e+02
1.538863863863863912e+01 1.813505331385628949e+02
1.540690690690690801e+01 1.814782030042077849e+02
1.542517517517517689e+01 1.816054080069777683e+02
1.544344344344344400e+01 1.817321448395677237e+02
1.546171171171171288e+01 1.818584102007195895e+02
1.547997997997998176e+01 1.819842007953580492e+02
1.549824824824824887e+01 1.821095133348934780e+02
1.551651651651651775e+01 1.822343445372275141e+02
1.553478478478478486e+01 1.823586911271831354e+02
1.555305305305305374e+01 1.824825498358933658e+02
1.557132132132132263e+01 1.826059174021413583e+02
1.558958958958958974e+01 1.827287905716224827e+02
1.560785785785785862e+01 1.828511660973329924e+02
1.562612612612612750e+01 1.829730407399247269e+02
1.564439439439439461e+01 1.830944112677006785e+02
1.566266266266266349e+01 1.832152744567092668e+02
1.568093093093093238e+01 1.833356270911044703e+02
1.569919919919919948e+01 1.834554659633064944e+02
1.571746746746746837e+01 1.835747878737220447e+02
1.573573573573573725e+01 1.836935896314961951e+02
1.575400400400400436e+01 1.838118680543504979e+02
1.577227227227227324e+01 1.839296199688976117e+02
1.579054054054054212e+01 1.840468422105842308e+02
1.580880880880880923e+01 1.841635316239936628e+02
1.582707707707707812e+01 1.842796850630882943e+02
1.584534534534534700e+01 1.843952993912305374e+02
1.586361361361361411e+01 1.845103714813946567e+02
1.588188188188188299e+01 1.846248982163127437e+02
1.590015015015015187e+01 1.847388764885567696e+02
1.591841841841841898e+01 1.848523032009473752e+02
1.593668668668668786e+01 1.849651752664811113e+02
1.595495495495495675e+01 1.850774896084334387e+02
1.597322322322322385e+01 1.851892431609486209e+02
1.599149149149149274e+01 1.853004328683318818e+02
1.600975975975975985e+01 1.854110556863191164e+02
1.602802802802802873e+01 1.855211085815435297e+02
1.604629629629629761e+01 1.856305885316445767e+02
1.606456456456456294e+01 1.857394925257900979e+02
1.608283283283283538e+01 1.858478175643641066e+02
1.610110110110110071e+01 1.859555606599160171e+02
1.611936936936936959e+01 1.860627188360802506e+02
1.613763763763763848e+01 1.861692891293804450e+02
1.615590590590590736e+01 1.862752685877038630e+02
1.617417417417417624e+01 1.863806542712981980e+02
1.619244244244244157e+01 1.864854432533277873e+02
1.621071071071071401e+01 1.865896326192709580e+02
1.622897897897897934e+01 1.866932194670323781e+02
1.624724724724724823e+01 1.867962009078772496e+02
1.626551551551551711e+01 1.868985740658317809e+02
1.628378378378378244e+01 1.870003360782309301e+02
1.630205205205205488e+01 1.871014840958157208e+02
1.632032032032032021e+01 1.872020152824826766e+02
1.633858858858858909e+01 1.873019268163197921e+02
1.635685685685685797e+01 1.874012158888375552e+02
1.637512512512512686e+01 1.874998797054923614e+02
1.639339339339339574e+01 1.875979154859435027e+02
1.641166166166166107e+01 1.876953204640481374e+02
1.642992992992993351e+01 1.877920918883300772e+02
1.644819819819819884e+01 1.878882270212275785e+02
1.646646646646646772e+01 1.879837231403413682e+02
1.648473473473473661e+01 1.880785775381833957e+02
1.650300300300300549e+01 1.881727875218320492e+02
1.652127127127127082e+01 1.882663504137861423e+02
1.653953953953953970e+01 1.883592635516105531e+02
1.655780780780780859e+01 1.884515242886030535e+02
1.657607607607607747e+01 1.885431299932660920e+02
1.659434434434434635e+01 1.886340780499228060e+02
1.661261261261261524e+01 1.887243658588634787e+02
1.663088088088088057e+01 1.888139908359360106e+02
1.664914914914914945e+01 1.889029504136804576e+02
1.666741741741741833e+01 1.889912420403690305e+02
1.668568568568568722e+01 1.890788631810715685e+02
1.670395395395395610e+01 1.891658113171087336e+02
1.672222222222222499e+01 1.892520839465400115e+02
1.674049049049049032e+01 1.893376785842961567e+02
1.675875875875875920e+01 1.894225927622570111e+02
1.677702702702702808e+01 1.895068240290976291e+02
1.679529529529529697e+01 1.895903699512195715e+02
1.681356356356356585e+01 1.896732281118953551e+02
1.683183183183183118e+01 1.897553961119213284e+02
1.685010010010010006e+01 1.898368715700405005e+02
1.686836836836836895e+01 1.899176521224338785e+02
1.688663663663663783e+01 1.899977354231113793e+02
1.690490490490490672e+01 1.900771191442482007e+02
1.692317317317317560e+01 1.901558009761478729e+02
1.694144144144144093e+01 1.902337786269790740e+02
1.695970970970970981e+01 1.903110498240554023e+02
1.697797797797797870e+01 1.903876123124079811e+02
1.699624624624624758e+01 1.904634638559916482e+02
1.701451451451451646e+01 1.905386022376592052e+02
1.703278278278278535e+01 1.906130252589374834e+02
1.705105105105105068e+01 1.906867307403164773e+02
1.706931931931931956e+01 1.907597165216955091e+02
1.708758758758758844e+01 1.908319804618523392e+02
1.710585585585585733e+01 1.909035204391613831e+02
1.712412412412412621e+01 1.909743343512142530e+02
1.714239239239239510e+01 1.910444201153922279e+02
1.716066066066066043e+01 1.911137756688461593e+02
1.717892892892892931e+01 1.911823989684574201e+02
1.719719719719719819e+01 1.912502879908195439e+02
1.721546546546546708e+01 1.913174407329406392e+02
1.723373373373373596e+01 1.913838552116816345e+02
1.725200200200200129e+01 1.914495294643102739e+02
1.727027027027027017e+01 1.915144615486924522e+02
1.728853853853853906e+01 1.915786495425449232e+02
1.730680680680680794e+01 1.916420915448250355e+02
1.732507507507507682e+01 1.917047856751099175e+02
1.734334334334334571e+01 1.917667300732328215e+02
1.736161161161161104e+01 1.918279229005278239e+02
1.737987987987987992e+01 1.918883623392880509e+02
1.739814814814814881e+01 1.919480465924916643e+02
1.741641641641641769e+01 1.920069738848321208e+02
1.743468468468468657e+01 1.920651424620410523e+02
1.745295295295295546e+01 1.921225505913567986e+02
1.747122122122122079e+01 1.921791965614037849e+02
1.748948948948948967e+01 1.922350786825897444e+02
1.750775775775775855e+01 1.922901952869650302e+02
1.752602602602602744e+01 1.923445447283056922e+02
1.754429429429429632e+01 1.923981253825758984e+02
1.756256256256256520e+01 1.924509356472185573e+02
1.758083083083083054e+01 1.925029739422215300e+02
1.759909909909909942e+01 1.925542387094511980e+02
1.761736736736736830e+01 1.926047284132587833e+02
1.763563563563563719e+01 1.926544415400087757e+02
1.765390390390390607e+01 1.927033765987965523e+02
1.767217217217217495e+01 1.927515321212169965e+02
1.769044044044044028e+01 1.927989066613643558e+02
1.770870870870870917e+01 1.928454987957637172e+02
1.772697697697697805e+01 1.928913071240998249e+02
1.774524524524524693e+01 1.929363302688749116e+02
1.776351351351351582e+01 1.929805668752628662e+02
1.778178178178178115e+01 1.930240156114461456e+02
1.780005005005005003e+01 1.930666751689836644e+02
1.781831831831831892e+01 1.931085442622130017e+02
1.783658658658658780e+01 1.931496216289792187e+02
1.785485485485485668e+01 1.931899060301740008e+02
1.787312312312312557e+01 1.932293962502266140e+02
1.789139139139139090e+01 1.932680910968795160e+02
1.790965965965965978e+01 1.933059894015547400e+02
1.792792792792792866e+01 1.933430900189852082e+02
1.794619619619619755e+01 1.933793918275951000e+02
1.796446446446446643e+01 1.934148937298631949e+02
1.798273273273273531e+01 1.934495946515206128e+02
1.800100100100100065e+01 1.934834935423735089e+02
1.801926926926926953e+01 1.935165893760320159e+02
1.803753753753753841e+01 1.935488811501594171e+02
1.805580580580580730e+01 1.935803678862437209e+02
1.807407407407407618e+01 1.936110486299098454e+02
1.809234234234234506e+01 1.936409224510242382e+02
1.811061061061061039e+01 1.936699884432855754e+02
1.812887887887887928e+01 1.936982457250758785e+02
1.814714714714714816e+01 1.937256934385319767e+02
1.816541541541541704e+01 1.937523307505310299e+02
1.818368368368368593e+01 1.937781568517639528e+02
1.820195195195195481e+01 1.938031709581182724e+02
1.822022022022022014e+01 1.938273723094239358e+02
1.823848848848848903e+01 1.938507601697758957e+02
1.825675675675675791e+01 1.938733338283543617e+02
1.827502502502502679e+01 1.938950925987060430e+02
1.829329329329329568e+01 1.939160358189177202e+02
1.831156156156156101e+01 1.939361628517423242e+02
1.832982982982982989e+01 1.939554730846887480e+02
1.834809809809809877e+01 1.939739659298408867e+02
1.836636636636636766e+01 1.939916408244674244e+02
1.838463463463463654e+01 1.940084972301496293e+02
1.840290290290290542e+01 1.940245346335527756e+02
1.842117117117117076e+01 1.940397525460641646e+02
1.843943943943943964e+01 1.940541505039393542e+02
1.845770770770770852e+01 1.940677280687330040e+02
1.847597597597597741e+01 1.940804848264017721e+02
1.849424424424424629e+01 1.940924203880890957e+02
1.851251251251251517e+01 1.941035343899359873e+02
1.853078078078078050e+01 1.941138264932521622e+02
1.854904904904904939e+01 1.941232963839582339e+02
1.856731731731731827e+01 1.941319437733098141e+02
1.858558558558558715e+01 1.941397683976413191e+02
1.860385385385385604e+01 1.941467700182726901e+02
1.862212212212212492e+01 1.941529484214320007e+02
1.864039039039039025e+01 1.941583034188949455e+02
1.865865865865865914e+01 1.941628348469623404e+02
1.867692692692692802e+01 1.941665425677221322e+02
1.869519519519519690e+01 1.941694264678200454e+02
1.871346346346346579e+01 1.941714864594642904e+02
1.873173173173173112e+01 1.941727224794009885e+02
1.875000000000000000e+01 1.941731344902747765e+02
