1.500000000000000000e+01 1.550692519831625704e-02
1.620120120120120077e+01 1.802126694146344299e-02
1.740240240240240155e+01 2.070764155657306427e-02
1.860360360360360232e+01 2.356142350205503444e-02
1.980480480480480310e+01 2.657771621986920740e-02
2.100600600600600387e+01 2.975136381466142454e-02
2.220720720720720820e+01 3.307696329360293452e-02
2.340840840840840897e+01 3.654887732796369137e-02
2.460960960960960975e+01 4.016124749601929222e-02
2.581081081081081052e+01 4.390800796560051511e-02
2.701201201201201130e+01 4.778289957351294914e-02
2.821321321321321562e+01 5.177948425809913990e-02
2.941441441441441640e+01 5.589115980045999965e-02
3.061561561561561717e+01 6.011117482926420230e-02
3.181681681681681795e+01 6.443264404364984488e-02
3.301801801801801872e+01 6.884856360849544998e-02
3.421921921921921950e+01 7.335182667625278485e-02
3.542042042042042027e+01 7.793523898965526442e-02
3.662162162162162105e+01 8.259153451987760741e-02
3.782282282282282182e+01 8.731339109516766950e-02
3.902402402402402259e+01 9.209344597557528322e-02
4.022522522522523047e+01 9.692431133015733113e-02
4.142642642642643125e+01 1.017985895739591529e-01
4.262762762762763202e+01 1.067088885231246564e-01
4.382882882882883280e+01 1.116478363276877661e-01
4.503003003003003357e+01 1.166080961429348806e-01
4.623123123123123435e+01 1.215823805016768011e-01
4.743243243243243512e+01 1.265634653513501573e-01
4.863363363363363590e+01 1.315442037215449611e-01
4.983483483483483667e+01 1.365175389893439339e-01
5.103603603603603744e+01 1.414765177117252026e-01
5.223723723723723822e+01 1.464143019962427239e-01
5.343843843843843899e+01 1.513241813832168492e-01
5.463963963963963977e+01 1.561995842147597124e-01
5.584084084084084054e+01 1.610340884681044638e-01
5.704204204204204132e+01 1.658214320328746383e-01
5.824324324324324209e+01 1.705555224141638848e-01
5.944444444444444287e+01 1.752304458455178904e-01
6.064564564564564364e+01 1.798404757981620916e-01
6.184684684684684441e+01 1.843800808750752362e-01
6.304804804804804519e+01 1.888439320807512867e-01
6.424924924924926017e+01 1.932269094597158232e-01
6.545045045045046095e+01 1.975241080990792764e-01
6.665165165165166172e+01 2.017308434925691452e-01
6.785285285285286250e+01 2.058426562656188175e-01
6.905405405405406327e+01 2.098553162631713320e-01
7.025525525525526405e+01 2.137648260038780834e-01
7.145645645645646482e+01 2.175674235063295714e-01
7.265765765765766560e+01 2.212595844948530011e-01
7.385885885885886637e+01 2.248380239942137371e-01
7.506006006006006714e+01 2.282996973242976957e-01
7.626126126126126792e+01 2.316418005074897257e-01
7.746246246246246869e+01 2.348617701030223937e-01
7.866366366366366947e+01 2.379572824840181233e-01
7.986486486486487024e+01 2.409262525743167682e-01
8.106606606606607102e+01 2.437668320634322761e-01
8.226726726726727179e+01 2.464774071191360993e-01
8.346846846846847257e+01 2.490565956182159979e-01
8.466966966966967334e+01 2.515032439169012646e-01
8.587087087087087411e+01 2.538164231832751305e-01
8.707207207207207489e+01 2.559954253147291303e-01
8.827327327327327566e+01 2.580397584641292430e-01
8.947447447447447644e+01 2.599491421988787132e-01
9.067567567567567721e+01 2.617235023174749875e-01
9.187687687687687799e+01 2.633629653484557687e-01
9.307807807807807876e+01 2.648678527568443797e-01
9.427927927927927954e+01 2.662386748833006078e-01
9.548048048048048031e+01 2.674761246412011295e-01
9.668168168168168108e+01 2.685810709967856313e-01
9.788288288288288186e+01 2.695545522573385422e-01
9.908408408408408263e+01 2.703977691921191640e-01
1.002852852852852834e+02 2.711120780104108730e-01
1.014864864864864842e+02 2.716989832206571087e-01
1.026876876876876850e+02 2.721601303941524330e-01
1.038888888888888857e+02 2.724972988562190945e-01
1.050900900900900865e+02 2.727123943271682061e-01
1.062912912912912873e+02 2.728074415346833925e-01
1.074924924924924881e+02 2.727845768185307995e-01
1.086936936936936888e+02 2.726460407477296899e-01
1.098948948948948896e+02 2.723941707694940151e-01
1.110960960960960904e+02 2.720313939084138544e-01
1.122972972972973054e+02 2.715602195334395619e-01
1.134984984984985061e+02 2.709832322093362333e-01
1.146996996996997069e+02 2.703030846483219785e-01
1.159009009009009077e+02 2.695224907766580191e-01
1.171021021021021085e+02 2.686442189299851346e-01
1.183033033033033092e+02 2.676710851902224242e-01
1.195045045045045100e+02 2.666059468758635309e-01
1.207057057057057108e+02 2.654516961965215360e-01
1.219069069069069116e+02 2.642112540815959032e-01
1.231081081081081123e+02 2.628875641919604655e-01
1.243093093093093131e+02 2.614835871226142694e-01
1.255105105105105139e+02 2.600022948032891801e-01
1.267117117117117147e+02 2.584466651030817852e-01
1.279129129129129154e+02 2.568196766442679690e-01
1.291141141141141020e+02 2.551243038295768484e-01
1.303153153153153312e+02 2.533635120863406143e-01
1.315165165165165035e+02 2.515402533301107635e-01
1.327177177177177327e+02 2.496574616495270404e-01
1.339189189189189051e+02 2.477180492134638257e-01
1.351201201201201343e+02 2.457249024007391036e-01
1.363213213213213066e+02 2.436808781519766154e-01
1.375225225225225358e+02 2.415888005425490814e-01
1.387237237237237082e+02 2.394514575749004115e-01
1.399249249249249374e+02 2.372715981879598979e-01
1.411261261261261097e+02 2.350519294808127158e-01
1.423273273273273389e+02 2.327951141472723862e-01
1.435285285285285397e+02 2.305037681175375330e-01
1.447297297297297405e+02 2.281804584026663474e-01
1.459309309309309413e+02 2.258277011372213372e-01
1.471321321321321420e+02 2.234479598150606316e-01
1.483333333333333428e+02 2.210436437129436049e-01
1.495345345345345436e+02 2.186171064963212951e-01
1.507357357357357444e+02 2.161706450014406478e-01
1.519369369369369451e+02 2.137064981876667935e-01
1.531381381381381459e+02 2.112268462537517100e-01
1.543393393393393467e+02 2.087338099116251011e-01
1.555405405405405475e+02 2.062294498111599261e-01
1.567417417417417482e+02 2.037157661092845462e-01
1.579429429429429490e+02 2.011946981767435694e-01
1.591441441441441498e+02 1.986681244357818010e-01
1.603453453453453506e+02 1.961378623220159378e-01
1.615465465465465513e+02 1.936056683637716602e-01
1.627477477477477521e+02 1.910732383722100747e-01
1.639489489489489529e+02 1.885422077356183612e-01
1.651501501501501536e+02 1.860141518113256065e-01
1.663513513513513544e+02 1.834905864088006988e-01
1.675525525525525552e+02 1.809729683576025150e-01
1.687537537537537560e+02 1.784626961539834689e-01
1.699549549549549567e+02 1.759611106800897939e-01
1.711561561561561575e+02 1.734694959898595290e-01
1.723573573573573583e+02 1.709890801558818230e-01
1.735585585585585591e+02 1.685210361716608651e-01
1.747597597597597598e+02 1.660664829039102675e-01
1.759609609609609606e+02 1.636264860896940732e-01
1.771621621621621614e+02 1.612020593734276586e-01
1.783633633633633622e+02 1.587941653789565477e-01
1.795645645645645629e+02 1.564037168121279464e-01
1.807657657657657637e+02 1.540315775894859074e-01
1.819669669669669645e+02 1.516785639889244586e-01
1.831681681681681653e+02 1.493454458183420819e-01
1.843693693693693660e+02 1.470329475985526491e-01
1.855705705705705668e+02 1.447417497569118139e-01
1.867717717717717676e+02 1.424724898283260544e-01
1.879729729729729684e+02 1.402257636605128976e-01
1.891741741741741691e+02 1.380021266205815889e-01
1.903753753753753699e+02 1.358020948001985584e-01
1.915765765765765707e+02 1.336261462167926684e-01
1.927777777777777715e+02 1.314747220084444002e-01
1.939789789789789722e+02 1.293482276202822523e-01
1.951801801801801730e+02 1.272470339803865591e-01
1.963813813813813738e+02 1.251714786633696952e-01
1.975825825825825746e+02 1.231218670399688436e-01
1.987837837837837753e+02 1.210984734111401340e-01
1.999849849849849761e+02 1.191015421253001361e-01
2.011861861861861769e+02 1.171312886774977385e-01
2.023873873873873777e+02 1.151879007894470591e-01
2.035885885885885784e+02 1.132715394694711469e-01
2.047897897897897792e+02 1.113823400515439321e-01
2.059909909909909800e+02 1.095204132127233915e-01
2.071921921921921808e+02 1.076858459683886632e-01
2.083933933933934100e+02 1.058787026447930435e-01
2.095945945945946107e+02 1.040990258285462433e-01
2.107957957957958115e+02 1.023468372927280046e-01
2.119969969969970123e+02 1.006221388994211485e-01
2.131981981981982130e+02 9.892491347853486772e-02
2.143993993993994138e+02 9.725512568285429871e-02
2.156006006006006146e+02 9.561272281933066997e-02
2.168018018018018154e+02 9.399763565667804133e-02
2.180030030030030161e+02 9.240977920940672552e-02
2.192042042042042169e+02 9.084905349847149925e-02
2.204054054054054177e+02 8.931534428875929910e-02
2.216066066066066185e+02 8.780852380368628363e-02
2.228078078078078192e+02 8.632845141720650595e-02
2.240090090090090200e+02 8.487497432357328508e-02
2.252102102102102208e+02 8.344792818521973299e-02
2.264114114114114216e+02 8.204713775915106755e-02
2.276126126126126223e+02 8.067241750226582242e-02
2.288138138138138231e+02 7.932357215603863532e-02
2.300150150150150239e+02 7.800039731101390816e-02
2.312162162162162247e+02 7.670267995157406538e-02
2.324174174174174254e+02 7.543019898145238156e-02
2.336186186186186262e+02 7.418272573047178520e-02
2.348198198198198270e+02 7.296002444299259926e-02
2.360210210210210278e+02 7.176185274855928498e-02
2.372222222222222285e+02 7.058796211523246655e-02
2.384234234234234293e+02 6.943809828609659451e-02
2.396246246246246301e+02 6.831200169942819311e-02
2.408258258258258309e+02 6.720940789300748619e-02
2.420270270270270316e+02 6.613004789305065856e-02
2.432282282282282324e+02 6.507364858823472265e-02
2.444294294294294332e+02 6.403993308927810602e-02
2.456306306306306340e+02 6.302862107453588436e-02
2.468318318318318347e+02 6.203942912205361038e-02
2.480330330330330355e+02 6.107207102852256486e-02
2.492342342342342363e+02 6.012625811556052829e-02
2.504354354354354371e+02 5.920169952374065153e-02
2.516366366366366378e+02 5.829810249477196393e-02
2.528378378378378386e+02 5.741517264223112288e-02
2.540390390390390394e+02 5.655261421122902837e-02
2.552402402402402402e+02 5.571013032738778015e-02
2.564414414414414409e+02 5.488742323548913282e-02
2.576426426426426133e+02 5.408419452814799272e-02
2.588438438438438425e+02 5.330014536484944249e-02
2.600450450450450717e+02 5.253497668167916856e-02
2.612462462462462440e+02 5.178838939206455161e-02
2.624474474474474164e+02 5.106008457883389612e-02
2.636486486486486456e+02 5.034976367788937535e-02
2.648498498498498748e+02 4.965712865378026780e-02
2.660510510510510471e+02 4.898188216745079371e-02
2.672522522522522195e+02 4.832372773642859554e-02
2.684534534534534487e+02 4.768236988770929025e-02
2.696546546546546779e+02 4.705751430358377785e-02
2.708558558558558502e+02 4.644886796064504747e-02
2.720570570570570794e+02 4.585613926220176439e-02
2.732582582582582518e+02 4.527903816432123085e-02
2.744594594594594810e+02 4.471727629571001922e-02
2.756606606606606533e+02 4.417056707163830032e-02
2.768618618618618825e+02 4.363862580210297465e-02
2.780630630630630549e+02 4.312116979441937836e-02
2.792642642642642841e+02 4.261791845042217641e-02
2.804654654654654564e+02 4.212859335845315495e-02
2.816666666666666856e+02 4.165291838030189125e-02
2.828678678678678580e+02 4.119061973326628573e-02
2.840690690690690872e+02 4.074142606748601403e-02
2.852702702702702595e+02 4.030506853870481632e-02
2.864714714714714887e+02 3.988128087660463422e-02
2.876726726726726611e+02 3.946979944885661840e-02
2.888738738738738903e+02 3.907036332102377385e-02
2.900750750750750626e+02 3.868271431244847680e-02
2.912762762762762918e+02 3.830659704825317008e-02
2.924774774774774642e+02 3.794175900757949110e-02
2.936786786786786934e+02 3.758795056818427932e-02
2.948798798798798657e+02 3.724492504751124311e-02
2.960810810810810949e+02 3.691243874035114725e-02
2.972822822822822673e+02 3.659025095319943383e-02
2.984834834834834965e+02 3.627812403542087644e-02
2.996846846846846688e+02 3.597582340732269346e-02
3.008858858858858980e+02 3.568311758523898258e-02
3.020870870870870704e+02 3.539977820372521011e-02
3.032882882882882996e+02 3.512558003495732523e-02
3.044894894894894719e+02 3.486030100543126981e-02
3.056906906906907011e+02 3.460372221005217352e-02
3.068918918918918735e+02 3.435562792370371044e-02
3.080930930930931027e+02 3.411580561038415893e-02
3.092942942942942750e+02 3.388404592999413878e-02
3.104954954954955042e+02 3.366014274285841767e-02
3.116966966966966766e+02 3.344389311206455440e-02
3.128978978978979058e+02 3.323509730369537951e-02
3.140990990990990781e+02 3.303355878503522192e-02
3.153003003003003073e+02 3.283908422082321837e-02
3.165015015015014797e+02 3.265148346763092208e-02
3.177027027027027088e+02 3.247056956643373099e-02
3.189039039039038812e+02 3.229615873344923727e-02
3.201051051051051104e+02 3.212807034931189354e-02
3.213063063063062827e+02 3.196612694665069976e-02
3.225075075075075119e+02 3.181015419613827944e-02
3.237087087087087411e+02 3.165998089107529417e-02
3.249099099099099135e+02 3.151543893057481838e-02
3.261111111111111427e+02 3.137636330140851360e-02
3.273123123123123150e+02 3.124259205857642455e-02
3.285135135135135442e+02 3.111396630465965846e-02
3.297147147147147166e+02 3.099033016801444607e-02
3.309159159159159458e+02 3.087153077986545466e-02
3.321171171171171181e+02 3.075741825035325366e-02
3.333183183183183473e+02 3.064784564359200603e-02
3.345195195195195197e+02 3.054266895178904540e-02
3.357207207207207489e+02 3.044174706848073314e-02
3.369219219219219212e+02 3.034494176093328194e-02
3.381231231231231504e+02 3.025211764176029619e-02
3.393243243243243228e+02 3.016314213980449133e-02
3.405255255255255520e+02 3.007788547033111298e-02
3.417267267267267243e+02 2.999622060457981035e-02
3.429279279279279535e+02 2.991802323871931707e-02
3.441291291291291259e+02 2.984317176224909884e-02
3.453303303303303551e+02 2.977154722589106864e-02
3.465315315315315274e+02 2.970303330901164635e-02
3.477327327327327566e+02 2.963751628661707993e-02
3.489339339339339290e+02 2.957488499595777726e-02
3.501351351351351582e+02 2.951503080278353869e-02
3.513363363363363305e+02 2.945784756728368065e-02
3.525375375375375597e+02 2.940323160975010300e-02
3.537387387387387321e+02 2.935108167599704415e-02
3.549399399399399613e+02 2.930129890257168052e-02
3.561411411411411336e+02 2.925378678178847114e-02
3.573423423423423628e+02 2.920845112661829210e-02
3.585435435435435352e+02 2.916520003546320405e-02
3.597447447447447644e+02 2.912394385684763387e-02
3.609459459459459367e+02 2.908459515405191140e-02
3.621471471471471659e+02 2.904706866971832474e-02
3.633483483483483383e+02 2.901128129045453183e-02
3.645495495495495675e+02 2.897715201146067523e-02
3.657507507507507398e+02 2.894460190120444823e-02
3.669519519519519690e+02 2.891355406616733653e-02
3.681531531531531414e+02 2.888393361568609638e-02
3.693543543543543706e+02 2.885566762690913029e-02
3.705555555555555429e+02 2.882868510989042982e-02
3.717567567567567721e+02 2.880291697283998004e-02
3.729579579579579445e+02 2.877829598754963816e-02
3.741591591591591737e+02 2.875475675501303063e-02
3.753603603603603460e+02 2.873223567125703440e-02
3.765615615615615752e+02 2.871067089339989289e-02
3.777627627627627476e+02 2.869000230595377191e-02
3.789639639639639768e+02 2.867017148738424531e-02
3.801651651651651491e+02 2.865112167694278469e-02
3.813663663663663783e+02 2.863279774178402112e-02
3.825675675675675507e+02 2.861514614438122328e-02
3.837687687687687799e+02 2.859811491025157984e-02
3.849699699699699522e+02 2.858165359600146546e-02
3.861711711711711814e+02 2.856571325770392369e-02
3.873723723723723538e+02 2.855024641961582954e-02
3.885735735735735830e+02 2.853520704324554597e-02
3.897747747747747553e+02 2.852055049677821794e-02
3.909759759759759845e+02 2.850623352486738107e-02
3.921771771771771569e+02 2.849221421879877605e-02
3.933783783783783861e+02 2.847845198703448377e-02
3.945795795795795584e+02 2.846490752614172157e-02
3.957807807807807876e+02 2.845154279211269469e-02
3.969819819819819600e+02 2.843832097207997164e-02
3.981831831831831892e+02 2.842520645643161967e-02
3.993843843843843615e+02 2.841216481133023580e-02
4.005855855855855907e+02 2.839916275163824680e-02
4.017867867867868199e+02 2.838616811425392905e-02
4.029879879879879923e+02 2.837314983185830822e-02
4.041891891891892215e+02 2.836007790707723020e-02
4.053903903903903938e+02 2.834692338705776735e-02
4.065915915915916230e+02 2.833365833846208937e-02
4.077927927927927954e+02 2.832025582287767823e-02
4.089939939939940245e+02 2.830668987264565659e-02
4.101951951951951969e+02 2.829293546710615406e-02
4.113963963963964261e+02 2.827896850926045480e-02
4.125975975975975985e+02 2.826476580284983248e-02
4.137987987987988276e+02 2.825030502984892181e-02
4.150000000000000000e+02 2.823556472837310261e-02
4.162012012012012292e+02 2.822052427099797436e-02
4.174024024024024015e+02 2.820516384348837821e-02
4.186036036036036307e+02 2.818946442393579707e-02
4.198048048048048031e+02 2.817340776230067845e-02
4.210060060060060323e+02 2.815697636035775775e-02
4.222072072072072046e+02 2.814015345204032986e-02
4.234084084084084338e+02 2.812292298418221995e-02
4.246096096096096062e+02 2.810526959765131602e-02
4.258108108108108354e+02 2.808717860887433374e-02
4.270120120120120077e+02 2.806863599174619708e-02
4.282132132132132369e+02 2.804962835992185974e-02
4.294144144144144093e+02 2.803014294948644874e-02
4.306156156156156385e+02 2.801016760199829397e-02
4.318168168168168108e+02 2.798969074790214062e-02
4.330180180180180400e+02 2.796870139030659813e-02
4.342192192192192124e+02 2.794718908912296323e-02
4.354204204204204416e+02 2.792514394555853374e-02
4.366216216216216139e+02 2.790255658696183874e-02
4.378228228228228431e+02 2.787941815201365470e-02
4.390240240240240155e+02 2.785572027625874206e-02
4.402252252252252447e+02 2.783145507797465251e-02
4.414264264264264170e+02 2.780661514437072698e-02
4.426276276276276462e+02 2.778119351811353041e-02
4.438288288288288186e+02 2.775518368417296058e-02
4.450300300300300478e+02 2.772857955698402807e-02
4.462312312312312201e+02 2.770137546791885674e-02
4.474324324324324493e+02 2.767356615306392625e-02
4.486336336336336217e+02 2.764514674129691860e-02
4.498348348348348509e+02 2.761611274265823174e-02
4.510360360360360232e+02 2.758646003701138369e-02
4.522372372372372524e+02 2.755618486298796327e-02
4.534384384384384248e+02 2.752528380721034479e-02
4.546396396396396540e+02 2.749375379378794435e-02
4.558408408408408263e+02 2.746159207408181355e-02
4.570420420420420555e+02 2.742879621673129445e-02
4.582432432432432279e+02 2.739536409793890195e-02
4.594444444444444571e+02 2.736129389200639070e-02
4.606456456456456294e+02 2.732658406211904700e-02
4.618468468468468586e+02 2.729123335137085410e-02
4.630480480480480310e+02 2.725524077402696060e-02
4.642492492492492602e+02 2.721860560701760273e-02
4.654504504504504325e+02 2.718132738165873752e-02
4.666516516516516617e+02 2.714340587559425574e-02
4.678528528528528341e+02 2.710484110495480978e-02
4.690540540540540633e+02 2.706563331672852749e-02
4.702552552552552356e+02 2.702578298133865090e-02
4.714564564564564648e+02 2.698529078542327708e-02
4.726576576576576372e+02 2.694415762481265283e-02
4.738588588588588664e+02 2.690238459769894730e-02
4.750600600600600387e+02 2.685997299799469315e-02
4.762612612612612679e+02 2.681692430887443190e-02
4.774624624624624971e+02 2.677324019649541392e-02
4.786636636636636695e+02 2.672892250389371366e-02
4.798648648648648987e+02 2.668397324504983431e-02
4.810660660660660710e+02 2.663839459912112698e-02
4.822672672672673002e+02 2.659218890483567785e-02
4.834684684684684726e+02 2.654535865504454098e-02
4.846696696696697018e+02 2.649790649142689386e-02
4.858708708708708741e+02 2.644983519934549984e-02
4.870720720720721033e+02 2.640114770284796020e-02
4.882732732732732757e+02 2.635184705980949185e-02
4.894744744744745049e+02 2.630193645721434770e-02
4.906756756756756772e+02 2.625141920657140387e-02
4.918768768768769064e+02 2.620029873946065624e-02
4.930780780780780788e+02 2.614857860320705940e-02
4.942792792792793080e+02 2.609626245667812441e-02
4.954804804804804803e+02 2.604335406620180912e-02
4.966816816816817095e+02 2.598985730160147806e-02
4.978828828828828819e+02 2.593577613234451101e-02
4.990840840840841111e+02 2.588111462380193739e-02
5.002852852852852834e+02 2.582587693361463807e-02
5.014864864864865126e+02 2.577006730816477215e-02
5.026876876876876850e+02 2.571369007914799110e-02
5.038888888888889142e+02 2.565674966024438300e-02
5.050900900900900865e+02 2.559925054388499308e-02
5.062912912912913157e+02 2.554119729811094378e-02
5.074924924924924881e+02 2.548259456352304497e-02
5.086936936936937173e+02 2.542344705031848034e-02
5.098948948948948896e+02 2.536375953541257153e-02
5.110960960960961188e+02 2.530353685964273000e-02
5.122972972972972912e+02 2.524278392505258442e-02
5.134984984984985203e+02 2.518150569225327887e-02
5.146996996996997495e+02 2.511970717786010318e-02
5.159009009009009787e+02 2.505739345200197823e-02
5.171021021021020942e+02 2.499456963590171790e-02
5.183033033033033234e+02 2.493124089952479527e-02
5.195045045045044390e+02 2.486741245929436489e-02
5.207057057057056682e+02 2.480308957587120874e-02
5.219069069069068973e+02 2.473827755199535863e-02
5.231081081081081265e+02 2.467298173038909997e-02
5.243093093093093557e+02 2.460720749171793273e-02
5.255105105105105849e+02 2.454096025260883718e-02
5.267117117117117004e+02 2.447424546372337778e-02
5.279129129129129296e+02 2.440706860788417754e-02
5.291141141141141588e+02 2.433943519825326404e-02
5.303153153153152743e+02 2.427135077656042417e-02
5.315165165165165035e+02 2.420282091138008240e-02
5.327177177177177327e+02 2.413385119645533247e-02
5.339189189189189619e+02 2.406444724906723134e-02
5.351201201201200774e+02 2.399461470844862360e-02
5.363213213213213066e+02 2.392435923424042488e-02
5.375225225225225358e+02 2.385368650498951096e-02
5.387237237237237650e+02 2.378260221668658872e-02
5.399249249249248805e+02 2.371111208134298390e-02
5.411261261261261097e+02 2.363922182560519031e-02
5.423273273273273389e+02 2.356693718940578927e-02
5.435285285285285681e+02 2.349426392464961863e-02
5.447297297297296836e+02 2.342120779393460847e-02
5.459309309309309128e+02 2.334777456930514639e-02
5.471321321321321420e+02 2.327397003103836431e-02
5.483333333333333712e+02 2.319979996646075876e-02
5.495345345345344867e+02 2.312527016879584174e-02
5.507357357357357159e+02 2.305038643604045631e-02
5.519369369369369451e+02 2.297515456986968727e-02
5.531381381381381743e+02 2.289958037456939904e-02
5.543393393393394035e+02 2.282366965599523512e-02
5.555405405405405190e+02 2.274742822055745434e-02
5.567417417417417482e+02 2.267086187423132670e-02
5.579429429429429774e+02 2.259397642159117342e-02
5.591441441441442066e+02 2.251677766486855775e-02
5.603453453453453221e+02 2.243927140303315568e-02
5.615465465465465513e+02 2.236146343089574426e-02
5.627477477477477805e+02 2.228335953823322793e-02
5.639489489489490097e+02 2.220496550893399923e-02
5.651501501501501252e+02 2.212628712016418212e-02
5.663513513513513544e+02 2.204733014155333543e-02
5.675525525525525836e+02 2.196810033439947074e-02
5.687537537537538128e+02 2.188860345089269771e-02
5.699549549549549283e+02 2.180884523335711173e-02
5.711561561561561575e+02 2.172883141351015721e-02
5.723573573573573867e+02 2.164856771173918545e-02
5.735585585585586159e+02 2.156805983639491567e-02
5.747597597597597314e+02 2.148731348310084499e-02
5.759609609609609606e+02 2.140633433407859026e-02
5.771621621621621898e+02 2.132512805748867230e-02
5.783633633633634190e+02 2.124370030678620486e-02
5.795645645645645345e+02 2.116205672009134273e-02
5.807657657657657637e+02 2.108020291957365608e-02
5.819669669669669929e+02 2.099814451085084757e-02
5.831681681681682221e+02 2.091588708240057007e-02
5.843693693693693376e+02 2.083343620498572316e-02
5.855705705705705668e+02 2.075079743109249295e-02
5.867717717717717960e+02 2.066797629438121148e-02
5.879729729729730252e+02 2.058497830914911286e-02
5.891741741741741407e+02 2.050180896980560372e-02
5.903753753753753699e+02 2.041847375035873990e-02
5.915765765765765991e+02 2.033497810391370758e-02
5.927777777777778283e+02 2.025132746218212543e-02
5.939789789789789438e+02 2.016752723500254627e-02
5.951801801801801730e+02 2.008358280987164804e-02
5.963813813813814022e+02 1.999949955148595804e-02
5.975825825825826314e+02 1.991528280129395770e-02
5.987837837837837469e+02 1.983093787705824881e-02
5.999849849849849761e+02 1.974647007242756602e-02
6.011861861861862053e+02 1.966188465651867029e-02
6.023873873873874345e+02 1.957718687350759601e-02
6.035885885885885500e+02 1.949238194223049461e-02
6.047897897897897792e+02 1.940747505579332524e-02
6.059909909909910084e+02 1.932247138119103091e-02
6.071921921921922376e+02 1.923737605893503094e-02
6.083933933933933531e+02 1.915219420269006004e-02
6.095945945945945823e+02 1.906693089891890042e-02
6.107957957957958115e+02 1.898159120653614834e-02
6.119969969969970407e+02 1.889618015656984937e-02
6.131981981981981562e+02 1.881070275183157128e-02
6.143993993993993854e+02 1.872516396659422433e-02
6.156006006006006146e+02 1.863956874627817339e-02
6.168018018018018438e+02 1.855392200714472278e-02
6.180030030030029593e+02 1.846822863599766051e-02
6.192042042042041885e+02 1.838249348989206070e-02
6.204054054054054177e+02 1.829672139585072910e-02
6.216066066066066469e+02 1.821091715058800395e-02
6.228078078078077624e+02 1.812508552024074890e-02
6.240090090090089916e+02 1.803923124010646875e-02
6.252102102102102208e+02 1.795335901438869716e-02
6.264114114114114500e+02 1.786747351594912894e-02
6.276126126126125655e+02 1.778157938606672941e-02
6.288138138138137947e+02 1.769568123420373756e-02
6.300150150150150239e+02 1.760978363777826114e-02
6.312162162162162531e+02 1.752389114194357472e-02
6.324174174174174823e+02 1.743800825937402363e-02
6.336186186186185978e+02 1.735213947005728383e-02
6.348198198198198270e+02 1.726628922109319994e-02
6.360210210210210562e+02 1.718046192649888906e-02
6.372222222222222854e+02 1.709466196702002366e-02
6.384234234234234009e+02 1.700889368994848092e-02
6.396246246246246301e+02 1.692316140894606358e-02
6.408258258258258593e+02 1.683746940387425076e-02
6.420270270270270885e+02 1.675182192062995776e-02
6.432282282282282040e+02 1.666622317098733624e-02
6.444294294294294332e+02 1.658067733244530592e-02
6.456306306306306624e+02 1.649518854808102591e-02
6.468318318318318916e+02 1.640976092640912196e-02
6.480330330330330071e+02 1.632439854124648204e-02
6.492342342342342363e+02 1.623910543158288422e-02
6.504354354354354655e+02 1.615388560145706795e-02
6.516366366366366947e+02 1.606874301983847106e-02
6.528378378378378102e+02 1.598368162051430619e-02
6.540390390390390394e+02 1.589870530198213283e-02
6.552402402402402686e+02 1.581381792734780703e-02
6.564414414414414978e+02 1.572902332422878441e-02
6.576426426426426133e+02 1.564432528466261352e-02
6.588438438438438425e+02 1.555972756502066977e-02
6.600450450450450717e+02 1.547523388592706405e-02
6.612462462462463009e+02 1.539084793218273815e-02
6.624474474474474164e+02 1.530657335269450248e-02
6.636486486486486456e+02 1.522241376040910435e-02
6.648498498498498748e+02 1.513837273225242600e-02
6.660510510510511040e+02 1.505445380907343561e-02
6.672522522522522195e+02 1.497066049559300956e-02
6.684534534534534487e+02 1.488699626035769677e-02
6.696546546546546779e+02 1.480346453569814612e-02
6.708558558558559071e+02 1.472006871769236148e-02
6.720570570570570226e+02 1.463681216613352438e-02
6.732582582582582518e+02 1.455369820450257493e-02
6.744594594594594810e+02 1.447073011994530478e-02
6.756606606606607102e+02 1.438791116325396219e-02
6.768618618618618257e+02 1.430524454885351120e-02
6.780630630630630549e+02 1.422273345479208549e-02
6.792642642642642841e+02 1.414038102273612596e-02
6.804654654654655133e+02 1.405819035796970068e-02
6.816666666666666288e+02 1.397616452939813049e-02
6.828678678678678580e+02 1.389430656955602250e-02
6.840690690690690872e+02 1.381261947461940448e-02
6.852702702702703164e+02 1.373110620442202258e-02
6.864714714714714319e+02 1.364976968247590301e-02
6.876726726726726611e+02 1.356861279599587411e-02
6.888738738738738903e+02 1.348763839592813894e-02
6.900750750750751195e+02 1.340684929698297834e-02
6.912762762762762350e+02 1.332624827767122863e-02
6.924774774774774642e+02 1.324583808034474411e-02
6.936786786786786934e+02 1.316562141124075734e-02
6.948798798798799226e+02 1.308560094053003858e-02
6.960810810810810381e+02 1.300577930236874666e-02
6.972822822822822673e+02 1.292615909495411185e-02
6.984834834834834965e+02 1.284674288058378078e-02
6.996846846846847257e+02 1.276753318571874178e-02
7.008858858858858412e+02 1.268853250104993828e-02
7.020870870870870704e+02 1.260974328156825447e-02
7.032882882882882996e+02 1.253116794663832953e-02
7.044894894894895288e+02 1.245280888007540936e-02
7.056906906906906443e+02 1.237466843022598344e-02
7.068918918918918735e+02 1.229674891005158935e-02
7.080930930930931027e+02 1.221905259721601904e-02
7.092942942942943318e+02 1.214158173417573781e-02
7.104954954954955610e+02 1.206433852827362707e-02
7.116966966966966766e+02 1.198732515183588768e-02
7.128978978978979058e+02 1.191054374227201902e-02
7.140990990990991349e+02 1.183399640217805589e-02
7.153003003003003641e+02 1.175768519944270403e-02
7.165015015015014797e+02 1.168161216735662082e-02
7.177027027027027088e+02 1.160577930472454951e-02
7.189039039039039380e+02 1.153018857598046495e-02
7.201051051051051672e+02 1.145484191130562678e-02
7.213063063063062827e+02 1.137974120674934905e-02
7.225075075075075119e+02 1.130488832435264622e-02
7.237087087087087411e+02 1.123028509227466665e-02
7.249099099099099703e+02 1.115593330492176301e-02
7.261111111111110858e+02 1.108183472307927402e-02
7.273123123123123150e+02 1.100799107404581284e-02
7.285135135135135442e+02 1.093440405177037444e-02
7.297147147147147734e+02 1.086107531699164255e-02
7.309159159159158889e+02 1.078800649738017800e-02
7.321171171171171181e+02 1.071519918768260027e-02
7.333183183183183473e+02 1.064265494986858622e-02
7.345195195195195765e+02 1.057037531328000948e-02
7.357207207207206920e+02 1.049836177478239568e-02
7.369219219219219212e+02 1.042661579891870569e-02
7.381231231231231504e+02 1.035513881806538958e-02
7.393243243243243796e+02 1.028393223259048590e-02
7.405255255255254951e+02 1.021299741101405062e-02
7.417267267267267243e+02 1.014233569017049773e-02
7.429279279279279535e+02 1.007194837537312739e-02
7.441291291291291827e+02 1.000183674058066109e-02
7.453303303303302982e+02 9.932002028565742324e-03
7.465315315315315274e+02 9.862445451085206580e-03
7.477327327327327566e+02 9.793168189052623915e-03
7.489339339339339858e+02 9.724171392712274362e-03
7.501351351351351013e+02 9.655456181815168584e-03
7.513363363363363305e+02 9.587023645796829280e-03
7.525375375375375597e+02 9.518874843956685872e-03
7.537387387387387889e+02 9.451010805639235152e-03
7.549399399399399044e+02 9.383432530416907155e-03
7.561411411411411336e+02 9.316140988274275447e-03
7.573423423423423628e+02 9.249137119794244993e-03
7.585435435435435920e+02 9.182421836345329436e-03
7.597447447447447075e+02 9.115996020270727279e-03
7.609459459459459367e+02 9.049860525078659221e-03
7.621471471471471659e+02 8.984016175634244178e-03
7.633483483483483951e+02 8.918463768352567073e-03
7.645495495495495106e+02 8.853204071393295724e-03
7.657507507507507398e+02 8.788237824856314287e-03
7.669519519519519690e+02 8.723565740978853761e-03
7.681531531531531982e+02 8.659188504333701492e-03
7.693543543543543137e+02 8.595106772028571207e-03
7.705555555555555429e+02 8.531321173906642255e-03
7.717567567567567721e+02 8.467832312748217738e-03
7.729579579579580013e+02 8.404640764473331541e-03
7.741591591591591168e+02 8.341747078345543645e-03
7.753603603603603460e+02 8.279151777176507396e-03
7.765615615615615752e+02 8.216855357531674744e-03
7.777627627627628044e+02 8.154858289936801202e-03
7.789639639639639199e+02 8.093161019085306010e-03
7.801651651651651491e+02 8.031763964046546508e-03
7.813663663663663783e+02 7.970667518474848848e-03
7.825675675675676075e+02 7.909872050819286363e-03
7.837687687687687230e+02 7.849377904534162245e-03
7.849699699699699522e+02 7.789185398290317079e-03
7.861711711711711814e+02 7.729294826186905616e-03
7.873723723723724106e+02 7.669706457963912545e-03
7.885735735735736398e+02 7.610420539215280618e-03
7.897747747747747553e+02 7.551437291602467253e-03
7.909759759759759845e+02 7.492756913068640383e-03
7.921771771771772137e+02 7.434379578053350486e-03
7.933783783783784429e+02 7.376305437707542621e-03
7.945795795795795584e+02 7.318534620109138321e-03
7.957807807807807876e+02 7.261067230478901978e-03
7.969819819819820168e+02 7.203903351396727037e-03
7.981831831831832460e+02 7.147043043018184993e-03
7.993843843843843615e+02 7.090486343291438689e-03
8.005855855855855907e+02 7.034233268174301321e-03
8.017867867867868199e+02 6.978283811851713515e-03
8.029879879879880491e+02 6.922637946953188320e-03
8.041891891891891646e+02 6.867295624770616141e-03
8.053903903903903938e+02 6.812256775476078358e-03
8.065915915915916230e+02 6.757521308339888184e-03
8.077927927927928522e+02 6.703089111948547403e-03
8.089939939939939677e+02 6.648960054422956359e-03
8.101951951951951969e+02 6.595133983636429671e-03
8.113963963963964261e+02 6.541610727432863731e-03
8.125975975975976553e+02 6.488390093844818331e-03
8.137987987987987708e+02 6.435471871311497678e-03
8.150000000000000000e+02 6.382855828896642075e-03
8.162012012012012292e+02 6.330541716506397042e-03
8.174024024024024584e+02 6.278529265106875396e-03
8.186036036036035739e+02 6.226818186941706322e-03
8.198048048048048031e+02 6.175408175749216681e-03
8.210060060060060323e+02 6.124298906979555070e-03
8.222072072072072615e+02 6.073490038011443784e-03
8.234084084084083770e+02 6.022981208368708740e-03
8.246096096096096062e+02 5.972772039936439896e-03
8.258108108108108354e+02 5.922862137176939171e-03
8.270120120120120646e+02 5.873251087345193050e-03
8.282132132132131801e+02 5.823938460704065033e-03
8.294144144144144093e+02 5.774923810738995418e-03
8.306156156156156385e+02 5.726206674372368889e-03
8.318168168168168677e+02 5.677786572177359083e-03
8.330180180180179832e+02 5.629663008591358556e-03
8.342192192192192124e+02 5.581835472128867520e-03
8.354204204204204416e+02 5.534303435593909866e-03
8.366216216216216708e+02 5.487066356291863713e-03
8.378228228228227863e+02 5.440123676240796700e-03
8.390240240240240155e+02 5.393474822382155962e-03
8.402252252252252447e+02 5.347119206790908186e-03
8.414264264264264739e+02 5.301056226885008348e-03
8.426276276276275894e+02 5.255285265634287301e-03
8.438288288288288186e+02 5.209805691768610789e-03
8.450300300300300478e+02 5.164616859985394007e-03
8.462312312312312770e+02 5.119718111156449161e-03
8.474324324324323925e+02 5.075108772534027250e-03
8.486336336336336217e+02 5.030788157956165088e-03
8.498348348348348509e+02 4.986755568051322828e-03
8.510360360360360801e+02 4.943010290442165396e-03
8.522372372372371956e+02 4.899551599948605805e-03
8.534384384384384248e+02 4.856378758789992381e-03
8.546396396396396540e+02 4.813491016786505816e-03
8.558408408408408832e+02 4.770887611559737444e-03
8.570420420420419987e+02 4.728567768732329889e-03
8.582432432432432279e+02 4.686530702126771170e-03
8.594444444444444571e+02 4.644775613963361346e-03
8.606456456456456863e+02 4.603301695057173022e-03
8.618468468468469155e+02 4.562108125014146219e-03
8.630480480480480310e+02 4.521194072426231760e-03
8.642492492492492602e+02 4.480558695065578814e-03
8.654504504504504894e+02 4.440201140077770954e-03
8.666516516516517186e+02 4.400120544174059532e-03
8.678528528528528341e+02 4.360316033822626489e-03
8.690540540540540633e+02 4.320786725438768155e-03
8.702552552552552925e+02 4.281531725574222978e-03
8.714564564564565217e+02 4.242550131105252836e-03
8.726576576576576372e+02 4.203841029419848330e-03
8.738588588588588664e+02 4.165403498603782208e-03
8.750600600600600956e+02 4.127236607625643650e-03
8.762612612612613248e+02 4.089339416520745840e-03
8.774624624624624403e+02 4.051710976574011795e-03
8.786636636636636695e+02 4.014350330501605980e-03
8.798648648648648987e+02 3.977256512631704641e-03
8.810660660660661279e+02 3.940428549083874882e-03
8.822672672672672434e+02 3.903865457947481871e-03
8.834684684684684726e+02 3.867566249458905588e-03
8.846696696696697018e+02 3.831529926177607882e-03
8.858708708708709310e+02 3.795755483161000407e-03
8.870720720720720465e+02 3.760241908138251335e-03
8.882732732732732757e+02 3.724988181682721642e-03
8.894744744744745049e+02 3.689993277383432548e-03
8.906756756756757341e+02 3.655256162015150818e-03
8.918768768768768496e+02 3.620775795707394194e-03
8.930780780780780788e+02 3.586551132112134055e-03
8.942792792792793080e+02 3.552581118570361397e-03
8.954804804804805372e+02 3.518864696277343093e-03
8.966816816816816527e+02 3.485400800446725872e-03
8.978828828828828819e+02 3.452188360473326667e-03
8.990840840840841111e+02 3.419226300094721678e-03
9.002852852852853403e+02 3.386513537551571248e-03
9.014864864864864558e+02 3.354048985746689235e-03
9.026876876876876850e+02 3.321831552402835196e-03
9.038888888888889142e+02 3.289860140219258867e-03
9.050900900900901433e+02 3.258133647026943171e-03
9.062912912912912589e+02 3.226650965942605160e-03
9.074924924924924881e+02 3.195410985521386811e-03
9.086936936936937173e+02 3.164412589908249546e-03
9.098948948948949464e+02 3.133654658988118454e-03
9.110960960960960620e+02 3.103136068534694675e-03
9.122972972972972912e+02 3.072855690357961106e-03
9.134984984984985203e+02 3.042812392450446480e-03
9.146996996996997495e+02 3.013005039132108601e-03
9.159009009009008651e+02 2.983432491193956440e-03
9.171021021021020942e+02 2.954093606040359473e-03
9.183033033033033234e+02 2.924987237830009579e-03
9.195045045045045526e+02 2.896112237615626125e-03
9.207057057057056682e+02 2.867467453482282821e-03
9.219069069069068973e+02 2.839051730684459540e-03
9.231081081081081265e+02 2.810863911781741071e-03
9.243093093093093557e+02 2.782902836773244303e-03
9.255105105105104712e+02 2.755167343230652006e-03
9.267117117117117004e+02 2.727656266429985023e-03
9.279129129129129296e+02 2.700368439482016616e-03
9.291141141141141588e+02 2.673302693461375359e-03
9.303153153153152743e+02 2.646457857534327031e-03
9.315165165165165035e+02 2.619832759085199969e-03
9.327177177177177327e+02 2.593426223841528450e-03
9.339189189189189619e+02 2.567237075997868146e-03
9.351201201201200774e+02 2.541264138338223798e-03
9.363213213213213066e+02 2.515506232357246109e-03
9.375225225225225358e+02 2.489962178380039984e-03
9.387237237237237650e+02 2.464630795680681705e-03
9.399249249249249942e+02 2.439510902599386060e-03
9.411261261261261097e+02 2.414601316658417096e-03
9.423273273273273389e+02 2.389900854676577698e-03
9.435285285285285681e+02 2.365408332882506549e-03
9.447297297297297973e+02 2.341122567026559121e-03
9.459309309309309128e+02 2.317042372491434025e-03
9.471321321321321420e+02 2.293166564401461459e-03
9.483333333333333712e+02 2.269493957730620969e-03
9.495345345345346004e+02 2.246023367409194418e-03
9.507357357357357159e+02 2.222753608429197704e-03
9.519369369369369451e+02 2.199683495948413000e-03
9.531381381381381743e+02 2.176811845393240071e-03
9.543393393393394035e+02 2.154137472560157650e-03
9.555405405405405190e+02 2.131659193715946653e-03
9.567417417417417482e+02 2.109375825696606279e-03
9.579429429429429774e+02 2.087286186005023712e-03
9.591441441441442066e+02 2.065389092907291176e-03
9.603453453453453221e+02 2.043683365527845536e-03
9.615465465465465513e+02 2.022167823943253531e-03
9.627477477477477805e+02 2.000841289274778341e-03
9.639489489489490097e+02 1.979702583779669421e-03
9.651501501501501252e+02 1.958750530941188572e-03
9.663513513513513544e+02 1.937983955557396557e-03
9.675525525525525836e+02 1.917401683828686169e-03
9.687537537537538128e+02 1.897002543444057613e-03
9.699549549549549283e+02 1.876785363666189132e-03
9.711561561561561575e+02 1.856748975415224365e-03
9.723573573573573867e+02 1.836892211351381834e-03
9.735585585585586159e+02 1.817213905956312388e-03
9.747597597597597314e+02 1.797712895613246030e-03
9.759609609609609606e+02 1.778388018685907743e-03
9.771621621621621898e+02 1.759238115596265624e-03
9.783633633633634190e+02 1.740262028901044550e-03
9.795645645645645345e+02 1.721458603367064790e-03
9.807657657657657637e+02 1.702826686045366515e-03
9.819669669669669929e+02 1.684365126344170320e-03
9.831681681681682221e+02 1.666072776100671572e-03
9.843693693693693376e+02 1.647948489651627178e-03
9.855705705705705668e+02 1.629991123902797649e-03
9.867717717717717960e+02 1.612199538397252269e-03
9.879729729729730252e+02 1.594572595382467550e-03
9.891741741741741407e+02 1.577109159876338446e-03
9.903753753753753699e+02 1.559808099732008443e-03
9.915765765765765991e+02 1.542668285701584213e-03
9.927777777777778283e+02 1.525688591498725738e-03
9.939789789789789438e+02 1.508867893860102363e-03
9.951801801801801730e+02 1.492205072605765938e-03
9.963813813813814022e+02 1.475699010698379053e-03
9.975825825825826314e+02 1.459348594301380529e-03
9.987837837837837469e+02 1.443152712836038307e-03
9.999849849849849761e+02 1.427110259037417481e-03
1.001186186186186205e+03 1.411220129009294272e-03
1.002387387387387435e+03 1.395481222277971051e-03
1.003588588588588550e+03 1.379892441845051399e-03
1.004789789789789779e+03 1.364452694239134652e-03
1.005990990990991008e+03 1.349160889566493240e-03
1.007192192192192238e+03 1.334015941560698793e-03
1.008393393393393353e+03 1.319016767631197217e-03
1.009594594594594582e+03 1.304162288910872426e-03
1.010795795795795812e+03 1.289451430302619543e-03
1.011996996996997041e+03 1.274883120524854512e-03
1.013198198198198156e+03 1.260456292156056368e-03
1.014399399399399385e+03 1.246169881678318991e-03
1.015600600600600615e+03 1.232022829519889996e-03
1.016801801801801844e+03 1.218014080096760290e-03
1.018003003003003073e+03 1.204142581853255957e-03
1.019204204204204188e+03 1.190407287301692950e-03
1.020405405405405418e+03 1.176807153061047977e-03
1.021606606606606647e+03 1.163341139894713463e-03
1.022807807807807876e+03 1.150008212747285173e-03
1.024009009009008878e+03 1.136807340780444974e-03
1.025210210210210334e+03 1.123737497407878861e-03
1.026411411411411336e+03 1.110797660329351485e-03
1.027612612612612793e+03 1.097986811563777350e-03
1.028813813813813795e+03 1.085303937481495347e-03
1.030015015015015024e+03 1.072748028835559912e-03
1.031216216216216253e+03 1.060318080792224020e-03
1.032417417417417482e+03 1.048013092960497572e-03
1.033618618618618711e+03 1.035832069420861406e-03
1.034819819819819713e+03 1.023774018753117847e-03
1.036021021021021170e+03 1.011837954063392981e-03
1.037222222222222172e+03 1.000022893010307995e-03
1.038423423423423401e+03 9.883278578302744782e-04
1.039624624624624630e+03 9.767518753620281838e-04
1.040825825825825859e+03 9.652939770702913085e-04
1.042027027027027088e+03 9.539531990686543617e-04
1.043228228228228318e+03 9.427285821416442335e-04
1.044429429429429547e+03 9.316191717660151066e-04
1.045630630630630549e+03 9.206240181312318541e-04
1.046831831831831778e+03 9.097421761591899421e-04
1.048033033033033007e+03 8.989727055231770420e-04
1.049234234234234236e+03 8.883146706660557512e-04
1.050435435435435465e+03 8.777671408177146941e-04
1.051636636636636695e+03 8.673291900117424680e-04
1.052837837837837924e+03 8.569998971014176729e-04
1.054039039039039153e+03 8.467783457749204854e-04
1.055240240240240155e+03 8.366636245698585821e-04
1.056441441441441384e+03 8.266548268870662144e-04
1.057642642642642613e+03 8.167510510037109123e-04
1.058843843843843842e+03 8.069514000857013099e-04
1.060045045045045072e+03 7.972549821993965297e-04
1.061246246246246301e+03 7.876609103226639604e-04
1.062447447447447530e+03 7.781683023552384828e-04
1.063648648648648759e+03 7.687762811284387654e-04
1.064849849849849761e+03 7.594839744142289168e-04
1.066051051051050990e+03 7.502905149336085849e-04
1.067252252252252219e+03 7.411950403644015396e-04
1.068453453453453449e+03 7.321966933483943854e-04
1.069654654654654678e+03 7.232946214978460027e-04
1.070855855855855907e+03 7.144879774014028465e-04
1.072057057057057136e+03 7.057759186293924552e-04
1.073258258258258365e+03 6.971576077385197804e-04
1.074459459459459367e+03 6.886322122759795661e-04
1.075660660660660596e+03 6.801989047829787045e-04
1.076861861861861826e+03 6.718568627976910122e-04
1.078063063063063055e+03 6.636052688576430172e-04
1.079264264264264284e+03 6.554433105015273955e-04
1.080465465465465513e+03 6.473701802704838471e-04
1.081666666666666742e+03 6.393850757088195488e-04
1.082867867867867972e+03 6.314871993642089728e-04
1.084069069069068973e+03 6.236757587873441224e-04
1.085270270270270203e+03 6.159499665310877708e-04
1.086471471471471432e+03 6.083090401490863323e-04
1.087672672672672661e+03 6.007522021939022162e-04
1.088873873873873890e+03 5.932786802146264131e-04
1.090075075075075119e+03 5.858877067540083951e-04
1.091276276276276349e+03 5.785785193451091837e-04
1.092477477477477578e+03 5.713503605074580702e-04
1.093678678678678807e+03 5.642024777427602587e-04
1.094879879879879809e+03 5.571341235301310391e-04
1.096081081081081038e+03 5.501445553208727515e-04
1.097282282282282267e+03 5.432330355328147085e-04
1.098483483483483496e+03 5.363988315442065353e-04
1.099684684684684726e+03 5.296412156871734911e-04
1.100885885885885955e+03 5.229594652407477604e-04
1.102087087087087184e+03 5.163528624234885048e-04
1.103288288288288413e+03 5.098206943856764756e-04
1.104489489489489415e+03 5.033622532011159268e-04
1.105690690690690644e+03 4.969768358585213881e-04
1.106891891891891873e+03 4.906637442525304963e-04
1.108093093093093103e+03 4.844222851743218514e-04
1.109294294294294332e+03 4.782517703018543788e-04
1.110495495495495561e+03 4.721515161897358388e-04
1.111696696696696790e+03 4.661208442587361526e-04
1.112897897897898019e+03 4.601590807849183294e-04
1.114099099099099021e+03 4.542655568884495544e-04
1.115300300300300250e+03 4.484396085220373595e-04
1.116501501501501480e+03 4.426805764590456289e-04
1.117702702702702709e+03 4.369878062812763454e-04
1.118903903903903938e+03 4.313606483664184869e-04
1.120105105105105167e+03 4.257984578751754560e-04
1.121306306306306396e+03 4.203005947380927289e-04
1.122507507507507626e+03 4.148664236420663144e-04
1.123708708708708627e+03 4.094953140165526781e-04
1.124909909909909857e+03 4.041866400194836007e-04
1.126111111111111086e+03 3.989397805229023429e-04
1.127312312312312315e+03 3.937541190982982381e-04
1.128513513513513544e+03 3.886290440016791810e-04
1.129714714714714773e+03 3.835639481583700823e-04
1.130915915915916003e+03 3.785582291475402743e-04
1.132117117117117232e+03 3.736112891864859942e-04
1.133318318318318234e+03 3.687225351146411674e-04
1.134519519519519463e+03 3.638913783773515620e-04
1.135720720720720692e+03 3.591172350094090117e-04
1.136921921921921921e+03 3.543995256183439134e-04
1.138123123123123150e+03 3.497376753674863578e-04
1.139324324324324380e+03 3.451311139588090094e-04
1.140525525525525609e+03 3.405792756155389973e-04
1.141726726726726838e+03 3.360815990645695537e-04
1.142927927927927840e+03 3.316375275186489576e-04
1.144129129129129069e+03 3.272465086583757317e-04
1.145330330330330298e+03 3.229079946139894121e-04
1.146531531531531527e+03 3.186214419469775468e-04
1.147732732732732757e+03 3.143863116314768577e-04
1.148933933933933986e+03 3.102020690355120438e-04
1.150135135135135215e+03 3.060681839020396987e-04
1.151336336336336444e+03 3.019841303298331217e-04
1.152537537537537446e+03 2.979493867541923549e-04
1.153738738738738675e+03 2.939634359274843813e-04
1.154939939939939904e+03 2.900257648995442725e-04
1.156141141141141134e+03 2.861358649979001004e-04
1.157342342342342363e+03 2.822932318078708340e-04
1.158543543543543592e+03 2.784973651525006846e-04
1.159744744744744821e+03 2.747477690723724541e-04
1.160945945945946050e+03 2.710439518052707754e-04
1.162147147147147052e+03 2.673854257657230543e-04
1.163348348348348281e+03 2.637717075244140489e-04
1.164549549549549511e+03 2.602023177874810225e-04
1.165750750750750740e+03 2.566767813756869253e-04
1.166951951951951969e+03 2.531946272034818479e-04
1.168153153153153198e+03 2.497553882579646748e-04
1.169354354354354427e+03 2.463586015777254751e-04
1.170555555555555657e+03 2.430038082316054397e-04
1.171756756756756886e+03 2.396905532973455256e-04
1.172957957957957888e+03 2.364183858401556278e-04
1.174159159159159117e+03 2.331868588911869048e-04
1.175360360360360346e+03 2.299955294259266108e-04
1.176561561561561575e+03 2.268439583425112065e-04
1.177762762762762804e+03 2.237317104399621929e-04
1.178963963963964034e+03 2.206583543963521496e-04
1.180165165165165263e+03 2.176234627469025775e-04
1.181366366366366492e+03 2.146266118620140863e-04
1.182567567567567494e+03 2.116673819252398248e-04
1.183768768768768723e+03 2.087453569111984663e-04
1.184969969969969952e+03 2.058601245634353425e-04
1.186171171171171181e+03 2.030112763722349508e-04
1.187372372372372411e+03 2.001984075523826668e-04
1.188573573573573640e+03 1.974211170208868289e-04
1.189774774774774869e+03 1.946790073746580783e-04
1.190975975975976098e+03 1.919716848681569054e-04
1.192177177177177100e+03 1.892987593910018659e-04
1.193378378378378329e+03 1.866598444455541076e-04
1.194579579579579558e+03 1.840545571244700486e-04
1.195780780780780788e+03 1.814825180882336994e-04
1.196981981981982017e+03 1.789433515426664615e-04
1.198183183183183246e+03 1.764366852164213936e-04
1.199384384384384475e+03 1.739621503384610531e-04
1.200585585585585704e+03 1.715193816155265280e-04
1.201786786786786706e+03 1.691080172095961963e-04
1.202987987987987935e+03 1.667276987153358384e-04
1.204189189189189165e+03 1.643780711375532225e-04
1.205390390390390394e+03 1.620587828686464549e-04
1.206591591591591623e+03 1.597694856660581320e-04
1.207792792792792852e+03 1.575098346297333402e-04
1.208993993993994081e+03 1.552794881795843782e-04
1.210195195195195311e+03 1.530781080329720136e-04
1.211396396396396312e+03 1.509053591821921602e-04
1.212597597597597542e+03 1.487609098719833720e-04
1.213798798798798771e+03 1.466444315770530670e-04
1.215000000000000000e+03 1.445555989796202037e-04
