5.000000000000000000e-01 1.344816704216052813e+03
5.120120120120119633e-01 1.345284453239476079e+03
5.240240240240240377e-01 1.345752013084038936e+03
5.360360360360360010e-01 1.346219383103783230e+03
5.480480480480480754e-01 1.346686562652226485e+03
5.600600600600600387e-01 1.347153551082385775e+03
5.720720720720721131e-01 1.347620347746795915e+03
5.840840840840840764e-01 1.348086951997529923e+03
5.960960960960961508e-01 1.348553363186216757e+03
6.081081081081081141e-01 1.349019580664056548e+03
6.201201201201200774e-01 1.349485603781840609e+03
6.321321321321321518e-01 1.349951431889963260e+03
6.441441441441441151e-01 1.350417064338438422e+03
6.561561561561561895e-01 1.350882500476913492e+03
6.681681681681681528e-01 1.351347739654681618e+03
6.801801801801801162e-01 1.351812781220695115e+03
6.921921921921921905e-01 1.352277624523576605e+03
7.042042042042042649e-01 1.352742268911631299e+03
7.162162162162162282e-01 1.353206713732857907e+03
7.282282282282281916e-01 1.353670958334957277e+03
7.402402402402402659e-01 1.354135002065345134e+03
7.522522522522522292e-01 1.354598844271157986e+03
7.642642642642643036e-01 1.355062484299264725e+03
7.762762762762762669e-01 1.355525921496274577e+03
7.882882882882882303e-01 1.355989155208544389e+03
8.003003003003003046e-01 1.356452184782186805e+03
8.123123123123123790e-01 1.356915009563079138e+03
8.243243243243243423e-01 1.357377628896868146e+03
8.363363363363363057e-01 1.357840042128977757e+03
8.483483483483482690e-01 1.358302248604616807e+03
8.603603603603603434e-01 1.358764247668784492e+03
8.723723723723724177e-01 1.359226038666275372e+03
8.843843843843843811e-01 1.359687620941687101e+03
8.963963963963963444e-01 1.360148993839424520e+03
9.084084084084084187e-01 1.360610156703704661e+03
9.204204204204204931e-01 1.361071108878564928e+03
9.324324324324324564e-01 1.361531849707863103e+03
9.444444444444444198e-01 1.361992378535288026e+03
9.564564564564563831e-01 1.362452694704358464e+03
9.684684684684684575e-01 1.362912797558431748e+03
9.804804804804805318e-01 1.363372686440706730e+03
9.924924924924924952e-01 1.363832360694226736e+03
1.004504504504504458e+00 1.364291819661885484e+03
1.016516516516516422e+00 1.364751062686430714e+03
1.028528528528528607e+00 1.365210089110467152e+03
1.040540540540540571e+00 1.365668898276460595e+03
1.052552552552552534e+00 1.366127489526741101e+03
1.064564564564564719e+00 1.366585862203508213e+03
1.076576576576576461e+00 1.367044015648832783e+03
1.088588588588588646e+00 1.367501949204659923e+03
1.100600600600600609e+00 1.367959662212814010e+03
1.112612612612612573e+00 1.368417154014999596e+03
1.124624624624624758e+00 1.368874423952807092e+03
1.136636636636636499e+00 1.369331471367714812e+03
1.148648648648648685e+00 1.369788295601089658e+03
1.160660660660660648e+00 1.370244895994193257e+03
1.172672672672672611e+00 1.370701271888184465e+03
1.184684684684684797e+00 1.371157422624119363e+03
1.196696696696696538e+00 1.371613347542957627e+03
1.208708708708708723e+00 1.372069045985562070e+03
1.220720720720720687e+00 1.372524517292703877e+03
1.232732732732732650e+00 1.372979760805063734e+03
1.244744744744744835e+00 1.373434775863234563e+03
1.256756756756756799e+00 1.373889561807724931e+03
1.268768768768768762e+00 1.374344117978959503e+03
1.280780780780780725e+00 1.374798443717284954e+03
1.292792792792792689e+00 1.375252538362967925e+03
1.304804804804804874e+00 1.375706401256202525e+03
1.316816816816816837e+00 1.376160031737108284e+03
1.328828828828828801e+00 1.376613429145734472e+03
1.340840840840840986e+00 1.377066592822062603e+03
1.352852852852852727e+00 1.377519522106008708e+03
1.364864864864864913e+00 1.377972216337425152e+03
1.376876876876876876e+00 1.378424674856102001e+03
1.388888888888888840e+00 1.378876897001772022e+03
1.400900900900901025e+00 1.379328882114110229e+03
1.412912912912912766e+00 1.379780629532737294e+03
1.424924924924924952e+00 1.380232138597221592e+03
1.436936936936936915e+00 1.380683408647081478e+03
1.448948948948948878e+00 1.381134439021787102e+03
1.460960960960961064e+00 1.381585229060762458e+03
1.472972972972972805e+00 1.382035778103388793e+03
1.484984984984984990e+00 1.382486085489005518e+03
1.496996996996996954e+00 1.382936150556911798e+03
1.509009009009008917e+00 1.383385972646370419e+03
1.521021021021021102e+00 1.383835551096608015e+03
1.533033033033033066e+00 1.384284885246819385e+03
1.545045045045045029e+00 1.384733974436167273e+03
1.557057057057056992e+00 1.385182818003785769e+03
1.569069069069068956e+00 1.385631415288781909e+03
1.581081081081081141e+00 1.386079765630238171e+03
1.593093093093093104e+00 1.386527868367213841e+03
1.605105105105105068e+00 1.386975722838747743e+03
1.617117117117117031e+00 1.387423328383860508e+03
1.629129129129129216e+00 1.387870684341554579e+03
1.641141141141141180e+00 1.388317790050818985e+03
1.653153153153153143e+00 1.388764644850630020e+03
1.665165165165165106e+00 1.389211248079953066e+03
1.677177177177177070e+00 1.389657599077745090e+03
1.689189189189189255e+00 1.390103697182956012e+03
1.701201201201201219e+00 1.390549541734532113e+03
1.713213213213213182e+00 1.390995132071416265e+03
1.725225225225225145e+00 1.391440467532550883e+03
1.737237237237237331e+00 1.391885547456880659e+03
1.749249249249249294e+00 1.392330371183352099e+03
1.761261261261261257e+00 1.392774938050918308e+03
1.773273273273273221e+00 1.393219247398539892e+03
1.785285285285285184e+00 1.393663298565186096e+03
1.797297297297297369e+00 1.394107090889837991e+03
1.809309309309309333e+00 1.394550623711489379e+03
1.821321321321321296e+00 1.394993896369150661e+03
1.833333333333333259e+00 1.395436908201848382e+03
1.845345345345345223e+00 1.395879658548628640e+03
1.857357357357357408e+00 1.396322146748558907e+03
1.869369369369369371e+00 1.396764372140729620e+03
1.881381381381381335e+00 1.397206334064256907e+03
1.893393393393393298e+00 1.397648031858283275e+03
1.905405405405405483e+00 1.398089464861981469e+03
1.917417417417417447e+00 1.398530632414553793e+03
1.929429429429429410e+00 1.398971533855236657e+03
1.941441441441441373e+00 1.399412168523301489e+03
1.953453453453453337e+00 1.399852535758056320e+03
1.965465465465465522e+00 1.400292634898848291e+03
1.977477477477477485e+00 1.400732465285065928e+03
1.989489489489489449e+00 1.401172026256138679e+03
2.001501501501501412e+00 1.401611317151542835e+03
2.013513513513513598e+00 1.402050337310801524e+03
2.025525525525525339e+00 1.402489086073485169e+03
2.037537537537537524e+00 1.402927562779215577e+03
2.049549549549549710e+00 1.403365766767667083e+03
2.061561561561561451e+00 1.403803697378569041e+03
2.073573573573573636e+00 1.404241353951707197e+03
2.085585585585585378e+00 1.404678735826925049e+03
2.097597597597597563e+00 1.405115842344127714e+03
2.109609609609609748e+00 1.405552672843281698e+03
2.121621621621621934e+00 1.405989226664418538e+03
2.133633633633633675e+00 1.406425503147635709e+03
2.145645645645645416e+00 1.406861501633099351e+03
2.157657657657657602e+00 1.407297221461045183e+03
2.169669669669669787e+00 1.407732661971781681e+03
2.181681681681681972e+00 1.408167822505691447e+03
2.193693693693693714e+00 1.408602702403232570e+03
2.205705705705705455e+00 1.409037301004941583e+03
2.217717717717717640e+00 1.409471617651435281e+03
2.229729729729729826e+00 1.409905651683411634e+03
2.241741741741742011e+00 1.410339402441653192e+03
2.253753753753753752e+00 1.410772869267027545e+03
2.265765765765765494e+00 1.411206051500491185e+03
2.277777777777777679e+00 1.411638948483089280e+03
2.289789789789789864e+00 1.412071559555958856e+03
2.301801801801802050e+00 1.412503884060331302e+03
2.313813813813813791e+00 1.412935921337532136e+03
2.325825825825825532e+00 1.413367670728986241e+03
2.337837837837837718e+00 1.413799131576216496e+03
2.349849849849849903e+00 1.414230303220847645e+03
2.361861861861862089e+00 1.414661185004608569e+03
2.373873873873873830e+00 1.415091776269331376e+03
2.385885885885885571e+00 1.415522076356957541e+03
2.397897897897897757e+00 1.415952084609537451e+03
2.409909909909909942e+00 1.416381800369231541e+03
2.421921921921922127e+00 1.416811222978313481e+03
2.433933933933933869e+00 1.417240351779173352e+03
2.445945945945945610e+00 1.417669186114316517e+03
2.457957957957957795e+00 1.418097725326369300e+03
2.469969969969969981e+00 1.418525968758076488e+03
2.481981981981982166e+00 1.418953915752307012e+03
2.493993993993993907e+00 1.419381565652055315e+03
2.506006006006006093e+00 1.419808917800440895e+03
2.518018018018017834e+00 1.420235971540713081e+03
2.530030030030030019e+00 1.420662726216251031e+03
2.542042042042042205e+00 1.421089181170567144e+03
2.554054054054053946e+00 1.421515335747308427e+03
2.566066066066066131e+00 1.421941189290257398e+03
2.578078078078077873e+00 1.422366741143335958e+03
2.590090090090090058e+00 1.422791990650605385e+03
2.602102102102102243e+00 1.423216937156270205e+03
2.614114114114113985e+00 1.423641580004678644e+03
2.626126126126126170e+00 1.424065918540325356e+03
2.638138138138137911e+00 1.424489952107852559e+03
2.650150150150150097e+00 1.424913680052053223e+03
2.662162162162162282e+00 1.425337101717871747e+03
2.674174174174174023e+00 1.425760216450406915e+03
2.686186186186186209e+00 1.426183023594913493e+03
2.698198198198198394e+00 1.426605522496803360e+03
2.710210210210210136e+00 1.427027712501648921e+03
2.722222222222222321e+00 1.427449592955183334e+03
2.734234234234234062e+00 1.427871163203305287e+03
2.746246246246246248e+00 1.428292422592076946e+03
2.758258258258258433e+00 1.428713370467729192e+03
2.770270270270270174e+00 1.429134006176662297e+03
2.782282282282282360e+00 1.429554329065447519e+03
2.794294294294294101e+00 1.429974338480830056e+03
2.806306306306306286e+00 1.430394033769730186e+03
2.818318318318318472e+00 1.430813414279245535e+03
2.830330330330330213e+00 1.431232479356652220e+03
2.842342342342342398e+00 1.431651228349408257e+03
2.854354354354354140e+00 1.432069660605155150e+03
2.866366366366366325e+00 1.432487775471718351e+03
2.878378378378378510e+00 1.432905572297110439e+03
2.890390390390390252e+00 1.433323050429533851e+03
2.902402402402402437e+00 1.433740209217380880e+03
2.914414414414414178e+00 1.434157048009237087e+03
2.926426426426426364e+00 1.434573566153882211e+03
2.938438438438438549e+00 1.434989763000293351e+03
2.950450450450450290e+00 1.435405637897645647e+03
2.962462462462462476e+00 1.435821190195315239e+03
2.974474474474474661e+00 1.436236419242880402e+03
2.986486486486486402e+00 1.436651324390123818e+03
2.998498498498498588e+00 1.437065904987034628e+03
3.010510510510510329e+00 1.437480160383810016e+03
3.022522522522522515e+00 1.437894089930857945e+03
3.034534534534534700e+00 1.438307692978797832e+03
3.046546546546546441e+00 1.438720968878463509e+03
3.058558558558558627e+00 1.439133916980904814e+03
3.070570570570570368e+00 1.439546536637389863e+03
3.082582582582582553e+00 1.439958827199406187e+03
3.094594594594594739e+00 1.440370788018663234e+03
3.106606606606606480e+00 1.440782418447094415e+03
3.118618618618618665e+00 1.441193717836858696e+03
3.130630630630630407e+00 1.441604685540342643e+03
3.142642642642642592e+00 1.442015320910162245e+03
3.154654654654654777e+00 1.442425623299165409e+03
3.166666666666666519e+00 1.442835592060433328e+03
3.178678678678678704e+00 1.443245226547282073e+03
3.190690690690690445e+00 1.443654526113265774e+03
3.202702702702702631e+00 1.444063490112177305e+03
3.214714714714714816e+00 1.444472117898050783e+03
3.226726726726726557e+00 1.444880408825162931e+03
3.238738738738738743e+00 1.445288362248036492e+03
3.250750750750750928e+00 1.445695977521440682e+03
3.262762762762762669e+00 1.446103254000393235e+03
3.274774774774774855e+00 1.446510191040163136e+03
3.286786786786786596e+00 1.446916787996271523e+03
3.298798798798798781e+00 1.447323044224495106e+03
3.310810810810810967e+00 1.447728959080866161e+03
3.322822822822822708e+00 1.448134531921676398e+03
3.334834834834834894e+00 1.448539762103477415e+03
3.346846846846846635e+00 1.448944648983083425e+03
3.358858858858858820e+00 1.449349191917572398e+03
3.370870870870871006e+00 1.449753390264289010e+03
3.382882882882882747e+00 1.450157243380846239e+03
3.394894894894894932e+00 1.450560750625126957e+03
3.406906906906906674e+00 1.450963911355285063e+03
3.418918918918918859e+00 1.451366724929750262e+03
3.430930930930931044e+00 1.451769190707226471e+03
3.442942942942942786e+00 1.452171308046695458e+03
3.454954954954954971e+00 1.452573076307420251e+03
3.466966966966967156e+00 1.452974494848943550e+03
3.478978978978978898e+00 1.453375563031092724e+03
3.490990990990991083e+00 1.453776280213979817e+03
3.503003003003002824e+00 1.454176645758004497e+03
3.515015015015015010e+00 1.454576659023856564e+03
3.527027027027027195e+00 1.454976319372515945e+03
3.539039039039038936e+00 1.455375626165255426e+03
3.551051051051051122e+00 1.455774578763643831e+03
3.563063063063062863e+00 1.456173176529546254e+03
3.575075075075075048e+00 1.456571418825127239e+03
3.587087087087087234e+00 1.456969305012851464e+03
3.599099099099098975e+00 1.457366834455486014e+03
3.611111111111111160e+00 1.457764006516103791e+03
3.623123123123122902e+00 1.458160820558083515e+03
3.635135135135135087e+00 1.458557275945111996e+03
3.647147147147147273e+00 1.458953372041186640e+03
3.659159159159159014e+00 1.459349108210617260e+03
3.671171171171171199e+00 1.459744483818027447e+03
3.683183183183182940e+00 1.460139498228357525e+03
3.695195195195195126e+00 1.460534150806865682e+03
3.707207207207207311e+00 1.460928440919129343e+03
3.719219219219219053e+00 1.461322367931047665e+03
3.731231231231231238e+00 1.461715931208844495e+03
3.743243243243243423e+00 1.462109130119068368e+03
3.755255255255255165e+00 1.462501964028596149e+03
3.767267267267267350e+00 1.462894432304633710e+03
3.779279279279279091e+00 1.463286534314717528e+03
3.791291291291291277e+00 1.463678269426718543e+03
3.803303303303303462e+00 1.464069637008842392e+03
3.815315315315315203e+00 1.464460636429630995e+03
3.827327327327327389e+00 1.464851267057966425e+03
3.839339339339339130e+00 1.465241528263070904e+03
3.851351351351351315e+00 1.465631419414509082e+03
3.863363363363363501e+00 1.466020939882191442e+03
3.875375375375375242e+00 1.466410089036374075e+03
3.887387387387387427e+00 1.466798866247660953e+03
3.899399399399399169e+00 1.467187270887007799e+03
3.911411411411411354e+00 1.467575302325721850e+03
3.923423423423423539e+00 1.467962959935464141e+03
3.935435435435435281e+00 1.468350243088252455e+03
3.947447447447447466e+00 1.468737151156462232e+03
3.959459459459459651e+00 1.469123683512828165e+03
3.971471471471471393e+00 1.469509839530447380e+03
3.983483483483483578e+00 1.469895618582780344e+03
3.995495495495495319e+00 1.470281020043653143e+03
4.007507507507507505e+00 1.470666043287258844e+03
4.019519519519519690e+00 1.471050687688160224e+03
4.031531531531530987e+00 1.471434952621290904e+03
4.043543543543544061e+00 1.471818837461957855e+03
4.055555555555555358e+00 1.472202341585843214e+03
4.067567567567567544e+00 1.472585464369005194e+03
4.079579579579579729e+00 1.472968205187880585e+03
4.091591591591591026e+00 1.473350563419288164e+03
4.103603603603604100e+00 1.473732538440427334e+03
4.115615615615615397e+00 1.474114129628884029e+03
4.127627627627627582e+00 1.474495336362628450e+03
4.139639639639639768e+00 1.474876158020019602e+03
4.151651651651651065e+00 1.475256593979807121e+03
4.163663663663664138e+00 1.475636643621131270e+03
4.175675675675675436e+00 1.476016306323527942e+03
4.187687687687687621e+00 1.476395581466926387e+03
4.199699699699699806e+00 1.476774468431655123e+03
4.211711711711711104e+00 1.477152966598441481e+03
4.223723723723724177e+00 1.477531075348413879e+03
4.235735735735735474e+00 1.477908794063104324e+03
4.247747747747747660e+00 1.478286122124449093e+03
4.259759759759759845e+00 1.478663058914792373e+03
4.271771771771771142e+00 1.479039603816886256e+03
4.283783783783784216e+00 1.479415756213893701e+03
4.295795795795795513e+00 1.479791515489391259e+03
4.307807807807807698e+00 1.480166881027367481e+03
4.319819819819819884e+00 1.480541852212229742e+03
4.331831831831831181e+00 1.480916428428801282e+03
4.343843843843844255e+00 1.481290609062327121e+03
4.355855855855855552e+00 1.481664393498473373e+03
4.367867867867867737e+00 1.482037781123329523e+03
4.379879879879879923e+00 1.482410771323411154e+03
4.391891891891891220e+00 1.482783363485660857e+03
4.403903903903904293e+00 1.483155556997450958e+03
4.415915915915915591e+00 1.483527351246584885e+03
4.427927927927927776e+00 1.483898745621298758e+03
4.439939939939939961e+00 1.484269739510262980e+03
4.451951951951951258e+00 1.484640332302587240e+03
4.463963963963964332e+00 1.485010523387815965e+03
4.475975975975975629e+00 1.485380312155937418e+03
4.487987987987987815e+00 1.485749697997380281e+03
4.500000000000000000e+00 1.486118680303017754e+03
4.512012012012012185e+00 1.486487258464169145e+03
4.524024024024024371e+00 1.486855431872602139e+03
4.536036036036035668e+00 1.487223199920532807e+03
4.548048048048047853e+00 1.487590562000629916e+03
4.560060060060060039e+00 1.487957517506015620e+03
4.572072072072072224e+00 1.488324065830266363e+03
4.584084084084084409e+00 1.488690206367416295e+03
4.596096096096095707e+00 1.489055938511959312e+03
4.608108108108107892e+00 1.489421261658847925e+03
4.620120120120120077e+00 1.489786175203498942e+03
4.632132132132132263e+00 1.490150678541793923e+03
4.644144144144144448e+00 1.490514771070079178e+03
4.656156156156155745e+00 1.490878452185170772e+03
4.668168168168167931e+00 1.491241721284353162e+03
4.680180180180180116e+00 1.491604577765384192e+03
4.692192192192192302e+00 1.491967021026493740e+03
4.704204204204204487e+00 1.492329050466388708e+03
4.716216216216215784e+00 1.492690665484252349e+03
4.728228228228227970e+00 1.493051865479747221e+03
4.740240240240240155e+00 1.493412649853016546e+03
4.752252252252252340e+00 1.493773018004687174e+03
4.764264264264264526e+00 1.494132969335870030e+03
4.776276276276275823e+00 1.494492503248162620e+03
4.788288288288288008e+00 1.494851619143650851e+03
4.800300300300300194e+00 1.495210316424909934e+03
4.812312312312312379e+00 1.495568594495008256e+03
4.824324324324324564e+00 1.495926452757507150e+03
4.836336336336335862e+00 1.496283890616463850e+03
4.848348348348348047e+00 1.496640907476432176e+03
4.860360360360360232e+00 1.496997502742466850e+03
4.872372372372372418e+00 1.497353675820121907e+03
4.884384384384384603e+00 1.497709426115455017e+03
4.896396396396396788e+00 1.498064753035028616e+03
4.908408408408408086e+00 1.498419655985911049e+03
4.920420420420420271e+00 1.498774134375679523e+03
4.932432432432432456e+00 1.499128187612420788e+03
4.944444444444444642e+00 1.499481815104734324e+03
4.956456456456456827e+00 1.499835016261732335e+03
4.968468468468468124e+00 1.500187790493043167e+03
4.980480480480480310e+00 1.500540137208812439e+03
4.992492492492492495e+00 1.500892055819704410e+03
5.004504504504504681e+00 1.501243545736905162e+03
5.016516516516516866e+00 1.501594606372122826e+03
5.028528528528528163e+00 1.501945237137589857e+03
5.040540540540540349e+00 1.502295437446065762e+03
5.052552552552552534e+00 1.502645206710838011e+03
5.064564564564564719e+00 1.502994544345723398e+03
5.076576576576576905e+00 1.503343449765070773e+03
5.088588588588588202e+00 1.503691922383763313e+03
5.100600600600600387e+00 1.504039961617218296e+03
5.112612612612612573e+00 1.504387566881390512e+03
5.124624624624624758e+00 1.504734737592773854e+03
5.136636636636636943e+00 1.505081473168402454e+03
5.148648648648648241e+00 1.505427773025853867e+03
5.160660660660660426e+00 1.505773636583248390e+03
5.172672672672672611e+00 1.506119063259253608e+03
5.184684684684684797e+00 1.506464052473084621e+03
5.196696696696696982e+00 1.506808603644506093e+03
5.208708708708708279e+00 1.507152716193833612e+03
5.220720720720720465e+00 1.507496389541936196e+03
5.232732732732732650e+00 1.507839623110238790e+03
5.244744744744744835e+00 1.508182416320721131e+03
5.256756756756757021e+00 1.508524768595922751e+03
5.268768768768768318e+00 1.508866679358943429e+03
5.280780780780780503e+00 1.509208148033444331e+03
5.292792792792792689e+00 1.509549174043651192e+03
5.304804804804804874e+00 1.509889756814354087e+03
5.316816816816817060e+00 1.510229895770912208e+03
5.328828828828828357e+00 1.510569590339252272e+03
5.340840840840840542e+00 1.510908839945872387e+03
5.352852852852852727e+00 1.511247644017843413e+03
5.364864864864864913e+00 1.511586001982811240e+03
5.376876876876877098e+00 1.511923913268996102e+03
5.388888888888889284e+00 1.512261377305197811e+03
5.400900900900900581e+00 1.512598393520795298e+03
5.412912912912912766e+00 1.512934961345748434e+03
5.424924924924924952e+00 1.513271080210600985e+03
5.436936936936937137e+00 1.513606749546481069e+03
5.448948948948949322e+00 1.513941968785104109e+03
5.460960960960960620e+00 1.514276737358773289e+03
5.472972972972972805e+00 1.514611054700382283e+03
5.484984984984984990e+00 1.514944920243416846e+03
5.496996996996997176e+00 1.515278333421955494e+03
5.509009009009009361e+00 1.515611293670673376e+03
5.521021021021020658e+00 1.515943800424842038e+03
5.533033033033032844e+00 1.516275853120332386e+03
5.545045045045045029e+00 1.516607451193615134e+03
5.557057057057057214e+00 1.516938594081763995e+03
5.569069069069069400e+00 1.517269281222457039e+03
5.581081081081080697e+00 1.517599512053976696e+03
5.593093093093092882e+00 1.517929286015214984e+03
5.605105105105105068e+00 1.518258602545671692e+03
5.617117117117117253e+00 1.518587461085458244e+03
5.629129129129129439e+00 1.518915861075298835e+03
5.641141141141140736e+00 1.519243801956531797e+03
5.653153153153152921e+00 1.519571283171111418e+03
5.665165165165165106e+00 1.519898304161610895e+03
5.677177177177177292e+00 1.520224864371222111e+03
5.689189189189189477e+00 1.520550963243758360e+03
5.701201201201200774e+00 1.520876600223656624e+03
5.713213213213212960e+00 1.521201774755978249e+03
5.725225225225225145e+00 1.521526486286410773e+03
5.737237237237237331e+00 1.521850734261270418e+03
5.749249249249249516e+00 1.522174518127503688e+03
5.761261261261260813e+00 1.522497837332686913e+03
5.773273273273272999e+00 1.522820691325031703e+03
5.785285285285285184e+00 1.523143079553384041e+03
5.797297297297297369e+00 1.523465001467226784e+03
5.809309309309309555e+00 1.523786456516680346e+03
5.821321321321320852e+00 1.524107444152506105e+03
5.833333333333333037e+00 1.524427963826107316e+03
5.845345345345345223e+00 1.524748014989530702e+03
5.857357357357357408e+00 1.525067597095467363e+03
5.869369369369369593e+00 1.525386709597257095e+03
5.881381381381380891e+00 1.525705351948885664e+03
5.893393393393393076e+00 1.526023523604991851e+03
5.905405405405405261e+00 1.526341224020864729e+03
5.917417417417417447e+00 1.526658452652447750e+03
5.929429429429429632e+00 1.526975208956339202e+03
5.941441441441441818e+00 1.527291492389794712e+03
5.953453453453453115e+00 1.527607302410728380e+03
5.965465465465465300e+00 1.527922638477715509e+03
5.977477477477477485e+00 1.528237500049992605e+03
5.989489489489489671e+00 1.528551886587460103e+03
6.001501501501501856e+00 1.528865797550683510e+03
6.013513513513513153e+00 1.529179232400895899e+03
6.025525525525525339e+00 1.529492190599999731e+03
6.037537537537537524e+00 1.529804671610566629e+03
6.049549549549549710e+00 1.530116674895840561e+03
6.061561561561561895e+00 1.530428199919739882e+03
6.073573573573573192e+00 1.530739246146858250e+03
6.085585585585585378e+00 1.531049813042465075e+03
6.097597597597597563e+00 1.531359900072510754e+03
6.109609609609609748e+00 1.531669506703624165e+03
6.121621621621621934e+00 1.531978632403116762e+03
6.133633633633633231e+00 1.532287276638984395e+03
6.145645645645645416e+00 1.532595438879907533e+03
6.157657657657657602e+00 1.532903118595254227e+03
6.169669669669669787e+00 1.533210315255079649e+03
6.181681681681681972e+00 1.533517028330131097e+03
6.193693693693693270e+00 1.533823257291846858e+03
6.205705705705705455e+00 1.534129001612359161e+03
6.217717717717717640e+00 1.534434260764494866e+03
6.229729729729729826e+00 1.534739034221778638e+03
6.241741741741742011e+00 1.535043321458432501e+03
6.253753753753753308e+00 1.535347121949379243e+03
6.265765765765765494e+00 1.535650435170243554e+03
6.277777777777777679e+00 1.535953260597352937e+03
6.289789789789789864e+00 1.536255597707740208e+03
6.301801801801802050e+00 1.536557445979144859e+03
6.313813813813813347e+00 1.536858804890014426e+03
6.325825825825825532e+00 1.537159673919506758e+03
6.337837837837837718e+00 1.537460052547490477e+03
6.349849849849849903e+00 1.537759940254547701e+03
6.361861861861862089e+00 1.538059336521975411e+03
6.373873873873873386e+00 1.538358240831786816e+03
6.385885885885885571e+00 1.538656652666712944e+03
6.397897897897897757e+00 1.538954571510204460e+03
6.409909909909909942e+00 1.539251996846433258e+03
6.421921921921922127e+00 1.539548928160294054e+03
6.433933933933934313e+00 1.539845364937405293e+03
6.445945945945945610e+00 1.540141306664112790e+03
6.457957957957957795e+00 1.540436752827488135e+03
6.469969969969969981e+00 1.540731702915333472e+03
6.481981981981982166e+00 1.541026156416181266e+03
6.493993993993994351e+00 1.541320112819296355e+03
6.506006006006005649e+00 1.541613571614677085e+03
6.518018018018017834e+00 1.541906532293058490e+03
6.530030030030030019e+00 1.542198994345910933e+03
6.542042042042042205e+00 1.542490957265445559e+03
6.554054054054054390e+00 1.542782420544612478e+03
6.566066066066065687e+00 1.543073383677103493e+03
6.578078078078077873e+00 1.543363846157354828e+03
6.590090090090090058e+00 1.543653807480547357e+03
6.602102102102102243e+00 1.543943267142607965e+03
6.614114114114114429e+00 1.544232224640212507e+03
6.626126126126125726e+00 1.544520679470786263e+03
6.638138138138137911e+00 1.544808631132505752e+03
6.650150150150150097e+00 1.545096079124300104e+03
6.662162162162162282e+00 1.545383022945853781e+03
6.674174174174174468e+00 1.545669462097606583e+03
6.686186186186185765e+00 1.545955396080755463e+03
6.698198198198197950e+00 1.546240824397257938e+03
6.710210210210210136e+00 1.546525746549830274e+03
6.722222222222222321e+00 1.546810162041952708e+03
6.734234234234234506e+00 1.547094070377868093e+03
6.746246246246245803e+00 1.547377471062584846e+03
6.758258258258257989e+00 1.547660363601878998e+03
6.770270270270270174e+00 1.547942747502293969e+03
6.782282282282282360e+00 1.548224622271143971e+03
6.794294294294294545e+00 1.548505987416513790e+03
6.806306306306305842e+00 1.548786842447262416e+03
6.818318318318318028e+00 1.549067186873022138e+03
6.830330330330330213e+00 1.549347020204202408e+03
6.842342342342342398e+00 1.549626341951989843e+03
6.854354354354354584e+00 1.549905151628350040e+03
6.866366366366365881e+00 1.550183448746029399e+03
6.878378378378378066e+00 1.550461232818557164e+03
6.890390390390390252e+00 1.550738503360245431e+03
6.902402402402402437e+00 1.551015259886191643e+03
6.914414414414414622e+00 1.551291501912281319e+03
6.926426426426426808e+00 1.551567228955185783e+03
6.938438438438438105e+00 1.551842440532368300e+03
6.950450450450450290e+00 1.552117136162082943e+03
6.962462462462462476e+00 1.552391315363376407e+03
6.974474474474474661e+00 1.552664977656088695e+03
6.986486486486486847e+00 1.552938122560857892e+03
6.998498498498498144e+00 1.553210749599117435e+03
7.010510510510510329e+00 1.553482858293100207e+03
7.022522522522522515e+00 1.553754448165839904e+03
7.034534534534534700e+00 1.554025518741171481e+03
7.046546546546546885e+00 1.554296069543732983e+03
7.058558558558558182e+00 1.554566100098967809e+03
7.070570570570570368e+00 1.554835609933125625e+03
7.082582582582582553e+00 1.555104598573264184e+03
7.094594594594594739e+00 1.555373065547248871e+03
7.106606606606606924e+00 1.555641010383757248e+03
7.118618618618618221e+00 1.555908432612279512e+03
7.130630630630630407e+00 1.556175331763117583e+03
7.142642642642642592e+00 1.556441707367390563e+03
7.154654654654654777e+00 1.556707558957033370e+03
7.166666666666666963e+00 1.556972886064798786e+03
7.178678678678678260e+00 1.557237688224258818e+03
7.190690690690690445e+00 1.557501964969808114e+03
7.202702702702702631e+00 1.557765715836661911e+03
7.214714714714714816e+00 1.558028940360860588e+03
7.226726726726727001e+00 1.558291638079269660e+03
7.238738738738738299e+00 1.558553808529581147e+03
7.250750750750750484e+00 1.558815451250315618e+03
7.262762762762762669e+00 1.559076565780823785e+03
7.274774774774774855e+00 1.559337151661286725e+03
7.286786786786787040e+00 1.559597208432718844e+03
7.298798798798798337e+00 1.559856735636968324e+03
7.310810810810810523e+00 1.560115732816718946e+03
7.322822822822822708e+00 1.560374199515491227e+03
7.334834834834834894e+00 1.560632135277644920e+03
7.346846846846847079e+00 1.560889539648378559e+03
7.358858858858858376e+00 1.561146412173732415e+03
7.370870870870870561e+00 1.561402752400589407e+03
7.382882882882882747e+00 1.561658559876677145e+03
7.394894894894894932e+00 1.561913834150567027e+03
7.406906906906907118e+00 1.562168574771679687e+03
7.418918918918919303e+00 1.562422781290282046e+03
7.430930930930930600e+00 1.562676453257492767e+03
7.442942942942942786e+00 1.562929590225279981e+03
7.454954954954954971e+00 1.563182191746465378e+03
7.466966966966967156e+00 1.563434257374724666e+03
7.478978978978979342e+00 1.563685786664588022e+03
7.490990990990990639e+00 1.563936779171443732e+03
7.503003003003002824e+00 1.564187234451537506e+03
7.515015015015015010e+00 1.564437152061975439e+03
7.527027027027027195e+00 1.564686531560723097e+03
7.539039039039039380e+00 1.564935372506610065e+03
7.551051051051050678e+00 1.565183674459329040e+03
7.563063063063062863e+00 1.565431436979437422e+03
7.575075075075075048e+00 1.565678659628360265e+03
7.587087087087087234e+00 1.565925341968389603e+03
7.599099099099099419e+00 1.566171483562687399e+03
7.611111111111110716e+00 1.566417083975285777e+03
7.623123123123122902e+00 1.566662142771089293e+03
7.635135135135135087e+00 1.566906659515875845e+03
7.647147147147147273e+00 1.567150633776298264e+03
7.659159159159159458e+00 1.567394065119885454e+03
7.671171171171170755e+00 1.567636953115043525e+03
7.683183183183182940e+00 1.567879297331058297e+03
7.695195195195195126e+00 1.568121097338095069e+03
7.707207207207207311e+00 1.568362352707200671e+03
7.719219219219219497e+00 1.568603063010305732e+03
7.731231231231230794e+00 1.568843227820224229e+03
7.743243243243242979e+00 1.569082846710656895e+03
7.755255255255255165e+00 1.569321919256190768e+03
7.767267267267267350e+00 1.569560445032301004e+03
7.779279279279279535e+00 1.569798423615352704e+03
7.791291291291290833e+00 1.570035854582602269e+03
7.803303303303303018e+00 1.570272737512198091e+03
7.815315315315315203e+00 1.570509071983182139e+03
7.827327327327327389e+00 1.570744857575492233e+03
7.839339339339339574e+00 1.570980093869961820e+03
7.851351351351350871e+00 1.571214780448321790e+03
7.863363363363363057e+00 1.571448916893202522e+03
7.875375375375375242e+00 1.571682502788134798e+03
7.887387387387387427e+00 1.571915537717550251e+03
7.899399399399399613e+00 1.572148021266784326e+03
7.911411411411410910e+00 1.572379953022076506e+03
7.923423423423423095e+00 1.572611332570571221e+03
7.935435435435435281e+00 1.572842159500320577e+03
7.947447447447447466e+00 1.573072433400284353e+03
7.959459459459459651e+00 1.573302153860331828e+03
7.971471471471471837e+00 1.573531320471243134e+03
7.983483483483483134e+00 1.573759932824710404e+03
7.995495495495495319e+00 1.573987990513339128e+03
8.007507507507508393e+00 1.574215493130649293e+03
8.019519519519519690e+00 1.574442440271077203e+03
8.031531531531530987e+00 1.574668831529975478e+03
8.043543543543542285e+00 1.574894666503616236e+03
8.055555555555555358e+00 1.575119944789191095e+03
8.067567567567568432e+00 1.575344665984811854e+03
8.079579579579579729e+00 1.575568829689513677e+03
8.091591591591591026e+00 1.575792435503254865e+03
8.103603603603602323e+00 1.576015483026918218e+03
8.115615615615615397e+00 1.576237971862313316e+03
8.127627627627628470e+00 1.576459901612176282e+03
8.139639639639639768e+00 1.576681271880172744e+03
8.151651651651651065e+00 1.576902082270897836e+03
8.163663663663662362e+00 1.577122332389876874e+03
8.175675675675675436e+00 1.577342021843568773e+03
8.187687687687688509e+00 1.577561150239366043e+03
8.199699699699699806e+00 1.577779717185595246e+03
8.211711711711711104e+00 1.577997722291519267e+03
8.223723723723722401e+00 1.578215165167338682e+03
8.235735735735735474e+00 1.578432045424193120e+03
8.247747747747748548e+00 1.578648362674159898e+03
8.259759759759759845e+00 1.578864116530259935e+03
8.271771771771771142e+00 1.579079306606454566e+03
8.283783783783782440e+00 1.579293932517650092e+03
8.295795795795795513e+00 1.579507993879695960e+03
8.307807807807808587e+00 1.579721490309388400e+03
8.319819819819819884e+00 1.579934421424470884e+03
8.331831831831831181e+00 1.580146786843634573e+03
8.343843843843842478e+00 1.580358586186520824e+03
8.355855855855855552e+00 1.580569819073721874e+03
8.367867867867868625e+00 1.580780485126780832e+03
8.379879879879879923e+00 1.580990583968195324e+03
8.391891891891891220e+00 1.581200115221416354e+03
8.403903903903902517e+00 1.581409078510850804e+03
8.415915915915915591e+00 1.581617473461862346e+03
8.427927927927928664e+00 1.581825299700772348e+03
8.439939939939939961e+00 1.582032556854861923e+03
8.451951951951951258e+00 1.582239244552371702e+03
8.463963963963964332e+00 1.582445362422504104e+03
8.475975975975975629e+00 1.582650910095424251e+03
8.487987987987988703e+00 1.582855887202261101e+03
8.500000000000000000e+00 1.583060293375108813e+03
8.512012012012011297e+00 1.583264128247026974e+03
8.524024024024024371e+00 1.583467391452043330e+03
8.536036036036035668e+00 1.583670082625153782e+03
8.548048048048048742e+00 1.583872201402323526e+03
8.560060060060060039e+00 1.584073747420489553e+03
8.572072072072071336e+00 1.584274720317559513e+03
8.584084084084084409e+00 1.584475119732415578e+03
8.596096096096095707e+00 1.584674945304912626e+03
8.608108108108108780e+00 1.584874196675882331e+03
8.620120120120120077e+00 1.585072873487132028e+03
8.632132132132131375e+00 1.585270975381447215e+03
8.644144144144144448e+00 1.585468502002592231e+03
8.656156156156155745e+00 1.585665452995310488e+03
8.668168168168168819e+00 1.585861828005328107e+03
8.680180180180180116e+00 1.586057626679351188e+03
8.692192192192191413e+00 1.586252848665071724e+03
8.704204204204204487e+00 1.586447493611163964e+03
8.716216216216215784e+00 1.586641561167288955e+03
8.728228228228228858e+00 1.586835050984093868e+03
8.740240240240240155e+00 1.587027962713214265e+03
8.752252252252251452e+00 1.587220296007273646e+03
8.764264264264264526e+00 1.587412050519886407e+03
8.776276276276275823e+00 1.587603225905658064e+03
8.788288288288288896e+00 1.587793821820185485e+03
8.800300300300300194e+00 1.587983837920059386e+03
8.812312312312311491e+00 1.588173273862865017e+03
8.824324324324324564e+00 1.588362129307182613e+03
8.836336336336335862e+00 1.588550403912589672e+03
8.848348348348348935e+00 1.588738097339660499e+03
8.860360360360360232e+00 1.588925209249968930e+03
8.872372372372371530e+00 1.589111739306087884e+03
8.884384384384384603e+00 1.589297687171591861e+03
8.896396396396395900e+00 1.589483052511056940e+03
8.908408408408408974e+00 1.589667834990062147e+03
8.920420420420420271e+00 1.589852034275190590e+03
8.932432432432431568e+00 1.590035650034031050e+03
8.944444444444444642e+00 1.590218681935177528e+03
8.956456456456455939e+00 1.590401129648232200e+03
8.968468468468469013e+00 1.590582992843805187e+03
8.980480480480480310e+00 1.590764271193516151e+03
8.992492492492491607e+00 1.590944964369994295e+03
9.004504504504504681e+00 1.591125072046881769e+03
9.016516516516515978e+00 1.591304593898832309e+03
9.028528528528529051e+00 1.591483529601513055e+03
9.040540540540540349e+00 1.591661878831605691e+03
9.052552552552551646e+00 1.591839641266808485e+03
9.064564564564564719e+00 1.592016816585834704e+03
9.076576576576576016e+00 1.592193404468416929e+03
9.088588588588589090e+00 1.592369404595305468e+03
9.100600600600600387e+00 1.592544816648269716e+03
9.112612612612611684e+00 1.592719640310101113e+03
9.124624624624624758e+00 1.592893875264612461e+03
9.136636636636636055e+00 1.593067521196638154e+03
9.148648648648649129e+00 1.593240577792038266e+03
9.160660660660660426e+00 1.593413044737695373e+03
9.172672672672671723e+00 1.593584921721519322e+03
9.184684684684684797e+00 1.593756208432446556e+03
9.196696696696696094e+00 1.593926904560440789e+03
9.208708708708709167e+00 1.594097009796494376e+03
9.220720720720720465e+00 1.594266523832629218e+03
9.232732732732733538e+00 1.594435446361898585e+03
9.244744744744744835e+00 1.594603777078387111e+03
9.256756756756756133e+00 1.594771515677211710e+03
9.268768768768769206e+00 1.594938661854523389e+03
9.280780780780780503e+00 1.595105215307507024e+03
9.292792792792793577e+00 1.595271175734383860e+03
9.304804804804804874e+00 1.595436542834410602e+03
9.316816816816816171e+00 1.595601316307883053e+03
9.328828828828829245e+00 1.595765495856133384e+03
9.340840840840840542e+00 1.595929081181534684e+03
9.352852852852853616e+00 1.596092071987499594e+03
9.364864864864864913e+00 1.596254467978482353e+03
9.376876876876876210e+00 1.596416268859979255e+03
9.388888888888889284e+00 1.596577474338530010e+03
9.400900900900900581e+00 1.596738084121717748e+03
9.412912912912913654e+00 1.596898097918171288e+03
9.424924924924924952e+00 1.597057515437565371e+03
9.436936936936936249e+00 1.597216336390620882e+03
9.448948948948949322e+00 1.597374560489107580e+03
9.460960960960960620e+00 1.597532187445842965e+03
9.472972972972973693e+00 1.597689216974695000e+03
9.484984984984984990e+00 1.597845648790581208e+03
9.496996996996996288e+00 1.598001482609471623e+03
9.509009009009009361e+00 1.598156718148388109e+03
9.521021021021020658e+00 1.598311355125405726e+03
9.533033033033033732e+00 1.598465393259654093e+03
9.545045045045045029e+00 1.598618832271317615e+03
9.557057057057056326e+00 1.598771671881636621e+03
9.569069069069069400e+00 1.598923911812908727e+03
9.581081081081080697e+00 1.599075551788488838e+03
9.593093093093093771e+00 1.599226591532790280e+03
9.605105105105105068e+00 1.599377030771286627e+03
9.617117117117116365e+00 1.599526869230511466e+03
9.629129129129129439e+00 1.599676106638059537e+03
9.641141141141140736e+00 1.599824742722587644e+03
9.653153153153153809e+00 1.599972777213816244e+03
9.665165165165165106e+00 1.600120209842528993e+03
9.677177177177176404e+00 1.600267040340574340e+03
9.689189189189189477e+00 1.600413268440866887e+03
9.701201201201200774e+00 1.600558893877386936e+03
9.713213213213213848e+00 1.600703916385182538e+03
9.725225225225225145e+00 1.600848335700369489e+03
9.737237237237236442e+00 1.600992151560133152e+03
9.749249249249249516e+00 1.601135363702728455e+03
9.761261261261260813e+00 1.601277971867480801e+03
9.773273273273273887e+00 1.601419975794787433e+03
9.785285285285285184e+00 1.601561375226117661e+03
9.797297297297296481e+00 1.601702169904013999e+03
9.809309309309309555e+00 1.601842359572092846e+03
9.821321321321320852e+00 1.601981943975046079e+03
9.833333333333333925e+00 1.602120922858639688e+03
9.845345345345345223e+00 1.602259295969717869e+03
9.857357357357356520e+00 1.602397063056201205e+03
9.869369369369369593e+00 1.602534223867088031e+03
9.881381381381380891e+00 1.602670778152456251e+03
9.893393393393393964e+00 1.602806725663462657e+03
9.905405405405405261e+00 1.602942066152345433e+03
9.917417417417416559e+00 1.603076799372423238e+03
9.929429429429429632e+00 1.603210925078097034e+03
9.941441441441440929e+00 1.603344443024850762e+03
9.953453453453454003e+00 1.603477352969251342e+03
9.965465465465465300e+00 1.603609654668950725e+03
9.977477477477476597e+00 1.603741347882686568e+03
9.989489489489489671e+00 1.603872432370280649e+03
1.000150150150150097e+01 1.604002907892643407e+03
1.001351351351351404e+01 1.604132774211771675e+03
1.002552552552552534e+01 1.604262031090750497e+03
1.003753753753753664e+01 1.604390678293754490e+03
1.004954954954954971e+01 1.604518715586047392e+03
1.006156156156156101e+01 1.604646142733983879e+03
1.007357357357357408e+01 1.604772959505010022e+03
1.008558558558558538e+01 1.604899165667663510e+03
1.009759759759759667e+01 1.605024760991574567e+03
1.010960960960960975e+01 1.605149745247467536e+03
1.012162162162162105e+01 1.605274118207160654e+03
1.013363363363363412e+01 1.605397879643566966e+03
1.014564564564564542e+01 1.605521029330695228e+03
1.015765765765765671e+01 1.605643567043651274e+03
1.016966966966966979e+01 1.605765492558636879e+03
1.018168168168168108e+01 1.605886805652952489e+03
1.019369369369369416e+01 1.606007506104997219e+03
1.020570570570570545e+01 1.606127593694268171e+03
1.021771771771771675e+01 1.606247068201364755e+03
1.022972972972972983e+01 1.606365929407984140e+03
1.024174174174174112e+01 1.606484177096927624e+03
1.025375375375375420e+01 1.606601811052096764e+03
1.026576576576576549e+01 1.606718831058496335e+03
1.027777777777777857e+01 1.606835236902235238e+03
1.028978978978978986e+01 1.606951028370525137e+03
1.030180180180180116e+01 1.607066205251684323e+03
1.031381381381381424e+01 1.607180767335134760e+03
1.032582582582582553e+01 1.607294714411406176e+03
1.033783783783783861e+01 1.607408046272134015e+03
1.034984984984984990e+01 1.607520762710061490e+03
1.036186186186186120e+01 1.607632863519040939e+03
1.037387387387387427e+01 1.607744348494031783e+03
1.038588588588588557e+01 1.607855217431104620e+03
1.039789789789789864e+01 1.607965470127438721e+03
1.040990990990990994e+01 1.608075106381326123e+03
1.042192192192192124e+01 1.608184125992168447e+03
1.043393393393393431e+01 1.608292528760480309e+03
1.044594594594594561e+01 1.608400314487888636e+03
1.045795795795795868e+01 1.608507482977134714e+03
1.046996996996996998e+01 1.608614034032072368e+03
1.048198198198198128e+01 1.608719967457671146e+03
1.049399399399399435e+01 1.608825283060015636e+03
1.050600600600600565e+01 1.608929980646305921e+03
1.051801801801801872e+01 1.609034060024859400e+03
1.053003003003003002e+01 1.609137521005109420e+03
1.054204204204204132e+01 1.609240363397608462e+03
1.055405405405405439e+01 1.609342587014026094e+03
1.056606606606606569e+01 1.609444191667151927e+03
1.057807807807807876e+01 1.609545177170894249e+03
1.059009009009009006e+01 1.609645543340281620e+03
1.060210210210210136e+01 1.609745289991464460e+03
1.061411411411411443e+01 1.609844416941712325e+03
1.062612612612612573e+01 1.609942924009418903e+03
1.063813813813813880e+01 1.610040811014099518e+03
1.065015015015015010e+01 1.610138077776392265e+03
1.066216216216216139e+01 1.610234724118059376e+03
1.067417417417417447e+01 1.610330749861986760e+03
1.068618618618618576e+01 1.610426154832186285e+03
1.069819819819819884e+01 1.610520938853793496e+03
1.071021021021021014e+01 1.610615101753071713e+03
1.072222222222222143e+01 1.610708643357408846e+03
1.073423423423423451e+01 1.610801563495321943e+03
1.074624624624624580e+01 1.610893861996453552e+03
1.075825825825825888e+01 1.610985538691576267e+03
1.077027027027027017e+01 1.611076593412589546e+03
1.078228228228228147e+01 1.611167025992523804e+03
1.079429429429429455e+01 1.611256836265538141e+03
1.080630630630630584e+01 1.611346024066922155e+03
1.081831831831831892e+01 1.611434589233095949e+03
1.083033033033033021e+01 1.611522531601612400e+03
1.084234234234234151e+01 1.611609851011154433e+03
1.085435435435435458e+01 1.611696547301538885e+03
1.086636636636636588e+01 1.611782620313714233e+03
1.087837837837837895e+01 1.611868069889763092e+03
1.089039039039039025e+01 1.611952895872901763e+03
1.090240240240240155e+01 1.612037098107481825e+03
1.091441441441441462e+01 1.612120676438988085e+03
1.092642642642642592e+01 1.612203630714042220e+03
1.093843843843843899e+01 1.612285960780401865e+03
1.095045045045045029e+01 1.612367666486959706e+03
1.096246246246246159e+01 1.612448747683746888e+03
1.097447447447447466e+01 1.612529204221930740e+03
1.098648648648648596e+01 1.612609035953817511e+03
1.099849849849849903e+01 1.612688242732851222e+03
1.101051051051051033e+01 1.612766824413614358e+03
1.102252252252252163e+01 1.612844780851829228e+03
1.103453453453453470e+01 1.612922111904357962e+03
1.104654654654654600e+01 1.612998817429202290e+03
1.105855855855855907e+01 1.613074897285505358e+03
1.107057057057057037e+01 1.613150351333551043e+03
1.108258258258258167e+01 1.613225179434764641e+03
1.109459459459459474e+01 1.613299381451713316e+03
1.110660660660660604e+01 1.613372957248107241e+03
1.111861861861861911e+01 1.613445906688799369e+03
1.113063063063063041e+01 1.613518229639785886e+03
1.114264264264264170e+01 1.613589925968206217e+03
1.115465465465465478e+01 1.613660995542344835e+03
1.116666666666666607e+01 1.613731438231630136e+03
1.117867867867867915e+01 1.613801253906636020e+03
1.119069069069069045e+01 1.613870442439081444e+03
1.120270270270270174e+01 1.613939003701831780e+03
1.121471471471471482e+01 1.614006937568897911e+03
1.122672672672672611e+01 1.614074243915437819e+03
1.123873873873873919e+01 1.614140922617756814e+03
1.125075075075075048e+01 1.614206973553307307e+03
1.126276276276276178e+01 1.614272396600689035e+03
1.127477477477477485e+01 1.614337191639651564e+03
1.128678678678678615e+01 1.614401358551091789e+03
1.129879879879879923e+01 1.614464897217055750e+03
1.131081081081081052e+01 1.614527807520739316e+03
1.132282282282282360e+01 1.614590089346487957e+03
1.133483483483483489e+01 1.614651742579797656e+03
1.134684684684684619e+01 1.614712767107314221e+03
1.135885885885885926e+01 1.614773162816834656e+03
1.137087087087087056e+01 1.614832929597307384e+03
1.138288288288288364e+01 1.614892067338832931e+03
1.139489489489489493e+01 1.614950575932661877e+03
1.140690690690690623e+01 1.615008455271199637e+03
1.141891891891891930e+01 1.615065705248002587e+03
1.143093093093093060e+01 1.615122325757780345e+03
1.144294294294294367e+01 1.615178316696396678e+03
1.145495495495495497e+01 1.615233677960867908e+03
1.146696696696696627e+01 1.615288409449365645e+03
1.147897897897897934e+01 1.615342511061214054e+03
1.149099099099099064e+01 1.615395982696894407e+03
1.150300300300300371e+01 1.615448824258040759e+03
1.151501501501501501e+01 1.615501035647443359e+03
1.152702702702702631e+01 1.615552616769047745e+03
1.153903903903903938e+01 1.615603567527956329e+03
1.155105105105105068e+01 1.615653887830426584e+03
1.156306306306306375e+01 1.615703577583872857e+03
1.157507507507507505e+01 1.615752636696867057e+03
1.158708708708708635e+01 1.615801065079136833e+03
1.159909909909909942e+01 1.615848862641568758e+03
1.161111111111111072e+01 1.615896029296205825e+03
1.162312312312312379e+01 1.615942564956249953e+03
1.163513513513513509e+01 1.615988469536060620e+03
1.164714714714714638e+01 1.616033742951156228e+03
1.165915915915915946e+01 1.616078385118214328e+03
1.167117117117117076e+01 1.616122395955070488e+03
1.168318318318318383e+01 1.616165775380720561e+03
1.169519519519519513e+01 1.616208523315320008e+03
1.170720720720720642e+01 1.616250639680183440e+03
1.171921921921921950e+01 1.616292124397786438e+03
1.173123123123123079e+01 1.616332977391763734e+03
1.174324324324324387e+01 1.616373198586912395e+03
1.175525525525525516e+01 1.616412787909188864e+03
1.176726726726726646e+01 1.616451745285711468e+03
1.177927927927927954e+01 1.616490070644759953e+03
1.179129129129129083e+01 1.616527763915774131e+03
1.180330330330330391e+01 1.616564825029357735e+03
1.181531531531531520e+01 1.616601253917275471e+03
1.182732732732732650e+01 1.616637050512453925e+03
1.183933933933933957e+01 1.616672214748982924e+03
1.185135135135135087e+01 1.616706746562114631e+03
1.186336336336336394e+01 1.616740645888263771e+03
1.187537537537537524e+01 1.616773912665008311e+03
1.188738738738738654e+01 1.616806546831089918e+03
1.189939939939939961e+01 1.616838548326413047e+03
1.191141141141141091e+01 1.616869917092046535e+03
1.192342342342342398e+01 1.616900653070222006e+03
1.193543543543543528e+01 1.616930756204336831e+03
1.194744744744744658e+01 1.616960226438950940e+03
1.195945945945945965e+01 1.616989063719789328e+03
1.197147147147147095e+01 1.617017267993741598e+03
1.198348348348348402e+01 1.617044839208862413e+03
1.199549549549549532e+01 1.617071777314370820e+03
1.200750750750750662e+01 1.617098082260650699e+03
1.201951951951951969e+01 1.617123753999252131e+03
1.203153153153153099e+01 1.617148792482890030e+03
1.204354354354354406e+01 1.617173197665444377e+03
1.205555555555555536e+01 1.617196969501962258e+03
1.206756756756756666e+01 1.617220107948654686e+03
1.207957957957957973e+01 1.617242612962900466e+03
1.209159159159159103e+01 1.617264484503243466e+03
1.210360360360360410e+01 1.617285722529393979e+03
1.211561561561561540e+01 1.617306327002229182e+03
1.212762762762762669e+01 1.617326297883791767e+03
1.213963963963963977e+01 1.617345635137291993e+03
1.215165165165165106e+01 1.617364338727106542e+03
1.216366366366366414e+01 1.617382408618779209e+03
1.217567567567567544e+01 1.617399844779019986e+03
1.218768768768768673e+01 1.617416647175706885e+03
1.219969969969969981e+01 1.617432815777884343e+03
1.221171171171171110e+01 1.617448350555764819e+03
1.222372372372372418e+01 1.617463251480727422e+03
1.223573573573573547e+01 1.617477518525319738e+03
1.224774774774774677e+01 1.617491151663255550e+03
1.225975975975975985e+01 1.617504150869417344e+03
1.227177177177177114e+01 1.617516516119854941e+03
1.228378378378378422e+01 1.617528247391786181e+03
1.229579579579579551e+01 1.617539344663596239e+03
1.230780780780780859e+01 1.617549807914839221e+03
1.231981981981981988e+01 1.617559637126236112e+03
1.233183183183183118e+01 1.617568832279677054e+03
1.234384384384384425e+01 1.617577393358219751e+03
1.235585585585585555e+01 1.617585320346089702e+03
1.236786786786786863e+01 1.617592613228681557e+03
1.237987987987987992e+01 1.617599271992557760e+03
1.239189189189189122e+01 1.617605296625448773e+03
1.240390390390390429e+01 1.617610687116253985e+03
1.241591591591591559e+01 1.617615443455041486e+03
1.242792792792792866e+01 1.617619565633046932e+03
1.243993993993993996e+01 1.617623053642674222e+03
1.245195195195195126e+01 1.617625907477497549e+03
1.246396396396396433e+01 1.617628127132257760e+03
1.247597597597597563e+01 1.617629712602865084e+03
1.248798798798798870e+01 1.617630663886397997e+03
1.250000000000000000e+01 1.617630980981103448e+03
