5.000000000000000000e-01 2.717641887271572614e+02
5.102602602602602788e-01 2.719352217866260730e+02
5.205205205205205576e-01 2.721058457958824306e+02
5.307807807807807254e-01 2.722760613951627988e+02
5.410410410410410043e-01 2.724458692256607151e+02
5.513013013013012831e-01 2.726152699295112711e+02
5.615615615615615619e-01 2.727842641497751401e+02
5.718218218218218407e-01 2.729528525304230016e+02
5.820820820820821195e-01 2.731210357163204776e+02
5.923423423423423984e-01 2.732888143532113077e+02
6.026026026026025662e-01 2.734561890877041037e+02
6.128628628628628450e-01 2.736231605672549563e+02
6.231231231231231238e-01 2.737897294401533941e+02
6.333833833833834026e-01 2.739558963555069226e+02
6.436436436436436814e-01 2.741216619632264155e+02
6.539039039039038492e-01 2.742870269140103119e+02
6.641641641641641280e-01 2.744519918593306897e+02
6.744244244244244069e-01 2.746165574514176342e+02
6.846846846846846857e-01 2.747807243432452537e+02
6.949449449449449645e-01 2.749444931885169581e+02
7.052052052052051323e-01 2.751078646416504512e+02
7.154654654654655221e-01 2.752708393577637480e+02
7.257257257257256899e-01 2.754334179926608499e+02
7.359859859859859688e-01 2.755956012028173063e+02
7.462462462462462476e-01 2.757573896453656630e+02
7.565065065065064154e-01 2.759187839780824447e+02
7.667667667667668052e-01 2.760797848593729213e+02
7.770270270270269730e-01 2.762403929482579201e+02
7.872872872872872518e-01 2.764006089043598990e+02
7.975475475475475307e-01 2.765604333878891907e+02
8.078078078078078095e-01 2.767198670596293937e+02
8.180680680680680883e-01 2.768789105809256057e+02
8.283283283283282561e-01 2.770375646136691898e+02
8.385885885885886459e-01 2.771958298202853825e+02
8.488488488488488137e-01 2.773537068637191965e+02
8.591091091091090926e-01 2.775111964074228581e+02
8.693693693693693714e-01 2.776682991153422790e+02
8.796296296296295392e-01 2.778250156519036409e+02
8.898898898898899290e-01 2.779813466820008330e+02
9.001501501501500968e-01 2.781372928709825487e+02
9.104104104104103756e-01 2.782928548846387002e+02
9.206706706706706544e-01 2.784480333891884811e+02
9.309309309309309333e-01 2.786028290512672356e+02
9.411911911911912121e-01 2.787572425379134415e+02
9.514514514514513799e-01 2.789112745165573983e+02
9.617117117117117697e-01 2.790649256550071300e+02
9.719719719719719375e-01 2.792181966214371869e+02
9.822322322322322163e-01 2.793710880843756854e+02
9.924924924924924952e-01 2.795236007126925983e+02
1.002752752752752663e+00 2.796757351755868513e+02
1.013013013013012831e+00 2.798274921425748403e+02
1.023273273273273221e+00 2.799788722834783812e+02
1.033533533533533610e+00 2.801298762684123744e+02
1.043793793793793778e+00 2.802805047677729249e+02
1.054054054054053946e+00 2.804307584522264847e+02
1.064314314314314336e+00 2.805806379926968930e+02
1.074574574574574504e+00 2.807301440603544052e+02
1.084834834834834894e+00 2.808792773266042673e+02
1.095095095095095061e+00 2.810280384630745516e+02
1.105355355355355229e+00 2.811764281416054132e+02
1.115615615615615619e+00 2.813244470342374939e+02
1.125875875875876009e+00 2.814720958132006672e+02
1.136136136136136177e+00 2.816193751509026129e+02
1.146396396396396344e+00 2.817662857199184714e+02
1.156656656656656512e+00 2.819128281929785658e+02
1.166916916916916902e+00 2.820590032429586245e+02
1.177177177177177292e+00 2.822048115428679580e+02
1.187437437437437460e+00 2.823502537658393408e+02
1.197697697697697627e+00 2.824953305851175855e+02
1.207957957957957795e+00 2.826400426740498233e+02
1.218218218218218185e+00 2.827843907060736797e+02
1.228478478478478575e+00 2.829283753547074980e+02
1.238738738738738743e+00 2.830719972935398800e+02
1.248998998998998911e+00 2.832152571962189427e+02
1.259259259259259078e+00 2.833581557364419155e+02
1.269519519519519468e+00 2.835006935879453636e+02
1.279779779779779858e+00 2.836428714244947855e+02
1.290040040040040026e+00 2.837846899198742108e+02
1.300300300300300194e+00 2.839261497478765932e+02
1.310560560560560361e+00 2.840672515822934088e+02
1.320820820820820751e+00 2.842079960969048216e+02
1.331081081081081141e+00 2.843483839654700773e+02
1.341341341341341309e+00 2.844884158617176126e+02
1.351601601601601477e+00 2.846280924593353348e+02
1.361861861861861867e+00 2.847674144319607308e+02
1.372122122122122034e+00 2.849063824531717160e+02
1.382382382382382424e+00 2.850449971964765723e+02
1.392642642642642592e+00 2.851832593353052516e+02
1.402902902902902760e+00 2.853211695429992574e+02
1.413163163163163150e+00 2.854587284928026065e+02
1.423423423423423539e+00 2.855959368578529620e+02
1.433683683683683707e+00 2.857327953111718557e+02
1.443943943943943875e+00 2.858693045256557639e+02
1.454204204204204043e+00 2.860054651740671261e+02
1.464464464464464433e+00 2.861412779290255344e+02
1.474724724724724823e+00 2.862767434629983541e+02
1.484984984984984990e+00 2.864118624482921973e+02
1.495245245245245158e+00 2.865466355570440555e+02
1.505505505505505548e+00 2.866810634612127728e+02
1.515765765765765716e+00 2.868151468325696101e+02
1.526026026026025884e+00 2.869488863426907415e+02
1.536286286286286273e+00 2.870822826629478186e+02
1.546546546546546441e+00 2.872153364645000693e+02
1.556806806806806831e+00 2.873480484182854298e+02
1.567067067067066999e+00 2.874804191950125301e+02
1.577327327327327167e+00 2.876124494651520536e+02
1.587587587587587556e+00 2.877441398989288928e+02
1.597847847847847724e+00 2.878754911663137932e+02
1.608108108108108114e+00 2.880065039370151112e+02
1.618368368368368282e+00 2.881371788804710832e+02
1.628628628628628672e+00 2.882675166658412991e+02
1.638888888888888840e+00 2.883975179619994265e+02
1.649149149149149007e+00 2.885271834375247408e+02
1.659409409409409397e+00 2.886565137606949634e+02
1.669669669669669565e+00 2.887855095994778480e+02
1.679929929929929955e+00 2.889141716215238489e+02
1.690190190190190123e+00 2.890425004941582756e+02
1.700450450450450290e+00 2.891704968843743018e+02
1.710710710710710680e+00 2.892981614588244383e+02
1.720970970970970848e+00 2.894254948838137693e+02
1.731231231231231238e+00 2.895524978252927326e+02
1.741491491491491406e+00 2.896791709488492756e+02
1.751751751751751796e+00 2.898055149197014657e+02
1.762012012012011963e+00 2.899315304026909530e+02
1.772272272272272131e+00 2.900572180622750693e+02
1.782532532532532521e+00 2.901825785625201206e+02
1.792792792792792689e+00 2.903076125670943384e+02
1.803053053053053079e+00 2.904323207392605468e+02
1.813313313313313246e+00 2.905567037418696259e+02
1.823573573573573414e+00 2.906807622373534059e+02
1.833833833833833804e+00 2.908044968877174483e+02
1.844094094094093972e+00 2.909279083545351341e+02
1.854354354354354362e+00 2.910509972989401604e+02
1.864614614614614529e+00 2.911737643816204013e+02
1.874874874874874697e+00 2.912962102628106891e+02
1.885135135135135087e+00 2.914183356022870157e+02
1.895395395395395255e+00 2.915401410593590299e+02
1.905655655655655645e+00 2.916616272928646367e+02
1.915915915915915813e+00 2.917827949611628924e+02
1.926176176176176202e+00 2.919036447221278081e+02
1.936436436436436370e+00 2.920241772331422681e+02
1.946696696696696538e+00 2.921443931510914354e+02
1.956956956956956928e+00 2.922642931323567836e+02
1.967217217217217096e+00 2.923838778328098442e+02
1.977477477477477485e+00 2.925031479078061238e+02
1.987737737737737653e+00 2.926221040121792498e+02
1.997997997997997821e+00 2.927407468002347741e+02
2.008258258258257989e+00 2.928590769257441480e+02
2.018518518518518157e+00 2.929770950419390374e+02
2.028778778778778769e+00 2.930948018015055823e+02
2.039039039039038936e+00 2.932121978565780864e+02
2.049299299299299548e+00 2.933292838587339588e+02
2.059559559559559716e+00 2.934460604589875174e+02
2.069819819819819884e+00 2.935625283077847598e+02
2.080080080080080052e+00 2.936786880549971670e+02
2.090340340340340219e+00 2.937945403499168151e+02
2.100600600600600387e+00 2.939100858412508046e+02
2.110860860860860555e+00 2.940253251771151213e+02
2.121121121121120723e+00 2.941402590050298045e+02
2.131381381381381335e+00 2.942548879719141723e+02
2.141641641641641503e+00 2.943692127240800573e+02
2.151901901901902114e+00 2.944832339072281115e+02
2.162162162162162282e+00 2.945969521664413264e+02
2.172422422422422450e+00 2.947103681461807696e+02
2.182682682682682618e+00 2.948234824902800710e+02
2.192942942942942786e+00 2.949362958419401934e+02
2.203203203203202953e+00 2.950488088437251122e+02
2.213463463463463121e+00 2.951610221375560172e+02
2.223723723723723733e+00 2.952729363647069363e+02
2.233983983983983901e+00 2.953845521657996187e+02
2.244244244244244069e+00 2.954958701807987040e+02
2.254504504504504681e+00 2.956068910490073449e+02
2.264764764764764848e+00 2.957176154090615796e+02
2.275025025025025016e+00 2.958280438989268077e+02
2.285285285285285184e+00 2.959381771558921059e+02
2.295545545545545352e+00 2.960480158165660782e+02
2.305805805805805520e+00 2.961575605168725360e+02
2.316066066066065687e+00 2.962668118920453253e+02
2.326326326326326299e+00 2.963757705766246318e+02
2.336586586586586467e+00 2.964844372044516945e+02
2.346846846846847079e+00 2.965928124086654520e+02
2.357107107107107247e+00 2.967008968216971425e+02
2.367367367367367414e+00 2.968086910752667222e+02
2.377627627627627582e+00 2.969161958003784889e+02
2.387887887887887750e+00 2.970234116273167047e+02
2.398148148148147918e+00 2.971303391856413896e+02
2.408408408408408086e+00 2.972369791041846270e+02
2.418668668668668253e+00 2.973433320110456179e+02
2.428928928928928865e+00 2.974493985335876687e+02
2.439189189189189033e+00 2.975551792984336430e+02
2.449449449449449645e+00 2.976606749314619265e+02
2.459709709709709813e+00 2.977658860578027316e+02
2.469969969969969981e+00 2.978708133018342892e+02
2.480230230230230148e+00 2.979754572871785285e+02
2.490490490490490316e+00 2.980798186366980644e+02
2.500750750750750484e+00 2.981838979724917635e+02
2.511011011011011096e+00 2.982876959158915042e+02
2.521271271271271264e+00 2.983912130874580271e+02
2.531531531531531432e+00 2.984944501069778084e+02
2.541791791791791599e+00 2.985974075934592520e+02
2.552052052052051767e+00 2.987000861651288233e+02
2.562312312312312379e+00 2.988024864394283782e+02
2.572572572572572547e+00 2.989046090330106153e+02
2.582832832832832715e+00 2.990064545617366889e+02
2.593093093093092882e+00 2.991080236406720587e+02
2.603353353353353050e+00 2.992093168840833073e+02
2.613613613613613662e+00 2.993103349054355249e+02
2.623873873873873830e+00 2.994110783173877621e+02
2.634134134134133998e+00 2.995115477317906993e+02
2.644394394394394165e+00 2.996117437596833497e+02
2.654654654654654333e+00 2.997116670112898760e+02
2.664914914914914945e+00 2.998113180960162936e+02
2.675175175175175113e+00 2.999106976224472305e+02
2.685435435435435281e+00 3.000098061983435969e+02
2.695695695695695449e+00 3.001086444306387762e+02
2.705955955955956060e+00 3.002072129254360675e+02
2.716216216216216228e+00 3.003055122880057866e+02
2.726476476476476396e+00 3.004035431227822528e+02
2.736736736736736564e+00 3.005013060333611747e+02
2.746996996996996732e+00 3.005988016224960688e+02
2.757257257257257343e+00 3.006960304920966678e+02
2.767517517517517511e+00 3.007929932432249416e+02
2.777777777777777679e+00 3.008896904760935058e+02
2.788038038038037847e+00 3.009861227900620975e+02
2.798298298298298015e+00 3.010822907836355284e+02
2.808558558558558627e+00 3.011781950544605593e+02
2.818818818818818794e+00 3.012738361993239096e+02
2.829079079079078962e+00 3.013692148141491884e+02
2.839339339339339130e+00 3.014643314939946777e+02
2.849599599599599298e+00 3.015591868330510579e+02
2.859859859859859910e+00 3.016537814246385096e+02
2.870120120120120077e+00 3.017481158612048944e+02
2.880380380380380245e+00 3.018421907343227986e+02
2.890640640640640413e+00 3.019360066346876579e+02
2.900900900900900581e+00 3.020295641521154835e+02
2.911161161161161193e+00 3.021228638755404177e+02
2.921421421421421361e+00 3.022159063930124603e+02
2.931681681681681528e+00 3.023086922916955359e+02
2.941941941941941696e+00 3.024012221578651065e+02
2.952202202202201864e+00 3.024934965769066366e+02
2.962462462462462476e+00 3.025855161333126375e+02
2.972722722722722644e+00 3.026772814106813030e+02
2.982982982982982811e+00 3.027687929917141787e+02
2.993243243243242979e+00 3.028600514582144569e+02
3.003503503503503591e+00 3.029510573910848166e+02
3.013763763763763759e+00 3.030418113703254335e+02
3.024024024024023927e+00 3.031323139750327300e+02
3.034284284284284094e+00 3.032225657833966466e+02
3.044544544544544262e+00 3.033125673726993909e+02
3.054804804804804874e+00 3.034023193193137899e+02
3.065065065065065042e+00 3.034918221987010156e+02
3.075325325325325210e+00 3.035810765854096189e+02
3.085585585585585378e+00 3.036700830530729149e+02
3.095845845845845545e+00 3.037588421744084712e+02
3.106106106106106157e+00 3.038473545212154363e+02
3.116366366366366325e+00 3.039356206643740279e+02
3.126626626626626493e+00 3.040236411738426341e+02
3.136886886886886661e+00 3.041114166186576995e+02
3.147147147147146828e+00 3.041989475669316789e+02
3.157407407407407440e+00 3.042862345858513891e+02
3.167667667667667608e+00 3.043732782416768714e+02
3.177927927927927776e+00 3.044600790997399145e+02
3.188188188188187944e+00 3.045466377244429168e+02
3.198448448448448111e+00 3.046329546792574661e+02
3.208708708708708723e+00 3.047190305267226904e+02
3.218968968968968891e+00 3.048048658284444059e+02
3.229229229229229059e+00 3.048904611450944344e+02
3.239489489489489227e+00 3.049758170364081593e+02
3.249749749749749395e+00 3.050609340611845823e+02
3.260010010010010006e+00 3.051458127772842772e+02
3.270270270270270174e+00 3.052304537416289349e+02
3.280530530530530342e+00 3.053148575102003406e+02
3.290790790790790510e+00 3.053990246380386111e+02
3.301051051051051122e+00 3.054829556792421954e+02
3.311311311311311290e+00 3.055666511869664532e+02
3.321571571571571457e+00 3.056501117134222341e+02
3.331831831831831625e+00 3.057333378098761045e+02
3.342092092092091793e+00 3.058163300266486431e+02
3.352352352352352405e+00 3.058990889131135873e+02
3.362612612612612573e+00 3.059816150176977203e+02
3.372872872872872740e+00 3.060639088878796201e+02
3.383133133133132908e+00 3.061459710701887502e+02
3.393393393393393076e+00 3.062278021102052321e+02
3.403653653653653688e+00 3.063094025525587085e+02
3.413913913913913856e+00 3.063907729409283434e+02
3.424174174174174023e+00 3.064719138180417985e+02
3.434434434434434191e+00 3.065528257256739835e+02
3.444694694694694359e+00 3.066335092046480781e+02
3.454954954954954971e+00 3.067139647948337711e+02
3.465215215215215139e+00 3.067941930351472024e+02
3.475475475475475307e+00 3.068741944635505092e+02
3.485735735735735474e+00 3.069539696170512570e+02
3.495995995995995642e+00 3.070335190317024399e+02
3.506256256256256254e+00 3.071128432426016843e+02
3.516516516516516422e+00 3.071919427838910792e+02
3.526776776776776590e+00 3.072708181887570049e+02
3.537037037037036757e+00 3.073494699894297355e+02
3.547297297297296925e+00 3.074278987171832682e+02
3.557557557557557537e+00 3.075061049023352098e+02
3.567817817817817705e+00 3.075840890742461511e+02
3.578078078078077873e+00 3.076618517613202357e+02
3.588338338338338041e+00 3.077393934910047051e+02
3.598598598598598652e+00 3.078167147897896143e+02
3.608858858858858820e+00 3.078938161832081732e+02
3.619119119119118988e+00 3.079706981958364622e+02
3.629379379379379156e+00 3.080473613512936026e+02
3.639639639639639324e+00 3.081238061722417569e+02
3.649899899899899935e+00 3.082000331803862991e+02
3.660160160160160103e+00 3.082760428964756443e+02
3.670420420420420271e+00 3.083518358403017601e+02
3.680680680680680439e+00 3.084274125307001100e+02
3.690940940940940607e+00 3.085027734855498238e+02
3.701201201201201219e+00 3.085779192217746640e+02
3.711461461461461386e+00 3.086528502553414910e+02
3.721721721721721554e+00 3.087275671012629346e+02
3.731981981981981722e+00 3.088020702735958594e+02
3.742242242242241890e+00 3.088763602854426153e+02
3.752502502502502502e+00 3.089504376489512651e+02
3.762762762762762669e+00 3.090243028753158114e+02
3.773023023023022837e+00 3.090979564747769928e+02
3.783283283283283005e+00 3.091713989566226815e+02
3.793543543543543173e+00 3.092446308291880541e+02
3.803803803803803785e+00 3.093176525998565580e+02
3.814064064064063952e+00 3.093904647750602521e+02
3.824324324324324120e+00 3.094630678602809439e+02
3.834584584584584288e+00 3.095354623600497916e+02
3.844844844844844456e+00 3.096076487779491799e+02
3.855105105105105068e+00 3.096796276166124926e+02
3.865365365365365236e+00 3.097513993777253631e+02
3.875625625625625403e+00 3.098229645620263568e+02
3.885885885885885571e+00 3.098943236693077097e+02
3.896146146146146183e+00 3.099654771984161243e+02
3.906406406406406351e+00 3.100364256472538500e+02
3.916666666666666519e+00 3.101071695127793078e+02
3.926926926926926686e+00 3.101777092910082274e+02
3.937187187187186854e+00 3.102480454770145570e+02
3.947447447447447466e+00 3.103181785649313724e+02
3.957707707707707634e+00 3.103881090479521276e+02
3.967967967967967802e+00 3.104578374183316782e+02
3.978228228228227970e+00 3.105273641673867360e+02
3.988488488488488137e+00 3.105966897854983131e+02
3.998748748748748749e+00 3.106658147621113812e+02
4.009009009009009361e+00 3.107347395857370884e+02
4.019269269269269529e+00 3.108034647439538389e+02
4.029529529529529697e+00 3.108719907234082598e+02
4.039789789789789864e+00 3.109403180098163375e+02
4.050050050050050032e+00 3.110084470879654646e+02
4.060310310310310200e+00 3.110763784417150646e+02
4.070570570570570368e+00 3.111441125539982977e+02
4.080830830830830536e+00 3.112116499068234816e+02
4.091091091091090703e+00 3.112789909812753422e+02
4.101351351351350871e+00 3.113461362575167186e+02
4.111611611611611039e+00 3.114130862147900984e+02
4.121871871871871207e+00 3.114798413314190384e+02
4.132132132132131375e+00 3.115464020848095288e+02
4.142392392392391542e+00 3.116127689514522672e+02
4.152652652652652598e+00 3.116789424069233405e+02
4.162912912912912766e+00 3.117449229258868399e+02
4.173173173173172934e+00 3.118107109820959977e+02
4.183433433433433102e+00 3.118763070483952333e+02
4.193693693693694158e+00 3.119417115967215750e+02
4.203953953953954326e+00 3.120069250981068194e+02
4.214214214214214493e+00 3.120719480226789528e+02
4.224474474474474661e+00 3.121367808396649366e+02
4.234734734734734829e+00 3.122014240173912185e+02
4.244994994994994997e+00 3.122658780232869162e+02
4.255255255255255165e+00 3.123301433238849540e+02
4.265515515515515332e+00 3.123942203848247345e+02
4.275775775775775500e+00 3.124581096708536734e+02
4.286036036036035668e+00 3.125218116458291888e+02
4.296296296296295836e+00 3.125853267727213733e+02
4.306556556556556004e+00 3.126486555136146421e+02
4.316816816816816171e+00 3.127117983297100636e+02
4.327077077077076339e+00 3.127747556813275764e+02
4.337337337337336507e+00 3.128375280279079789e+02
4.347597597597597563e+00 3.129001158280155437e+02
4.357857857857857731e+00 3.129625195393402919e+02
4.368118118118117899e+00 3.130247396186998685e+02
4.378378378378378066e+00 3.130867765220422143e+02
4.388638638638638234e+00 3.131486307044483510e+02
4.398898898898899290e+00 3.132103026201338594e+02
4.409159159159159458e+00 3.132717927224522327e+02
4.419419419419419626e+00 3.133331014638969236e+02
4.429679679679679793e+00 3.133942292961039584e+02
4.439939939939939961e+00 3.134551766698542679e+02
4.450200200200200129e+00 3.135159440350766431e+02
4.460460460460460297e+00 3.135765318408503504e+02
4.470720720720720465e+00 3.136369405354072342e+02
4.480980980980980632e+00 3.136971705661350143e+02
4.491241241241240800e+00 3.137572223795795594e+02
4.501501501501500968e+00 3.138170964214481273e+02
4.511761761761761136e+00 3.138767931366114112e+02
4.522022022022022192e+00 3.139363129691071208e+02
4.532282282282282360e+00 3.139956563621420855e+02
4.542542542542542527e+00 3.140548237580958357e+02
4.552802802802802695e+00 3.141138155985228764e+02
4.563063063063062863e+00 3.141726323241560408e+02
4.573323323323323031e+00 3.142312743749091624e+02
4.583583583583583199e+00 3.142897421898805419e+02
4.593843843843843366e+00 3.143480362073549941e+02
4.604104104104103534e+00 3.144061568648079970e+02
4.614364364364364590e+00 3.144641045989081363e+02
4.624624624624624758e+00 3.145218798455203455e+02
4.634884884884884926e+00 3.145794830397093733e+02
4.645145145145145094e+00 3.146369146157420573e+02
4.655405405405405261e+00 3.146941750070917010e+02
4.665665665665665429e+00 3.147512646464401769e+02
4.675925925925925597e+00 3.148081839656822467e+02
4.686186186186185765e+00 3.148649333959278920e+02
4.696446446446445933e+00 3.149215133675062361e+02
4.706706706706706100e+00 3.149779243099687278e+02
4.716966966966967156e+00 3.150341666520926651e+02
4.727227227227227324e+00 3.150902408218836399e+02
4.737487487487487492e+00 3.151461472465807674e+02
4.747747747747747660e+00 3.152018863526582777e+02
4.758008008008007828e+00 3.152574585658305182e+02
4.768268268268267995e+00 3.153128643110541134e+02
4.778528528528528163e+00 3.153681040125327399e+02
4.788788788788788331e+00 3.154231780937196277e+02
4.799049049049048499e+00 3.154780869773218797e+02
4.809309309309308667e+00 3.155328310853035987e+02
4.819569569569569722e+00 3.155874108388900936e+02
4.829829829829829890e+00 3.156418266585708352e+02
4.840090090090090058e+00 3.156960789641037195e+02
4.850350350350350226e+00 3.157501681745184214e+02
4.860610610610610394e+00 3.158040947081203171e+02
4.870870870870870561e+00 3.158578589824944061e+02
4.881131131131130729e+00 3.159114614145083806e+02
4.891391391391390897e+00 3.159649024203172871e+02
4.901651651651651065e+00 3.160181824153669936e+02
4.911911911911912121e+00 3.160713018143977138e+02
4.922172172172172289e+00 3.161242610314486683e+02
4.932432432432432456e+00 3.161770604798612112e+02
4.942692692692692624e+00 3.162297005722829795e+02
4.952952952952952792e+00 3.162821817206719288e+02
4.963213213213212960e+00 3.163345043363001992e+02
4.973473473473473128e+00 3.163866688297584346e+02
4.983733733733733295e+00 3.164386756109589669e+02
4.993993993993993463e+00 3.164905250891405899e+02
5.004254254254253631e+00 3.165422176728723684e+02
5.014514514514514687e+00 3.165937537700573898e+02
5.024774774774774855e+00 3.166451337879371408e+02
5.035035035035035023e+00 3.166963581330954298e+02
5.045295295295295190e+00 3.167474272114625933e+02
5.055555555555555358e+00 3.167983414283196453e+02
5.065815815815815526e+00 3.168491011883020860e+02
5.076076076076075694e+00 3.168997068954045631e+02
5.086336336336335862e+00 3.169501589529841681e+02
5.096596596596596029e+00 3.170004577637654961e+02
5.106856856856856197e+00 3.170506037298444539e+02
5.117117117117117253e+00 3.171005972526921823e+02
5.127377377377377421e+00 3.171504387331598878e+02
5.137637637637637589e+00 3.172001285714821961e+02
5.147897897897897757e+00 3.172496671672820980e+02
5.158158158158157924e+00 3.172990549195748144e+02
5.168418418418418092e+00 3.173482922267718322e+02
5.178678678678678260e+00 3.173973794866859635e+02
5.188938938938938428e+00 3.174463170965343579e+02
5.199199199199198596e+00 3.174951054529439602e+02
5.209459459459459651e+00 3.175437449519547499e+02
5.219719719719719819e+00 3.175922359890248572e+02
5.229979979979979987e+00 3.176405789590342010e+02
5.240240240240240155e+00 3.176887742562886388e+02
5.250500500500500323e+00 3.177368222745250250e+02
5.260760760760760490e+00 3.177847234069147362e+02
5.271021021021020658e+00 3.178324780460682177e+02
5.281281281281280826e+00 3.178800865840391339e+02
5.291541541541540994e+00 3.179275494123287444e+02
5.301801801801801162e+00 3.179748669218901114e+02
5.312062062062062218e+00 3.180220395031321345e+02
5.322322322322322385e+00 3.180690675459240992e+02
5.332582582582582553e+00 3.181159514395999395e+02
5.342842842842842721e+00 3.181626915729619896e+02
5.353103103103102889e+00 3.182092883342857021e+02
5.363363363363363057e+00 3.182557421113237410e+02
5.373623623623623224e+00 3.183020532913101306e+02
5.383883883883883392e+00 3.183482222609641781e+02
5.394144144144143560e+00 3.183942494064950779e+02
5.404404404404403728e+00 3.184401351136059475e+02
5.414664664664664784e+00 3.184858797674976927e+02
5.424924924924924952e+00 3.185314837528738394e+02
5.435185185185185119e+00 3.185769474539436033e+02
5.445445445445445287e+00 3.186222712544270053e+02
5.455705705705705455e+00 3.186674555375583395e+02
5.465965965965965623e+00 3.187125006860902658e+02
5.476226226226225791e+00 3.187574070822980730e+02
5.486486486486485958e+00 3.188021751079838850e+02
5.496746746746746126e+00 3.188468051444796174e+02
5.507007007007007182e+00 3.188912975726526611e+02
5.517267267267267350e+00 3.189356527729080426e+02
5.527527527527527518e+00 3.189798711251934833e+02
5.537787787787787686e+00 3.190239530090028666e+02
5.548048048048047853e+00 3.190678988033801602e+02
5.558308308308308021e+00 3.191117088869232248e+02
5.568568568568568189e+00 3.191553836377876223e+02
5.578828828828828357e+00 3.191989234336903678e+02
5.589089089089088525e+00 3.192423286519135672e+02
5.599349349349348692e+00 3.192855996693078851e+02
5.609609609609609748e+00 3.193287368622970916e+02
5.619869869869869916e+00 3.193717406068803939e+02
5.630130130130130084e+00 3.194146112786372100e+02
5.640390390390390252e+00 3.194573492527293865e+02
5.650650650650650419e+00 3.194999549039060867e+02
5.660910910910910587e+00 3.195424286065060642e+02
5.671171171171170755e+00 3.195847707344618129e+02
5.681431431431430923e+00 3.196269816613021817e+02
5.691691691691691091e+00 3.196690617601564668e+02
5.701951951951951258e+00 3.197110114037570270e+02
5.712212212212212314e+00 3.197528309644426940e+02
5.722472472472472482e+00 3.197945208141620128e+02
5.732732732732732650e+00 3.198360813244759129e+02
5.742992992992992818e+00 3.198775128665611760e+02
5.753253253253252986e+00 3.199188158112129940e+02
5.763513513513513153e+00 3.199599905288482091e+02
5.773773773773773321e+00 3.200010373895080420e+02
5.784034034034033489e+00 3.200419567628605932e+02
5.794294294294293657e+00 3.200827490182037991e+02
5.804554554554554713e+00 3.201234145244680462e+02
5.814814814814814881e+00 3.201639536502187866e+02
5.825075075075075048e+00 3.202043667636586406e+02
5.835335335335335216e+00 3.202446542326302961e+02
5.845595595595595384e+00 3.202848164246188389e+02
5.855855855855855552e+00 3.203248537067533448e+02
5.866116116116115720e+00 3.203647664458100053e+02
5.876376376376375887e+00 3.204045550082137765e+02
5.886636636636636055e+00 3.204442197600403119e+02
5.896896896896896223e+00 3.204837610670179515e+02
5.907157157157157279e+00 3.205231792945298821e+02
5.917417417417417447e+00 3.205624748076156152e+02
5.927677677677677615e+00 3.206016479709727491e+02
5.937937937937937782e+00 3.206406991489586744e+02
5.948198198198197950e+00 3.206796287055920516e+02
5.958458458458458118e+00 3.207184370045539481e+02
5.968718718718718286e+00 3.207571244091897142e+02
5.978978978978978454e+00 3.207956912825096083e+02
5.989239239239238621e+00 3.208341379871906156e+02
5.999499499499498789e+00 3.208724648855766191e+02
6.009759759759759845e+00 3.209106723396801613e+02
6.020020020020020013e+00 3.209487607111826151e+02
6.030280280280280181e+00 3.209867303614355478e+02
6.040540540540540349e+00 3.210245816514606076e+02
6.050800800800800516e+00 3.210623149419503761e+02
6.061061061061060684e+00 3.210999305932694483e+02
6.071321321321320852e+00 3.211374289654531253e+02
6.081581581581581020e+00 3.211748104182091765e+02
6.091841841841841187e+00 3.212120753109168163e+02
6.102102102102102243e+00 3.212492240026274999e+02
6.112362362362362411e+00 3.212862568520636160e+02
6.122622622622622579e+00 3.213231742176195098e+02
6.132882882882882747e+00 3.213599764573599487e+02
6.143143143143142915e+00 3.213966639290202352e+02
6.153403403403403082e+00 3.214332369900050139e+02
6.163663663663663250e+00 3.214696959973882144e+02
6.173923923923923418e+00 3.215060413079112323e+02
6.184184184184183586e+00 3.215422732779823036e+02
6.194444444444443754e+00 3.215783922636754255e+02
6.204704704704704810e+00 3.216143986207288208e+02
6.214964964964964977e+00 3.216502927045431761e+02
6.225225225225225145e+00 3.216860748701807893e+02
6.235485485485485313e+00 3.217217454723630681e+02
6.245745745745745481e+00 3.217573048654689387e+02
6.256006006006005649e+00 3.217927534035329131e+02
6.266266266266265816e+00 3.218280914402426447e+02
6.276526526526525984e+00 3.218633193289367114e+02
6.286786786786786152e+00 3.218984374226021714e+02
6.297047047047046320e+00 3.219334460738718917e+02
6.307307307307307376e+00 3.219683456350214783e+02
6.317567567567567544e+00 3.220031364579671163e+02
6.327827827827827711e+00 3.220378188942615338e+02
6.338088088088087879e+00 3.220723932950911603e+02
6.348348348348348047e+00 3.221068600112729428e+02
6.358608608608608215e+00 3.221412193932504238e+02
6.368868868868868383e+00 3.221754717910899899e+02
6.379129129129128550e+00 3.222096175544774610e+02
6.389389389389388718e+00 3.222436570327130880e+02
6.399649649649649774e+00 3.222775905747082561e+02
6.409909909909909942e+00 3.223114185289808233e+02
6.420170170170170110e+00 3.223451412436501187e+02
6.430430430430430278e+00 3.223787590664326217e+02
6.440690690690690445e+00 3.224122723446369037e+02
6.450950950950950613e+00 3.224456814251587389e+02
6.461211211211210781e+00 3.224789866544756478e+02
6.471471471471470949e+00 3.225121883786410990e+02
6.481731731731731116e+00 3.225452869432797911e+02
6.491991991991991284e+00 3.225782826935810590e+02
6.502252252252252340e+00 3.226111759742931326e+02
6.512512512512512508e+00 3.226439671297173390e+02
6.522772772772772676e+00 3.226766565037007695e+02
6.533033033033032844e+00 3.227092444396313340e+02
6.543293293293293011e+00 3.227417312804294056e+02
6.553553553553553179e+00 3.227741173685418516e+02
6.563813813813813347e+00 3.228064030459348146e+02
6.574074074074073515e+00 3.228385886540865499e+02
6.584334334334333683e+00 3.228706745339792406e+02
6.594594594594593850e+00 3.229026610260925736e+02
6.604854854854854906e+00 3.229345484703944749e+02
6.615115115115115074e+00 3.229663372063344582e+02
6.625375375375375242e+00 3.229980275728343031e+02
6.635635635635635410e+00 3.230296199082803810e+02
6.645895895895895578e+00 3.230611145505146737e+02
6.656156156156155745e+00 3.230925118368256790e+02
6.666416416416415913e+00 3.231238121039400539e+02
6.676676676676676081e+00 3.231550156880129521e+02
6.686936936936936249e+00 3.231861229246189282e+02
6.697197197197197305e+00 3.232171341487420477e+02
6.707457457457457473e+00 3.232480496947661095e+02
6.717717717717717640e+00 3.232788698964647551e+02
6.727977977977977808e+00 3.233095950869914645e+02
6.738238238238237976e+00 3.233402255988686989e+02
6.748498498498498144e+00 3.233707617639775549e+02
6.758758758758758312e+00 3.234012039135472492e+02
6.769019019019018479e+00 3.234315523781432944e+02
6.779279279279278647e+00 3.234618074876573246e+02
6.789539539539538815e+00 3.234919695712949874e+02
6.799799799799799871e+00 3.235220389575644617e+02
6.810060060060060039e+00 3.235520159742650321e+02
6.820320320320320207e+00 3.235819009484742992e+02
6.830580580580580374e+00 3.236116942065369813e+02
6.840840840840840542e+00 3.236413960740514426e+02
6.851101101101100710e+00 3.236710068758582111e+02
6.861361361361360878e+00 3.237005269360259376e+02
6.871621621621621046e+00 3.237299565778395731e+02
6.881881881881881213e+00 3.237592961237863847e+02
6.892142142142141381e+00 3.237885458955424838e+02
6.902402402402402437e+00 3.238177062139600935e+02
6.912662662662662605e+00 3.238467773990524279e+02
6.922922922922922773e+00 3.238757597699809025e+02
6.933183183183182940e+00 3.239046536450402982e+02
6.943443443443443108e+00 3.239334593416444363e+02
6.953703703703703276e+00 3.239621771763116271e+02
6.963963963963963444e+00 3.239908074646497198e+02
6.974224224224223612e+00 3.240193505213415506e+02
6.984484484484483779e+00 3.240478066601290834e+02
6.994744744744744835e+00 3.240761761937987444e+02
7.005005005005005003e+00 3.241044594341652783e+02
7.015265265265265171e+00 3.241326566920563437e+02
7.025525525525525339e+00 3.241607682772966541e+02
7.035785785785785507e+00 3.241887944986908678e+02
7.046046046046045674e+00 3.242167356640092066e+02
7.056306306306305842e+00 3.242445920799686974e+02
7.066566566566566010e+00 3.242723640522182222e+02
7.076826826826826178e+00 3.243000518853205563e+02
7.087087087087086346e+00 3.243276558827362237e+02
7.097347347347347402e+00 3.243551763468050808e+02
7.107607607607607569e+00 3.243826135787302292e+02
7.117867867867867737e+00 3.244099678785594278e+02
7.128128128128127905e+00 3.244372395451676425e+02
7.138388388388388073e+00 3.244644288762394808e+02
7.148648648648648241e+00 3.244915361682504340e+02
7.158908908908908408e+00 3.245185617164491418e+02
7.169169169169168576e+00 3.245455058148388048e+02
7.179429429429428744e+00 3.245723687561581414e+02
7.189689689689688912e+00 3.245991508318634260e+02
7.199949949949949968e+00 3.246258523321089910e+02
7.210210210210210136e+00 3.246524735457283555e+02
7.220470470470470303e+00 3.246790147602148409e+02
7.230730730730730471e+00 3.247054762617022448e+02
7.240990990990990639e+00 3.247318583349457981e+02
7.251251251251250807e+00 3.247581612633015880e+02
7.261511511511510975e+00 3.247843853287075717e+02
7.271771771771771142e+00 3.248105308116629431e+02
7.282032032032031310e+00 3.248365979912084640e+02
7.292292292292292366e+00 3.248625871449060014e+02
7.302552552552552534e+00 3.248884985488187453e+02
7.312812812812812702e+00 3.249143324774898929e+02
7.323073073073072869e+00 3.249400892039224118e+02
7.333333333333333037e+00 3.249657689995583496e+02
7.343593593593593205e+00 3.249913721342581994e+02
7.353853853853853373e+00 3.250168988762789581e+02
7.364114114114113541e+00 3.250423494922546865e+02
7.374374374374373708e+00 3.250677242471739419e+02
7.384634634634633876e+00 3.250930234043587461e+02
7.394894894894894932e+00 3.251182472254439517e+02
7.405155155155155100e+00 3.251433959703547885e+02
7.415415415415415268e+00 3.251684698972859451e+02
7.425675675675675436e+00 3.251934692626796277e+02
7.435935935935935603e+00 3.252183943212039594e+02
7.446196196196195771e+00 3.252432453257310385e+02
7.456456456456455939e+00 3.252680225273148835e+02
7.466716716716716107e+00 3.252927261751701735e+02
7.476976976976976275e+00 3.253173565166490562e+02
7.487237237237236442e+00 3.253419137972201156e+02
7.497497497497497498e+00 3.253663982604457487e+02
7.507757757757757666e+00 3.253908101479599964e+02
7.518018018018017834e+00 3.254151496994463173e+02
7.528278278278278002e+00 3.254394171526150785e+02
7.538538538538538170e+00 3.254636127431814430e+02
7.548798798798798337e+00 3.254877367048434280e+02
7.559059059059058505e+00 3.255117892692583723e+02
7.569319319319318673e+00 3.255357706660215626e+02
7.579579579579578841e+00 3.255596811226431555e+02
7.589839839839839897e+00 3.255835208645263492e+02
7.600100100100100065e+00 3.256072901149439076e+02
7.610360360360360232e+00 3.256309890950169574e+02
7.620620620620620400e+00 3.256546180236913415e+02
7.630880880880880568e+00 3.256781771177157339e+02
7.641141141141140736e+00 3.257016665916195279e+02
7.651401401401400904e+00 3.257250866576893031e+02
7.661661661661661071e+00 3.257484375259477360e+02
7.671921921921921239e+00 3.257717194041301809e+02
7.682182182182181407e+00 3.257949324976628418e+02
7.692442442442442463e+00 3.258180770096405467e+02
7.702702702702702631e+00 3.258411531408036694e+02
7.712962962962962798e+00 3.258641610895170970e+02
7.723223223223222966e+00 3.258871010517472655e+02
7.733483483483483134e+00 3.259099732210402180e+02
7.743743743743743302e+00 3.259327777884997772e+02
7.754004004004003470e+00 3.259555149427654328e+02
7.764264264264263637e+00 3.259781848699905140e+02
7.774524524524523805e+00 3.260007877538205889e+02
7.784784784784783973e+00 3.260233237753710114e+02
7.795045045045045029e+00 3.260457931132065141e+02
7.805305305305305197e+00 3.260681959433190400e+02
7.815565565565565365e+00 3.260905324391064255e+02
7.825825825825825532e+00 3.261128027713508573e+02
7.836086086086085700e+00 3.261350071081985789e+02
7.846346346346345868e+00 3.261571456151379493e+02
7.856606606606606036e+00 3.261792184549794911e+02
7.866866866866866204e+00 3.262012257878342325e+02
7.877127127127126371e+00 3.262231677710939834e+02
7.887387387387387427e+00 3.262450445594103599e+02
7.897647647647647595e+00 3.262668563046748318e+02
7.907907907907907763e+00 3.262886031559984872e+02
7.918168168168167931e+00 3.263102852596923640e+02
7.928428428428428099e+00 3.263319027592472139e+02
7.938688688688688266e+00 3.263534557953147441e+02
7.948948948948948434e+00 3.263749445056877789e+02
7.959209209209208602e+00 3.263963690252808192e+02
7.969469469469468770e+00 3.264177294861121936e+02
7.979729729729728938e+00 3.264390260172841067e+02
7.989989989989989994e+00 3.264602587449651310e+02
8.000250250250250161e+00 3.264814277923712780e+02
8.010510510510510329e+00 3.265025332797485476e+02
8.020770770770770497e+00 3.265235753243545105e+02
8.031031031031030665e+00 3.265445540404414828e+02
8.041291291291290833e+00 3.265654695392387907e+02
8.051551551551551000e+00 3.265863219289357176e+02
8.061811811811811168e+00 3.266071113146653602e+02
8.072072072072071336e+00 3.266278377984873487e+02
8.082332332332331504e+00 3.266485014793721007e+02
8.092592592592591672e+00 3.266691024531852463e+02
8.102852852852851839e+00 3.266896408126712572e+02
8.113113113113112007e+00 3.267101166474388378e+02
8.123373373373372175e+00 3.267305300439456346e+02
8.133633633633632343e+00 3.267508810854836270e+02
8.143893893893892511e+00 3.267711698521647463e+02
8.154154154154152678e+00 3.267913964209069491e+02
8.164414414414412846e+00 3.268115608654204607e+02
8.174674674674673014e+00 3.268316632561942470e+02
8.184934934934934958e+00 3.268517036604837926e+02
8.195195195195195126e+00 3.268716821422974590e+02
8.205455455455455294e+00 3.268915987623846036e+02
8.215715715715715461e+00 3.269114535782242115e+02
8.225975975975975629e+00 3.269312466440124467e+02
8.236236236236235797e+00 3.269509780106523635e+02
8.246496496496495965e+00 3.269706477257420829e+02
8.256756756756756133e+00 3.269902558335659251e+02
8.267017017017016300e+00 3.270098023750828133e+02
8.277277277277276468e+00 3.270292873879179183e+02
8.287537537537538412e+00 3.270487109063528806e+02
8.297797797797798580e+00 3.270680729613175117e+02
8.308058058058058748e+00 3.270873735803808700e+02
8.318318318318318916e+00 3.271066127877439840e+02
8.328578578578579084e+00 3.271257906042321224e+02
8.338838838838839251e+00 3.271449070472875746e+02
8.349099099099099419e+00 3.271639621309636823e+02
8.359359359359359587e+00 3.271829558659180748e+02
8.369619619619619755e+00 3.272018882594076103e+02
8.379879879879879923e+00 3.272207593152825780e+02
8.390140140140140090e+00 3.272395690339824910e+02
8.400400400400400258e+00 3.272583174125315963e+02
8.410660660660660426e+00 3.272770044445353506e+02
8.420920920920920594e+00 3.272956301201762130e+02
8.431181181181180762e+00 3.273141944262125662e+02
8.441441441441440929e+00 3.273326973459749070e+02
8.451701701701701097e+00 3.273511388593646529e+02
8.461961961961961265e+00 3.273695189428524941e+02
8.472222222222221433e+00 3.273878375694783927e+02
8.482482482482481601e+00 3.274060947088507874e+02
8.492742742742741768e+00 3.274242903271459113e+02
8.503003003003001936e+00 3.274424243871110320e+02
8.513263263263262104e+00 3.274604968480629736e+02
8.523523523523522272e+00 3.274785076658919820e+02
8.533783783783784216e+00 3.274964567930625776e+02
8.544044044044044384e+00 3.275143441786181029e+02
8.554304304304304551e+00 3.275321697681824844e+02
8.564564564564564719e+00 3.275499335039652919e+02
8.574824824824824887e+00 3.275676353247662860e+02
8.585085085085085055e+00 3.275852751659800219e+02
8.595345345345345223e+00 3.276028529596014209e+02
8.605605605605605390e+00 3.276203686342327615e+02
8.615865865865865558e+00 3.276378221150899321e+02
8.626126126126125726e+00 3.276552133240098783e+02
8.636386386386385894e+00 3.276725421794582758e+02
8.646646646646646062e+00 3.276898085965386258e+02
8.656906906906906229e+00 3.277070124870010090e+02
8.667167167167166397e+00 3.277241537592512373e+02
8.677427427427426565e+00 3.277412323183621652e+02
8.687687687687686733e+00 3.277582480660838655e+02
8.697947947947946901e+00 3.277752009008548271e+02
8.708208208208207068e+00 3.277920907178143466e+02
8.718468468468467236e+00 3.278089174088151481e+02
8.728728728728729180e+00 3.278256808624366840e+02
8.738988988988989348e+00 3.278423809639979254e+02
8.749249249249249516e+00 3.278590175955731638e+02
8.759509509509509684e+00 3.278755906360060521e+02
8.769769769769769852e+00 3.278920999609256342e+02
8.780030030030030019e+00 3.279085454427617492e+02
8.790290290290290187e+00 3.279249269507630515e+02
8.800550550550550355e+00 3.279412443510132107e+02
8.810810810810810523e+00 3.279574975064493856e+02
8.821071071071070691e+00 3.279736862768809829e+02
8.831331331331330858e+00 3.279898105190085289e+02
8.841591591591591026e+00 3.280058700864432240e+02
8.851851851851851194e+00 3.280218648297280311e+02
8.862112112112111362e+00 3.280377945963579691e+02
8.872372372372371530e+00 3.280536592308021682e+02
8.882632632632631697e+00 3.280694585745256404e+02
8.892892892892891865e+00 3.280851924660122449e+02
8.903153153153152033e+00 3.281008607407883346e+02
8.913413413413412201e+00 3.281164632314464029e+02
8.923673673673672369e+00 3.281319997676694697e+02
8.933933933933934313e+00 3.281474701762570021e+02
8.944194194194194480e+00 3.281628742811498682e+02
8.954454454454454648e+00 3.281782119034572816e+02
8.964714714714714816e+00 3.281934828614832327e+02
8.974974974974974984e+00 3.282086869707546271e+02
8.985235235235235152e+00 3.282238240440488539e+02
8.995495495495495319e+00 3.282388938914229470e+02
9.005755755755755487e+00 3.282538963202424611e+02
9.016016016016015655e+00 3.282688311352118831e+02
9.026276276276275823e+00 3.282836981384044179e+02
9.036536536536535991e+00 3.282984971292935370e+02
9.046796796796796158e+00 3.283132279047843554e+02
9.057057057057056326e+00 3.283278902592459190e+02
9.067317317317316494e+00 3.283424839845436054e+02
9.077577577577576662e+00 3.283570088700731162e+02
9.087837837837836830e+00 3.283714647027933893e+02
9.098098098098096997e+00 3.283858512672614438e+02
9.108358358358357165e+00 3.284001683456678506e+02
9.118618618618617333e+00 3.284144157178708952e+02
9.128878878878879277e+00 3.284285931614343212e+02
9.139139139139139445e+00 3.284427004516620059e+02
9.149399399399399613e+00 3.284567373616367263e+02
9.159659659659659781e+00 3.284707036622566534e+02
9.169919919919919948e+00 3.284845991222742896e+02
9.180180180180180116e+00 3.284984235083340423e+02
9.190440440440440284e+00 3.285121765850123552e+02
9.200700700700700452e+00 3.285258581148573853e+02
9.210960960960960620e+00 3.285394678584281110e+02
9.221221221221220787e+00 3.285530055743361117e+02
9.231481481481480955e+00 3.285664710192858706e+02
9.241741741741741123e+00 3.285798639481174064e+02
9.252002002002001291e+00 3.285931841138467462e+02
9.262262262262261459e+00 3.286064312677098087e+02
9.272522522522521626e+00 3.286196051592050367e+02
9.282782782782781794e+00 3.286327055361367684e+02
9.293043043043041962e+00 3.286457321446588367e+02
9.303303303303302130e+00 3.286586847293194751e+02
9.313563563563562298e+00 3.286715630331053717e+02
9.323823823823824242e+00 3.286843667974876553e+02
9.334084084084084409e+00 3.286970957624666880e+02
9.344344344344344577e+00 3.287097496666187908e+02
9.354604604604604745e+00 3.287223282471416610e+02
9.364864864864864913e+00 3.287348312399020642e+02
9.375125125125125081e+00 3.287472583794827301e+02
9.385385385385385248e+00 3.287596093992295891e+02
9.395645645645645416e+00 3.287718840312999191e+02
9.405905905905905584e+00 3.287840820067104914e+02
9.416166166166165752e+00 3.287962030553860586e+02
9.426426426426425920e+00 3.288082469062084670e+02
9.436686686686686087e+00 3.288202132870660535e+02
9.446946946946946255e+00 3.288321019249025881e+02
9.457207207207206423e+00 3.288439125457678074e+02
9.467467467467466591e+00 3.288556448748672665e+02
9.477727727727726759e+00 3.288672986366124178e+02
9.487987987987986926e+00 3.288788735546724524e+02
9.498248248248247094e+00 3.288903693520243223e+02
9.508508508508507262e+00 3.289017857510040130e+02
9.518768768768767430e+00 3.289131224733586691e+02
9.529029029029029374e+00 3.289243792402979238e+02
9.539289289289289542e+00 3.289355557725458539e+02
9.549549549549549710e+00 3.289466517903933322e+02
9.559809809809809877e+00 3.289576670137505516e+02
9.570070070070070045e+00 3.289686011621990360e+02
9.580330330330330213e+00 3.289794539550451304e+02
9.590590590590590381e+00 3.289902251113726379e+02
9.600850850850850549e+00 3.290009143500954565e+02
9.611111111111110716e+00 3.290115213900120921e+02
9.621371371371370884e+00 3.290220459498573859e+02
9.631631631631631052e+00 3.290324877483579371e+02
9.641891891891891220e+00 3.290428465042837729e+02
9.652152152152151388e+00 3.290531219365036009e+02
9.662412412412411555e+00 3.290633137640382984e+02
9.672672672672671723e+00 3.290734217061141180e+02
9.682932932932931891e+00 3.290834454822178827e+02
9.693193193193192059e+00 3.290933848121499636e+02
9.703453453453452227e+00 3.291032394160790204e+02
9.713713713713712394e+00 3.291130090145960594e+02
9.723973973973974338e+00 3.291226933287682641e+02
9.734234234234234506e+00 3.291322920801936220e+02
9.744494494494494674e+00 3.291418049910549257e+02
9.754754754754754842e+00 3.291512317841736603e+02
9.765015015015015010e+00 3.291605721830645166e+02
9.775275275275275177e+00 3.291698259119895624e+02
9.785535535535535345e+00 3.291789926960120738e+02
9.795795795795795513e+00 3.291880722610499674e+02
9.806056056056055681e+00 3.291970643339309390e+02
9.816316316316315849e+00 3.292059686424455549e+02
9.826576576576576016e+00 3.292147849154009691e+02
9.836836836836836184e+00 3.292235128826746404e+02
9.847097097097096352e+00 3.292321522752677083e+02
9.857357357357356520e+00 3.292407028253589942e+02
9.867617617617616688e+00 3.292491642663571270e+02
9.877877877877876855e+00 3.292575363329543734e+02
9.888138138138137023e+00 3.292658187611796166e+02
9.898398398398397191e+00 3.292740112884504242e+02
9.908658658658657359e+00 3.292821136536259132e+02
9.918918918918919303e+00 3.292901255970590455e+02
9.929179179179179471e+00 3.292980468606488671e+02
9.939439439439439639e+00 3.293058771878916104e+02
9.949699699699699806e+00 3.293136163239333314e+02
9.959959959959959974e+00 3.293212640156203861e+02
9.970220220220220142e+00 3.293288200115508175e+02
9.980480480480480310e+00 3.293362840621250598e+02
9.990740740740740478e+00 3.293436559195965856e+02
1.000100100100100065e+01 3.293509353381219285e+02
1.001126126126126081e+01 3.293581220738101933e+02
1.002152152152152098e+01 3.293652158847731357e+02
1.003178178178178115e+01 3.293722165311742742e+02
1.004204204204204132e+01 3.293791237752772645e+02
1.005230230230230148e+01 3.293859373814944433e+02
1.006256256256256165e+01 3.293926571164354300e+02
1.007282282282282182e+01 3.293992827489541924e+02
1.008308308308308199e+01 3.294058140501963976e+02
1.009334334334334216e+01 3.294122507936468196e+02
1.010360360360360232e+01 3.294185927551750410e+02
1.011386386386386249e+01 3.294248397130817239e+02
1.012412412412412444e+01 3.294309914481441410e+02
1.013438438438438460e+01 3.294370477436616511e+02
1.014464464464464477e+01 3.294430083854995814e+02
1.015490490490490494e+01 3.294488731621338502e+02
1.016516516516516511e+01 3.294546418646943380e+02
1.017542542542542527e+01 3.294603142870084298e+02
1.018568568568568544e+01 3.294658902256432498e+02
1.019594594594594561e+01 3.294713694799474411e+02
1.020620620620620578e+01 3.294767518520938552e+02
1.021646646646646595e+01 3.294820371471191720e+02
1.022672672672672611e+01 3.294872251729652817e+02
1.023698698698698628e+01 3.294923157405188476e+02
1.024724724724724645e+01 3.294973086636506991e+02
1.025750750750750662e+01 3.295022037592543711e+02
1.026776776776776678e+01 3.295070008472842460e+02
1.027802802802802695e+01 3.295116997507935253e+02
1.028828828828828712e+01 3.295163002959704954e+02
1.029854854854854729e+01 3.295208023121750216e+02
1.030880880880880746e+01 3.295252056319742451e+02
1.031906906906906940e+01 3.295295100911777695e+02
1.032932932932932957e+01 3.295337155288717668e+02
1.033958958958958974e+01 3.295378217874521738e+02
1.034984984984984990e+01 3.295418287126587416e+02
1.036011011011011007e+01 3.295457361536068106e+02
1.037037037037037024e+01 3.295495439628185750e+02
1.038063063063063041e+01 3.295532519962548577e+02
1.039089089089089057e+01 3.295568601133447828e+02
1.040115115115115074e+01 3.295603681770152207e+02
1.041141141141141091e+01 3.295637760537202894e+02
1.042167167167167108e+01 3.295670836134686965e+02
1.043193193193193125e+01 3.295702907298513651e+02
1.044219219219219141e+01 3.295733972800683773e+02
1.045245245245245158e+01 3.295764031449541562e+02
1.046271271271271175e+01 3.295793082090033863e+02
1.047297297297297192e+01 3.295821123603950582e+02
1.048323323323323208e+01 3.295848154910154335e+02
1.049349349349349225e+01 3.295874174964819190e+02
1.050375375375375242e+01 3.295899182761644397e+02
1.051401401401401436e+01 3.295923177332070964e+02
1.052427427427427453e+01 3.295946157745480605e+02
1.053453453453453470e+01 3.295968123109399244e+02
1.054479479479479487e+01 3.295989072569683458e+02
1.055505505505505504e+01 3.296009005310695557e+02
1.056531531531531520e+01 3.296027920555486048e+02
1.057557557557557537e+01 3.296045817565953371e+02
1.058583583583583554e+01 3.296062695642997369e+02
1.059609609609609571e+01 3.296078554126671634e+02
1.060635635635635587e+01 3.296093392396323338e+02
1.061661661661661604e+01 3.296107209870722272e+02
1.062687687687687621e+01 3.296120006008186465e+02
1.063713713713713638e+01 3.296131780306691894e+02
1.064739739739739655e+01 3.296142532303989583e+02
1.065765765765765671e+01 3.296152261577692002e+02
1.066791791791791688e+01 3.296160967745370840e+02
1.067817817817817705e+01 3.296168650464634311e+02
1.068843843843843722e+01 3.296175309433197640e+02
1.069869869869869738e+01 3.296180944388957528e+02
1.070895895895895755e+01 3.296185555110032510e+02
1.071921921921921950e+01 3.296189141414824348e+02
1.072947947947947966e+01 3.296191703162048157e+02
1.073973973973973983e+01 3.296193240250764234e+02
1.075000000000000000e+01 3.296193752620399096e+02
