5.000000000000000000e-01 8.481064910398424672e+02
5.082582582582582109e-01 8.484758395370935204e+02
5.165165165165165329e-01 8.488451553701834200e+02
5.247747747747747438e-01 8.492144408005889318e+02
5.330330330330330657e-01 8.495836980873708626e+02
5.412912912912912766e-01 8.499529294872710352e+02
5.495495495495494875e-01 8.503221372548302952e+02
5.578078078078078095e-01 8.506913236424918523e+02
5.660660660660660204e-01 8.510604909007178094e+02
5.743243243243243423e-01 8.514296412780802257e+02
5.825825825825825532e-01 8.517987770213828753e+02
5.908408408408408752e-01 8.521679003757488999e+02
5.990990990990990861e-01 8.525370135847297206e+02
6.073573573573574080e-01 8.529061188904122446e+02
6.156156156156156189e-01 8.532752185335037893e+02
6.238738738738738299e-01 8.536443147534425862e+02
6.321321321321321518e-01 8.540134097884924813e+02
6.403903903903903627e-01 8.543825058758354771e+02
6.486486486486486847e-01 8.547516052516695026e+02
6.569069069069068956e-01 8.551207101513044790e+02
6.651651651651651065e-01 8.554898228092531554e+02
6.734234234234234284e-01 8.558589454593229675e+02
6.816816816816816393e-01 8.562280803347083520e+02
6.899399399399399613e-01 8.565972296680820364e+02
6.981981981981981722e-01 8.569663956916834877e+02
7.064564564564563831e-01 8.573355806374075883e+02
7.147147147147147050e-01 8.577047867368877405e+02
7.229729729729730270e-01 8.580740162215985265e+02
7.312312312312312379e-01 8.584432713229188039e+02
7.394894894894894488e-01 8.588125542722317505e+02
7.477477477477477708e-01 8.591818673010160410e+02
7.560060060060059817e-01 8.595512126409018947e+02
7.642642642642643036e-01 8.599205925237865813e+02
7.725225225225225145e-01 8.602900091818958117e+02
7.807807807807807254e-01 8.606594648478745739e+02
7.890390390390390474e-01 8.610289617548559136e+02
7.972972972972972583e-01 8.613985021365588182e+02
8.055555555555555802e-01 8.617680882273563157e+02
8.138138138138137911e-01 8.621377222623488024e+02
8.220720720720720021e-01 8.625074064774580620e+02
8.303303303303303240e-01 8.628771431094887703e+02
8.385885885885886459e-01 8.632469343962191033e+02
8.468468468468468568e-01 8.636167825764617874e+02
8.551051051051050678e-01 8.639866898901506147e+02
8.633633633633632787e-01 8.643566585784125209e+02
8.716216216216216006e-01 8.647266908836436414e+02
8.798798798798799226e-01 8.650967890495713846e+02
8.881381381381381335e-01 8.654669553213476547e+02
8.963963963963963444e-01 8.658371919456026262e+02
9.046546546546545553e-01 8.662075011705219367e+02
9.129129129129128772e-01 8.665778852459288828e+02
9.211711711711711992e-01 8.669483464233444465e+02
9.294294294294294101e-01 8.673188869560492549e+02
9.376876876876876210e-01 8.676895090991745292e+02
9.459459459459459429e-01 8.680602151097560863e+02
9.542042042042041539e-01 8.684310072468039152e+02
9.624624624624624758e-01 8.688018877713826669e+02
9.707207207207206867e-01 8.691728589466581525e+02
9.789789789789788976e-01 8.695439230379829496e+02
9.872372372372372196e-01 8.699150823129581340e+02
9.954954954954955415e-01 8.702863390414912601e+02
1.003753753753753752e+00 8.706576954958674150e+02
1.012012012012011963e+00 8.710291539508274354e+02
1.020270270270270174e+00 8.714007166836100851e+02
1.028528528528528607e+00 8.717723859740224270e+02
1.036786786786786596e+00 8.721441641045200868e+02
1.045045045045045029e+00 8.725160533602464739e+02
1.053303303303303240e+00 8.728880560291165693e+02
1.061561561561561451e+00 8.732601744018583076e+02
1.069819819819819884e+00 8.736324107721022756e+02
1.078078078078078095e+00 8.740047674364153636e+02
1.086336336336336306e+00 8.743772466943755717e+02
1.094594594594594517e+00 8.747498508486253286e+02
1.102852852852852727e+00 8.751225822049532326e+02
1.111111111111111160e+00 8.754954430723192900e+02
1.119369369369369371e+00 8.758684357629401802e+02
1.127627627627627582e+00 8.762415625923408697e+02
1.135885885885885793e+00 8.766148258794095227e+02
1.144144144144144004e+00 8.769882279464630983e+02
1.152402402402402437e+00 8.773617711192998740e+02
1.160660660660660648e+00 8.777354577272498091e+02
1.168918918918918859e+00 8.781092901032437794e+02
1.177177177177177292e+00 8.784832705838631455e+02
1.185435435435435281e+00 8.788574015094067136e+02
1.193693693693693714e+00 8.792316852239206355e+02
1.201951951951951925e+00 8.796061240752827644e+02
1.210210210210210136e+00 8.799807204152425584e+02
1.218468468468468568e+00 8.803554765994698528e+02
1.226726726726726557e+00 8.807303949876281877e+02
1.234984984984984990e+00 8.811054779434042530e+02
1.243243243243243201e+00 8.814807278345815575e+02
1.251501501501501412e+00 8.818561470330844259e+02
1.259759759759759845e+00 8.822317379150273382e+02
1.268018018018017834e+00 8.826075028607709783e+02
1.276276276276276267e+00 8.829834442549891946e+02
1.284534534534534478e+00 8.833595644866638850e+02
1.292792792792792689e+00 8.837358659492243760e+02
1.301051051051051122e+00 8.841123510405169554e+02
1.309309309309309111e+00 8.844890221629019607e+02
1.317567567567567544e+00 8.848658817232866340e+02
1.325825825825825754e+00 8.852429321331615029e+02
1.334084084084083965e+00 8.856201758086955351e+02
1.342342342342342398e+00 8.859976151707186318e+02
1.350600600600600387e+00 8.863752526448308799e+02
1.358858858858858820e+00 8.867530906614061905e+02
1.367117117117117031e+00 8.871311316556644897e+02
1.375375375375375242e+00 8.875093780677066206e+02
1.383633633633633675e+00 8.878878323425741428e+02
1.391891891891891886e+00 8.882664969302672944e+02
1.400150150150150097e+00 8.886453742858275291e+02
1.408408408408408308e+00 8.890244668693540007e+02
1.416666666666666519e+00 8.894037771460607473e+02
1.424924924924924952e+00 8.897833075863291015e+02
1.433183183183183163e+00 8.901630606657198541e+02
1.441441441441441373e+00 8.905430388650468103e+02
1.449699699699699806e+00 8.909232446704273798e+02
1.457957957957957795e+00 8.913036805732842822e+02
1.466216216216216228e+00 8.916843490704392252e+02
1.474474474474474439e+00 8.920652526640932365e+02
1.482732732732732650e+00 8.924463938619319379e+02
1.490990990990991083e+00 8.928277751771308886e+02
1.499249249249249072e+00 8.932093991284019694e+02
1.507507507507507505e+00 8.935912682400277163e+02
1.515765765765765716e+00 8.939733850419179362e+02
1.524024024024023927e+00 8.943557520696298297e+02
1.532282282282282138e+00 8.947383718644198325e+02
1.540540540540540571e+00 8.951212469732772661e+02
1.548798798798798781e+00 8.955043799489679941e+02
1.557057057057056992e+00 8.958877733500619343e+02
1.565315315315315203e+00 8.962714297409747815e+02
1.573573573573573414e+00 8.966553516920025686e+02
1.581831831831831847e+00 8.970395417793671413e+02
1.590090090090090058e+00 8.974240025852371900e+02
1.598348348348348269e+00 8.978087366977838428e+02
1.606606606606606480e+00 8.981937467111872593e+02
1.614864864864864691e+00 8.985790352256942697e+02
1.623123123123123124e+00 8.989646048476374744e+02
1.631381381381381335e+00 8.993504581894968624e+02
1.639639639639639546e+00 8.997365978698768458e+02
1.647897897897897757e+00 9.001230265136126718e+02
1.656156156156156189e+00 9.005097467517284713e+02
1.664414414414414400e+00 9.008967612215166127e+02
1.672672672672672611e+00 9.012840725665696482e+02
1.680930930930930822e+00 9.016716834367723550e+02
1.689189189189189033e+00 9.020595964883681290e+02
1.697447447447447466e+00 9.024478143839667155e+02
1.705705705705705677e+00 9.028363397925969593e+02
1.713963963963963888e+00 9.032251753897038498e+02
1.722222222222222099e+00 9.036143238572124119e+02
1.730480480480480310e+00 9.040037878835103129e+02
1.738738738738738743e+00 9.043935701635368787e+02
1.746996996996996954e+00 9.047836733987361413e+02
1.755255255255255165e+00 9.051741002971298258e+02
1.763513513513513375e+00 9.055648535733365634e+02
1.771771771771771586e+00 9.059559359485997447e+02
1.780030030030030019e+00 9.063473501507934316e+02
1.788288288288288230e+00 9.067390989144627156e+02
1.796546546546546441e+00 9.071311849808124634e+02
1.804804804804804652e+00 9.075236110978080433e+02
1.813063063063063085e+00 9.079163800201037020e+02
1.821321321321321296e+00 9.083094945091316958e+02
1.829579579579579507e+00 9.087029573330916037e+02
1.837837837837837718e+00 9.090967712669753382e+02
1.846096096096095929e+00 9.094909390925713524e+02
1.854354354354354362e+00 9.098854635985359209e+02
1.862612612612612573e+00 9.102803475803597166e+02
1.870870870870870784e+00 9.106755938404073731e+02
1.879129129129128994e+00 9.110712051879097544e+02
1.887387387387387205e+00 9.114671844390223896e+02
1.895645645645645638e+00 9.118635344168053507e+02
1.903903903903903849e+00 9.122602579512802095e+02
1.912162162162162060e+00 9.126573578793819479e+02
1.920420420420420271e+00 9.130548370450192124e+02
1.928678678678678482e+00 9.134526982990815895e+02
1.936936936936936915e+00 9.138509444994459727e+02
1.945195195195195126e+00 9.142495785110166935e+02
1.953453453453453337e+00 9.146486032056419617e+02
1.961711711711711548e+00 9.150480214622556332e+02
1.969969969969969981e+00 9.154478361668001298e+02
1.978228228228228192e+00 9.158480502122741882e+02
1.986486486486486402e+00 9.162486664986936375e+02
1.994744744744744613e+00 9.166496879331773471e+02
2.003003003003002824e+00 9.170511174298950436e+02
2.011261261261261257e+00 9.174529579100632191e+02
2.019519519519519690e+00 9.178552123019965165e+02
2.027777777777777679e+00 9.182578835411251248e+02
2.036036036036035668e+00 9.186609745699098539e+02
2.044294294294294101e+00 9.190644883379527528e+02
2.052552552552552534e+00 9.194684278019085468e+02
2.060810810810810523e+00 9.198727959255593305e+02
2.069069069069068956e+00 9.202775956797950130e+02
2.077327327327327389e+00 9.206828300425408997e+02
2.085585585585585378e+00 9.210885019989306102e+02
2.093843843843843811e+00 9.214946145410806366e+02
2.102102102102102243e+00 9.219011706683015746e+02
2.110360360360360232e+00 9.223081733869107666e+02
2.118618618618618221e+00 9.227156257103947610e+02
2.126876876876877098e+00 9.231235306592786856e+02
2.135135135135135087e+00 9.235318912611949145e+02
2.143393393393393076e+00 9.239407105508225868e+02
2.151651651651651509e+00 9.243499915699509302e+02
2.159909909909909942e+00 9.247597373674205983e+02
2.168168168168167931e+00 9.251699509991254899e+02
2.176426426426426364e+00 9.255806355279794388e+02
2.184684684684684797e+00 9.259917940239597556e+02
2.192942942942942786e+00 9.264034295640731216e+02
2.201201201201200774e+00 9.268155452323646841e+02
2.209459459459459651e+00 9.272281441197947061e+02
2.217717717717717640e+00 9.276412293244002285e+02
2.225975975975975629e+00 9.280548039511641036e+02
2.234234234234234062e+00 9.284688711120247717e+02
2.242492492492492495e+00 9.288834339258397677e+02
2.250750750750750484e+00 9.292984955184828095e+02
2.259009009009008917e+00 9.297140590226352970e+02
2.267267267267267350e+00 9.301301275778907893e+02
2.275525525525525339e+00 9.305467043307917265e+02
2.283783783783783772e+00 9.309637924346138789e+02
2.292042042042042205e+00 9.313813950495660947e+02
2.300300300300300194e+00 9.317995153426190882e+02
2.308558558558558182e+00 9.322181564875018012e+02
2.316816816816816615e+00 9.326373216647659774e+02
2.325075075075075048e+00 9.330570140616443950e+02
2.333333333333333037e+00 9.334772368721019120e+02
2.341591591591591470e+00 9.338979932967564537e+02
2.349849849849849903e+00 9.343192865429278982e+02
2.358108108108107892e+00 9.347411198245257538e+02
2.366366366366366325e+00 9.351634963620670078e+02
2.374624624624624758e+00 9.355864193826051860e+02
2.382882882882882747e+00 9.360098921197508162e+02
2.391141141141140736e+00 9.364339178136016244e+02
2.399399399399399613e+00 9.368584997107367371e+02
2.407657657657657602e+00 9.372836410641002658e+02
2.415915915915915591e+00 9.377093451331037386e+02
2.424174174174174023e+00 9.381356151834426100e+02
2.432432432432432456e+00 9.385624544871817534e+02
2.440690690690690445e+00 9.389898663226686040e+02
2.448948948948948878e+00 9.394178539744450518e+02
2.457207207207207311e+00 9.398464207332042406e+02
2.465465465465465300e+00 9.402755698958446828e+02
2.473723723723723289e+00 9.407053047653936346e+02
2.481981981981982166e+00 9.411356286508954554e+02
2.490240240240240155e+00 9.415665448674119489e+02
2.498498498498498144e+00 9.419980567359656334e+02
2.506756756756756577e+00 9.424301675836125014e+02
2.515015015015015010e+00 9.428628807429897734e+02
2.523273273273272999e+00 9.432961995528515899e+02
2.531531531531531432e+00 9.437301273575915275e+02
2.539789789789789864e+00 9.441646675073050119e+02
2.548048048048047853e+00 9.445998233577720384e+02
2.556306306306306286e+00 9.450355982702948268e+02
2.564564564564564275e+00 9.454719956118663049e+02
2.572822822822822708e+00 9.459090187548323456e+02
2.581081081081081141e+00 9.463466710770585451e+02
2.589339339339339130e+00 9.467849559617387740e+02
2.597597597597597563e+00 9.472238767973846052e+02
2.605855855855855552e+00 9.476634369776821814e+02
2.614114114114113985e+00 9.481036399015645202e+02
2.622372372372372418e+00 9.485444889730846398e+02
2.630630630630630407e+00 9.489859876013083522e+02
2.638888888888888840e+00 9.494281392002696975e+02
2.647147147147146828e+00 9.498709471889931137e+02
2.655405405405405261e+00 9.503144149912296825e+02
2.663663663663663694e+00 9.507585460355851410e+02
2.671921921921921683e+00 9.512033437553074009e+02
2.680180180180180116e+00 9.516488115882755210e+02
2.688438438438438105e+00 9.520949529769009132e+02
2.696696696696696538e+00 9.525417713680926681e+02
2.704954954954954971e+00 9.529892702131670603e+02
2.713213213213212960e+00 9.534374529676649672e+02
2.721471471471471393e+00 9.538863230914749920e+02
2.729729729729729382e+00 9.543358840485122982e+02
2.737987987987987815e+00 9.547861393067736344e+02
2.746246246246246248e+00 9.552370923382920864e+02
2.754504504504504236e+00 9.556887466190078158e+02
2.762762762762762669e+00 9.561411056285699033e+02
2.771021021021021102e+00 9.565941728504180901e+02
2.779279279279279091e+00 9.570479517715975817e+02
2.787537537537537524e+00 9.575024458826545697e+02
2.795795795795795513e+00 9.579576586775810938e+02
2.804054054054053946e+00 9.584135936537578573e+02
2.812312312312312379e+00 9.588702543117085497e+02
2.820570570570570368e+00 9.593276441552992537e+02
2.828828828828828801e+00 9.597857666912435661e+02
2.837087087087086790e+00 9.602446254293276979e+02
2.845345345345345223e+00 9.607042238821095452e+02
2.853603603603603656e+00 9.611645655649772380e+02
2.861861861861861644e+00 9.616256539959031215e+02
2.870120120120120077e+00 9.620874926953682689e+02
2.878378378378378066e+00 9.625500851863665730e+02
2.886636636636636499e+00 9.630134349941084793e+02
2.894894894894894932e+00 9.634775456460758960e+02
2.903153153153152921e+00 9.639424206718355208e+02
2.911411411411411354e+00 9.644080636029430025e+02
2.919669669669669343e+00 9.648744779727478544e+02
2.927927927927927776e+00 9.653416673165298789e+02
2.936186186186186209e+00 9.658096351709151577e+02
2.944444444444444198e+00 9.662783850743422818e+02
2.952702702702702631e+00 9.667479205663635184e+02
2.960960960960960620e+00 9.672182451880850067e+02
2.969219219219219053e+00 9.676893624814856594e+02
2.977477477477477485e+00 9.681612759897551541e+02
2.985735735735735474e+00 9.686339892568339565e+02
2.993993993993993907e+00 9.691075058274664116e+02
3.002252252252251896e+00 9.695818292471666382e+02
3.010510510510510329e+00 9.700569630617543453e+02
3.018768768768768762e+00 9.705329108174181556e+02
3.027027027027026751e+00 9.710096760608159911e+02
3.035285285285285184e+00 9.714872623384085273e+02
3.043543543543543173e+00 9.719656731966897496e+02
3.051801801801801606e+00 9.724449121821303379e+02
3.060060060060060039e+00 9.729249828406378811e+02
3.068318318318318028e+00 9.734058887178432542e+02
3.076576576576576461e+00 9.738876333586579221e+02
3.084834834834834894e+00 9.743702203071599115e+02
3.093093093093092882e+00 9.748536531067700253e+02
3.101351351351351315e+00 9.753379352996513489e+02
3.109609609609609304e+00 9.758230704267203919e+02
3.117867867867867737e+00 9.763090620276186655e+02
3.126126126126126170e+00 9.767959136405274876e+02
3.134384384384384159e+00 9.772836288018471578e+02
3.142642642642642592e+00 9.777722110461251077e+02
3.150900900900900581e+00 9.782616639061864134e+02
3.159159159159159014e+00 9.787519909122636363e+02
3.167417417417417447e+00 9.792431955925102329e+02
3.175675675675675436e+00 9.797352814727343002e+02
3.183933933933933869e+00 9.802282520759550835e+02
3.192192192192191857e+00 9.807221109222823543e+02
3.200450450450450290e+00 9.812168615290185016e+02
3.208708708708708723e+00 9.817125074101776363e+02
3.216966966966966712e+00 9.822090520765351584e+02
3.225225225225225145e+00 9.827064990353435405e+02
3.233483483483483134e+00 9.832048517902915137e+02
3.241741741741741567e+00 9.837041138408724237e+02
3.250000000000000000e+00 9.842042886829563031e+02
3.258258258258257989e+00 9.847053798079269882e+02
3.266516516516516422e+00 9.852073907029492830e+02
3.274774774774774411e+00 9.857103248504473640e+02
3.283033033033032844e+00 9.862141857282397268e+02
3.291291291291291277e+00 9.867189768088810524e+02
3.299549549549549265e+00 9.872247015602205238e+02
3.307807807807807698e+00 9.877313634445004027e+02
3.316066066066065687e+00 9.882389659183675121e+02
3.324324324324324120e+00 9.887475124329802156e+02
3.332582582582582553e+00 9.892570064335113784e+02
3.340840840840840542e+00 9.897674513588079890e+02
3.349099099099098975e+00 9.902788506416850396e+02
3.357357357357356964e+00 9.907912077081650750e+02
3.365615615615615397e+00 9.913045259780558354e+02
3.373873873873873830e+00 9.918188088634423139e+02
3.382132132132131819e+00 9.923340597699128693e+02
3.390390390390390252e+00 9.928502820955038715e+02
3.398648648648648685e+00 9.933674792306510426e+02
3.406906906906906674e+00 9.938856545582019635e+02
3.415165165165165106e+00 9.944048114527879534e+02
3.423423423423423095e+00 9.949249532810498522e+02
3.431681681681681528e+00 9.954460834012701298e+02
3.439939939939939961e+00 9.959682051627779629e+02
3.448198198198197950e+00 9.964913219063828365e+02
3.456456456456456383e+00 9.970154369636892397e+02
3.464714714714714372e+00 9.975405536569480773e+02
3.472972972972972805e+00 9.980666752991168096e+02
3.481231231231231238e+00 9.985938051932731696e+02
3.489489489489489227e+00 9.991219466323090046e+02
3.497747747747747660e+00 9.996511028992659931e+02
3.506006006006005649e+00 1.000181277266795746e+03
3.514264264264264082e+00 1.000712472996499287e+03
3.522522522522522515e+00 1.001244693339262767e+03
3.530780780780780503e+00 1.001777941535080686e+03
3.539039039039038936e+00 1.002312220812034411e+03
3.547297297297296925e+00 1.002847534387115275e+03
3.555555555555555358e+00 1.003383885465061212e+03
3.563813813813813791e+00 1.003921277239000688e+03
3.572072072072071780e+00 1.004459712888964191e+03
3.580330330330330213e+00 1.004999195583135133e+03
3.588588588588588202e+00 1.005539728476587243e+03
3.596846846846846635e+00 1.006081314710916899e+03
3.605105105105105068e+00 1.006623957415014502e+03
3.613363363363363057e+00 1.007167659703802542e+03
3.621621621621621490e+00 1.007712424678390562e+03
3.629879879879879478e+00 1.008258255425796619e+03
3.638138138138137911e+00 1.008805155018718665e+03
3.646396396396396344e+00 1.009353126514930295e+03
3.654654654654654333e+00 1.009902172958049164e+03
3.662912912912912766e+00 1.010452297375716967e+03
3.671171171171170755e+00 1.011003502780534632e+03
3.679429429429429188e+00 1.011555792169460005e+03
3.687687687687687621e+00 1.012109168523592416e+03
3.695945945945945610e+00 1.012663634807456219e+03
3.704204204204204043e+00 1.013219193969067419e+03
3.712462462462462476e+00 1.013775848940406831e+03
3.720720720720720465e+00 1.014333602635389411e+03
3.728978978978978898e+00 1.014892457951280676e+03
3.737237237237236887e+00 1.015452417767825750e+03
3.745495495495495319e+00 1.016013484946230164e+03
3.753753753753753752e+00 1.016575662330214413e+03
3.762012012012011741e+00 1.017138952744812173e+03
3.770270270270270174e+00 1.017703358996459656e+03
3.778528528528528163e+00 1.018268883872432639e+03
3.786786786786786596e+00 1.018835530140620335e+03
3.795045045045045029e+00 1.019403300549576556e+03
3.803303303303303018e+00 1.019972197827990612e+03
3.811561561561561451e+00 1.020542224684391613e+03
3.819819819819819440e+00 1.021113383806475667e+03
3.828078078078077873e+00 1.021685677861629870e+03
3.836336336336336306e+00 1.022259109496112728e+03
3.844594594594594295e+00 1.022833681334963444e+03
3.852852852852852727e+00 1.023409395981158696e+03
3.861111111111110716e+00 1.023986256016279867e+03
3.869369369369369149e+00 1.024564263999175637e+03
3.877627627627627582e+00 1.025143422466416496e+03
3.885885885885885571e+00 1.025723733931883999e+03
3.894144144144144004e+00 1.026305200886107968e+03
3.902402402402401993e+00 1.026887825796220341e+03
3.910660660660660426e+00 1.027471611105416059e+03
3.918918918918918859e+00 1.028056559233303460e+03
3.927177177177176848e+00 1.028642672574718517e+03
3.935435435435435281e+00 1.029229953499709382e+03
3.943693693693693270e+00 1.029818404353660981e+03
3.951951951951951703e+00 1.030408027456632226e+03
3.960210210210210136e+00 1.030998825102669798e+03
3.968468468468468124e+00 1.031590799560537789e+03
3.976726726726726557e+00 1.032183953071951464e+03
3.984984984984984990e+00 1.032778287852455151e+03
3.993243243243242979e+00 1.033373806090778089e+03
4.001501501501500968e+00 1.033970509948273502e+03
4.009759759759759845e+00 1.034568401558859478e+03
4.018018018018017834e+00 1.035167483028411425e+03
4.026276276276275823e+00 1.035767756434674766e+03
4.034534534534534700e+00 1.036369223827149199e+03
4.042792792792792689e+00 1.036971887226004810e+03
4.051051051051050678e+00 1.037575748622690753e+03
4.059309309309309555e+00 1.038180809978696516e+03
4.067567567567567544e+00 1.038787073226047369e+03
4.075825825825825532e+00 1.039394540266563354e+03
4.084084084084084409e+00 1.040003212971452740e+03
4.092342342342341510e+00 1.040613093180947544e+03
4.100600600600600387e+00 1.041224182704289206e+03
4.108858858858859264e+00 1.041836483319379568e+03
4.117117117117116365e+00 1.042449996772433678e+03
4.125375375375375242e+00 1.043064724776398634e+03
4.133633633633633231e+00 1.043680669013133183e+03
4.141891891891891220e+00 1.044297831131000066e+03
4.150150150150150097e+00 1.044916212744825089e+03
4.158408408408408086e+00 1.045535815436440089e+03
4.166666666666666075e+00 1.046156640753554029e+03
4.174924924924924952e+00 1.046778690210001514e+03
4.183183183183182940e+00 1.047401965284482685e+03
4.191441441441440929e+00 1.048026467421147345e+03
4.199699699699699806e+00 1.048652198028844168e+03
4.207957957957957795e+00 1.049279158481191871e+03
4.216216216216215784e+00 1.049907350115043982e+03
4.224474474474474661e+00 1.050536774231670506e+03
4.232732732732732650e+00 1.051167432095656977e+03
4.240990990990990639e+00 1.051799324934044080e+03
4.249249249249249516e+00 1.052432453937219179e+03
4.257507507507506617e+00 1.053066820257410427e+03
4.265765765765765494e+00 1.053702425009501212e+03
4.274024024024024371e+00 1.054339269269099759e+03
4.282282282282281471e+00 1.054977354073602100e+03
4.290540540540540349e+00 1.055616680421417186e+03
4.298798798798799226e+00 1.056257249271082401e+03
4.307057057057056326e+00 1.056899061541906349e+03
4.315315315315315203e+00 1.057542118112354729e+03
4.323573573573573192e+00 1.058186419821234267e+03
4.331831831831831181e+00 1.058831967465770731e+03
4.340090090090090058e+00 1.059478761802753525e+03
4.348348348348348047e+00 1.060126803546540259e+03
4.356606606606606036e+00 1.060776093370574017e+03
4.364864864864864913e+00 1.061426631904902024e+03
4.373123123123122902e+00 1.062078419737822287e+03
4.381381381381380891e+00 1.062731457414002307e+03
4.389639639639639768e+00 1.063385745436218485e+03
4.397897897897897757e+00 1.064041284261235432e+03
4.406156156156155745e+00 1.064698074304264765e+03
4.414414414414414622e+00 1.065356115933828733e+03
4.422672672672672611e+00 1.066015409475953902e+03
4.430930930930930600e+00 1.066675955209550466e+03
4.439189189189189477e+00 1.067337753368808762e+03
4.447447447447446578e+00 1.068000804143241794e+03
4.455705705705705455e+00 1.068665107674176397e+03
4.463963963963964332e+00 1.069330664058072216e+03
4.472222222222221433e+00 1.069997473343390993e+03
4.480480480480480310e+00 1.070665535531719797e+03
4.488738738738738299e+00 1.071334850577937232e+03
4.496996996996996288e+00 1.072005418387224609e+03
4.505255255255255165e+00 1.072677238818046362e+03
4.513513513513513153e+00 1.073350311679178731e+03
4.521771771771771142e+00 1.074024636731090595e+03
4.530030030030030019e+00 1.074700213683978973e+03
4.538288288288288008e+00 1.075377042199340394e+03
4.546546546546545997e+00 1.076055121888260373e+03
4.554804804804804874e+00 1.076734452310928418e+03
4.563063063063062863e+00 1.077415032976983184e+03
4.571321321321320852e+00 1.078096863345347401e+03
4.579579579579579729e+00 1.078779942823086685e+03
4.587837837837837718e+00 1.079464270765217634e+03
4.596096096096095707e+00 1.080149846475069580e+03
4.604354354354353696e+00 1.080836669203016072e+03
4.612612612612612573e+00 1.081524738146604932e+03
4.620870870870870561e+00 1.082214052450111694e+03
4.629129129129128550e+00 1.082904611204650564e+03
4.637387387387387427e+00 1.083596413446769020e+03
4.645645645645645416e+00 1.084289458158901880e+03
4.653903903903903405e+00 1.084983744269460203e+03
4.662162162162162282e+00 1.085679270650877697e+03
4.670420420420420271e+00 1.086376036120769868e+03
4.678678678678678260e+00 1.087074039440878096e+03
4.686936936936936249e+00 1.087773279317366587e+03
4.695195195195195126e+00 1.088473754400261669e+03
4.703453453453453115e+00 1.089175463280780150e+03
4.711711711711711104e+00 1.089878404496844951e+03
4.719969969969969981e+00 1.090582576525082231e+03
4.728228228228227970e+00 1.091287977786772672e+03
4.736486486486485958e+00 1.091994606644465421e+03
4.744744744744744835e+00 1.092702461402785502e+03
4.753003003003002824e+00 1.093411540306411780e+03
4.761261261261260813e+00 1.094121841542943002e+03
4.769519519519519690e+00 1.094833363237762569e+03
4.777777777777777679e+00 1.095546103459617370e+03
4.786036036036035668e+00 1.096260060214639680e+03
4.794294294294293657e+00 1.096975231450685214e+03
4.802552552552552534e+00 1.097691615053290661e+03
4.810810810810810523e+00 1.098409208847697300e+03
4.819069069069068512e+00 1.099128010597268030e+03
4.827327327327327389e+00 1.099848018004044434e+03
4.835585585585585378e+00 1.100569228708625587e+03
4.843843843843843366e+00 1.101291640288171948e+03
4.852102102102102243e+00 1.102015250258184551e+03
4.860360360360360232e+00 1.102740056070096671e+03
4.868618618618618221e+00 1.103466055112815866e+03
4.876876876876876210e+00 1.104193244711956822e+03
4.885135135135135087e+00 1.104921622128508261e+03
4.893393393393393076e+00 1.105651184559292233e+03
4.901651651651651065e+00 1.106381929136658073e+03
4.909909909909909942e+00 1.107113852928931919e+03
4.918168168168167931e+00 1.107846952938195955e+03
4.926426426426425920e+00 1.108581226101839320e+03
4.934684684684684797e+00 1.109316669291115204e+03
4.942942942942942786e+00 1.110053279311086953e+03
4.951201201201200774e+00 1.110791052901405237e+03
4.959459459459458763e+00 1.111529986733335136e+03
4.967717717717717640e+00 1.112270077412703358e+03
4.975975975975975629e+00 1.113011321478780928e+03
4.984234234234233618e+00 1.113753715400922829e+03
4.992492492492492495e+00 1.114497255582359458e+03
5.000750750750750484e+00 1.115241938358043399e+03
5.009009009009008473e+00 1.115987759994660109e+03
5.017267267267267350e+00 1.116734716689856441e+03
5.025525525525525339e+00 1.117482804572855912e+03
5.033783783783783328e+00 1.118232019702855951e+03
5.042042042042042205e+00 1.118982358070344389e+03
5.050300300300300194e+00 1.119733815595999204e+03
5.058558558558558182e+00 1.120486388131370859e+03
5.066816816816816171e+00 1.121240071454223425e+03
5.075075075075075048e+00 1.121994861276872371e+03
5.083333333333333037e+00 1.122750753237176468e+03
5.091591591591591026e+00 1.123507742903822873e+03
5.099849849849849903e+00 1.124265825772333983e+03
5.108108108108107892e+00 1.125024997269326832e+03
5.116366366366365881e+00 1.125785252746735750e+03
5.124624624624624758e+00 1.126546587486715453e+03
5.132882882882882747e+00 1.127308996698208830e+03
5.141141141141140736e+00 1.128072475518382589e+03
5.149399399399398725e+00 1.128837019009288497e+03
5.157657657657657602e+00 1.129602622163711885e+03
5.165915915915915591e+00 1.130369279898264040e+03
5.174174174174173579e+00 1.131136987057682518e+03
5.182432432432432456e+00 1.131905738411241373e+03
5.190690690690690445e+00 1.132675528657870700e+03
5.198948948948948434e+00 1.133446352416747459e+03
5.207207207207207311e+00 1.134218204238746466e+03
5.215465465465465300e+00 1.134991078596703574e+03
5.223723723723723289e+00 1.135764969889395388e+03
5.231981981981981278e+00 1.136539872440586578e+03
5.240240240240240155e+00 1.137315780500258825e+03
5.248498498498498144e+00 1.138092688240262987e+03
5.256756756756756133e+00 1.138870589759730137e+03
5.265015015015015010e+00 1.139649479079718731e+03
5.273273273273272999e+00 1.140429350147840069e+03
5.281531531531530987e+00 1.141210196833478221e+03
5.289789789789789864e+00 1.141992012930733608e+03
5.298048048048047853e+00 1.142774792157532147e+03
5.306306306306305842e+00 1.143558528152926328e+03
5.314564564564563831e+00 1.144343214483984184e+03
5.322822822822822708e+00 1.145128844634946745e+03
5.331081081081080697e+00 1.145915412016898699e+03
5.339339339339338686e+00 1.146702909962548347e+03
5.347597597597597563e+00 1.147491331726105273e+03
5.355855855855855552e+00 1.148280670486577037e+03
5.364114114114113541e+00 1.149070919342515936e+03
5.372372372372372418e+00 1.149862071316495985e+03
5.380630630630630407e+00 1.150654119352668658e+03
5.388888888888888395e+00 1.151447056316911357e+03
5.397147147147147273e+00 1.152240874995609829e+03
5.405405405405405261e+00 1.153035568099680177e+03
5.413663663663663250e+00 1.153831128256922511e+03
5.421921921921921239e+00 1.154627548022577230e+03
5.430180180180180116e+00 1.155424819867912447e+03
5.438438438438438105e+00 1.156222936186477682e+03
5.446696696696696094e+00 1.157021889295323945e+03
5.454954954954954971e+00 1.157821671428762556e+03
5.463213213213212960e+00 1.158622274745152708e+03
5.471471471471470949e+00 1.159423691323120465e+03
5.479729729729729826e+00 1.160225913157613377e+03
5.487987987987987815e+00 1.161028932172134091e+03
5.496246246246245803e+00 1.161832740202391051e+03
5.504504504504503792e+00 1.162637329009866562e+03
5.512762762762762669e+00 1.163442690274024926e+03
5.521021021021020658e+00 1.164248815595781025e+03
5.529279279279278647e+00 1.165055696496395285e+03
5.537537537537537524e+00 1.165863324414533736e+03
5.545795795795795513e+00 1.166671690712444615e+03
5.554054054054053502e+00 1.167480786672494560e+03
5.562312312312312379e+00 1.168290603493895333e+03
5.570570570570570368e+00 1.169101132297223330e+03
5.578828828828828357e+00 1.169912364124659462e+03
5.587087087087086346e+00 1.170724289934870512e+03
5.595345345345345223e+00 1.171536900612084082e+03
5.603603603603603212e+00 1.172350186952943886e+03
5.611861861861861200e+00 1.173164139681183997e+03
5.620120120120120077e+00 1.173978749434405245e+03
5.628378378378378066e+00 1.174794006775196294e+03
5.636636636636636055e+00 1.175609902181573034e+03
5.644894894894894932e+00 1.176426426053873229e+03
5.653153153153152921e+00 1.177243568712137403e+03
5.661411411411410910e+00 1.178061320396874407e+03
5.669669669669669787e+00 1.178879671265704246e+03
5.677927927927927776e+00 1.179698611400265463e+03
5.686186186186185765e+00 1.180518130797066988e+03
5.694444444444443754e+00 1.181338219377613314e+03
5.702702702702702631e+00 1.182158866981369101e+03
5.710960960960960620e+00 1.182980063368708670e+03
5.719219219219218608e+00 1.183801798217043142e+03
5.727477477477477485e+00 1.184624061128842641e+03
5.735735735735735474e+00 1.185446841622260763e+03
5.743993993993993463e+00 1.186270129139420987e+03
5.752252252252252340e+00 1.187093913041617043e+03
5.760510510510510329e+00 1.187918182609639871e+03
5.768768768768768318e+00 1.188742927045932902e+03
5.777027027027026307e+00 1.189568135471602091e+03
5.785285285285285184e+00 1.190393796933869908e+03
5.793543543543543173e+00 1.191219900394802153e+03
5.801801801801801162e+00 1.192046434740696668e+03
5.810060060060060039e+00 1.192873388778216167e+03
5.818318318318318028e+00 1.193700751235307507e+03
5.826576576576576016e+00 1.194528510760765585e+03
5.834834834834834894e+00 1.195356655925369296e+03
5.843093093093092882e+00 1.196185175222051612e+03
5.851351351351350871e+00 1.197014057064104463e+03
5.859609609609608860e+00 1.197843289789580695e+03
5.867867867867867737e+00 1.198672861653335076e+03
5.876126126126125726e+00 1.199502760839444136e+03
5.884384384384383715e+00 1.200332975446807723e+03
5.892642642642642592e+00 1.201163493502432857e+03
5.900900900900900581e+00 1.201994302955087051e+03
5.909159159159158570e+00 1.202825391675359697e+03
5.917417417417417447e+00 1.203656747457538586e+03
5.925675675675675436e+00 1.204488358018535109e+03
5.933933933933933424e+00 1.205320210997826507e+03
5.942192192192192302e+00 1.206152293962095882e+03
5.950450450450450290e+00 1.206984594398895979e+03
5.958708708708708279e+00 1.207817099720871283e+03
5.966966966966966268e+00 1.208649797264676636e+03
5.975225225225225145e+00 1.209482674292651609e+03
5.983483483483483134e+00 1.210315717990494250e+03
5.991741741741741123e+00 1.211148915470757174e+03
6.000000000000000000e+00 1.211982253768467672e+03
6.008258258258257989e+00 1.212815719847734272e+03
6.016516516516515978e+00 1.213649300593870066e+03
6.024774774774774855e+00 1.214482982825173394e+03
6.033033033033032844e+00 1.215316753279904333e+03
6.041291291291290833e+00 1.216150598623393080e+03
6.049549549549548821e+00 1.216984505453018983e+03
6.057807807807807698e+00 1.217818460288172673e+03
6.066066066066065687e+00 1.218652449579043150e+03
6.074324324324323676e+00 1.219486459701453896e+03
6.082582582582582553e+00 1.220320476959303960e+03
6.090840840840840542e+00 1.221154487587902395e+03
6.099099099099098531e+00 1.221988477747890329e+03
6.107357357357357408e+00 1.222822433528815054e+03
6.115615615615615397e+00 1.223656340953843483e+03
6.123873873873873386e+00 1.224490185970409811e+03
6.132132132132131375e+00 1.225323954459904371e+03
6.140390390390390252e+00 1.226157632233224831e+03
6.148648648648648241e+00 1.226991205031412846e+03
6.156906906906906229e+00 1.227824658527888460e+03
6.165165165165165106e+00 1.228657978323671159e+03
6.173423423423423095e+00 1.229491149957174684e+03
6.181681681681681084e+00 1.230324158895872188e+03
6.189939939939939961e+00 1.231156990540581546e+03
6.198198198198197950e+00 1.231989630223730728e+03
6.206456456456455939e+00 1.232822063215844537e+03
6.214714714714713928e+00 1.233654274714480835e+03
6.222972972972972805e+00 1.234486249856804307e+03
6.231231231231230794e+00 1.235317973712539697e+03
6.239489489489488783e+00 1.236149431287194147e+03
6.247747747747747660e+00 1.236980607519554724e+03
6.256006006006005649e+00 1.237811487288493026e+03
6.264264264264263637e+00 1.238642055405214933e+03
6.272522522522522515e+00 1.239472296620127281e+03
6.280780780780780503e+00 1.240302195619396343e+03
6.289039039039038492e+00 1.241131737030048953e+03
6.297297297297297369e+00 1.241960905411107660e+03
6.305555555555555358e+00 1.242789685267414370e+03
6.313813813813813347e+00 1.243618061038254837e+03
6.322072072072071336e+00 1.244446017105529563e+03
6.330330330330330213e+00 1.245273537789094689e+03
6.338588588588588202e+00 1.246100607349356096e+03
6.346846846846846191e+00 1.246927209989127732e+03
6.355105105105105068e+00 1.247753329851218496e+03
6.363363363363363057e+00 1.248578951022603860e+03
6.371621621621621046e+00 1.249404057532841080e+03
6.379879879879879923e+00 1.250228633352033739e+03
6.388138138138137911e+00 1.251052662396229152e+03
6.396396396396395900e+00 1.251876128524960677e+03
6.404654654654653889e+00 1.252699015544694021e+03
6.412912912912912766e+00 1.253521307201690661e+03
6.421171171171170755e+00 1.254342987195539081e+03
6.429429429429428744e+00 1.255164039163419147e+03
6.437687687687687621e+00 1.255984446701874731e+03
6.445945945945945610e+00 1.256804193340028633e+03
6.454204204204203599e+00 1.257623262566249423e+03
6.462462462462462476e+00 1.258441637814388741e+03
6.470720720720720465e+00 1.259259302465749215e+03
6.478978978978978454e+00 1.260076239855672611e+03
6.487237237237236442e+00 1.260892433264388274e+03
6.495495495495495319e+00 1.261707865929316085e+03
6.503753753753753308e+00 1.262522521033131170e+03
6.512012012012011297e+00 1.263336381717488621e+03
6.520270270270270174e+00 1.264149431070610945e+03
6.528528528528528163e+00 1.264961652140712886e+03
6.536786786786786152e+00 1.265773027923379686e+03
6.545045045045045029e+00 1.266583541378130803e+03
6.553303303303303018e+00 1.267393175406130922e+03
6.561561561561561007e+00 1.268201912882084571e+03
6.569819819819819884e+00 1.269009736620866306e+03
6.578078078078077873e+00 1.269816629405394224e+03
6.586336336336335862e+00 1.270622573975604610e+03
6.594594594594593850e+00 1.271427553024362169e+03
6.602852852852852727e+00 1.272231549211250694e+03
6.611111111111110716e+00 1.273034545148812185e+03
6.619369369369368705e+00 1.273836523419083733e+03
6.627627627627627582e+00 1.274637466557476728e+03
6.635885885885885571e+00 1.275437357065056176e+03
6.644144144144143560e+00 1.276236177403102374e+03
6.652402402402402437e+00 1.277033910003026449e+03
6.660660660660660426e+00 1.277830537255820900e+03
6.668918918918918415e+00 1.278626041518050670e+03
6.677177177177176404e+00 1.279420405109793364e+03
6.685435435435435281e+00 1.280213610322613704e+03
6.693693693693693270e+00 1.281005639411033144e+03
6.701951951951951258e+00 1.281796474597600536e+03
6.710210210210210136e+00 1.282586098081124874e+03
6.718468468468468124e+00 1.283374492015901296e+03
6.726726726726726113e+00 1.284161638541386537e+03
6.734984984984984990e+00 1.284947519753764254e+03
6.743243243243242979e+00 1.285732117733200766e+03
6.751501501501500968e+00 1.286515414524558992e+03
6.759759759759758957e+00 1.287297392151088616e+03
6.768018018018017834e+00 1.288078032602215899e+03
6.776276276276275823e+00 1.288857317854716712e+03
6.784534534534533812e+00 1.289635229847099026e+03
6.792792792792792689e+00 1.290411750503368012e+03
6.801051051051050678e+00 1.291186861719983654e+03
6.809309309309308667e+00 1.291960545375669653e+03
6.817567567567567544e+00 1.292732783324869160e+03
6.825825825825825532e+00 1.293503557398214980e+03
6.834084084084083521e+00 1.294272849416824101e+03
6.842342342342341510e+00 1.295040641173132826e+03
6.850600600600600387e+00 1.295806914444511676e+03
6.858858858858858376e+00 1.296571650993044614e+03
6.867117117117116365e+00 1.297334832560939049e+03
6.875375375375375242e+00 1.298096440877553277e+03
6.883633633633633231e+00 1.298856457657211195e+03
6.891891891891891220e+00 1.299614864601012869e+03
6.900150150150150097e+00 1.300371643395084220e+03
6.908408408408408086e+00 1.301126775712730023e+03
6.916666666666666075e+00 1.301880243218679425e+03
6.924924924924924952e+00 1.302632027564511873e+03
6.933183183183182940e+00 1.303382110393637504e+03
6.941441441441440929e+00 1.304130473338428601e+03
6.949699699699698918e+00 1.304877098028175624e+03
6.957957957957957795e+00 1.305621966081305573e+03
6.966216216216215784e+00 1.306365059107407433e+03
6.974474474474473773e+00 1.307106358717691364e+03
6.982732732732732650e+00 1.307845846511689842e+03
6.990990990990990639e+00 1.308583504091513987e+03
6.999249249249248628e+00 1.309319313050948949e+03
7.007507507507507505e+00 1.310053254983348324e+03
7.015765765765765494e+00 1.310785311489758442e+03
7.024024024024023483e+00 1.311515464155414747e+03
7.032282282282281471e+00 1.312243694577582119e+03
7.040540540540540349e+00 1.312969984351149378e+03
7.048798798798798337e+00 1.313694315077177407e+03
7.057057057057056326e+00 1.314416668355782349e+03
7.065315315315315203e+00 1.315137025792109853e+03
7.073573573573573192e+00 1.315855368999959865e+03
7.081831831831831181e+00 1.316571679594660509e+03
7.090090090090090058e+00 1.317285939202070722e+03
7.098348348348348047e+00 1.317998129453875663e+03
7.106606606606606036e+00 1.318708231995307870e+03
7.114864864864864025e+00 1.319416228475283333e+03
7.123123123123122902e+00 1.320122100553496239e+03
7.131381381381380891e+00 1.320825829909078493e+03
7.139639639639638879e+00 1.321527398226357718e+03
7.147897897897897757e+00 1.322226787204440370e+03
7.156156156156155745e+00 1.322923978554152200e+03
7.164414414414413734e+00 1.323618954012113591e+03
7.172672672672672611e+00 1.324311695321159505e+03
7.180930930930930600e+00 1.325002184245029866e+03
7.189189189189188589e+00 1.325690402564008991e+03
7.197447447447447466e+00 1.326376332079000804e+03
7.205705705705705455e+00 1.327059954609716442e+03
7.213963963963963444e+00 1.327741251998377038e+03
7.222222222222221433e+00 1.328420206109154606e+03
7.230480480480480310e+00 1.329096798826709346e+03
7.238738738738738299e+00 1.329771012058736005e+03
7.246996996996996288e+00 1.330442827744177066e+03
7.255255255255255165e+00 1.331112227840787682e+03
7.263513513513513153e+00 1.331779194333914120e+03
7.271771771771771142e+00 1.332443709241663782e+03
7.280030030030030019e+00 1.333105754602663637e+03
7.288288288288288008e+00 1.333765312492112116e+03
7.296546546546545997e+00 1.334422365009320401e+03
7.304804804804803986e+00 1.335076894290812106e+03
7.313063063063062863e+00 1.335728882502043461e+03
7.321321321321320852e+00 1.336378311841006735e+03
7.329579579579578841e+00 1.337025164542744051e+03
7.337837837837837718e+00 1.337669422874593693e+03
7.346096096096095707e+00 1.338311069142271663e+03
7.354354354354353696e+00 1.338950085685918339e+03
7.362612612612612573e+00 1.339586454886210277e+03
7.370870870870870561e+00 1.340220159160315916e+03
7.379129129129128550e+00 1.340851180966164975e+03
7.387387387387386539e+00 1.341479502803279956e+03
7.395645645645645416e+00 1.342105107212675875e+03
7.403903903903903405e+00 1.342727976779343180e+03
7.412162162162161394e+00 1.343348094127348531e+03
7.420420420420420271e+00 1.343965441929958843e+03
7.428678678678678260e+00 1.344580002903497416e+03
7.436936936936936249e+00 1.345191759813772251e+03
7.445195195195195126e+00 1.345800695470720939e+03
7.453453453453453115e+00 1.346406792731073665e+03
7.461711711711711104e+00 1.347010034506214652e+03
7.469969969969969981e+00 1.347610403756824098e+03
7.478228228228227970e+00 1.348207883486907122e+03
7.486486486486485958e+00 1.348802456766612977e+03
7.494744744744743947e+00 1.349394106705769218e+03
7.503003003003002824e+00 1.349982816477026745e+03
7.511261261261260813e+00 1.350568569301129173e+03
7.519519519519518802e+00 1.351151348460937697e+03
7.527777777777777679e+00 1.351731137295922508e+03
7.536036036036035668e+00 1.352307919195487102e+03
7.544294294294293657e+00 1.352881677618530148e+03
7.552552552552552534e+00 1.353452396074854960e+03
7.560810810810810523e+00 1.354020058137724618e+03
7.569069069069068512e+00 1.354584647442212372e+03
7.577327327327326500e+00 1.355146147686621362e+03
7.585585585585585378e+00 1.355704542635585540e+03
7.593843843843843366e+00 1.356259816108864243e+03
7.602102102102101355e+00 1.356811952002244425e+03
7.610360360360360232e+00 1.357360934266097047e+03
7.618618618618618221e+00 1.357906746925782954e+03
7.626876876876876210e+00 1.358449374075189780e+03
7.635135135135135087e+00 1.358988799873349762e+03
7.643393393393393076e+00 1.359525008544454067e+03
7.651651651651651065e+00 1.360057984401594013e+03
7.659909909909909054e+00 1.360587711805207164e+03
7.668168168168167931e+00 1.361114175204080993e+03
7.676426426426425920e+00 1.361637359113373122e+03
7.684684684684683909e+00 1.362157248133074972e+03
7.692942942942942786e+00 1.362673826922207809e+03
7.701201201201200774e+00 1.363187080225895670e+03
7.709459459459458763e+00 1.363696992864473941e+03
7.717717717717717640e+00 1.364203549736365176e+03
7.725975975975975629e+00 1.364706735816625496e+03
7.734234234234233618e+00 1.365206536161123040e+03
7.742492492492491607e+00 1.365702935908632753e+03
7.750750750750750484e+00 1.366195920277311416e+03
7.759009009009008473e+00 1.366685474561944147e+03
7.767267267267266462e+00 1.367171584149544060e+03
7.775525525525525339e+00 1.367654234502038207e+03
7.783783783783783328e+00 1.368133411180086568e+03
7.792042042042041317e+00 1.368609099808094243e+03
7.800300300300300194e+00 1.369081286119155720e+03
7.808558558558558182e+00 1.369549955918241267e+03
7.816816816816816171e+00 1.370015095103551630e+03
7.825075075075075048e+00 1.370476689666823859e+03
7.833333333333333037e+00 1.370934725682669523e+03
7.841591591591591026e+00 1.371389189317545060e+03
7.849849849849849015e+00 1.371840066834309482e+03
7.858108108108107892e+00 1.372287344579835008e+03
7.866366366366365881e+00 1.372731008998885272e+03
7.874624624624623870e+00 1.373171046633210153e+03
7.882882882882882747e+00 1.373607444111139330e+03
7.891141141141140736e+00 1.374040188162055529e+03
7.899399399399398725e+00 1.374469265615863833e+03
7.907657657657657602e+00 1.374894663387735818e+03
7.915915915915915591e+00 1.375316368495709185e+03
7.924174174174173579e+00 1.375734368058775544e+03
7.932432432432431568e+00 1.376148649297279235e+03
7.940690690690690445e+00 1.376559199525924896e+03
7.948948948948948434e+00 1.376966006162047734e+03
7.957207207207206423e+00 1.377369056726661711e+03
7.965465465465465300e+00 1.377768338839143553e+03
7.973723723723723289e+00 1.378163840230490905e+03
7.981981981981981278e+00 1.378555548720757770e+03
7.990240240240240155e+00 1.378943452246298875e+03
7.998498498498498144e+00 1.379327538854069871e+03
8.006756756756756133e+00 1.379707796678654859e+03
8.015015015015013233e+00 1.380084213978491789e+03
8.023273273273272110e+00 1.380456779106347994e+03
8.031531531531530987e+00 1.380825480539037017e+03
8.039789789789789864e+00 1.381190306843519465e+03
8.048048048048048742e+00 1.381551246705975700e+03
8.056306306306305842e+00 1.381908288930355184e+03
8.064564564564562943e+00 1.382261422412921320e+03
8.072822822822821820e+00 1.382610636187044065e+03
8.081081081081080697e+00 1.382955919372139761e+03
8.089339339339339574e+00 1.383297261212453805e+03
8.097597597597598451e+00 1.383634651072137103e+03
8.105855855855855552e+00 1.383968078420391976e+03
8.114114114114112652e+00 1.384297532842344481e+03
8.122372372372371530e+00 1.384623004039432999e+03
8.130630630630630407e+00 1.384944481831355688e+03
8.138888888888889284e+00 1.385261956160377622e+03
8.147147147147146384e+00 1.385575417069061359e+03
8.155405405405405261e+00 1.385884854730842108e+03
8.163663663663662362e+00 1.386190259440732916e+03
8.171921921921921239e+00 1.386491621608551895e+03
8.180180180180180116e+00 1.386788931754006398e+03
8.188438438438438993e+00 1.387082180532451275e+03
8.196696696696696094e+00 1.387371358710730874e+03
8.204954954954953195e+00 1.387656457189149933e+03
8.213213213213212072e+00 1.387937466968956187e+03
8.221471471471470949e+00 1.388214379201874181e+03
8.229729729729729826e+00 1.388487185130519720e+03
8.237987987987988703e+00 1.388755876153892132e+03
8.246246246246245803e+00 1.389020443768449240e+03
8.254504504504502904e+00 1.389280879620505630e+03
8.262762762762761781e+00 1.389537175455492161e+03
8.271021021021020658e+00 1.389789323166542317e+03
8.279279279279279535e+00 1.390037314759859100e+03
8.287537537537536636e+00 1.390281142372675504e+03
8.295795795795795513e+00 1.390520798272324328e+03
8.304054054054052614e+00 1.390756274851227090e+03
8.312312312312311491e+00 1.390987564631281884e+03
8.320570570570570368e+00 1.391214660258260665e+03
8.328828828828829245e+00 1.391437554517683111e+03
8.337087087087086346e+00 1.391656240313328908e+03
8.345345345345345223e+00 1.391870710689946918e+03
8.353603603603602323e+00 1.392080958813042571e+03
8.361861861861861200e+00 1.392286977980993015e+03
8.370120120120120077e+00 1.392488761635411947e+03
8.378378378378378954e+00 1.392686303331999397e+03
8.386636636636636055e+00 1.392879596772231480e+03
8.394894894894893156e+00 1.393068635779722399e+03
8.403153153153152033e+00 1.393253414323688503e+03
8.411411411411410910e+00 1.393433926496421009e+03
8.419669669669669787e+00 1.393610166525185377e+03
8.427927927927928664e+00 1.393782128775626688e+03
8.436186186186185765e+00 1.393949807742997109e+03
8.444444444444442865e+00 1.394113198067025905e+03
8.452702702702701743e+00 1.394272294509515632e+03
8.460960960960960620e+00 1.394427091977670443e+03
8.469219219219219497e+00 1.394577585507530557e+03
8.477477477477476597e+00 1.394723770278287475e+03
8.485735735735735474e+00 1.394865641598812772e+03
8.493993993993992575e+00 1.395003194922651801e+03
8.502252252252251452e+00 1.395136425830530470e+03
8.510510510510510329e+00 1.395265330049285012e+03
8.518768768768767430e+00 1.395389903437909652e+03
8.527027027027026307e+00 1.395510141997118581e+03
8.535285285285285184e+00 1.395626041864190711e+03
8.543543543543542285e+00 1.395737599309968118e+03
8.551801801801801162e+00 1.395844810750162651e+03
8.560060060060060039e+00 1.395947672738533583e+03
8.568318318318317139e+00 1.396046181967933080e+03
8.576576576576576016e+00 1.396140335267005185e+03
8.584834834834834894e+00 1.396230129606652326e+03
8.593093093093091994e+00 1.396315562097115162e+03
8.601351351351350871e+00 1.396396629983845514e+03
8.609609609609609748e+00 1.396473330663422985e+03
8.617867867867866849e+00 1.396545661666341175e+03
8.626126126126125726e+00 1.396613620655843761e+03
8.634384384384384603e+00 1.396677205445897926e+03
8.642642642642641704e+00 1.396736413989711309e+03
8.650900900900900581e+00 1.396791244376596978e+03
8.659159159159159458e+00 1.396841694841355320e+03
8.667417417417416559e+00 1.396887763755836886e+03
8.675675675675675436e+00 1.396929449635007131e+03
8.683933933933934313e+00 1.396966751134045808e+03
8.692192192192191413e+00 1.396999667058537625e+03
8.700450450450450290e+00 1.397028196337804502e+03
8.708708708708707391e+00 1.397052338053515314e+03
8.716966966966966268e+00 1.397072091428620070e+03
8.725225225225225145e+00 1.397087455827620033e+03
8.733483483483482246e+00 1.397098430750329499e+03
8.741741741741741123e+00 1.397105015844229683e+03
8.750000000000000000e+00 1.397107210899886923e+03
