5.000000000000000000e-01 7.917157931021068862e+02 2.741321860628512042e+01
1.100000000000000089e+00 8.198220683606676857e+02 2.873636159596784978e+01
1.699999999999999956e+00 8.509090875374349707e+02 3.042260228911797881e+01
2.299999999999999822e+00 8.742003320230943473e+02 3.731439113071304092e+01
2.899999999999999911e+00 9.147945654243337685e+02 3.029081896844474642e+01
3.500000000000000000e+00 9.479032724673489838e+02 3.094692341250163992e+01
4.099999999999999645e+00 9.818226738653222583e+02 3.184399686766824544e+01
4.700000000000000178e+00 1.016303375770860271e+03 3.311731585288008972e+01
5.299999999999999822e+00 1.049613913216544688e+03 3.496481476277694611e+01
5.900000000000000355e+00 1.083083644113931996e+03 3.556417301731244862e+01
6.500000000000000000e+00 1.116770112043629297e+03 3.642651866730550836e+01
7.099999999999999645e+00 1.146645323401208088e+03 3.760369088902533719e+01
7.700000000000000178e+00 1.142226642331065250e+03 3.214324708481629500e+01
8.300000000000000711e+00 1.208585734404827690e+03 4.240906676079776361e+01
8.900000000000000355e+00 1.242813577947420754e+03 5.117175921625919699e+01
9.500000000000000000e+00 1.239810270193047472e+03 3.851882639897301885e+01
1.009999999999999964e+01 1.265111935598317359e+03 4.375328961522889415e+01
1.069999999999999929e+01 1.285254938752325415e+03 4.668343936017255658e+01
1.130000000000000071e+01 1.305276089415706565e+03 4.609009988015424142e+01
1.190000000000000036e+01 1.309130663763761049e+03 4.294511822251109123e+01
1.250000000000000000e+01 1.303581945907807267e+03 4.208912405054942951e+01
