5.000000000000000000e-01 3.759151471634175437e+02
5.082582582582582109e-01 3.762366924310669560e+02
5.165165165165165329e-01 3.765578090479338016e+02
5.247747747747747438e-01 3.768784969009258248e+02
5.330330330330330657e-01 3.771987558797887345e+02
5.412912912912912766e-01 3.775185858770943241e+02
5.495495495495494875e-01 3.778379867882313761e+02
5.578078078078078095e-01 3.781569585113932135e+02
5.660660660660660204e-01 3.784755009475676388e+02
5.743243243243243423e-01 3.787936140005257357e+02
5.825825825825825532e-01 3.791112975768112392e+02
5.908408408408408752e-01 3.794285515857293944e+02
5.990990990990990861e-01 3.797453759393360428e+02
6.073573573573574080e-01 3.800617705524274470e+02
6.156156156156156189e-01 3.803777353425282968e+02
6.238738738738738299e-01 3.806932702298823870e+02
6.321321321321321518e-01 3.810083751374407370e+02
6.403903903903903627e-01 3.813230499908510183e+02
6.486486486486486847e-01 3.816372947184467534e+02
6.569069069069068956e-01 3.819511092512370283e+02
6.651651651651651065e-01 3.822644935228946110e+02
6.734234234234234284e-01 3.825774474697471987e+02
6.816816816816816393e-01 3.828899710307642863e+02
6.899399399399399613e-01 3.832020641475480716e+02
6.981981981981981722e-01 3.835137267643224845e+02
7.064564564564563831e-01 3.838249588279218187e+02
7.147147147147147050e-01 3.841357602877807267e+02
7.229729729729730270e-01 3.844461310959238176e+02
7.312312312312312379e-01 3.847560712069536635e+02
7.394894894894894488e-01 3.850655805780419882e+02
7.477477477477477708e-01 3.853746591689173897e+02
7.560060060060059817e-01 3.856833069418557329e+02
7.642642642642643036e-01 3.859915238616688953e+02
7.725225225225225145e-01 3.862993098956952736e+02
7.807807807807807254e-01 3.866066650137873921e+02
7.890390390390390474e-01 3.869135891883033196e+02
7.972972972972972583e-01 3.872200823940947316e+02
8.055555555555555802e-01 3.875261446084970203e+02
8.138138138138137911e-01 3.878317758113184937e+02
8.220720720720720021e-01 3.881369759848304284e+02
8.303303303303303240e-01 3.884417451137553599e+02
8.385885885885886459e-01 3.887460831852581009e+02
8.468468468468468568e-01 3.890499901889342027e+02
8.551051051051050678e-01 3.893534661167997228e+02
8.633633633633632787e-01 3.896565109632817325e+02
8.716216216216216006e-01 3.899591247252063226e+02
8.798798798798799226e-01 3.902613074017889971e+02
8.881381381381381335e-01 3.905630589946247824e+02
8.963963963963963444e-01 3.908643795076770289e+02
9.046546546546545553e-01 3.911652689472673501e+02
9.129129129129128772e-01 3.914657273220657885e+02
9.211711711711711992e-01 3.917657546430795605e+02
9.294294294294294101e-01 3.920653509236431091e+02
9.376876876876876210e-01 3.923645161794083265e+02
9.459459459459459429e-01 3.926632504283334697e+02
9.542042042042041539e-01 3.929615536906736679e+02
9.624624624624624758e-01 3.932594259889702926e+02
9.707207207207206867e-01 3.935568673480403845e+02
9.789789789789788976e-01 3.938538777949669907e+02
9.872372372372372196e-01 3.941504573590887617e+02
9.954954954954955415e-01 3.944466060719899474e+02
1.003753753753753752e+00 3.947423239674896536e+02
1.012012012012011963e+00 3.950376110816329742e+02
1.020270270270270174e+00 3.953324674526789977e+02
1.028528528528528607e+00 3.956268931210921096e+02
1.036786786786786596e+00 3.959208881295318179e+02
1.045045045045045029e+00 3.962144525228416683e+02
1.053303303303303240e+00 3.965075863480406611e+02
1.061561561561561451e+00 3.968002896543117686e+02
1.069819819819819884e+00 3.970925624929928404e+02
1.078078078078078095e+00 3.973844049175663145e+02
1.086336336336336306e+00 3.976758169836488719e+02
1.094594594594594517e+00 3.979667987489820575e+02
1.102852852852852727e+00 3.982573502734225031e+02
1.111111111111111160e+00 3.985474716189308424e+02
1.119369369369369371e+00 3.988371628495627874e+02
1.127627627627627582e+00 3.991264240314588392e+02
1.135885885885885793e+00 3.994152552328348520e+02
1.144144144144144004e+00 3.997036565239711194e+02
1.152402402402402437e+00 3.999916279772039047e+02
1.160660660660660648e+00 4.002791696669147541e+02
1.168918918918918859e+00 4.005662816695208903e+02
1.177177177177177292e+00 4.008529640634646967e+02
1.185435435435435281e+00 4.011392169292058156e+02
1.193693693693693714e+00 4.014250403492089276e+02
1.201951951951951925e+00 4.017104344079361908e+02
1.210210210210210136e+00 4.019953991918365546e+02
1.218468468468468568e+00 4.022799347893356412e+02
1.226726726726726557e+00 4.025640412908267081e+02
1.234984984984984990e+00 4.028477187886606430e+02
1.243243243243243201e+00 4.031309673771375515e+02
1.251501501501501412e+00 4.034137871524945922e+02
1.259759759759759845e+00 4.036961782128981326e+02
1.268018018018017834e+00 4.039781406584346541e+02
1.276276276276276267e+00 4.042596745910998379e+02
1.284534534534534478e+00 4.045407801147892997e+02
1.292792792792792689e+00 4.048214573352900629e+02
1.301051051051051122e+00 4.051017063602698158e+02
1.309309309309309111e+00 4.053815272992677023e+02
1.317567567567567544e+00 4.056609202636853411e+02
1.325825825825825754e+00 4.059398853667775597e+02
1.334084084084083965e+00 4.062184227236409129e+02
1.342342342342342398e+00 4.064965324512079405e+02
1.350600600600600387e+00 4.067742146682338671e+02
1.358858858858858820e+00 4.070514694952902346e+02
1.367117117117117031e+00 4.073282970547534205e+02
1.375375375375375242e+00 4.076046974707969071e+02
1.383633633633633675e+00 4.078806708693805945e+02
1.391891891891891886e+00 4.081562173782430136e+02
1.400150150150150097e+00 4.084313371268902415e+02
1.408408408408408308e+00 4.087060302465885684e+02
1.416666666666666519e+00 4.089802968703534702e+02
1.424924924924924952e+00 4.092541371329415369e+02
1.433183183183183163e+00 4.095275511708412068e+02
1.441441441441441373e+00 4.098005391222628191e+02
1.449699699699699806e+00 4.100731011271304283e+02
1.457957957957957795e+00 4.103452373270720273e+02
1.466216216216216228e+00 4.106169478654105092e+02
1.474474474474474439e+00 4.108882328871545724e+02
1.482732732732732650e+00 4.111590925389904214e+02
1.490990990990991083e+00 4.114295269692714783e+02
1.499249249249249072e+00 4.116995363280094011e+02
1.507507507507507505e+00 4.119691207668662400e+02
1.515765765765765716e+00 4.122382804391448872e+02
1.524024024024023927e+00 4.125070154997796408e+02
1.532282282282282138e+00 4.127753261053276219e+02
1.540540540540540571e+00 4.130432124139599068e+02
1.548798798798798781e+00 4.133106745854523751e+02
1.557057057057056992e+00 4.135777127811768423e+02
1.565315315315315203e+00 4.138443271640929311e+02
1.573573573573573414e+00 4.141105178987377826e+02
1.581831831831831847e+00 4.143762851512182692e+02
1.590090090090090058e+00 4.146416290892022971e+02
1.598348348348348269e+00 4.149065498819094273e+02
1.606606606606606480e+00 4.151710477001016102e+02
1.614864864864864691e+00 4.154351227160769895e+02
1.623123123123123124e+00 4.156987751036576242e+02
1.631381381381381335e+00 4.159620050381828378e+02
1.639639639639639546e+00 4.162248126965012602e+02
1.647897897897897757e+00 4.164871982569598003e+02
1.656156156156156189e+00 4.167491618993969382e+02
1.664414414414414400e+00 4.170107038051334598e+02
1.672672672672672611e+00 4.172718241569635325e+02
1.680930930930930822e+00 4.175325231391472016e+02
1.689189189189189033e+00 4.177928009374003864e+02
1.697447447447447466e+00 4.180526577388872624e+02
1.705705705705705677e+00 4.183120937322116220e+02
1.713963963963963888e+00 4.185711091074082333e+02
1.722222222222222099e+00 4.188297040559340871e+02
1.730480480480480310e+00 4.190878787706612911e+02
1.738738738738738743e+00 4.193456334458661559e+02
1.746996996996996954e+00 4.196029682772235105e+02
1.755255255255255165e+00 4.198598834617964712e+02
1.763513513513513375e+00 4.201163791980286533e+02
1.771771771771771586e+00 4.203724556857359858e+02
1.780030030030030019e+00 4.206281131260980715e+02
1.788288288288288230e+00 4.208833517216503992e+02
1.796546546546546441e+00 4.211381716762746805e+02
1.804804804804804652e+00 4.213925731951931084e+02
1.813063063063063085e+00 4.216465564849575003e+02
1.821321321321321296e+00 4.219001217534425905e+02
1.829579579579579507e+00 4.221532692098373332e+02
1.837837837837837718e+00 4.224059990646366032e+02
1.846096096096095929e+00 4.226583115296338633e+02
1.854354354354354362e+00 4.229102068179119556e+02
1.862612612612612573e+00 4.231616851438353706e+02
1.870870870870870784e+00 4.234127467230425168e+02
1.879129129129128994e+00 4.236633917724374214e+02
1.887387387387387205e+00 4.239136205101812607e+02
1.895645645645645638e+00 4.241634331556852544e+02
1.903903903903903849e+00 4.244128299296013438e+02
1.912162162162162060e+00 4.246618110538157680e+02
1.920420420420420271e+00 4.249103767514400829e+02
1.928678678678678482e+00 4.251585272468032599e+02
1.936936936936936915e+00 4.254062627654438984e+02
1.945195195195195126e+00 4.256535835341027223e+02
1.953453453453453337e+00 4.259004897807139400e+02
1.961711711711711548e+00 4.261469817343982527e+02
1.969969969969969981e+00 4.263930596254543843e+02
1.978228228228228192e+00 4.266387236853515788e+02
1.986486486486486402e+00 4.268839741467209592e+02
1.994744744744744613e+00 4.271288112433501851e+02
2.003003003003002824e+00 4.273732352101718561e+02
2.011261261261261257e+00 4.276172462832597034e+02
2.019519519519519690e+00 4.278608446998183013e+02
2.027777777777777679e+00 4.281040306981762456e+02
2.036036036036035668e+00 4.283468045177789350e+02
2.044294294294294101e+00 4.285891663991797031e+02
2.052552552552552534e+00 4.288311165840335661e+02
2.060810810810810523e+00 4.290726553150884115e+02
2.069069069069068956e+00 4.293137828361790298e+02
2.077327327327327389e+00 4.295544993922175081e+02
2.085585585585585378e+00 4.297948052291872045e+02
2.093843843843843811e+00 4.300347005941346197e+02
2.102102102102102243e+00 4.302741857351621775e+02
2.110360360360360232e+00 4.305132609014207787e+02
2.118618618618618221e+00 4.307519263431017293e+02
2.126876876876877098e+00 4.309901823114302601e+02
2.135135135135135087e+00 4.312280290586576257e+02
2.143393393393393076e+00 4.314654668380534304e+02
2.151651651651651509e+00 4.317024959038988641e+02
2.159909909909909942e+00 4.319391165114789715e+02
2.168168168168167931e+00 4.321753289170754329e+02
2.176426426426426364e+00 4.324111333779594588e+02
2.184684684684684797e+00 4.326465301523843436e+02
2.192942942942942786e+00 4.328815194995776210e+02
2.201201201201200774e+00 4.331161016797353795e+02
2.209459459459459651e+00 4.333502769540134523e+02
2.217717717717717640e+00 4.335840455845209931e+02
2.225975975975975629e+00 4.338174078343130873e+02
2.234234234234234062e+00 4.340503639673842713e+02
2.242492492492492495e+00 4.342829142486597789e+02
2.250750750750750484e+00 4.345150589439906526e+02
2.259009009009008917e+00 4.347467983201447055e+02
2.267267267267267350e+00 4.349781326448004961e+02
2.275525525525525339e+00 4.352090621865397111e+02
2.283783783783783772e+00 4.354395872148415378e+02
2.292042042042042205e+00 4.356697080000730011e+02
2.300300300300300194e+00 4.358994248134853819e+02
2.308558558558558182e+00 4.361287379272038152e+02
2.316816816816816615e+00 4.363576476142231968e+02
2.325075075075075048e+00 4.365861541483994301e+02
2.333333333333333037e+00 4.368142578044435140e+02
2.341591591591591470e+00 4.370419588579141532e+02
2.349849849849849903e+00 4.372692575852113350e+02
2.358108108108107892e+00 4.374961542635692240e+02
2.366366366366366325e+00 4.377226491710490563e+02
2.374624624624624758e+00 4.379487425865330010e+02
2.382882882882882747e+00 4.381744347897171110e+02
2.391141141141140736e+00 4.383997260611044453e+02
2.399399399399399613e+00 4.386246166819984751e+02
2.407657657657657602e+00 4.388491069344964330e+02
2.415915915915915591e+00 4.390731971014825490e+02
2.424174174174174023e+00 4.392968874666212855e+02
2.432432432432432456e+00 4.395201783143508010e+02
2.440690690690690445e+00 4.397430699298768104e+02
2.448948948948948878e+00 4.399655625991649686e+02
2.457207207207207311e+00 4.401876566089349012e+02
2.465465465465465300e+00 4.404093522466541231e+02
2.473723723723723289e+00 4.406306498005303069e+02
2.481981981981982166e+00 4.408515495595059406e+02
2.490240240240240155e+00 4.410720518132510506e+02
2.498498498498498144e+00 4.412921568521569498e+02
2.506756756756756577e+00 4.415118649673305526e+02
2.515015015015015010e+00 4.417311764505860765e+02
2.523273273273272999e+00 4.419500915944408348e+02
2.531531531531531432e+00 4.421686106921073360e+02
2.539789789789789864e+00 4.423867340374873720e+02
2.548048048048047853e+00 4.426044619251660492e+02
2.556306306306306286e+00 4.428217946504043994e+02
2.564564564564564275e+00 4.430387325091346042e+02
2.572822822822822708e+00 4.432552757979521516e+02
2.581081081081081141e+00 4.434714248141111739e+02
2.589339339339339130e+00 4.436871798555165469e+02
2.597597597597597563e+00 4.439025412207184900e+02
2.605855855855855552e+00 4.441175092089067107e+02
2.614114114114113985e+00 4.443320841199038114e+02
2.622372372372372418e+00 4.445462662541585246e+02
2.630630630630630407e+00 4.447600559127417910e+02
2.638888888888888840e+00 4.449734533973364705e+02
2.647147147147146828e+00 4.451864590102360353e+02
2.655405405405405261e+00 4.453990730543354175e+02
2.663663663663663694e+00 4.456112958331258938e+02
2.671921921921921683e+00 4.458231276506889458e+02
2.680180180180180116e+00 4.460345688116898941e+02
2.688438438438438105e+00 4.462456196213728958e+02
2.696696696696696538e+00 4.464562803855537823e+02
2.704954954954954971e+00 4.466665514106149431e+02
2.713213213213212960e+00 4.468764330034989598e+02
2.721471471471471393e+00 4.470859254717028648e+02
2.729729729729729382e+00 4.472950291232718882e+02
2.737987987987987815e+00 4.475037442667942855e+02
2.746246246246246248e+00 4.477120712113944592e+02
2.754504504504504236e+00 4.479200102667286956e+02
2.762762762762762669e+00 4.481275617429772069e+02
2.771021021021021102e+00 4.483347259508406637e+02
2.779279279279279091e+00 4.485415032015320094e+02
2.787537537537537524e+00 4.487478938067732201e+02
2.795795795795795513e+00 4.489538980787872333e+02
2.804054054054053946e+00 4.491595163302936840e+02
2.812312312312312379e+00 4.493647488745031069e+02
2.820570570570570368e+00 4.495695960251103998e+02
2.828828828828828801e+00 4.497740580962898207e+02
2.837087087087086790e+00 4.499781354026895883e+02
2.845345345345345223e+00 4.501818282594256289e+02
2.853603603603603656e+00 4.503851369820762329e+02
2.861861861861861644e+00 4.505880618866766554e+02
2.870120120120120077e+00 4.507906032897132036e+02
2.878378378378378066e+00 4.509927615081180079e+02
2.886636636636636499e+00 4.511945368592631667e+02
2.894894894894894932e+00 4.513959296609559715e+02
2.903153153153152921e+00 4.515969402314318586e+02
2.911411411411411354e+00 4.517975688893513393e+02
2.919669669669669343e+00 4.519978159537922693e+02
2.927927927927927776e+00 4.521976817442454717e+02
2.936186186186186209e+00 4.523971665806093938e+02
2.944444444444444198e+00 4.525962707831844796e+02
2.952702702702702631e+00 4.527949946726676558e+02
2.960960960960960620e+00 4.529933385701475572e+02
2.969219219219219053e+00 4.531913027970986150e+02
2.977477477477477485e+00 4.533888876753757131e+02
2.985735735735735474e+00 4.535860935272094707e+02
2.993993993993993907e+00 4.537829206752005007e+02
3.002252252252251896e+00 4.539793694423144643e+02
3.010510510510510329e+00 4.541754401518759892e+02
3.018768768768768762e+00 4.543711331275651446e+02
3.027027027027026751e+00 4.545664486934102797e+02
3.035285285285285184e+00 4.547613871737844420e+02
3.043543543543543173e+00 4.549559488933990110e+02
3.051801801801801606e+00 4.551501341772997193e+02
3.060060060060060039e+00 4.553439433508605134e+02
3.068318318318318028e+00 4.555373767397783809e+02
3.076576576576576461e+00 4.557304346700699398e+02
3.084834834834834894e+00 4.559231174680641061e+02
3.093093093093092882e+00 4.561154254603984555e+02
3.101351351351351315e+00 4.563073589740142211e+02
3.109609609609609304e+00 4.564989183361501546e+02
3.117867867867867737e+00 4.566901038743390586e+02
3.126126126126126170e+00 4.568809159164013067e+02
3.134384384384384159e+00 4.570713547904413190e+02
3.142642642642642592e+00 4.572614208248411956e+02
3.150900900900900581e+00 4.574511143482572493e+02
3.159159159159159014e+00 4.576404356896139234e+02
3.167417417417417447e+00 4.578293851780995851e+02
3.175675675675675436e+00 4.580179631431611824e+02
3.183933933933933869e+00 4.582061699145002081e+02
3.192192192192191857e+00 4.583940058220666742e+02
3.200450450450450290e+00 4.585814711960554177e+02
3.208708708708708723e+00 4.587685663669007567e+02
3.216966966966966712e+00 4.589552916652714885e+02
3.225225225225225145e+00 4.591416474220668533e+02
3.233483483483483134e+00 4.593276339684114760e+02
3.241741741741741567e+00 4.595132516356499650e+02
3.250000000000000000e+00 4.596985007553434457e+02
3.258258258258257989e+00 4.598833816592639891e+02
3.266516516516516422e+00 4.600678946793900650e+02
3.274774774774774411e+00 4.602520401479023917e+02
3.283033033033032844e+00 4.604358183971782523e+02
3.291291291291291277e+00 4.606192297597889933e+02
3.299549549549549265e+00 4.608022745684922370e+02
3.307807807807807698e+00 4.609849531562305174e+02
3.316066066066065687e+00 4.611672658561242883e+02
3.324324324324324120e+00 4.613492130014686836e+02
3.332582582582582553e+00 4.615307949257291398e+02
3.340840840840840542e+00 4.617120119625359393e+02
3.349099099099098975e+00 4.618928644456806865e+02
3.357357357357356964e+00 4.620733527091105657e+02
3.365615615615615397e+00 4.622534770869250451e+02
3.373873873873873830e+00 4.624332379133718405e+02
3.382132132132131819e+00 4.626126355228402645e+02
3.390390390390390252e+00 4.627916702498596351e+02
3.398648648648648685e+00 4.629703424290930229e+02
3.406906906906906674e+00 4.631486523953330448e+02
3.415165165165165106e+00 4.633266004834985665e+02
3.423423423423423095e+00 4.635041870286290759e+02
3.431681681681681528e+00 4.636814123658813287e+02
3.439939939939939961e+00 4.638582768305245168e+02
3.448198198198197950e+00 4.640347807579361756e+02
3.456456456456456383e+00 4.642109244835978643e+02
3.464714714714714372e+00 4.643867083430910725e+02
3.472972972972972805e+00 4.645621326720926731e+02
3.481231231231231238e+00 4.647371978063711140e+02
3.489489489489489227e+00 4.649119040817816426e+02
3.497747747747747660e+00 4.650862518342624981e+02
3.506006006006005649e+00 4.652602413998315569e+02
3.514264264264264082e+00 4.654338731145799102e+02
3.522522522522522515e+00 4.656071473146702147e+02
3.530780780780780503e+00 4.657800643363314634e+02
3.539039039039038936e+00 4.659526245158542679e+02
3.547297297297296925e+00 4.661248281895881860e+02
3.555555555555555358e+00 4.662966756939366064e+02
3.563813813813813791e+00 4.664681673653528833e+02
3.572072072072071780e+00 4.666393035403365275e+02
3.580330330330330213e+00 4.668100845554292846e+02
3.588588588588588202e+00 4.669805107472110421e+02
3.596846846846846635e+00 4.671505824522947137e+02
3.605105105105105068e+00 4.673203000073243629e+02
3.613363363363363057e+00 4.674896637489700879e+02
3.621621621621621490e+00 4.676586740139237577e+02
3.629879879879879478e+00 4.678273311388956017e+02
3.638138138138137911e+00 4.679956354606102877e+02
3.646396396396396344e+00 4.681635873158029995e+02
3.654654654654654333e+00 4.683311870412154008e+02
3.662912912912912766e+00 4.684984349735918272e+02
3.671171171171170755e+00 4.686653314496757048e+02
3.679429429429429188e+00 4.688318768062055710e+02
3.687687687687687621e+00 4.689980713799109822e+02
3.695945945945945610e+00 4.691639155075086478e+02
3.704204204204204043e+00 4.693294095256996457e+02
3.712462462462462476e+00 4.694945537711647034e+02
3.720720720720720465e+00 4.696593485805604473e+02
3.728978978978978898e+00 4.698237942905161049e+02
3.737237237237236887e+00 4.699878912376298672e+02
3.745495495495495319e+00 4.701516397584645688e+02
3.753753753753753752e+00 4.703150401895444475e+02
3.762012012012011741e+00 4.704780928673513358e+02
3.770270270270270174e+00 4.706407981283213644e+02
3.778528528528528163e+00 4.708031563088406983e+02
3.786786786786786596e+00 4.709651677452422405e+02
3.795045045045045029e+00 4.711268327738021071e+02
3.803303303303303018e+00 4.712881517307359331e+02
3.811561561561561451e+00 4.714491249521952909e+02
3.819819819819819440e+00 4.716097527742640523e+02
3.828078078078077873e+00 4.717700355329550348e+02
3.836336336336336306e+00 4.719299735642058522e+02
3.844594594594594295e+00 4.720895672038768680e+02
3.852852852852852727e+00 4.722488167877455112e+02
3.861111111111110716e+00 4.724077226515049688e+02
3.869369369369369149e+00 4.725662851307592405e+02
3.877627627627627582e+00 4.727245045610200123e+02
3.885885885885885571e+00 4.728823812777037574e+02
3.894144144144144004e+00 4.730399156161274163e+02
3.902402402402401993e+00 4.731971079115061798e+02
3.910660660660660426e+00 4.733539584989485434e+02
3.918918918918918859e+00 4.735104677134542612e+02
3.927177177177176848e+00 4.736666358899100828e+02
3.935435435435435281e+00 4.738224633630873655e+02
3.943693693693693270e+00 4.739779504676374131e+02
3.951951951951951703e+00 4.741330975380896575e+02
3.960210210210210136e+00 4.742879049088464853e+02
3.968468468468468124e+00 4.744423729141817603e+02
3.976726726726726557e+00 4.745965018882365598e+02
3.984984984984984990e+00 4.747502921650160488e+02
3.993243243243242979e+00 4.749037440783866373e+02
4.001501501501500968e+00 4.750568579620717173e+02
4.009759759759759845e+00 4.752096341496499576e+02
4.018018018018017834e+00 4.753620729745501876e+02
4.026276276276275823e+00 4.755141747700498058e+02
4.034534534534534700e+00 4.756659398692713694e+02
4.042792792792792689e+00 4.758173686051781033e+02
4.051051051051050678e+00 4.759684613105728204e+02
4.059309309309309555e+00 4.761192183180925781e+02
4.067567567567567544e+00 4.762696399602074848e+02
4.075825825825825532e+00 4.764197265692158680e+02
4.084084084084084409e+00 4.765694784772427397e+02
4.092342342342341510e+00 4.767188960162355897e+02
4.100600600600600387e+00 4.768679795179621692e+02
4.108858858858859264e+00 4.770167293140060565e+02
4.117117117117116365e+00 4.771651457357650088e+02
4.125375375375375242e+00 4.773132291144477222e+02
4.133633633633633231e+00 4.774609797810697955e+02
4.141891891891891220e+00 4.776083980664521960e+02
4.150150150150150097e+00 4.777554843012166543e+02
4.158408408408408086e+00 4.779022388157841874e+02
4.166666666666666075e+00 4.780486619403707209e+02
4.174924924924924952e+00 4.781947540049856684e+02
4.183183183183182940e+00 4.783405153394276113e+02
4.191441441441440929e+00 4.784859462732822522e+02
4.199699699699699806e+00 4.786310471359185499e+02
4.207957957957957795e+00 4.787758182564874119e+02
4.216216216216215784e+00 4.789202599639169762e+02
4.224474474474474661e+00 4.790643725869107925e+02
4.232732732732732650e+00 4.792081564539447527e+02
4.240990990990990639e+00 4.793516118932647601e+02
4.249249249249249516e+00 4.794947392328824094e+02
4.257507507507506617e+00 4.796375388005735658e+02
4.265765765765765494e+00 4.797800109238752384e+02
4.274024024024024371e+00 4.799221559300822264e+02
4.282282282282281471e+00 4.800639741462450161e+02
4.290540540540540349e+00 4.802054658991663132e+02
4.298798798798799226e+00 4.803466315153994515e+02
4.307057057057056326e+00 4.804874713212440156e+02
4.315315315315315203e+00 4.806279856427444201e+02
4.323573573573573192e+00 4.807681748056863853e+02
4.331831831831831181e+00 4.809080391355947768e+02
4.340090090090090058e+00 4.810475789577305932e+02
4.348348348348348047e+00 4.811867945970884080e+02
4.356606606606606036e+00 4.813256863783934136e+02
4.364864864864864913e+00 4.814642546260993186e+02
4.373123123123122902e+00 4.816024996643849363e+02
4.381381381381380891e+00 4.817404218171527077e+02
4.389639639639639768e+00 4.818780214080238693e+02
4.397897897897897757e+00 4.820152987603388510e+02
4.406156156156155745e+00 4.821522541971520468e+02
4.414414414414414622e+00 4.822888880412311323e+02
4.422672672672672611e+00 4.824252006150527450e+02
4.430930930930930600e+00 4.825611922408016312e+02
4.439189189189189477e+00 4.826968632403664401e+02
4.447447447447446578e+00 4.828322139353384728e+02
4.455705705705705455e+00 4.829672446470087266e+02
4.463963963963964332e+00 4.831019556963652235e+02
4.472222222222221433e+00 4.832363474040904521e+02
4.480480480480480310e+00 4.833704200905590938e+02
4.488738738738738299e+00 4.835041740758355786e+02
4.496996996996996288e+00 4.836376096796710726e+02
4.505255255255255165e+00 4.837707272215023409e+02
4.513513513513513153e+00 4.839035270204473136e+02
4.521771771771771142e+00 4.840360093953041769e+02
4.530030030030030019e+00 4.841681746645488147e+02
4.538288288288288008e+00 4.843000231463312844e+02
4.546546546546545997e+00 4.844315551584747368e+02
4.554804804804804874e+00 4.845627710184727448e+02
4.563063063063062863e+00 4.846936710434856082e+02
4.571321321321320852e+00 4.848242555503402400e+02
4.579579579579579729e+00 4.849545248555256194e+02
4.587837837837837718e+00 4.850844792751919954e+02
4.596096096096095707e+00 4.852141191251474197e+02
4.604354354354353696e+00 4.853434447208566098e+02
4.612612612612612573e+00 4.854724563774375383e+02
4.620870870870870561e+00 4.856011544096598413e+02
4.629129129129128550e+00 4.857295391319420332e+02
4.637387387387387427e+00 4.858576108583491759e+02
4.645645645645645416e+00 4.859853699025914580e+02
4.653903903903903405e+00 4.861128165780210679e+02
4.662162162162162282e+00 4.862399511976303188e+02
4.670420420420420271e+00 4.863667740740493173e+02
4.678678678678678260e+00 4.864932855195434627e+02
4.686936936936936249e+00 4.866194858460115711e+02
4.695195195195195126e+00 4.867453753649840564e+02
4.703453453453453115e+00 4.868709543876195767e+02
4.711711711711711104e+00 4.869962232247042380e+02
4.719969969969969981e+00 4.871211821866480705e+02
4.728228228228227970e+00 4.872458315834841187e+02
4.736486486486485958e+00 4.873701717248650311e+02
4.744744744744744835e+00 4.874942029200621505e+02
4.753003003003002824e+00 4.876179254779626149e+02
4.761261261261260813e+00 4.877413397070671977e+02
4.769519519519519690e+00 4.878644459154886590e+02
4.777777777777777679e+00 4.879872444109496428e+02
4.786036036036035668e+00 4.881097355007794931e+02
4.794294294294293657e+00 4.882319194919138567e+02
4.802552552552552534e+00 4.883537966908913859e+02
4.810810810810810523e+00 4.884753674038520899e+02
4.819069069069068512e+00 4.885966319365356867e+02
4.827327327327327389e+00 4.887175905942781355e+02
4.835585585585585378e+00 4.888382436820114663e+02
4.843843843843843366e+00 4.889585915042609372e+02
4.852102102102102243e+00 4.890786343651425341e+02
4.860360360360360232e+00 4.891983725683616058e+02
4.868618618618618221e+00 4.893178064172103632e+02
4.876876876876876210e+00 4.894369362145668561e+02
4.885135135135135087e+00 4.895557622628917329e+02
4.893393393393393076e+00 4.896742848642274453e+02
4.901651651651651065e+00 4.897925043201953486e+02
4.909909909909909942e+00 4.899104209319943948e+02
4.918168168168167931e+00 4.900280350003988588e+02
4.926426426426425920e+00 4.901453468257561781e+02
4.934684684684684797e+00 4.902623567079863847e+02
4.942942942942942786e+00 4.903790649465781826e+02
4.951201201201200774e+00 4.904954718405886638e+02
4.959459459459458763e+00 4.906115776886406366e+02
4.967717717717717640e+00 4.907273827889206927e+02
4.975975975975975629e+00 4.908428874391784120e+02
4.984234234234233618e+00 4.909580919367224965e+02
4.992492492492492495e+00 4.910729965784212254e+02
5.000750750750750484e+00 4.911876016606989879e+02
5.009009009009008473e+00 4.913019074795349752e+02
5.017267267267267350e+00 4.914159143304613622e+02
5.025525525525525339e+00 4.915296225085615447e+02
5.033783783783783328e+00 4.916430323084684346e+02
5.042042042042042205e+00 4.917561440243624133e+02
5.050300300300300194e+00 4.918689579499693991e+02
5.058558558558558182e+00 4.919814743785597670e+02
5.066816816816816171e+00 4.920936936029455069e+02
5.075075075075075048e+00 4.922056159154802231e+02
5.083333333333333037e+00 4.923172416080552125e+02
5.091591591591591026e+00 4.924285709720992941e+02
5.099849849849849903e+00 4.925396042985763643e+02
5.108108108108107892e+00 4.926503418779839762e+02
5.116366366366365881e+00 4.927607840003515207e+02
5.124624624624624758e+00 4.928709309552385207e+02
5.132882882882882747e+00 4.929807830317330399e+02
5.141141141141140736e+00 4.930903405184501480e+02
5.149399399399398725e+00 4.931996037035295330e+02
5.157657657657657602e+00 4.933085728746341374e+02
5.165915915915915591e+00 4.934172483189495892e+02
5.174174174174173579e+00 4.935256303231807351e+02
5.182432432432432456e+00 4.936337191735515262e+02
5.190690690690690445e+00 4.937415151558022899e+02
5.198948948948948434e+00 4.938490185551889340e+02
5.207207207207207311e+00 4.939562296564807866e+02
5.215465465465465300e+00 4.940631487439591183e+02
5.223723723723723289e+00 4.941697761014156072e+02
5.231981981981981278e+00 4.942761120121510885e+02
5.240240240240240155e+00 4.943821567589729966e+02
5.248498498498498144e+00 4.944879106241951945e+02
5.256756756756756133e+00 4.945933738896348473e+02
5.265015015015015010e+00 4.946985468366119676e+02
5.273273273273272999e+00 4.948034297459475965e+02
5.281531531531530987e+00 4.949080228979621552e+02
5.289789789789789864e+00 4.950123265724741941e+02
5.298048048048047853e+00 4.951163410487980627e+02
5.306306306306305842e+00 4.952200666057435683e+02
5.314564564564563831e+00 4.953235035216132474e+02
5.322822822822822708e+00 4.954266520742021953e+02
5.331081081081080697e+00 4.955295125407955652e+02
5.339339339339338686e+00 4.956320851981671467e+02
5.347597597597597563e+00 4.957343703225781155e+02
5.355855855855855552e+00 4.958363681897756692e+02
5.364114114114113541e+00 4.959380790749917196e+02
5.372372372372372418e+00 4.960395032529407899e+02
5.380630630630630407e+00 4.961406409978195029e+02
5.388888888888888395e+00 4.962414925833039092e+02
5.397147147147147273e+00 4.963420582825490897e+02
5.405405405405405261e+00 4.964423383681873361e+02
5.413663663663663250e+00 4.965423331123266166e+02
5.421921921921921239e+00 4.966420427865497231e+02
5.430180180180180116e+00 4.967414676619122247e+02
5.438438438438438105e+00 4.968406080089415013e+02
5.446696696696696094e+00 4.969394640976346409e+02
5.454954954954954971e+00 4.970380361974583820e+02
5.463213213213212960e+00 4.971363245773464996e+02
5.471471471471470949e+00 4.972343295056991792e+02
5.479729729729729826e+00 4.973320512503809141e+02
5.487987987987987815e+00 4.974294900787199936e+02
5.496246246246245803e+00 4.975266462575070250e+02
5.504504504504503792e+00 4.976235200529928306e+02
5.512762762762762669e+00 4.977201117308881066e+02
5.521021021021020658e+00 4.978164215563616608e+02
5.529279279279278647e+00 4.979124497940385368e+02
5.537537537537537524e+00 4.980081967080000140e+02
5.545795795795795513e+00 4.981036625617809932e+02
5.554054054054053502e+00 4.981988476183699959e+02
5.562312312312312379e+00 4.982937521402060952e+02
5.570570570570570368e+00 4.983883763891800527e+02
5.578828828828828357e+00 4.984827206266304529e+02
5.587087087087086346e+00 4.985767851133443855e+02
5.595345345345345223e+00 4.986705701095552286e+02
5.603603603603603212e+00 4.987640758749420797e+02
5.611861861861861200e+00 4.988573026686275966e+02
5.620120120120120077e+00 4.989502507491776555e+02
5.628378378378378066e+00 4.990429203745996460e+02
5.636636636636636055e+00 4.991353118023409934e+02
5.644894894894894932e+00 4.992274252892886466e+02
5.653153153153152921e+00 4.993192610917676006e+02
5.661411411411410910e+00 4.994108194655394186e+02
5.669669669669669787e+00 4.995021006658011515e+02
5.677927927927927776e+00 4.995931049471845427e+02
5.686186186186185765e+00 4.996838325637543790e+02
5.694444444444443754e+00 4.997742837690071838e+02
5.702702702702702631e+00 4.998644588158707620e+02
5.710960960960960620e+00 4.999543579567023812e+02
5.719219219219218608e+00 5.000439814432880326e+02
5.727477477477477485e+00 5.001333295268407255e+02
5.735735735735735474e+00 5.002224024580002606e+02
5.743993993993993463e+00 5.003112004868310692e+02
5.752252252252252340e+00 5.003997238628219861e+02
5.760510510510510329e+00 5.004879728348840899e+02
5.768768768768768318e+00 5.005759476513509867e+02
5.777027027027026307e+00 5.006636485599760817e+02
5.785285285285285184e+00 5.007510758079330913e+02
5.793543543543543173e+00 5.008382296418137685e+02
5.801801801801801162e+00 5.009251103076273921e+02
5.810060060060060039e+00 5.010117180507990042e+02
5.818318318318318028e+00 5.010980531161695808e+02
5.826576576576576016e+00 5.011841157479935873e+02
5.834834834834834894e+00 5.012699061899386948e+02
5.843093093093092882e+00 5.013554246850849836e+02
5.851351351351350871e+00 5.014406714759226134e+02
5.859609609609608860e+00 5.015256468043525615e+02
5.867867867867867737e+00 5.016103509116840087e+02
5.876126126126125726e+00 5.016947840386337703e+02
5.884384384384383715e+00 5.017789464253261258e+02
5.892642642642642592e+00 5.018628383112906022e+02
5.900900900900900581e+00 5.019464599354616894e+02
5.909159159159158570e+00 5.020298115361773625e+02
5.917417417417417447e+00 5.021128933511784567e+02
5.925675675675675436e+00 5.021957056176072456e+02
5.933933933933933424e+00 5.022782485720073282e+02
5.942192192192192302e+00 5.023605224503213549e+02
5.950450450450450290e+00 5.024425274878910841e+02
5.958708708708708279e+00 5.025242639194559615e+02
5.966966966966966268e+00 5.026057319791520399e+02
5.975225225225225145e+00 5.026869319005112970e+02
5.983483483483483134e+00 5.027678639164610104e+02
5.991741741741741123e+00 5.028485282593214265e+02
6.000000000000000000e+00 5.029289251608065570e+02
6.008258258258257989e+00 5.030090548520221319e+02
6.016516516516515978e+00 5.030889175634650883e+02
6.024774774774774855e+00 5.031685135250218650e+02
6.033033033033032844e+00 5.032478429659690846e+02
6.041291291291290833e+00 5.033269061149711661e+02
6.049549549549548821e+00 5.034057032000794720e+02
6.057807807807807698e+00 5.034842344487330479e+02
6.066066066066065687e+00 5.035625000877549269e+02
6.074324324324323676e+00 5.036405003433540628e+02
6.082582582582582553e+00 5.037182354411224310e+02
6.090840840840840542e+00 5.037957056060354830e+02
6.099099099099098531e+00 5.038729110624500436e+02
6.107357357357357408e+00 5.039498520341042536e+02
6.115615615615615397e+00 5.040265287441167175e+02
6.123873873873873386e+00 5.041029414149850822e+02
6.132132132132131375e+00 5.041790902685856395e+02
6.140390390390390252e+00 5.042549755261722453e+02
6.148648648648648241e+00 5.043305974083760361e+02
6.156906906906906229e+00 5.044059561352030983e+02
6.165165165165165106e+00 5.044810519260356614e+02
6.173423423423423095e+00 5.045558849996291997e+02
6.181681681681681084e+00 5.046304555741136824e+02
6.189939939939939961e+00 5.047047638669908451e+02
6.198198198198197950e+00 5.047788100951345882e+02
6.206456456456455939e+00 5.048525944747897825e+02
6.214714714714713928e+00 5.049261172215709053e+02
6.222972972972972805e+00 5.049993785504627226e+02
6.231231231231230794e+00 5.050723786758178449e+02
6.239489489489488783e+00 5.051451178113568972e+02
6.247747747747747660e+00 5.052175961701668712e+02
6.256006006006005649e+00 5.052898139647018638e+02
6.264264264264263637e+00 5.053617714067806332e+02
6.272522522522522515e+00 5.054334687075866555e+02
6.280780780780780503e+00 5.055049060776678402e+02
6.289039039039038492e+00 5.055760837269342005e+02
6.297297297297297369e+00 5.056470018646584776e+02
6.305555555555555358e+00 5.057176606994751182e+02
6.313813813813813347e+00 5.057880604393788531e+02
6.322072072072071336e+00 5.058582012917251518e+02
6.330330330330330213e+00 5.059280834632280062e+02
6.338588588588588202e+00 5.059977071599604415e+02
6.346846846846846191e+00 5.060670725873529250e+02
6.355105105105105068e+00 5.061361799501934797e+02
6.363363363363363057e+00 5.062050294526259790e+02
6.371621621621621046e+00 5.062736212981498056e+02
6.379879879879879923e+00 5.063419556896199651e+02
6.388138138138137911e+00 5.064100328292451536e+02
6.396396396396395900e+00 5.064778529185873595e+02
6.404654654654653889e+00 5.065454161585615793e+02
6.412912912912912766e+00 5.066127227494351359e+02
6.421171171171170755e+00 5.066797728908262002e+02
6.429429429429428744e+00 5.067465667817042458e+02
6.437687687687687621e+00 5.068131046203878327e+02
6.445945945945945610e+00 5.068793866045456298e+02
6.454204204204203599e+00 5.069454129311947668e+02
6.462462462462462476e+00 5.070111837967001520e+02
6.470720720720720465e+00 5.070766993967742451e+02
6.478978978978978454e+00 5.071419599264758062e+02
6.487237237237236442e+00 5.072069655802095554e+02
6.495495495495495319e+00 5.072717165517258309e+02
6.503753753753753308e+00 5.073362130341190550e+02
6.512012012012011297e+00 5.074004552198290412e+02
6.520270270270270174e+00 5.074644433006369013e+02
6.528528528528528163e+00 5.075281774676681721e+02
6.536786786786786152e+00 5.075916579113892908e+02
6.545045045045045029e+00 5.076548848216089596e+02
6.553303303303303018e+00 5.077178583874765536e+02
6.561561561561561007e+00 5.077805787974814393e+02
6.569819819819819884e+00 5.078430462394522351e+02
6.578078078078077873e+00 5.079052609005574936e+02
6.586336336336335862e+00 5.079672229673029733e+02
6.594594594594593850e+00 5.080289326255328319e+02
6.602852852852852727e+00 5.080903900604282626e+02
6.611111111111110716e+00 5.081515954565071524e+02
6.619369369369368705e+00 5.082125489976228891e+02
6.627627627627627582e+00 5.082732508669643039e+02
6.635885885885885571e+00 5.083337012470553873e+02
6.644144144144143560e+00 5.083939003197537545e+02
6.652402402402402437e+00 5.084538482662512706e+02
6.660660660660660426e+00 5.085135452670721179e+02
6.668918918918918415e+00 5.085729915020732506e+02
6.677177177177176404e+00 5.086321871504433716e+02
6.685435435435435281e+00 5.086911323907027622e+02
6.693693693693693270e+00 5.087498274007023156e+02
6.701951951951951258e+00 5.088082723576226840e+02
6.710210210210210136e+00 5.088664674379747339e+02
6.718468468468468124e+00 5.089244128175982951e+02
6.726726726726726113e+00 5.089821086716611944e+02
6.734984984984984990e+00 5.090395551746598812e+02
6.743243243243242979e+00 5.090967525004181198e+02
6.751501501501500968e+00 5.091537008220861935e+02
6.759759759759758957e+00 5.092104003121415872e+02
6.768018018018017834e+00 5.092668511423864288e+02
6.776276276276275823e+00 5.093230534839491384e+02
6.784534534534533812e+00 5.093790075072826085e+02
6.792792792792792689e+00 5.094347133821640909e+02
6.801051051051050678e+00 5.094901712776946283e+02
6.809309309309308667e+00 5.095453813622983716e+02
6.817567567567567544e+00 5.096003438037219553e+02
6.825825825825825532e+00 5.096550587690347811e+02
6.834084084084083521e+00 5.097095264246279953e+02
6.842342342342341510e+00 5.097637469362136926e+02
6.850600600600600387e+00 5.098177204688247457e+02
6.858858858858858376e+00 5.098714471868142368e+02
6.867117117117116365e+00 5.099249272538550599e+02
6.875375375375375242e+00 5.099781608329398068e+02
6.883633633633633231e+00 5.100311480863790621e+02
6.891891891891891220e+00 5.100838891758027103e+02
6.900150150150150097e+00 5.101363842621579465e+02
6.908408408408408086e+00 5.101886335057088218e+02
6.916666666666666075e+00 5.102406370660373227e+02
6.924924924924924952e+00 5.102923951020412119e+02
6.933183183183182940e+00 5.103439077719348234e+02
6.941441441441440929e+00 5.103951752332475280e+02
6.949699699699698918e+00 5.104461976428237335e+02
6.957957957957957795e+00 5.104969751568227139e+02
6.966216216216215784e+00 5.105475079307176998e+02
6.974474474474473773e+00 5.105977961192960493e+02
6.982732732732732650e+00 5.106478398766582245e+02
6.990990990990990639e+00 5.106976393562173939e+02
6.999249249249248628e+00 5.107471947106992047e+02
7.007507507507507505e+00 5.107965060921414988e+02
7.015765765765765494e+00 5.108455736518932326e+02
7.024024024024023483e+00 5.108943975406149320e+02
7.032282282282281471e+00 5.109429779082777827e+02
7.040540540540540349e+00 5.109913149041630618e+02
7.048798798798798337e+00 5.110394086768615125e+02
7.057057057057056326e+00 5.110872593742745380e+02
7.065315315315315203e+00 5.111348671436115865e+02
7.073573573573573192e+00 5.111822321313910038e+02
7.081831831831831181e+00 5.112293544834394083e+02
7.090090090090090058e+00 5.112762343448911224e+02
7.098348348348348047e+00 5.113228718601878882e+02
7.106606606606606036e+00 5.113692671730788675e+02
7.114864864864864025e+00 5.114154204266191641e+02
7.123123123123122902e+00 5.114613317631711880e+02
7.131381381381380891e+00 5.115070013244022675e+02
7.139639639639638879e+00 5.115524292512851048e+02
7.147897897897897757e+00 5.115976156840984004e+02
7.156156156156155745e+00 5.116425607624249778e+02
7.164414414414413734e+00 5.116872646251518404e+02
7.172672672672672611e+00 5.117317274104705120e+02
7.180930930930930600e+00 5.117759492558756733e+02
7.189189189189188589e+00 5.118199302981651613e+02
7.197447447447447466e+00 5.118636706734407085e+02
7.205705705705705455e+00 5.119071705171044186e+02
7.213963963963963444e+00 5.119504299638628027e+02
7.222222222222221433e+00 5.119934491477227425e+02
7.230480480480480310e+00 5.120362282019932536e+02
7.238738738738738299e+00 5.120787672592839499e+02
7.246996996996996288e+00 5.121210664515057260e+02
7.255255255255255165e+00 5.121631259098693363e+02
7.263513513513513153e+00 5.122049457648854514e+02
7.271771771771771142e+00 5.122465261463649995e+02
7.280030030030030019e+00 5.122878671834182569e+02
7.288288288288288008e+00 5.123289690044541658e+02
7.296546546546545997e+00 5.123698317371802204e+02
7.304804804804803986e+00 5.124104555086029222e+02
7.313063063063062863e+00 5.124508404450259604e+02
7.321321321321320852e+00 5.124909866720516902e+02
7.329579579579578841e+00 5.125308943145790863e+02
7.337837837837837718e+00 5.125705634968046525e+02
7.346096096096095707e+00 5.126099943422213983e+02
7.354354354354353696e+00 5.126491869736184981e+02
7.362612612612612573e+00 5.126881415130822006e+02
7.370870870870870561e+00 5.127268580819934414e+02
7.379129129129128550e+00 5.127653368010294344e+02
7.387387387387386539e+00 5.128035777901620804e+02
7.395645645645645416e+00 5.128415811686584220e+02
7.403903903903903405e+00 5.128793470550803022e+02
7.412162162162161394e+00 5.129168755672839097e+02
7.420420420420420271e+00 5.129541668224184150e+02
7.428678678678678260e+00 5.129912209369281300e+02
7.436936936936936249e+00 5.130280380265500071e+02
7.445195195195195126e+00 5.130646182063140941e+02
7.453453453453453115e+00 5.131009615905435339e+02
7.461711711711711104e+00 5.131370682928537690e+02
7.469969969969969981e+00 5.131729384261531095e+02
7.478228228228227970e+00 5.132085721026412557e+02
7.486486486486485958e+00 5.132439694338096388e+02
7.494744744744743947e+00 5.132791305304415346e+02
7.503003003003002824e+00 5.133140555026112679e+02
7.511261261261260813e+00 5.133487444596842124e+02
7.519519519519518802e+00 5.133831975103159948e+02
7.527777777777777679e+00 5.134174147624527222e+02
7.536036036036035668e+00 5.134513963233309823e+02
7.544294294294293657e+00 5.134851422994768200e+02
7.552552552552552534e+00 5.135186527967064194e+02
7.560810810810810523e+00 5.135519279201243990e+02
7.569069069069068512e+00 5.135849677741255164e+02
7.577327327327326500e+00 5.136177724623922813e+02
7.585585585585585378e+00 5.136503420878970019e+02
7.593843843843843366e+00 5.136826767528996243e+02
7.602102102102101355e+00 5.137147765589481878e+02
7.610360360360360232e+00 5.137466416068788249e+02
7.618618618618618221e+00 5.137782719968150786e+02
7.626876876876876210e+00 5.138096678281676759e+02
7.635135135135135087e+00 5.138408291996353228e+02
7.643393393393393076e+00 5.138717562092028857e+02
7.651651651651651065e+00 5.139024489541419598e+02
7.659909909909909054e+00 5.139329075310112103e+02
7.668168168168167931e+00 5.139631320356548940e+02
7.676426426426425920e+00 5.139931225632032010e+02
7.684684684684683909e+00 5.140228792080727089e+02
7.692942942942942786e+00 5.140524020639651326e+02
7.701201201201200774e+00 5.140816912238675513e+02
7.709459459459458763e+00 5.141107467800524091e+02
7.717717717717717640e+00 5.141395688240766049e+02
7.725975975975975629e+00 5.141681574467820610e+02
7.734234234234233618e+00 5.141965127382952687e+02
7.742492492492491607e+00 5.142246347880267194e+02
7.750750750750750484e+00 5.142525236846711323e+02
7.759009009009008473e+00 5.142801795162072267e+02
7.767267267267266462e+00 5.143076023698972676e+02
7.775525525525525339e+00 5.143347923322864972e+02
7.783783783783783328e+00 5.143617494892041577e+02
7.792042042042041317e+00 5.143884739257623551e+02
7.800300300300300194e+00 5.144149657263558311e+02
7.808558558558558182e+00 5.144412249746623047e+02
7.816816816816816171e+00 5.144672517536414489e+02
7.825075075075075048e+00 5.144930461455362547e+02
7.833333333333333037e+00 5.145186082318706440e+02
7.841591591591591026e+00 5.145439380934515157e+02
7.849849849849849015e+00 5.145690358103662447e+02
7.858108108108107892e+00 5.145939014619854106e+02
7.866366366366365881e+00 5.146185351269596140e+02
7.874624624624623870e+00 5.146429368832214095e+02
7.882882882882882747e+00 5.146671068079837141e+02
7.891141141141140736e+00 5.146910449777415124e+02
7.899399399399398725e+00 5.147147514682691281e+02
7.907657657657657602e+00 5.147382263546220429e+02
7.915915915915915591e+00 5.147614697111359874e+02
7.924174174174173579e+00 5.147844816114272817e+02
7.932432432432431568e+00 5.148072621283914714e+02
7.940690690690690445e+00 5.148298113342045781e+02
7.948948948948948434e+00 5.148521293003221899e+02
7.957207207207206423e+00 5.148742160974793478e+02
7.965465465465465300e+00 5.148960717956907729e+02
7.973723723723723289e+00 5.149176964642493886e+02
7.981981981981981278e+00 5.149390901717289353e+02
7.990240240240240155e+00 5.149602529859805600e+02
7.998498498498498144e+00 5.149811849741347487e+02
8.006756756756756133e+00 5.150018862026010993e+02
8.015015015015013233e+00 5.150223567370665023e+02
8.023273273273272110e+00 5.150425966424974149e+02
8.031531531531530987e+00 5.150626059831378143e+02
8.039789789789789864e+00 5.150823848225098800e+02
8.048048048048048742e+00 5.151019332234135391e+02
8.056306306306305842e+00 5.151212512479269208e+02
8.064564564564562943e+00 5.151403389574056746e+02
8.072822822822821820e+00 5.151591964124827427e+02
8.081081081081080697e+00 5.151778236730681328e+02
8.089339339339339574e+00 5.151962207983502822e+02
8.097597597597598451e+00 5.152143878467934428e+02
8.105855855855855552e+00 5.152323248761395007e+02
8.114114114114112652e+00 5.152500319434074072e+02
8.122372372372371530e+00 5.152675091048922695e+02
8.130630630630630407e+00 5.152847564161661467e+02
8.138888888888889284e+00 5.153017739320781629e+02
8.147147147147146384e+00 5.153185617067523481e+02
8.155405405405405261e+00 5.153351197935908203e+02
8.163663663663662362e+00 5.153514482452702623e+02
8.171921921921921239e+00 5.153675471137444219e+02
8.180180180180180116e+00 5.153834164502426347e+02
8.188438438438438993e+00 5.153990563052701646e+02
8.196696696696696094e+00 5.154144667286078629e+02
8.204954954954953195e+00 5.154296477693121687e+02
8.213213213213212072e+00 5.154445994757151084e+02
8.221471471471470949e+00 5.154593218954240683e+02
8.229729729729729826e+00 5.154738150753220225e+02
8.237987987987988703e+00 5.154880790615667365e+02
8.246246246246245803e+00 5.155021138995909951e+02
8.254504504504502904e+00 5.155159196341035113e+02
8.262762762762761781e+00 5.155294963090864258e+02
8.271021021021020658e+00 5.155428439677979213e+02
8.279279279279279535e+00 5.155559626527708588e+02
8.287537537537536636e+00 5.155688524058117537e+02
8.295795795795795513e+00 5.155815132680025954e+02
8.304054054054052614e+00 5.155939452796995965e+02
8.312312312312311491e+00 5.156061484805333066e+02
8.320570570570570368e+00 5.156181229094082710e+02
8.328828828828829245e+00 5.156298686045038266e+02
8.337087087087086346e+00 5.156413856032730791e+02
8.345345345345345223e+00 5.156526739424431298e+02
8.353603603603602323e+00 5.156637336580155306e+02
8.361861861861861200e+00 5.156745647852650336e+02
8.370120120120120077e+00 5.156851673587407277e+02
8.378378378378378954e+00 5.156955414122652428e+02
8.386636636636636055e+00 5.157056869789352049e+02
8.394894894894893156e+00 5.157156040911202126e+02
8.403153153153152033e+00 5.157252927804642013e+02
8.411411411411410910e+00 5.157347530778839655e+02
8.419669669669669787e+00 5.157439850135701818e+02
8.427927927927928664e+00 5.157529886169863858e+02
8.436186186186185765e+00 5.157617639168697679e+02
8.444444444444442865e+00 5.157703109412307185e+02
8.452702702702701743e+00 5.157786297173526009e+02
8.460960960960960620e+00 5.157867202717919781e+02
8.469219219219219497e+00 5.157945826303789545e+02
8.477477477477476597e+00 5.158022168182159248e+02
8.485735735735735474e+00 5.158096228596785977e+02
8.493993993993992575e+00 5.158168007784153133e+02
8.502252252252251452e+00 5.158237505973478392e+02
8.510510510510510329e+00 5.158304723386701198e+02
8.518768768768767430e+00 5.158369660238495271e+02
8.527027027027026307e+00 5.158432316736253824e+02
8.535285285285285184e+00 5.158492693080100935e+02
8.543543543543542285e+00 5.158550789462888133e+02
8.551801801801801162e+00 5.158606606070192129e+02
8.560060060060060039e+00 5.158660143080312537e+02
8.568318318318317139e+00 5.158711400664278699e+02
8.576576576576576016e+00 5.158760378985841726e+02
8.584834834834834894e+00 5.158807078201476770e+02
8.593093093093091994e+00 5.158851498460384164e+02
8.601351351351350871e+00 5.158893639904489419e+02
8.609609609609609748e+00 5.158933502668442088e+02
8.617867867867866849e+00 5.158971086879608947e+02
8.626126126126125726e+00 5.159006392658087634e+02
8.634384384384384603e+00 5.159039420116694146e+02
8.642642642642641704e+00 5.159070169360968521e+02
8.650900900900900581e+00 5.159098640489172567e+02
8.659159159159159458e+00 5.159124833592290997e+02
8.667417417417416559e+00 5.159148748754030294e+02
8.675675675675675436e+00 5.159170386050816433e+02
8.683933933933934313e+00 5.159189745551800570e+02
8.692192192192191413e+00 5.159206827318852220e+02
8.700450450450450290e+00 5.159221631406564939e+02
8.708708708708707391e+00 5.159234157862252914e+02
8.716966966966966268e+00 5.159244406725949830e+02
8.725225225225225145e+00 5.159252378030411137e+02
8.733483483483482246e+00 5.159258071801114056e+02
8.741741741741741123e+00 5.159261488056256439e+02
8.750000000000000000e+00 5.159262626806757908e+02
