5.000000000000000000e-01 3.164138545160619174e+02
5.070070070070069601e-01 3.167025823886148146e+02
5.140140140140140312e-01 3.169911987887204532e+02
5.210210210210209913e-01 3.172797032042462888e+02
5.280280280280280625e-01 3.175680951233799192e+02
5.350350350350350226e-01 3.178563740346311306e+02
5.420420420420419827e-01 3.181445394268328641e+02
5.490490490490490538e-01 3.184325907891416136e+02
5.560560560560560139e-01 3.187205276110396994e+02
5.630630630630630851e-01 3.190083493823355525e+02
5.700700700700700452e-01 3.192960555931645104e+02
5.770770770770771163e-01 3.195836457339912045e+02
5.840840840840840764e-01 3.198711192956091622e+02
5.910910910910911475e-01 3.201584757691429104e+02
5.980980980980981077e-01 3.204457146460481454e+02
6.051051051051050678e-01 3.207328354181141776e+02
6.121121121121121389e-01 3.210198375774634201e+02
6.191191191191190990e-01 3.213067206165535481e+02
6.261261261261261701e-01 3.215934840281782385e+02
6.331331331331331302e-01 3.218801273054677949e+02
6.401401401401400904e-01 3.221666499418913077e+02
6.471471471471471615e-01 3.224530514312562559e+02
6.541541541541541216e-01 3.227393312677110089e+02
6.611611611611611927e-01 3.230254889457447689e+02
6.681681681681681528e-01 3.233115239601889357e+02
6.751751751751751129e-01 3.235974358062180727e+02
6.821821821821821841e-01 3.238832239793523513e+02
6.891891891891892552e-01 3.241688879754556183e+02
6.961961961961962153e-01 3.244544272907389768e+02
7.032032032032031754e-01 3.247398414217613549e+02
7.102102102102102466e-01 3.250251298654296761e+02
7.172172172172172067e-01 3.253102921190001666e+02
7.242242242242242778e-01 3.255953276800798903e+02
7.312312312312312379e-01 3.258802360466274877e+02
7.382382382382381980e-01 3.261650167169543693e+02
7.452452452452452691e-01 3.264496691897249434e+02
7.522522522522522292e-01 3.267341929639583213e+02
7.592592592592593004e-01 3.270185875390295109e+02
7.662662662662662605e-01 3.273028524146697578e+02
7.732732732732732206e-01 3.275869870909681936e+02
7.802802802802802917e-01 3.278709910683721205e+02
7.872872872872873629e-01 3.281548638476887163e+02
7.942942942942943230e-01 3.284386049300855461e+02
8.013013013013012831e-01 3.287222138170915855e+02
8.083083083083082432e-01 3.290056900105985846e+02
8.153153153153153143e-01 3.292890330128615801e+02
8.223223223223223854e-01 3.295722423265001453e+02
8.293293293293293456e-01 3.298553174544992430e+02
8.363363363363363057e-01 3.301382579002101920e+02
8.433433433433432658e-01 3.304210631673518037e+02
8.503503503503503369e-01 3.307037327600111212e+02
8.573573573573574080e-01 3.309862661826444992e+02
8.643643643643643681e-01 3.312686629400781726e+02
8.713713713713713283e-01 3.315509225375103597e+02
8.783783783783783994e-01 3.318330444805109209e+02
8.853853853853853595e-01 3.321150282750226665e+02
8.923923923923924306e-01 3.323968734273627206e+02
8.993993993993993907e-01 3.326785794442232600e+02
9.064064064064063508e-01 3.329601458326720831e+02
9.134134134134134220e-01 3.332415721001538031e+02
9.204204204204204931e-01 3.335228577544910991e+02
9.274274274274274532e-01 3.338040023038852269e+02
9.344344344344344133e-01 3.340850052569174409e+02
9.414414414414413734e-01 3.343658661225485389e+02
9.484484484484484446e-01 3.346465844101220455e+02
9.554554554554555157e-01 3.349271596293630751e+02
9.624624624624624758e-01 3.352075912903803214e+02
9.694694694694694359e-01 3.354878789036666262e+02
9.764764764764763960e-01 3.357680219800998316e+02
9.834834834834834671e-01 3.360480200309440306e+02
9.904904904904905383e-01 3.363278725678503065e+02
9.974974974974974984e-01 3.366075791028573576e+02
1.004504504504504458e+00 3.368871391483925208e+02
1.011511511511511419e+00 3.371665522172733063e+02
1.018518518518518601e+00 3.374458178227072835e+02
1.025525525525525561e+00 3.377249354782929345e+02
1.032532532532532521e+00 3.380039046980220405e+02
1.039539539539539481e+00 3.382827249962788869e+02
1.046546546546546441e+00 3.385613958878419680e+02
1.053553553553553623e+00 3.388399168878849537e+02
1.060560560560560583e+00 3.391182875119762912e+02
1.067567567567567544e+00 3.393965072760829571e+02
1.074574574574574726e+00 3.396745756965668761e+02
1.081581581581581464e+00 3.399524922901908894e+02
1.088588588588588646e+00 3.402302565741155718e+02
1.095595595595595606e+00 3.405078680659017323e+02
1.102602602602602566e+00 3.407853262835117221e+02
1.109609609609609748e+00 3.410626307453089225e+02
1.116616616616616486e+00 3.413397809700598486e+02
1.123623623623623669e+00 3.416167764769344899e+02
1.130630630630630629e+00 3.418936167855071631e+02
1.137637637637637589e+00 3.421703014157570806e+02
1.144644644644644771e+00 3.424468298880695443e+02
1.151651651651651509e+00 3.427232017232371959e+02
1.158658658658658691e+00 3.429994164424591645e+02
1.165665665665665651e+00 3.432754735673447044e+02
1.172672672672672611e+00 3.435513726199107509e+02
1.179679679679679793e+00 3.438271131225855015e+02
1.186686686686686532e+00 3.441026945982075631e+02
1.193693693693693714e+00 3.443781165700279416e+02
1.200700700700700674e+00 3.446533785617089620e+02
1.207707707707707634e+00 3.449284800973279062e+02
1.214714714714714816e+00 3.452034207013745686e+02
1.221721721721721554e+00 3.454781998987556335e+02
1.228728728728728736e+00 3.457528172147917189e+02
1.235735735735735696e+00 3.460272721752215261e+02
1.242742742742742657e+00 3.463015643062001914e+02
1.249749749749749839e+00 3.465756931343016731e+02
1.256756756756756799e+00 3.468496581865182975e+02
1.263763763763763759e+00 3.471234589902625771e+02
1.270770770770770719e+00 3.473970950733673817e+02
1.277777777777777679e+00 3.476705659640867339e+02
1.284784784784784861e+00 3.479438711910975712e+02
1.291791791791791821e+00 3.482170102834982686e+02
1.298798798798798781e+00 3.484899827708124462e+02
1.305805805805805964e+00 3.487627881829869807e+02
1.312812812812812702e+00 3.490354260503940509e+02
1.319819819819819884e+00 3.493078959038326161e+02
1.326826826826826844e+00 3.495801972745272224e+02
1.333833833833833804e+00 3.498523296941306739e+02
1.340840840840840986e+00 3.501242926947235787e+02
1.347847847847847724e+00 3.503960858088154851e+02
1.354854854854854906e+00 3.506677085693458480e+02
1.361861861861861867e+00 3.509391605096845979e+02
1.368868868868868827e+00 3.512104411636331633e+02
1.375875875875876009e+00 3.514815500654238463e+02
1.382882882882882747e+00 3.517524867497225500e+02
1.389889889889889929e+00 3.520232507516285523e+02
1.396896896896896889e+00 3.522938416066747891e+02
1.403903903903903849e+00 3.525642588508292192e+02
1.410910910910911031e+00 3.528345020204965863e+02
1.417917917917917769e+00 3.531045706525152355e+02
1.424924924924924952e+00 3.533744642841631958e+02
1.431931931931931912e+00 3.536441824531552811e+02
1.438938938938938872e+00 3.539137246976442839e+02
1.445945945945946054e+00 3.541830905562229077e+02
1.452952952952952792e+00 3.544522795679237106e+02
1.459959959959959974e+00 3.547212912722192755e+02
1.466966966966966934e+00 3.549901252090239154e+02
1.473973973973973894e+00 3.552587809186943559e+02
1.480980980980981077e+00 3.555272579420283705e+02
1.487987987987987815e+00 3.557955558202697262e+02
1.494994994994994997e+00 3.560636740951039201e+02
1.502002002002001957e+00 3.563316123086624998e+02
1.509009009009008917e+00 3.565993700035217557e+02
1.516016016016016099e+00 3.568669467227051655e+02
1.523023023023023059e+00 3.571343420096821433e+02
1.530030030030030019e+00 3.574015554083697452e+02
1.537037037037036979e+00 3.576685864631334084e+02
1.544044044044043940e+00 3.579354347187871213e+02
1.551051051051051122e+00 3.582020997205949016e+02
1.558058058058058082e+00 3.584685810142709101e+02
1.565065065065065042e+00 3.587348781459795077e+02
1.572072072072072002e+00 3.590009906623375855e+02
1.579079079079078962e+00 3.592669181104133145e+02
1.586086086086086144e+00 3.595326600377279078e+02
1.593093093093093104e+00 3.597982159922568712e+02
1.600100100100100065e+00 3.600635855224286956e+02
1.607107107107107025e+00 3.603287681771273583e+02
1.614114114114114207e+00 3.605937635056924364e+02
1.621121121121121167e+00 3.608585710579190504e+02
1.628128128128128127e+00 3.611231903840591713e+02
1.635135135135135087e+00 3.613876210348225868e+02
1.642142142142142047e+00 3.616518625613766176e+02
1.649149149149149229e+00 3.619159145153475379e+02
1.656156156156156189e+00 3.621797764488206326e+02
1.663163163163163150e+00 3.624434479143413341e+02
1.670170170170170110e+00 3.627069284649151655e+02
1.677177177177177070e+00 3.629702176540092751e+02
1.684184184184184252e+00 3.632333150355524936e+02
1.691191191191191212e+00 3.634962201639360160e+02
1.698198198198198172e+00 3.637589325940136291e+02
1.705205205205205132e+00 3.640214518811033599e+02
1.712212212212212092e+00 3.642837775809869640e+02
1.719219219219219275e+00 3.645459092499114035e+02
1.726226226226226235e+00 3.648078464445888471e+02
1.733233233233233195e+00 3.650695887221971816e+02
1.740240240240240155e+00 3.653311356403817172e+02
1.747247247247247337e+00 3.655924867572544485e+02
1.754254254254254297e+00 3.658536416313949076e+02
1.761261261261261257e+00 3.661145998218520390e+02
1.768268268268268217e+00 3.663753608881429500e+02
1.775275275275275177e+00 3.666359243902541607e+02
1.782282282282282360e+00 3.668962898886433663e+02
1.789289289289289320e+00 3.671564569442376751e+02
1.796296296296296280e+00 3.674164251184371892e+02
1.803303303303303240e+00 3.676761939731120492e+02
1.810310310310310200e+00 3.679357630706068676e+02
1.817317317317317382e+00 3.681951319737369772e+02
1.824324324324324342e+00 3.684543002457936609e+02
1.831331331331331302e+00 3.687132674505406840e+02
1.838338338338338263e+00 3.689720331522175343e+02
1.845345345345345223e+00 3.692305969155383991e+02
1.852352352352352405e+00 3.694889583056939841e+02
1.859359359359359365e+00 3.697471168883508312e+02
1.866366366366366325e+00 3.700050722296526828e+02
1.873373373373373285e+00 3.702628238962205955e+02
1.880380380380380467e+00 3.705203714551541339e+02
1.887387387387387427e+00 3.707777144740314839e+02
1.894394394394394388e+00 3.710348525209091122e+02
1.901401401401401348e+00 3.712917851643243239e+02
1.908408408408408308e+00 3.715485119732942394e+02
1.915415415415415490e+00 3.718050325173160786e+02
1.922422422422422450e+00 3.720613463663694915e+02
1.929429429429429410e+00 3.723174530909155351e+02
1.936436436436436370e+00 3.725733522618971278e+02
1.943443443443443330e+00 3.728290434507410396e+02
1.950450450450450512e+00 3.730845262293560154e+02
1.957457457457457473e+00 3.733398001701370390e+02
1.964464464464464433e+00 3.735948648459611832e+02
1.971471471471471393e+00 3.738497198301913045e+02
1.978478478478478575e+00 3.741043646966767824e+02
1.985485485485485535e+00 3.743587990197515865e+02
1.992492492492492495e+00 3.746130223742366638e+02
1.999499499499499455e+00 3.748670343354406214e+02
2.006506506506506415e+00 3.751208344791583613e+02
2.013513513513513598e+00 3.753744223816737531e+02
2.020520520520520336e+00 3.756277976197588941e+02
2.027527527527527518e+00 3.758809597706748491e+02
2.034534534534534700e+00 3.761339084121725591e+02
2.041541541541541438e+00 3.763866431224921598e+02
2.048548548548548620e+00 3.766391634803651982e+02
2.055555555555555358e+00 3.768914690650132115e+02
2.062562562562562540e+00 3.771435594561503422e+02
2.069569569569569722e+00 3.773954342339818595e+02
2.076576576576576461e+00 3.776470929792056950e+02
2.083583583583583643e+00 3.778985352730127829e+02
2.090590590590590381e+00 3.781497606970871743e+02
2.097597597597597563e+00 3.784007688336068895e+02
2.104604604604604745e+00 3.786515592652448277e+02
2.111611611611611927e+00 3.789021315751674024e+02
2.118618618618618665e+00 3.791524853470375547e+02
2.125625625625625403e+00 3.794026201650138432e+02
2.132632632632632586e+00 3.796525356137497056e+02
2.139639639639639768e+00 3.799022312783968687e+02
2.146646646646646950e+00 3.801517067446030183e+02
2.153653653653653688e+00 3.804009615985138453e+02
2.160660660660660426e+00 3.806499954267732164e+02
2.167667667667667608e+00 3.808988078165230604e+02
2.174674674674674790e+00 3.811473983554045617e+02
2.181681681681681972e+00 3.813957666315579900e+02
2.188688688688688710e+00 3.816439122336233822e+02
2.195695695695695449e+00 3.818918347507415092e+02
2.202702702702702631e+00 3.821395337725529657e+02
2.209709709709709813e+00 3.823870088892003878e+02
2.216716716716716995e+00 3.826342596913270881e+02
2.223723723723723733e+00 3.828812857700790460e+02
2.230730730730730471e+00 3.831280867171043951e+02
2.237737737737737653e+00 3.833746621245537654e+02
2.244744744744744835e+00 3.836210115850813622e+02
2.251751751751752018e+00 3.838671346918455924e+02
2.258758758758758756e+00 3.841130310385077564e+02
2.265765765765765494e+00 3.843587002192344357e+02
2.272772772772772676e+00 3.846041418286977205e+02
2.279779779779779858e+00 3.848493554620736177e+02
2.286786786786787040e+00 3.850943407150450639e+02
2.293793793793793778e+00 3.853390971838006180e+02
2.300800800800800516e+00 3.855836244650355980e+02
2.307807807807807698e+00 3.858279221559522512e+02
2.314814814814814881e+00 3.860719898542600390e+02
2.321821821821822063e+00 3.863158271581769441e+02
2.328828828828828801e+00 3.865594336664279922e+02
2.335835835835835539e+00 3.868028089782479810e+02
2.342842842842842721e+00 3.870459526933794336e+02
2.349849849849849903e+00 3.872888644120755544e+02
2.356856856856857085e+00 3.875315437350982393e+02
2.363863863863863823e+00 3.877739902637200089e+02
2.370870870870870561e+00 3.880162035997240082e+02
2.377877877877877744e+00 3.882581833454040634e+02
2.384884884884884926e+00 3.884999291035652504e+02
2.391891891891892108e+00 3.887414404775245202e+02
2.398898898898898846e+00 3.889827170711113240e+02
2.405905905905905584e+00 3.892237584886662489e+02
2.412912912912912766e+00 3.894645643350440309e+02
2.419919919919919948e+00 3.897051342156117357e+02
2.426926926926927131e+00 3.899454677362505208e+02
2.433933933933933869e+00 3.901855645033549536e+02
2.440940940940940607e+00 3.904254241238342047e+02
2.447947947947947789e+00 3.906650462051121622e+02
2.454954954954954971e+00 3.909044303551275448e+02
2.461961961961962153e+00 3.911435761823337884e+02
2.468968968968968891e+00 3.913824832957012632e+02
2.475975975975975629e+00 3.916211513047159656e+02
2.482982982982982811e+00 3.918595798193799169e+02
2.489989989989989994e+00 3.920977684502123566e+02
2.496996996996997176e+00 3.923357168082492876e+02
2.504004004004003914e+00 3.925734245050442155e+02
2.511011011011011096e+00 3.928108911526688303e+02
2.518018018018017834e+00 3.930481163637128930e+02
2.525025025025025016e+00 3.932850997512841786e+02
2.532032032032032198e+00 3.935218409290096133e+02
2.539039039039038936e+00 3.937583395110352740e+02
2.546046046046046119e+00 3.939945951120269001e+02
2.553053053053052857e+00 3.942306073471701211e+02
2.560060060060060039e+00 3.944663758321700584e+02
2.567067067067067221e+00 3.947019001832531444e+02
2.574074074074073959e+00 3.949371800171658151e+02
2.581081081081081141e+00 3.951722149511767839e+02
2.588088088088087879e+00 3.954070046030751087e+02
2.595095095095095061e+00 3.956415485911721817e+02
2.602102102102102243e+00 3.958758465343008197e+02
2.609109109109108982e+00 3.961098980518175949e+02
2.616116116116116164e+00 3.963437027636009020e+02
2.623123123123122902e+00 3.965772602900520383e+02
2.630130130130130084e+00 3.968105702520962268e+02
2.637137137137137266e+00 3.970436322711820480e+02
2.644144144144144004e+00 3.972764459692815535e+02
2.651151151151151186e+00 3.975090109688923121e+02
2.658158158158157924e+00 3.977413268930350227e+02
2.665165165165165106e+00 3.979733933652566975e+02
2.672172172172172289e+00 3.982052100096283311e+02
2.679179179179179027e+00 3.984367764507470611e+02
2.686186186186186209e+00 3.986680923137353716e+02
2.693193193193193391e+00 3.988991572242425718e+02
2.700200200200200129e+00 3.991299708084430904e+02
2.707207207207207311e+00 3.993605326930394313e+02
2.714214214214214049e+00 3.995908425052597863e+02
2.721221221221221231e+00 3.998208998728601387e+02
2.728228228228228414e+00 4.000507044241242056e+02
2.735235235235235152e+00 4.002802557878628704e+02
2.742242242242242334e+00 4.005095535934158306e+02
2.749249249249249072e+00 4.007385974706503475e+02
2.756256256256256254e+00 4.009673870499628379e+02
2.763263263263263436e+00 4.011959219622782484e+02
2.770270270270270174e+00 4.014242018390510793e+02
2.777277277277277356e+00 4.016522263122648724e+02
2.784284284284284094e+00 4.018799950144334616e+02
2.791291291291291277e+00 4.021075075785998365e+02
2.798298298298298459e+00 4.023347636383378472e+02
2.805305305305305197e+00 4.025617628277515223e+02
2.812312312312312379e+00 4.027885047814758650e+02
2.819319319319319117e+00 4.030149891346771369e+02
2.826326326326326299e+00 4.032412155230522330e+02
2.833333333333333481e+00 4.034671835828299322e+02
2.840340340340340219e+00 4.036928929507709540e+02
2.847347347347347402e+00 4.039183432641674472e+02
2.854354354354354140e+00 4.041435341608452632e+02
2.861361361361361322e+00 4.043684652791610006e+02
2.868368368368368504e+00 4.045931362580055293e+02
2.875375375375375242e+00 4.048175467368013756e+02
2.882382382382382424e+00 4.050416963555059624e+02
2.889389389389389162e+00 4.052655847546092787e+02
2.896396396396396344e+00 4.054892115751345614e+02
2.903403403403403527e+00 4.057125764586407399e+02
2.910410410410410265e+00 4.059356790472191392e+02
2.917417417417417447e+00 4.061585189834966627e+02
2.924424424424424185e+00 4.063810959106345990e+02
2.931431431431431367e+00 4.066034094723292469e+02
2.938438438438438549e+00 4.068254593128121996e+02
2.945445445445445287e+00 4.070472450768504586e+02
2.952452452452452469e+00 4.072687664097464335e+02
2.959459459459459651e+00 4.074900229573382262e+02
2.966466466466466390e+00 4.077110143660006543e+02
2.973473473473473572e+00 4.079317402826443981e+02
2.980480480480480310e+00 4.081522003547166833e+02
2.987487487487487492e+00 4.083723942302015075e+02
2.994494494494494674e+00 4.085923215576199254e+02
3.001501501501501412e+00 4.088119819860305597e+02
3.008508508508508594e+00 4.090313751650285781e+02
3.015515515515515332e+00 4.092505007447468302e+02
3.022522522522522515e+00 4.094693583758570981e+02
3.029529529529529697e+00 4.096879477095677089e+02
3.036536536536536435e+00 4.099062683976262065e+02
3.043543543543543617e+00 4.101243200923182712e+02
3.050550550550550355e+00 4.103421024464684024e+02
3.057557557557557537e+00 4.105596151134395768e+02
3.064564564564564719e+00 4.107768577471336471e+02
3.071571571571571457e+00 4.109938300019931603e+02
3.078578578578578639e+00 4.112105315329980044e+02
3.085585585585585378e+00 4.114269619956688757e+02
3.092592592592592560e+00 4.116431210460663692e+02
3.099599599599599742e+00 4.118590083407910356e+02
3.106606606606606480e+00 4.120746235369834380e+02
3.113613613613613662e+00 4.122899662923240953e+02
3.120620620620620400e+00 4.125050362650349030e+02
3.127627627627627582e+00 4.127198331138788490e+02
3.134634634634634764e+00 4.129343564981579675e+02
3.141641641641641503e+00 4.131486060777179432e+02
3.148648648648648685e+00 4.133625815129444732e+02
3.155655655655655423e+00 4.135762824647642333e+02
3.162662662662662605e+00 4.137897085946466404e+02
3.169669669669669787e+00 4.140028595646032272e+02
3.176676676676676525e+00 4.142157350371855387e+02
3.183683683683683707e+00 4.144283346754900208e+02
3.190690690690690445e+00 4.146406581431538143e+02
3.197697697697697627e+00 4.148527051043569145e+02
3.204704704704704810e+00 4.150644752238220008e+02
3.211711711711711548e+00 4.152759681668152894e+02
3.218718718718718730e+00 4.154871835991453395e+02
3.225725725725725912e+00 4.156981211871644177e+02
3.232732732732732650e+00 4.159087805977674179e+02
3.239739739739739832e+00 4.161191614983939644e+02
3.246746746746746570e+00 4.163292635570266498e+02
3.253753753753753752e+00 4.165390864421916604e+02
3.260760760760760935e+00 4.167486298229601402e+02
3.267767767767767673e+00 4.169578933689471114e+02
3.274774774774774855e+00 4.171668767503110757e+02
3.281781781781781593e+00 4.173755796377561182e+02
3.288788788788788775e+00 4.175840017025303155e+02
3.295795795795795957e+00 4.177921426164273271e+02
3.302802802802802695e+00 4.180000020517848043e+02
3.309809809809809877e+00 4.182075796814863224e+02
3.316816816816816615e+00 4.184148751789600738e+02
3.323823823823823798e+00 4.186218882181800609e+02
3.330830830830830980e+00 4.188286184736657560e+02
3.337837837837837718e+00 4.190350656204821007e+02
3.344844844844844900e+00 4.192412293342400176e+02
3.351851851851851638e+00 4.194471092910961829e+02
3.358858858858858820e+00 4.196527051677542204e+02
3.365865865865866002e+00 4.198580166414626547e+02
3.372872872872872740e+00 4.200630433900177536e+02
3.379879879879879923e+00 4.202677850917608566e+02
3.386886886886886661e+00 4.204722414255812737e+02
3.393893893893893843e+00 4.206764120709141821e+02
3.400900900900901025e+00 4.208802967077424455e+02
3.407907907907907763e+00 4.210838950165950791e+02
3.414914914914914945e+00 4.212872066785486709e+02
3.421921921921921683e+00 4.214902313752272107e+02
3.428928928928928865e+00 4.216929687888024887e+02
3.435935935935936048e+00 4.218954186019926738e+02
3.442942942942942786e+00 4.220975804980643602e+02
3.449949949949949968e+00 4.222994541608320560e+02
3.456956956956957150e+00 4.225010392746580692e+02
3.463963963963963888e+00 4.227023355244519394e+02
3.470970970970971070e+00 4.229033425956727115e+02
3.477977977977977808e+00 4.231040601743266620e+02
3.484984984984984990e+00 4.233044879469683792e+02
3.491991991991992172e+00 4.235046256007016723e+02
3.498998998998998911e+00 4.237044728231786053e+02
3.506006006006006093e+00 4.239040293025993833e+02
3.513013013013012831e+00 4.241032947277138305e+02
3.520020020020020013e+00 4.243022687878204238e+02
3.527027027027027195e+00 4.245009511727665767e+02
3.534034034034033933e+00 4.246993415729484127e+02
3.541041041041041115e+00 4.248974396793117876e+02
3.548048048048047853e+00 4.250952451833525174e+02
3.555055055055055035e+00 4.252927577771142182e+02
3.562062062062062218e+00 4.254899771531914894e+02
3.569069069069068956e+00 4.256869030047286060e+02
3.576076076076076138e+00 4.258835350254175296e+02
3.583083083083082876e+00 4.260798729095029103e+02
3.590090090090090058e+00 4.262759163517777665e+02
3.597097097097097240e+00 4.264716650475843949e+02
3.604104104104103978e+00 4.266671186928168140e+02
3.611111111111111160e+00 4.268622769839187185e+02
3.618118118118117899e+00 4.270571396178839336e+02
3.625125125125125081e+00 4.272517062922563582e+02
3.632132132132132263e+00 4.274459767051307608e+02
3.639139139139139001e+00 4.276399505551530638e+02
3.646146146146146183e+00 4.278336275415180125e+02
3.653153153153152921e+00 4.280270073639729276e+02
3.660160160160160103e+00 4.282200897228157146e+02
3.667167167167167285e+00 4.284128743188942394e+02
3.674174174174174023e+00 4.286053608536077490e+02
3.681181181181181206e+00 4.287975490289068716e+02
3.688188188188187944e+00 4.289894385472931617e+02
3.695195195195195126e+00 4.291810291118197824e+02
3.702202202202202308e+00 4.293723204260899138e+02
3.709209209209209046e+00 4.295633121942595380e+02
3.716216216216216228e+00 4.297540041210361323e+02
3.723223223223223410e+00 4.299443959116770770e+02
3.730230230230230148e+00 4.301344872719931232e+02
3.737237237237237331e+00 4.303242779083457776e+02
3.744244244244244069e+00 4.305137675276480422e+02
3.751251251251251251e+00 4.307029558373658347e+02
3.758258258258258433e+00 4.308918425455158285e+02
3.765265265265265171e+00 4.310804273606673860e+02
3.772272272272272353e+00 4.312687099919411366e+02
3.779279279279279091e+00 4.314566901490106261e+02
3.786286286286286273e+00 4.316443675421006674e+02
3.793293293293293456e+00 4.318317418819893874e+02
3.800300300300300194e+00 4.320188128800060099e+02
3.807307307307307376e+00 4.322055802480326179e+02
3.814314314314314114e+00 4.323920436985040396e+02
3.821321321321321296e+00 4.325782029444065984e+02
3.828328328328328478e+00 4.327640576992801016e+02
3.835335335335335216e+00 4.329496076772161928e+02
3.842342342342342398e+00 4.331348525928593745e+02
3.849349349349349136e+00 4.333197921614072925e+02
3.856356356356356319e+00 4.335044260986098266e+02
3.863363363363363501e+00 4.336887541207689765e+02
3.870370370370370239e+00 4.338727759447408516e+02
3.877377377377377421e+00 4.340564912879337953e+02
3.884384384384384159e+00 4.342398998683089530e+02
3.891391391391391341e+00 4.344230014043807842e+02
3.898398398398398523e+00 4.346057956152162660e+02
3.905405405405405261e+00 4.347882822204365993e+02
3.912412412412412444e+00 4.349704609402139681e+02
3.919419419419419182e+00 4.351523314952762007e+02
3.926426426426426364e+00 4.353338936069023930e+02
3.933433433433433546e+00 4.355151469969262621e+02
3.940440440440440284e+00 4.356960913877336452e+02
3.947447447447447466e+00 4.358767265022644892e+02
3.954454454454454204e+00 4.360570520640115433e+02
3.961461461461461386e+00 4.362370677970217230e+02
3.968468468468468568e+00 4.364167734258949167e+02
3.975475475475475307e+00 4.365961686757840994e+02
3.982482482482482489e+00 4.367752532723963554e+02
3.989489489489489671e+00 4.369540269419922538e+02
3.996496496496496409e+00 4.371324894113855635e+02
4.003503503503504035e+00 4.373106404079442200e+02
4.010510510510510329e+00 4.374884796595895864e+02
4.017517517517517511e+00 4.376660068947962259e+02
4.024524524524524693e+00 4.378432218425932092e+02
4.031531531531530987e+00 4.380201242325628073e+02
4.038538538538539058e+00 4.381967137948415143e+02
4.045545545545545352e+00 4.383729902601189110e+02
4.052552552552552534e+00 4.385489533596389151e+02
4.059559559559559716e+00 4.387246028251998382e+02
4.066566566566566010e+00 4.388999383891523962e+02
4.073573573573574080e+00 4.390749597844022674e+02
4.080580580580580374e+00 4.392496667444095237e+02
4.087587587587587556e+00 4.394240590031866418e+02
4.094594594594594739e+00 4.395981362953011740e+02
4.101601601601601033e+00 4.397718983558744981e+02
4.108608608608609103e+00 4.399453449205822722e+02
4.115615615615615397e+00 4.401184757256535818e+02
4.122622622622622579e+00 4.402912905078715653e+02
4.129629629629629761e+00 4.404637890045741528e+02
4.136636636636636055e+00 4.406359709536524747e+02
4.143643643643644126e+00 4.408078360935524529e+02
4.150650650650650419e+00 4.409793841632740623e+02
4.157657657657657602e+00 4.411506149023705916e+02
4.164664664664664784e+00 4.413215280509505760e+02
4.171671671671671078e+00 4.414921233496759214e+02
4.178678678678679148e+00 4.416624005397632686e+02
4.185685685685685442e+00 4.418323593629831976e+02
4.192692692692692624e+00 4.420019995616603410e+02
4.199699699699699806e+00 4.421713208786734981e+02
4.206706706706706100e+00 4.423403230574559757e+02
4.213713713713714171e+00 4.425090058419951333e+02
4.220720720720720465e+00 4.426773689768326108e+02
4.227727727727727647e+00 4.428454122070641006e+02
4.234734734734734829e+00 4.430131352783398597e+02
4.241741741741741123e+00 4.431805379368638000e+02
4.248748748748749193e+00 4.433476199293951936e+02
4.255755755755755487e+00 4.435143810032458873e+02
4.262762762762762669e+00 4.436808209062839410e+02
4.269769769769769852e+00 4.438469393869298187e+02
4.276776776776776146e+00 4.440127361941599702e+02
4.283783783783784216e+00 4.441782110775033630e+02
4.290790790790790510e+00 4.443433637870444386e+02
4.297797797797797692e+00 4.445081940734216914e+02
4.304804804804804874e+00 4.446727016878276117e+02
4.311811811811811168e+00 4.448368863820087995e+02
4.318818818818819238e+00 4.450007479082668738e+02
4.325825825825825532e+00 4.451642860194565969e+02
4.332832832832832715e+00 4.453275004689878642e+02
4.339839839839839897e+00 4.454903910108249647e+02
4.346846846846846191e+00 4.456529573994850466e+02
4.353853853853854261e+00 4.458151993900408456e+02
4.360860860860860555e+00 4.459771167381188093e+02
4.367867867867867737e+00 4.461387091999003474e+02
4.374874874874874919e+00 4.462999765321189329e+02
4.381881881881881213e+00 4.464609184920645930e+02
4.388888888888889284e+00 4.466215348375808389e+02
4.395895895895895578e+00 4.467818253270646096e+02
4.402902902902902760e+00 4.469417897194675220e+02
4.409909909909909942e+00 4.471014277742961553e+02
4.416916916916916236e+00 4.472607392516094365e+02
4.423923923923924306e+00 4.474197239120214817e+02
4.430930930930930600e+00 4.475783815167009720e+02
4.437937937937937782e+00 4.477367118273700726e+02
4.444944944944944965e+00 4.478947146063048876e+02
4.451951951951951258e+00 4.480523896163359154e+02
4.458958958958959329e+00 4.482097366208476501e+02
4.465965965965965623e+00 4.483667553837786386e+02
4.472972972972972805e+00 4.485234456696205712e+02
4.479979979979979987e+00 4.486798072434217488e+02
4.486986986986987169e+00 4.488358398707809442e+02
4.493993993993994351e+00 4.489915433178531998e+02
4.501001001001000645e+00 4.491469173513468718e+02
4.508008008008007828e+00 4.493019617385243691e+02
4.515015015015015010e+00 4.494566762472019832e+02
4.522022022022022192e+00 4.496110606457494328e+02
4.529029029029029374e+00 4.497651147030909442e+02
4.536036036036035668e+00 4.499188381887044557e+02
4.543043043043042850e+00 4.500722308726207075e+02
4.550050050050050032e+00 4.502252925254265392e+02
4.557057057057057214e+00 4.503780229182597168e+02
4.564064064064064397e+00 4.505304218228137643e+02
4.571071071071070691e+00 4.506824890113352353e+02
4.578078078078077873e+00 4.508342242566244522e+02
4.585085085085085055e+00 4.509856273320347100e+02
4.592092092092092237e+00 4.511366980114745502e+02
4.599099099099099419e+00 4.512874360694048619e+02
4.606106106106105713e+00 4.514378412808401322e+02
4.613113113113112895e+00 4.515879134213486168e+02
4.620120120120120077e+00 4.517376522670526242e+02
4.627127127127127260e+00 4.518870575946273220e+02
4.634134134134134442e+00 4.520361291813008506e+02
4.641141141141140736e+00 4.521848668048564832e+02
4.648148148148147918e+00 4.523332702436291584e+02
4.655155155155155100e+00 4.524813392765078106e+02
4.662162162162162282e+00 4.526290736829351431e+02
4.669169169169169464e+00 4.527764732429066612e+02
4.676176176176175758e+00 4.529235377369710704e+02
4.683183183183182940e+00 4.530702669462307313e+02
4.690190190190190123e+00 4.532166606523409200e+02
4.697197197197197305e+00 4.533627186375101701e+02
4.704204204204204487e+00 4.535084406844998171e+02
4.711211211211210781e+00 4.536538265766249651e+02
4.718218218218217963e+00 4.537988760977531797e+02
4.725225225225225145e+00 4.539435890323053400e+02
4.732232232232232327e+00 4.540879651652553548e+02
4.739239239239239510e+00 4.542320042821299353e+02
4.746246246246245803e+00 4.543757061690088221e+02
4.753253253253252986e+00 4.545190706125243310e+02
4.760260260260260168e+00 4.546620973998619206e+02
4.767267267267267350e+00 4.548047863187603639e+02
4.774274274274274532e+00 4.549471371575095873e+02
4.781281281281280826e+00 4.550891497049536838e+02
4.788288288288288008e+00 4.552308237504895487e+02
4.795295295295295190e+00 4.553721590840654017e+02
4.802302302302302373e+00 4.555131554961828897e+02
4.809309309309309555e+00 4.556538127778965190e+02
4.816316316316315849e+00 4.557941307208129729e+02
4.823323323323323031e+00 4.559341091170907703e+02
4.830330330330330213e+00 4.560737477594420284e+02
4.837337337337337395e+00 4.562130464411305297e+02
4.844344344344344577e+00 4.563520049559725749e+02
4.851351351351350871e+00 4.564906230983364139e+02
4.858358358358358053e+00 4.566289006631431562e+02
4.865365365365365236e+00 4.567668374458655762e+02
4.872372372372372418e+00 4.569044332425293646e+02
4.879379379379379600e+00 4.570416878497115931e+02
4.886386386386386782e+00 4.571786010645412830e+02
4.893393393393393076e+00 4.573151726846998599e+02
4.900400400400400258e+00 4.574514025084213245e+02
4.907407407407407440e+00 4.575872903344905467e+02
4.914414414414414622e+00 4.577228359622447442e+02
4.921421421421421805e+00 4.578580391915729706e+02
4.928428428428428099e+00 4.579928998229160015e+02
4.935435435435435281e+00 4.581274176572666192e+02
4.942442442442442463e+00 4.582615924961691007e+02
4.949449449449449645e+00 4.583954241417188769e+02
4.956456456456456827e+00 4.585289123965639533e+02
4.963463463463463121e+00 4.586620570639028074e+02
4.970470470470470303e+00 4.587948579474869462e+02
4.977477477477477485e+00 4.589273148516174388e+02
4.984484484484484668e+00 4.590594275811478724e+02
4.991491491491491850e+00 4.591911959414830449e+02
4.998498498498498144e+00 4.593226197385794194e+02
5.005505505505505326e+00 4.594536987789434193e+02
5.012512512512512508e+00 4.595844328696338152e+02
5.019519519519519690e+00 4.597148218182603614e+02
5.026526526526526872e+00 4.598448654329837950e+02
5.033533533533533166e+00 4.599745635225154388e+02
5.040540540540540349e+00 4.601039158961177122e+02
5.047547547547547531e+00 4.602329223636054394e+02
5.054554554554554713e+00 4.603615827353418126e+02
5.061561561561561895e+00 4.604898968222425992e+02
5.068568568568568189e+00 4.606178644357740950e+02
5.075575575575575371e+00 4.607454853879527832e+02
5.082582582582582553e+00 4.608727594913457324e+02
5.089589589589589735e+00 4.609996865590716766e+02
5.096596596596596918e+00 4.611262664047988551e+02
5.103603603603603212e+00 4.612524988427461494e+02
5.110610610610610394e+00 4.613783836876830833e+02
5.117617617617617576e+00 4.615039207549299931e+02
5.124624624624624758e+00 4.616291098603563796e+02
5.131631631631631940e+00 4.617539508203832952e+02
5.138638638638638234e+00 4.618784434519809565e+02
5.145645645645645416e+00 4.620025875726702225e+02
5.152652652652652598e+00 4.621263830005224236e+02
5.159659659659659781e+00 4.622498295541579978e+02
5.166666666666666963e+00 4.623729270527479684e+02
5.173673673673673257e+00 4.624956753160133758e+02
5.180680680680680439e+00 4.626180741642251064e+02
5.187687687687687621e+00 4.627401234182031544e+02
5.194694694694694803e+00 4.628618228993181560e+02
5.201701701701701985e+00 4.629831724294898549e+02
5.208708708708708279e+00 4.631041718311881823e+02
5.215715715715715461e+00 4.632248209274319493e+02
5.222722722722722644e+00 4.633451195417900976e+02
5.229729729729729826e+00 4.634650674983807903e+02
5.236736736736737008e+00 4.635846646218714113e+02
5.243743743743743302e+00 4.637039107374786795e+02
5.250750750750750484e+00 4.638228056709688758e+02
5.257757757757757666e+00 4.639413492486576160e+02
5.264764764764764848e+00 4.640595412974089982e+02
5.271771771771772030e+00 4.641773816446365686e+02
5.278778778778778324e+00 4.642948701183034927e+02
5.285785785785785507e+00 4.644120065469207930e+02
5.292792792792792689e+00 4.645287907595493380e+02
5.299799799799799871e+00 4.646452225857985354e+02
5.306806806806807053e+00 4.647613018558266162e+02
5.313813813813813347e+00 4.648770284003400093e+02
5.320820820820820529e+00 4.649924020505947055e+02
5.327827827827827711e+00 4.651074226383946097e+02
5.334834834834834894e+00 4.652220899960926204e+02
5.341841841841842076e+00 4.653364039565898338e+02
5.348848848848848370e+00 4.654503643533356581e+02
5.355855855855855552e+00 4.655639710203283812e+02
5.362862862862862734e+00 4.656772237921141482e+02
5.369869869869869916e+00 4.657901225037875861e+02
5.376876876876877098e+00 4.659026669909911789e+02
5.383883883883884280e+00 4.660148570899152674e+02
5.390890890890890574e+00 4.661266926372997546e+02
5.397897897897897757e+00 4.662381734704303540e+02
5.404904904904904939e+00 4.663492994271424550e+02
5.411911911911912121e+00 4.664600703458182238e+02
5.418918918918919303e+00 4.665704860653883657e+02
5.425925925925925597e+00 4.666805464253304763e+02
5.432932932932932779e+00 4.667902512656706904e+02
5.439939939939939961e+00 4.668996004269825448e+02
5.446946946946947143e+00 4.670085937503868081e+02
5.453953953953954326e+00 4.671172310775512528e+02
5.460960960960960620e+00 4.672255122506923044e+02
5.467967967967967802e+00 4.673334371125726534e+02
5.474974974974974984e+00 4.674410055065031884e+02
5.481981981981982166e+00 4.675482172763413473e+02
5.488988988988989348e+00 4.676550722664917998e+02
5.495995995995995642e+00 4.677615703219062766e+02
5.503003003003002824e+00 4.678677112880841378e+02
5.510010010010010006e+00 4.679734950110707814e+02
5.517017017017017189e+00 4.680789213374592919e+02
5.524024024024024371e+00 4.681839901143886777e+02
5.531031031031030665e+00 4.682887011895460319e+02
5.538038038038037847e+00 4.683930544111641439e+02
5.545045045045045029e+00 4.684970496280224097e+02
5.552052052052052211e+00 4.686006866894472864e+02
5.559059059059059393e+00 4.687039654453120647e+02
5.566066066066065687e+00 4.688068857460350500e+02
5.573073073073072869e+00 4.689094474425822909e+02
5.580080080080080052e+00 4.690116503864658739e+02
5.587087087087087234e+00 4.691134944297436959e+02
5.594094094094094416e+00 4.692149794250202035e+02
5.601101101101100710e+00 4.693161052254461083e+02
5.608108108108107892e+00 4.694168716847175915e+02
5.615115115115115074e+00 4.695172786570772132e+02
5.622122122122122256e+00 4.696173259973134577e+02
5.629129129129129439e+00 4.697170135607610177e+02
5.636136136136135732e+00 4.698163412032992596e+02
5.643143143143142915e+00 4.699153087813543834e+02
5.650150150150150097e+00 4.700139161518983428e+02
5.657157157157157279e+00 4.701121631724475947e+02
5.664164164164164461e+00 4.702100497010650884e+02
5.671171171171170755e+00 4.703075755963586175e+02
5.678178178178177937e+00 4.704047407174820705e+02
5.685185185185185119e+00 4.705015449241342367e+02
5.692192192192192302e+00 4.705979880765590337e+02
5.699199199199199484e+00 4.706940700355461900e+02
5.706206206206205778e+00 4.707897906624295956e+02
5.713213213213212960e+00 4.708851498190892926e+02
5.720220220220220142e+00 4.709801473679500532e+02
5.727227227227227324e+00 4.710747831719806982e+02
5.734234234234234506e+00 4.711690570946960861e+02
5.741241241241240800e+00 4.712629690001554081e+02
5.748248248248247982e+00 4.713565187529626428e+02
5.755255255255255165e+00 4.714497062182666127e+02
5.762262262262262347e+00 4.715425312617604732e+02
5.769269269269269529e+00 4.716349937496820530e+02
5.776276276276275823e+00 4.717270935488140253e+02
5.783283283283283005e+00 4.718188305264828273e+02
5.790290290290290187e+00 4.719102045505601950e+02
5.797297297297297369e+00 4.720012154894610035e+02
5.804304304304304551e+00 4.720918632121449150e+02
5.811311311311310845e+00 4.721821475881167771e+02
5.818318318318318028e+00 4.722720684874235531e+02
5.825325325325325210e+00 4.723616257806573913e+02
5.832332332332332392e+00 4.724508193389551707e+02
5.839339339339339574e+00 4.725396490339961133e+02
5.846346346346345868e+00 4.726281147380042853e+02
5.853353353353353050e+00 4.727162163237471759e+02
5.860360360360360232e+00 4.728039536645360386e+02
5.867367367367367414e+00 4.728913266342261750e+02
5.874374374374374597e+00 4.729783351072160258e+02
5.881381381381380891e+00 4.730649789584475116e+02
5.888388388388388073e+00 4.731512580634064875e+02
5.895395395395395255e+00 4.732371722981216635e+02
5.902402402402402437e+00 4.733227215391655704e+02
5.909409409409409619e+00 4.734079056636539917e+02
5.916416416416416801e+00 4.734927245492459065e+02
5.923423423423423095e+00 4.735771780741422958e+02
5.930430430430430278e+00 4.736612661170893261e+02
5.937437437437437460e+00 4.737449885573751089e+02
5.944444444444444642e+00 4.738283452748296440e+02
5.951451451451451824e+00 4.739113361498278323e+02
5.958458458458458118e+00 4.739939610632868039e+02
5.965465465465465300e+00 4.740762198966652363e+02
5.972472472472472482e+00 4.741581125319658554e+02
5.979479479479479664e+00 4.742396388517337300e+02
5.986486486486486847e+00 4.743207987390560447e+02
5.993493493493493141e+00 4.744015920775634640e+02
6.000500500500500323e+00 4.744820187514280292e+02
6.007507507507507505e+00 4.745620786453653182e+02
6.014514514514514687e+00 4.746417716446313761e+02
6.021521521521521869e+00 4.747210976350271494e+02
6.028528528528528163e+00 4.748000565028936535e+02
6.035535535535535345e+00 4.748786481351153270e+02
6.042542542542542527e+00 4.749568724191173601e+02
6.049549549549549710e+00 4.750347292428691048e+02
6.056556556556556892e+00 4.751122184948796416e+02
6.063563563563563186e+00 4.751893400642011329e+02
6.070570570570570368e+00 4.752660938404276862e+02
6.077577577577577550e+00 4.753424797136947291e+02
6.084584584584584732e+00 4.754184975746795203e+02
6.091591591591591914e+00 4.754941473146013209e+02
6.098598598598598208e+00 4.755694288252208821e+02
6.105605605605605390e+00 4.756443419988396499e+02
6.112612612612612573e+00 4.757188867283018681e+02
6.119619619619619755e+00 4.757930629069929296e+02
6.126626626626626937e+00 4.758668704288388085e+02
6.133633633633633231e+00 4.759403091883070829e+02
6.140640640640640413e+00 4.760133790804074465e+02
6.147647647647647595e+00 4.760860800006902309e+02
6.154654654654654777e+00 4.761584118452457801e+02
6.161661661661661959e+00 4.762303745107074633e+02
6.168668668668668253e+00 4.763019678942485484e+02
6.175675675675675436e+00 4.763731918935836802e+02
6.182682682682682618e+00 4.764440464069678569e+02
6.189689689689689800e+00 4.765145313331972261e+02
6.196696696696696982e+00 4.765846465716091416e+02
6.203703703703703276e+00 4.766543920220805717e+02
6.210710710710710458e+00 4.767237675850309984e+02
6.217717717717717640e+00 4.767927731614187792e+02
6.224724724724724823e+00 4.768614086527431937e+02
6.231731731731732005e+00 4.769296739610449549e+02
6.238738738738738299e+00 4.769975689889040495e+02
6.245745745745745481e+00 4.770650936394416703e+02
6.252752752752752663e+00 4.771322478163186815e+02
6.259759759759759845e+00 4.771990314237372672e+02
6.266766766766767027e+00 4.772654443664386008e+02
6.273773773773773321e+00 4.773314865497043229e+02
6.280780780780780503e+00 4.773971578793569961e+02
6.287787787787787686e+00 4.774624582617585702e+02
6.294794794794794868e+00 4.775273876038107801e+02
6.301801801801802050e+00 4.775919458129558848e+02
6.308808808808808344e+00 4.776561327971756441e+02
6.315815815815815526e+00 4.777199484649914325e+02
6.322822822822822708e+00 4.777833927254655464e+02
6.329829829829829890e+00 4.778464654881989304e+02
6.336836836836837072e+00 4.779091666633319733e+02
6.343843843843843366e+00 4.779714961615456446e+02
6.350850850850850549e+00 4.780334538940601306e+02
6.357857857857857731e+00 4.780950397726346068e+02
6.364864864864864913e+00 4.781562537095680341e+02
6.371871871871872095e+00 4.782170956176994423e+02
6.378878878878878389e+00 4.782775654104065666e+02
6.385885885885885571e+00 4.783376630016063018e+02
6.392892892892892753e+00 4.783973883057552143e+02
6.399899899899899935e+00 4.784567412378482913e+02
6.406906906906907118e+00 4.785157217134211010e+02
6.413913913913914300e+00 4.785743296485469500e+02
6.420920920920920594e+00 4.786325649598385894e+02
6.427927927927927776e+00 4.786904275644482709e+02
6.434934934934934958e+00 4.787479173800667809e+02
6.441941941941942140e+00 4.788050343249233265e+02
6.448948948948949322e+00 4.788617783177870706e+02
6.455955955955955616e+00 4.789181492779649716e+02
6.462962962962962798e+00 4.789741471253033183e+02
6.469969969969969981e+00 4.790297717801868203e+02
6.476976976976977163e+00 4.790850231635387217e+02
6.483983983983984345e+00 4.791399011968213131e+02
6.490990990990990639e+00 4.791944058020350212e+02
6.497997997997997821e+00 4.792485369017188077e+02
6.505005005005005003e+00 4.793022944189505665e+02
6.512012012012012185e+00 4.793556782773456462e+02
6.519019019019019368e+00 4.794086884010590097e+02
6.526026026026025662e+00 4.794613247147827906e+02
6.533033033033032844e+00 4.795135871437482251e+02
6.540040040040040026e+00 4.795654756137243453e+02
6.547047047047047208e+00 4.796169900510176944e+02
6.554054054054054390e+00 4.796681303824747147e+02
6.561061061061060684e+00 4.797188965354781089e+02
6.568068068068067866e+00 4.797692884379495126e+02
6.575075075075075048e+00 4.798193060183487546e+02
6.582082082082082231e+00 4.798689492056729478e+02
6.589089089089089413e+00 4.799182179294571711e+02
6.596096096096095707e+00 4.799671121197752086e+02
6.603103103103102889e+00 4.800156317072371621e+02
6.610110110110110071e+00 4.800637766229929753e+02
6.617117117117117253e+00 4.801115467987282273e+02
6.624124124124124435e+00 4.801589421666670319e+02
6.631131131131130729e+00 4.802059626595720943e+02
6.638138138138137911e+00 4.802526082107415277e+02
6.645145145145145094e+00 4.802988787540130602e+02
6.652152152152152276e+00 4.803447742237610214e+02
6.659159159159159458e+00 4.803902945548970820e+02
6.666166166166165752e+00 4.804354396828705944e+02
6.673173173173172934e+00 4.804802095436684226e+02
6.680180180180180116e+00 4.805246040738146576e+02
6.687187187187187298e+00 4.805686232103701627e+02
6.694194194194194480e+00 4.806122668909338813e+02
6.701201201201200774e+00 4.806555350536419269e+02
6.708208208208207957e+00 4.806984276371667306e+02
6.715215215215215139e+00 4.807409445807187467e+02
6.722222222222222321e+00 4.807830858240452017e+02
6.729229229229229503e+00 4.808248513074302650e+02
6.736236236236235797e+00 4.808662409716953334e+02
6.743243243243242979e+00 4.809072547581987465e+02
6.750250250250250161e+00 4.809478926088357298e+02
6.757257257257257343e+00 4.809881544660386226e+02
6.764264264264264526e+00 4.810280402727758542e+02
6.771271271271270820e+00 4.810675499725541613e+02
6.778278278278278002e+00 4.811066835094156318e+02
6.785285285285285184e+00 4.811454408279395238e+02
6.792292292292292366e+00 4.811838218732422661e+02
6.799299299299299548e+00 4.812218265909768320e+02
6.806306306306305842e+00 4.812594549273327402e+02
6.813313313313313024e+00 4.812967068290360544e+02
6.820320320320320207e+00 4.813335822433489852e+02
6.827327327327327389e+00 4.813700811180713686e+02
6.834334334334334571e+00 4.814062034015388463e+02
6.841341341341340865e+00 4.814419490426229800e+02
6.848348348348348047e+00 4.814773179907334679e+02
6.855355355355355229e+00 4.815123101958147913e+02
6.862362362362362411e+00 4.815469256083484879e+02
6.869369369369369593e+00 4.815811641793522995e+02
6.876376376376375887e+00 4.816150258603807970e+02
6.883383383383383070e+00 4.816485106035239028e+02
6.890390390390390252e+00 4.816816183614084252e+02
6.897397397397397434e+00 4.817143490871972062e+02
6.904404404404404616e+00 4.817467027345894053e+02
6.911411411411411798e+00 4.817786792578201585e+02
6.918418418418418092e+00 4.818102786116606353e+02
6.925425425425425274e+00 4.818415007514187209e+02
6.932432432432432456e+00 4.818723456329376518e+02
6.939439439439439639e+00 4.819028132125968682e+02
6.946446446446446821e+00 4.819329034473124125e+02
6.953453453453453115e+00 4.819626162945349961e+02
6.960460460460460297e+00 4.819919517122530692e+02
6.967467467467467479e+00 4.820209096589894671e+02
6.974474474474474661e+00 4.820494900938031151e+02
6.981481481481481843e+00 4.820776929762897680e+02
6.988488488488488137e+00 4.821055182665807024e+02
6.995495495495495319e+00 4.821329659253418640e+02
7.002502502502502502e+00 4.821600359137763689e+02
7.009509509509509684e+00 4.821867281936225140e+02
7.016516516516516866e+00 4.822130427271548001e+02
7.023523523523523160e+00 4.822389794771821130e+02
7.030530530530530342e+00 4.822645384070507930e+02
7.037537537537537524e+00 4.822897194806415655e+02
7.044544544544544706e+00 4.823145226623718145e+02
7.051551551551551889e+00 4.823389479171928542e+02
7.058558558558558182e+00 4.823629952105936241e+02
7.065565565565565365e+00 4.823866645085971641e+02
7.072572572572572547e+00 4.824099557777629457e+02
7.079579579579579729e+00 4.824328689851853369e+02
7.086586586586586911e+00 4.824554040984944550e+02
7.093593593593593205e+00 4.824775610858556547e+02
7.100600600600600387e+00 4.824993399159704950e+02
7.107607607607607569e+00 4.825207405580753175e+02
7.114614614614614752e+00 4.825417629819418721e+02
7.121621621621621934e+00 4.825624071578772600e+02
7.128628628628628228e+00 4.825826730567245022e+02
7.135635635635635410e+00 4.826025606498610614e+02
7.142642642642642592e+00 4.826220699092008317e+02
7.149649649649649774e+00 4.826412008071918649e+02
7.156656656656656956e+00 4.826599533168187577e+02
7.163663663663663250e+00 4.826783274116000939e+02
7.170670670670670432e+00 4.826963230655907751e+02
7.177677677677677615e+00 4.827139402533802013e+02
7.184684684684684797e+00 4.827311789500934083e+02
7.191691691691691979e+00 4.827480391313902715e+02
7.198698698698698273e+00 4.827645207734664723e+02
7.205705705705705455e+00 4.827806238530525889e+02
7.212712712712712637e+00 4.827963483474137547e+02
7.219719719719719819e+00 4.828116942343510232e+02
7.226726726726727001e+00 4.828266614922002304e+02
7.233733733733733295e+00 4.828412500998323367e+02
7.240740740740740478e+00 4.828554600366532554e+02
7.247747747747747660e+00 4.828692912826051611e+02
7.254754754754754842e+00 4.828827438181630782e+02
7.261761761761762024e+00 4.828958176243384628e+02
7.268768768768768318e+00 4.829085126826786905e+02
7.275775775775775500e+00 4.829208289752638166e+02
7.282782782782782682e+00 4.829327664847112942e+02
7.289789789789789864e+00 4.829443251941718245e+02
7.296796796796797047e+00 4.829555050873319146e+02
7.303803803803803341e+00 4.829663061484131958e+02
7.310810810810810523e+00 4.829767283621719685e+02
7.317817817817817705e+00 4.829867717138992589e+02
7.324824824824824887e+00 4.829964361894213312e+02
7.331831831831832069e+00 4.830057217750998007e+02
7.338838838838838363e+00 4.830146284578304403e+02
7.345845845845845545e+00 4.830231562250443744e+02
7.352852852852852727e+00 4.830313050647073396e+02
7.359859859859859910e+00 4.830390749653205944e+02
7.366866866866867092e+00 4.830464659159196685e+02
7.373873873873873386e+00 4.830534779060748178e+02
7.380880880880880568e+00 4.830601109258922179e+02
7.387887887887887750e+00 4.830663649660120313e+02
7.394894894894894932e+00 4.830722400176094879e+02
7.401901901901902114e+00 4.830777360723947140e+02
7.408908908908908408e+00 4.830828531226127325e+02
7.415915915915915591e+00 4.830875911610432922e+02
7.422922922922922773e+00 4.830919501810012093e+02
7.429929929929929955e+00 4.830959301763359122e+02
7.436936936936937137e+00 4.830995311414317825e+02
7.443943943943944319e+00 4.831027530712082694e+02
7.450950950950950613e+00 4.831055959611190360e+02
7.457957957957957795e+00 4.831080598071531540e+02
7.464964964964964977e+00 4.831101446058343072e+02
7.471971971971972160e+00 4.831118503542205644e+02
7.478978978978979342e+00 4.831131770499060849e+02
7.485985985985985636e+00 4.831141246910184464e+02
7.492992992992992818e+00 4.831146932762207484e+02
7.500000000000000000e+00 4.831148828047103621e+02
