5.000000000000000000e-01 8.029801114811387208e+01
5.170170170170169666e-01 8.032389197379710311e+01
5.340340340340340441e-01 8.034971381001827240e+01
5.510510510510510107e-01 8.037547672050756375e+01
5.680680680680680883e-01 8.040118076937341129e+01
5.850850850850850549e-01 8.042682602109886147e+01
6.021021021021021324e-01 8.045241254053810565e+01
6.191191191191190990e-01 8.047794039291302681e+01
6.361361361361361766e-01 8.050340964380971798e+01
6.531531531531531432e-01 8.052882035917505732e+01
6.701701701701702207e-01 8.055417260531328338e+01
6.871871871871871873e-01 8.057946644888244236e+01
7.042042042042042649e-01 8.060470195689124751e+01
7.212212212212212314e-01 8.062987919669545533e+01
7.382382382382381980e-01 8.065499823599458296e+01
7.552552552552552756e-01 8.068005914282858271e+01
7.722722722722723532e-01 8.070506198557444577e+01
7.892892892892893197e-01 8.073000683294293367e+01
8.063063063063062863e-01 8.075489375397515346e+01
8.233233233233233639e-01 8.077972281803944554e+01
8.403403403403404415e-01 8.080449409482793044e+01
8.573573573573574080e-01 8.082920765435329713e+01
8.743743743743743746e-01 8.085386356694564824e+01
8.913913913913914522e-01 8.087846190324913209e+01
9.084084084084084187e-01 8.090300273421873101e+01
9.254254254254254963e-01 8.092748613111722022e+01
9.424424424424424629e-01 8.095191216551177149e+01
9.594594594594594295e-01 8.097628090927088351e+01
9.764764764764765070e-01 8.100059243456122715e+01
9.934934934934935846e-01 8.102484681384444798e+01
1.010510510510510551e+00 8.104904411987408253e+01
1.027527527527527518e+00 8.107318442569244610e+01
1.044544544544544706e+00 8.109726780462750639e+01
1.061561561561561451e+00 8.112129433028981396e+01
1.078578578578578639e+00 8.114526407656940421e+01
1.095595595595595606e+00 8.116917711763281318e+01
1.112612612612612573e+00 8.119303352791993689e+01
1.129629629629629761e+00 8.121683338214111814e+01
1.146646646646646728e+00 8.124057675527402012e+01
1.163663663663663694e+00 8.126426372256074160e+01
1.180680680680680883e+00 8.128789435950477582e+01
1.197697697697697627e+00 8.131146874186802620e+01
1.214714714714714816e+00 8.133498694566790732e+01
1.231731731731731783e+00 8.135844904717440329e+01
1.248748748748748749e+00 8.138185512290709767e+01
1.265765765765765938e+00 8.140520524963228866e+01
1.282782782782782904e+00 8.142849950436016115e+01
1.299799799799799871e+00 8.145173796434180247e+01
1.316816816816816837e+00 8.147492070706640277e+01
1.333833833833833804e+00 8.149804781025844136e+01
1.350850850850850993e+00 8.152111935187473080e+01
1.367867867867867959e+00 8.154413541010171684e+01
1.384884884884884926e+00 8.156709606335263629e+01
1.401901901901902114e+00 8.159000139026474585e+01
1.418918918918918859e+00 8.161285146969643733e+01
1.435935935935936048e+00 8.163564638072465129e+01
1.452952952952953014e+00 8.165838620264199221e+01
1.469969969969969981e+00 8.168107101495405686e+01
1.486986986986987169e+00 8.170370089737673425e+01
1.504004004004004136e+00 8.172627592983340605e+01
1.521021021021021102e+00 8.174879619245238871e+01
1.538038038038038069e+00 8.177126176556413384e+01
1.555055055055055258e+00 8.179367272969867031e+01
1.572072072072072224e+00 8.181602916558288996e+01
1.589089089089089191e+00 8.183833115413791859e+01
1.606106106106106157e+00 8.186057877647658643e+01
1.623123123123123124e+00 8.188277211390067123e+01
1.640140140140140312e+00 8.190491124789841137e+01
1.657157157157157279e+00 8.192699626014193370e+01
1.674174174174174246e+00 8.194902723248463872e+01
1.691191191191191212e+00 8.197100424695868526e+01
1.708208208208208401e+00 8.199292738577241835e+01
1.725225225225225367e+00 8.201479673130793913e+01
1.742242242242242334e+00 8.203661236611849006e+01
1.759259259259259300e+00 8.205837437292601066e+01
1.776276276276276489e+00 8.208008283461867904e+01
1.793293293293293456e+00 8.210173783424835392e+01
1.810310310310310422e+00 8.212333945502831511e+01
1.827327327327327389e+00 8.214488778033054928e+01
1.844344344344344577e+00 8.216638289368361825e+01
1.861361361361361544e+00 8.218782487876998744e+01
1.878378378378378510e+00 8.220921381942383732e+01
1.895395395395395477e+00 8.223054979962853395e+01
1.912412412412412444e+00 8.225183290351431253e+01
1.929429429429429632e+00 8.227306321535596112e+01
1.946446446446446599e+00 8.229424081957040471e+01
1.963463463463463565e+00 8.231536580071443154e+01
1.980480480480480532e+00 8.233643824348231988e+01
1.997497497497497720e+00 8.235745823270357846e+01
2.014514514514514687e+00 8.237842585334064438e+01
2.031531531531531876e+00 8.239934119048660932e+01
2.048548548548548620e+00 8.242020432936294583e+01
2.065565565565565809e+00 8.244101535531726199e+01
2.082582582582582553e+00 8.246177435382108456e+01
2.099599599599599742e+00 8.248248141046755677e+01
2.116616616616616930e+00 8.250313661096933515e+01
2.133633633633633675e+00 8.252374004115631578e+01
2.150650650650650864e+00 8.254429178697350267e+01
2.167667667667667608e+00 8.256479193447870557e+01
2.184684684684684797e+00 8.258524056984060735e+01
2.201701701701701985e+00 8.260563777933640495e+01
2.218718718718719174e+00 8.262598364934979145e+01
2.235735735735735918e+00 8.264627826636876762e+01
2.252752752752752663e+00 8.266652171698359552e+01
2.269769769769769852e+00 8.268671408788462429e+01
2.286786786786787040e+00 8.270685546586034320e+01
2.303803803803804229e+00 8.272694593779516481e+01
2.320820820820820973e+00 8.274698559066737857e+01
2.337837837837837718e+00 8.276697451154723240e+01
2.354854854854854906e+00 8.278691278759481520e+01
2.371871871871872095e+00 8.280680050605791109e+01
2.388888888888889284e+00 8.282663775427026565e+01
2.405905905905906028e+00 8.284642461964938320e+01
2.422922922922922773e+00 8.286616118969456579e+01
2.439939939939939961e+00 8.288584755198505150e+01
2.456956956956957150e+00 8.290548379417791125e+01
2.473973973973974338e+00 8.292507000400618722e+01
2.490990990990991083e+00 8.294460626927694591e+01
2.508008008008008272e+00 8.296409267786935970e+01
2.525025025025025016e+00 8.298352931773274577e+01
2.542042042042042205e+00 8.300291627688474705e+01
2.559059059059059393e+00 8.302225364340938540e+01
2.576076076076076138e+00 8.304154150545519997e+01
2.593093093093093326e+00 8.306077995123337132e+01
2.610110110110110515e+00 8.307996906901595935e+01
2.627127127127127260e+00 8.309910894713385687e+01
2.644144144144144448e+00 8.311819967397525488e+01
2.661161161161161193e+00 8.313724133798356775e+01
2.678178178178178381e+00 8.315623402765572791e+01
2.695195195195195570e+00 8.317517783154042377e+01
2.712212212212212314e+00 8.319407283823626642e+01
2.729229229229229503e+00 8.321291913639008442e+01
2.746246246246246248e+00 8.323171681469503369e+01
2.763263263263263436e+00 8.325046596188903436e+01
2.780280280280280625e+00 8.326916666675286649e+01
2.797297297297297369e+00 8.328781901810857846e+01
2.814314314314314558e+00 8.330642310481765378e+01
2.831331331331331747e+00 8.332497901577943367e+01
2.848348348348348491e+00 8.334348683992925544e+01
2.865365365365365680e+00 8.336194666623705984e+01
2.882382382382382424e+00 8.338035858370534470e+01
2.899399399399399613e+00 8.339872268136785749e+01
2.916416416416416801e+00 8.341703904828773375e+01
2.933433433433433546e+00 8.343530777355591965e+01
2.950450450450450735e+00 8.345352894628956619e+01
2.967467467467467479e+00 8.347170265563045177e+01
2.984484484484484668e+00 8.348982899074327690e+01
3.001501501501501856e+00 8.350790804081414365e+01
3.018518518518518601e+00 8.352593989504897820e+01
3.035535535535535789e+00 8.354392464267193930e+01
3.052552552552552978e+00 8.356186237292384078e+01
3.069569569569569722e+00 8.357975317506070212e+01
3.086586586586586911e+00 8.359759713835205730e+01
3.103603603603603656e+00 8.361539435207951954e+01
3.120620620620620844e+00 8.363314490553531755e+01
3.137637637637638033e+00 8.365084888802066132e+01
3.154654654654654777e+00 8.366850638884432101e+01
3.171671671671671966e+00 8.368611749732113481e+01
3.188688688688689155e+00 8.370368230277054522e+01
3.205705705705705899e+00 8.372120089451510694e+01
3.222722722722723088e+00 8.373867336187905153e+01
3.239739739739739832e+00 8.375609979418683793e+01
3.256756756756757021e+00 8.377348028076171715e+01
3.273773773773774209e+00 8.379081491092429701e+01
3.290790790790790954e+00 8.380810377399117783e+01
3.307807807807808143e+00 8.382534695927347457e+01
3.324824824824824887e+00 8.384254455607548095e+01
3.341841841841842076e+00 8.385969665369327686e+01
3.358858858858859264e+00 8.387680334141334981e+01
3.375875875875876009e+00 8.389386470851118816e+01
3.392892892892893197e+00 8.391088084424997362e+01
3.409909909909910386e+00 8.392785183787930237e+01
3.426926926926927131e+00 8.394477777863369283e+01
3.443943943943944319e+00 8.396165875573137782e+01
3.460960960960961064e+00 8.397849485837298289e+01
3.477977977977978252e+00 8.399528617574016209e+01
3.494994994994995441e+00 8.401203279699436166e+01
3.512012012012012185e+00 8.402873481127549837e+01
3.529029029029029374e+00 8.404539230770070901e+01
3.546046046046046119e+00 8.406200537536307138e+01
3.563063063063063307e+00 8.407857410333031112e+01
3.580080080080080496e+00 8.409509858064362220e+01
3.597097097097097240e+00 8.411157889631641638e+01
3.614114114114114429e+00 8.412801513933302999e+01
3.631131131131131617e+00 8.414440739864753027e+01
3.648148148148148362e+00 8.416075576318255003e+01
3.665165165165165551e+00 8.417706032182810816e+01
3.682182182182182295e+00 8.419332116344024541e+01
3.699199199199199484e+00 8.420953837684004384e+01
3.716216216216216672e+00 8.422571205081234780e+01
3.733233233233233417e+00 8.424184227410459869e+01
3.750250250250250605e+00 8.425792913542574070e+01
3.767267267267267350e+00 8.427397272344498447e+01
3.784284284284284539e+00 8.428997312679072706e+01
3.801301301301301727e+00 8.430593043404942932e+01
3.818318318318318472e+00 8.432184473376446476e+01
3.835335335335335660e+00 8.433771611443499694e+01
3.852352352352352849e+00 8.435354466451491362e+01
3.869369369369369593e+00 8.436933047241168993e+01
3.886386386386386782e+00 8.438507362648536514e+01
3.903403403403403527e+00 8.440077421504742006e+01
3.920420420420420715e+00 8.441643232635965433e+01
3.937437437437437904e+00 8.443204804863324853e+01
3.954454454454454648e+00 8.444762147002761310e+01
3.971471471471471837e+00 8.446315267864937937e+01
3.988488488488489025e+00 8.447864176255137636e+01
4.005505505505505326e+00 8.449408880973160763e+01
4.022522522522523403e+00 8.450949390813212858e+01
4.039539539539539703e+00 8.452485714563823649e+01
4.056556556556556892e+00 8.454017861007727674e+01
4.073573573573574080e+00 8.455545838921773338e+01
4.090590590590590381e+00 8.457069657076829117e+01
4.107607607607608458e+00 8.458589324237668450e+01
4.124624624624624758e+00 8.460104849162897267e+01
4.141641641641641947e+00 8.461616240604834616e+01
4.158658658658659135e+00 8.463123507309433080e+01
4.175675675675675436e+00 8.464626658016175043e+01
4.192692692692693512e+00 8.466125701457988839e+01
4.209709709709709813e+00 8.467620646361142178e+01
4.226726726726727001e+00 8.469111501445159718e+01
4.243743743743744190e+00 8.470598275422725010e+01
4.260760760760760490e+00 8.472080976999600921e+01
4.277777777777778567e+00 8.473559614874528734e+01
4.294794794794794868e+00 8.475034197739137198e+01
4.311811811811812056e+00 8.476504734277868636e+01
4.328828828828829245e+00 8.477971233167875198e+01
4.345845845845845545e+00 8.479433703078942131e+01
4.362862862862863622e+00 8.480892152673398243e+01
4.379879879879879923e+00 8.482346590606029224e+01
4.396896896896897111e+00 8.483797025523995217e+01
4.413913913913914300e+00 8.485243466066742712e+01
4.430930930930931488e+00 8.486685920865927812e+01
4.447947947947948677e+00 8.488124398545335225e+01
4.464964964964964977e+00 8.489558907720780212e+01
4.481981981981982166e+00 8.490989457000048901e+01
4.498998998998999355e+00 8.492416054982805917e+01
4.516016016016016543e+00 8.493838710260513380e+01
4.533033033033033732e+00 8.495257431416362692e+01
4.550050050050050032e+00 8.496672227025180746e+01
4.567067067067067221e+00 8.498083105653370239e+01
4.584084084084084409e+00 8.499490075858815885e+01
4.601101101101101598e+00 8.500893146190821881e+01
4.618118118118118787e+00 8.502292325190029487e+01
4.635135135135135087e+00 8.503687621388338869e+01
4.652152152152152276e+00 8.505079043308852249e+01
4.669169169169169464e+00 8.506466599465770173e+01
4.686186186186186653e+00 8.507850298364357400e+01
4.703203203203203842e+00 8.509230148500833479e+01
4.720220220220221030e+00 8.510606158362327278e+01
4.737237237237237331e+00 8.511978336426795977e+01
4.754254254254254519e+00 8.513346691162956859e+01
4.771271271271271708e+00 8.514711231030216254e+01
4.788288288288288896e+00 8.516071964478604173e+01
4.805305305305306085e+00 8.517428899948700405e+01
4.822322322322322385e+00 8.518782045871579101e+01
4.839339339339339574e+00 8.520131410668729188e+01
4.856356356356356763e+00 8.521477002751993268e+01
4.873373373373373951e+00 8.522818830523500822e+01
4.890390390390391140e+00 8.524156902375609945e+01
4.907407407407407440e+00 8.525491226690834878e+01
4.924424424424424629e+00 8.526821811841782051e+01
4.941441441441441818e+00 8.528148666191097504e+01
4.958458458458459006e+00 8.529471798091394419e+01
4.975475475475476195e+00 8.530791215885194845e+01
4.992492492492492495e+00 8.532106927904867177e+01
5.009509509509509684e+00 8.533418942472572155e+01
5.026526526526526872e+00 8.534727267900191805e+01
5.043543543543544061e+00 8.536031912489278284e+01
5.060560560560561250e+00 8.537332884530994193e+01
5.077577577577578438e+00 8.538630192306055733e+01
5.094594594594594739e+00 8.539923844084668758e+01
5.111611611611611927e+00 8.541213848126473351e+01
5.128628628628629116e+00 8.542500212680499772e+01
5.145645645645646304e+00 8.543782945985095978e+01
5.162662662662663493e+00 8.545062056267883577e+01
5.179679679679679793e+00 8.546337551745696715e+01
5.196696696696696982e+00 8.547609440624529498e+01
5.213713713713714171e+00 8.548877731099486255e+01
5.230730730730731359e+00 8.550142431354728956e+01
5.247747747747748548e+00 8.551403549563417528e+01
5.264764764764764848e+00 8.552661093887661536e+01
5.281781781781782037e+00 8.553915072478477555e+01
5.298798798798799226e+00 8.555165493475723792e+01
5.315815815815816414e+00 8.556412365008060306e+01
5.332832832832833603e+00 8.557655695192896417e+01
5.349849849849849903e+00 8.558895492136340977e+01
5.366866866866867092e+00 8.560131763933156890e+01
5.383883883883884280e+00 8.561364518666709955e+01
5.400900900900901469e+00 8.562593764408916286e+01
5.417917917917918658e+00 8.563819509220215309e+01
5.434934934934934958e+00 8.565041761149495869e+01
5.451951951951952147e+00 8.566260528234070648e+01
5.468968968968969335e+00 8.567475818499625007e+01
5.485985985985986524e+00 8.568687639960168667e+01
5.503003003003003712e+00 8.569896000617998766e+01
5.520020020020020901e+00 8.571100908463645851e+01
5.537037037037037202e+00 8.572302371475842619e+01
5.554054054054054390e+00 8.573500397621469915e+01
5.571071071071071579e+00 8.574694994855519781e+01
5.588088088088088767e+00 8.575886171121057089e+01
5.605105105105105956e+00 8.577073934349174067e+01
5.622122122122122256e+00 8.578258292458946244e+01
5.639139139139139445e+00 8.579439253357398343e+01
5.656156156156156634e+00 8.580616824939464493e+01
5.673173173173173822e+00 8.581791015087941332e+01
5.690190190190191011e+00 8.582961831673455322e+01
5.707207207207207311e+00 8.584129282554430063e+01
5.724224224224224500e+00 8.585293375577032293e+01
5.741241241241241688e+00 8.586454118575150574e+01
5.758258258258258877e+00 8.587611519370349811e+01
5.775275275275276066e+00 8.588765585771834310e+01
5.792292292292292366e+00 8.589916325576416511e+01
5.809309309309309555e+00 8.591063746568474357e+01
5.826326326326326743e+00 8.592207856519931397e+01
5.843343343343343932e+00 8.593348663190198522e+01
5.860360360360361121e+00 8.594486174326159755e+01
5.877377377377378309e+00 8.595620397662131040e+01
5.894394394394394610e+00 8.596751340919824713e+01
5.911411411411411798e+00 8.597879011808319660e+01
5.928428428428428987e+00 8.599003418024034318e+01
5.945445445445446175e+00 8.600124567250674090e+01
5.962462462462463364e+00 8.601242467159232774e+01
5.979479479479479664e+00 8.602357125407927185e+01
5.996496496496496853e+00 8.603468549642192897e+01
6.013513513513514042e+00 8.604576747494635924e+01
6.030530530530531230e+00 8.605681726585012825e+01
6.047547547547548419e+00 8.606783494520199440e+01
6.064564564564564719e+00 8.607882058894159627e+01
6.081581581581581908e+00 8.608977427287919681e+01
6.098598598598599096e+00 8.610069607269538494e+01
6.115615615615616285e+00 8.611158606394073445e+01
6.132632632632633474e+00 8.612244432203564770e+01
6.149649649649649774e+00 8.613327092227001458e+01
6.166666666666666963e+00 8.614406593980299931e+01
6.183683683683684151e+00 8.615482944966264256e+01
6.200700700700701340e+00 8.616556152674580460e+01
6.217717717717718529e+00 8.617626224581773897e+01
6.234734734734734829e+00 8.618693168151193618e+01
6.251751751751752018e+00 8.619756990832982524e+01
6.268768768768769206e+00 8.620817700064060318e+01
6.285785785785786395e+00 8.621875303268083712e+01
6.302802802802803583e+00 8.622929807855452111e+01
6.319819819819820772e+00 8.623981221223252192e+01
6.336836836836837072e+00 8.625029550755255059e+01
6.353853853853854261e+00 8.626074803821879300e+01
6.370870870870871450e+00 8.627116987780192403e+01
6.387887887887888638e+00 8.628156109973863863e+01
6.404904904904905827e+00 8.629192177733156655e+01
6.421921921921922127e+00 8.630225198374907336e+01
6.438938938938939316e+00 8.631255179202497629e+01
6.455955955955956505e+00 8.632282127505841629e+01
6.472972972972973693e+00 8.633306050561358802e+01
6.489989989989990882e+00 8.634326955631968303e+01
6.507007007007007182e+00 8.635344849967047764e+01
6.524024024024024371e+00 8.636359740802436136e+01
6.541041041041041559e+00 8.637371635360403843e+01
6.558058058058058748e+00 8.638380540849632894e+01
6.575075075075075937e+00 8.639386464465206927e+01
6.592092092092092237e+00 8.640389413388587059e+01
6.609109109109109426e+00 8.641389394787601930e+01
6.626126126126126614e+00 8.642386415816420708e+01
6.643143143143143803e+00 8.643380483615544563e+01
6.660160160160160991e+00 8.644371605311789608e+01
6.677177177177178180e+00 8.645359788018267011e+01
6.694194194194194480e+00 8.646345038834373042e+01
6.711211211211211669e+00 8.647327364845767761e+01
6.728228228228228858e+00 8.648306773124366487e+01
6.745245245245246046e+00 8.649283270728318485e+01
6.762262262262263235e+00 8.650256864702001280e+01
6.779279279279279535e+00 8.651227562075996502e+01
6.796296296296296724e+00 8.652195369867084196e+01
6.813313313313313913e+00 8.653160295078228614e+01
6.830330330330331101e+00 8.654122344698558322e+01
6.847347347347348290e+00 8.655081525703363354e+01
6.864364364364364590e+00 8.656037845054075319e+01
6.881381381381381779e+00 8.656991309698258874e+01
6.898398398398398967e+00 8.657941926569601776e+01
6.915415415415416156e+00 8.658889702587893566e+01
6.932432432432433345e+00 8.659834644659028413e+01
6.949449449449449645e+00 8.660776759674980951e+01
6.966466466466466834e+00 8.661716054513807705e+01
6.983483483483484022e+00 8.662652536039624351e+01
7.000500500500501211e+00 8.663586211102611401e+01
7.017517517517518399e+00 8.664517086538987201e+01
7.034534534534534700e+00 8.665445169171005091e+01
7.051551551551551889e+00 8.666370465806947720e+01
7.068568568568569077e+00 8.667292983241119941e+01
7.085585585585586266e+00 8.668212728253830335e+01
7.102602602602603454e+00 8.669129707611386948e+01
7.119619619619620643e+00 8.670043928066095873e+01
7.136636636636636943e+00 8.670955396356242773e+01
7.153653653653654132e+00 8.671864119206094301e+01
7.170670670670671321e+00 8.672770103325878210e+01
7.187687687687688509e+00 8.673673355411796138e+01
7.204704704704705698e+00 8.674573882145998027e+01
7.221721721721721998e+00 8.675471690196582131e+01
7.238738738738739187e+00 8.676366786217593585e+01
7.255755755755756375e+00 8.677259176849011624e+01
7.272772772772773564e+00 8.678148868716742470e+01
7.289789789789790753e+00 8.679035868432623602e+01
7.306806806806807053e+00 8.679920182594403855e+01
7.323823823823824242e+00 8.680801817785753371e+01
7.340840840840841430e+00 8.681680780576250811e+01
7.357857857857858619e+00 8.682557077521374822e+01
7.374874874874875808e+00 8.683430715162511149e+01
7.391891891891892108e+00 8.684301700026935578e+01
7.408908908908909297e+00 8.685170038627819622e+01
7.425925925925926485e+00 8.686035737464220574e+01
7.442942942942943674e+00 8.686898803021081505e+01
7.459959959959960862e+00 8.687759241769231267e+01
7.476976976976978051e+00 8.688617060165373118e+01
7.493993993993994351e+00 8.689472264652084732e+01
7.511011011011011540e+00 8.690324861657818190e+01
7.528028028028028729e+00 8.691174857596902825e+01
7.545045045045045917e+00 8.692022258869531015e+01
7.562062062062063106e+00 8.692867071861758177e+01
7.579079079079079406e+00 8.693709302945512718e+01
7.596096096096096595e+00 8.694548958478583245e+01
7.613113113113113783e+00 8.695386044804622827e+01
7.630130130130130972e+00 8.696220568253139049e+01
7.647147147147148161e+00 8.697052535139508223e+01
7.664164164164164461e+00 8.697881951764962594e+01
7.681181181181181650e+00 8.698708824416593188e+01
7.698198198198198838e+00 8.699533159367354074e+01
7.715215215215216027e+00 8.700354962876053833e+01
7.732232232232233216e+00 8.701174241187359826e+01
7.749249249249249516e+00 8.701991000531802456e+01
7.766266266266266705e+00 8.702805247125772325e+01
7.783283283283283893e+00 8.703616987171520236e+01
7.800300300300301082e+00 8.704426226857157189e+01
7.817317317317318270e+00 8.705232972356654386e+01
7.834334334334335459e+00 8.706037229829857438e+01
7.851351351351351759e+00 8.706839005422467892e+01
7.868368368368368948e+00 8.707638305266058865e+01
7.885385385385386137e+00 8.708435135478072198e+01
7.902402402402403325e+00 8.709229502161821301e+01
7.919419419419420514e+00 8.710021411406493996e+01
7.936436436436436814e+00 8.710810869287152514e+01
7.953453453453454003e+00 8.711597881864739179e+01
7.970470470470471192e+00 8.712382455186077834e+01
7.987487487487488380e+00 8.713164595283876679e+01
8.004504504504506457e+00 8.713944308176735376e+01
8.021521521521520981e+00 8.714721599869133684e+01
8.038538538538539058e+00 8.715496476351459876e+01
8.055555555555557135e+00 8.716268943599990848e+01
8.072572572572573435e+00 8.717039007576909171e+01
8.089589589589589735e+00 8.717806674230297403e+01
8.106606606606607812e+00 8.718571949494162254e+01
8.123623623623624113e+00 8.719334839288409000e+01
8.140640640640640413e+00 8.720095349518871330e+01
8.157657657657658490e+00 8.720853486077307082e+01
8.174674674674676567e+00 8.721609254841396819e+01
8.191691691691691091e+00 8.722362661674756623e+01
8.208708708708709167e+00 8.723113712426945199e+01
8.225725725725727244e+00 8.723862412933459609e+01
8.242742742742743545e+00 8.724608769015746645e+01
8.259759759759759845e+00 8.725352786481215617e+01
8.276776776776777922e+00 8.726094471123224139e+01
8.293793793793794222e+00 8.726833828721107977e+01
8.310810810810810523e+00 8.727570865040166836e+01
8.327827827827828600e+00 8.728305585831682833e+01
8.344844844844846676e+00 8.729037996832929025e+01
8.361861861861862977e+00 8.729768103767156617e+01
8.378878878878879277e+00 8.730495912343629072e+01
8.395895895895897354e+00 8.731221428257603634e+01
8.412912912912913654e+00 8.731944657190356907e+01
8.429929929929929955e+00 8.732665604809179172e+01
8.446946946946948032e+00 8.733384276767394283e+01
8.463963963963964332e+00 8.734100678704351139e+01
8.480980980980980632e+00 8.734814816245446423e+01
8.497997997997998709e+00 8.735526695002118913e+01
8.515015015015015010e+00 8.736236320571870806e+01
8.532032032032033086e+00 8.736943698538260605e+01
8.549049049049049387e+00 8.737648834470928705e+01
8.566066066066067464e+00 8.738351733925586018e+01
8.583083083083083764e+00 8.739052402444039558e+01
8.600100100100100065e+00 8.739750845554189596e+01
8.617117117117118141e+00 8.740447068770041028e+01
8.634134134134134442e+00 8.741141077591717590e+01
8.651151151151152519e+00 8.741832877505459010e+01
8.668168168168168819e+00 8.742522473983638065e+01
8.685185185185185119e+00 8.743209872484780476e+01
8.702202202202203196e+00 8.743895078453545011e+01
8.719219219219219497e+00 8.744578097320757593e+01
8.736236236236237573e+00 8.745258934503416981e+01
8.753253253253253874e+00 8.745937595404690512e+01
8.770270270270270174e+00 8.746614085413935413e+01
8.787287287287288251e+00 8.747288409906713014e+01
8.804304304304304551e+00 8.747960574244785903e+01
8.821321321321322628e+00 8.748630583776134984e+01
8.838338338338338929e+00 8.749298443834970840e+01
8.855355355355357005e+00 8.749964159741733738e+01
8.872372372372373306e+00 8.750627736803123469e+01
8.889389389389389606e+00 8.751289180312087979e+01
8.906406406406407683e+00 8.751948495547847529e+01
8.923423423423423984e+00 8.752605687775900378e+01
8.940440440440442060e+00 8.753260762248038418e+01
8.957457457457458361e+00 8.753913724202350011e+01
8.974474474474474661e+00 8.754564578863235624e+01
8.991491491491492738e+00 8.755213331441416358e+01
9.008508508508509038e+00 8.755859987133956679e+01
9.025525525525527115e+00 8.756504551124254476e+01
9.042542542542543416e+00 8.757147028582066639e+01
9.059559559559559716e+00 8.757787424663524689e+01
9.076576576576577793e+00 8.758425744511131938e+01
9.093593593593594093e+00 8.759061993253783385e+01
9.110610610610612170e+00 8.759696176006778501e+01
9.127627627627628470e+00 8.760328297871834025e+01
9.144644644644644771e+00 8.760958363937081117e+01
9.161661661661662848e+00 8.761586379277109415e+01
9.178678678678679148e+00 8.762212348952937191e+01
9.195695695695697225e+00 8.762836278012061086e+01
9.212712712712713525e+00 8.763458171488443327e+01
9.229729729729729826e+00 8.764078034402535877e+01
9.246746746746747903e+00 8.764695871761290391e+01
9.263763763763764203e+00 8.765311688558176684e+01
9.280780780780782280e+00 8.765925489773178469e+01
9.297797797797798580e+00 8.766537280372821783e+01
9.314814814814814881e+00 8.767147065310189191e+01
9.331831831831832957e+00 8.767754849524912686e+01
9.348848848848849258e+00 8.768360637943212055e+01
9.365865865865867335e+00 8.768964435477892039e+01
9.382882882882883635e+00 8.769566247028359385e+01
9.399899899899899935e+00 8.770166077480638478e+01
9.416916916916918012e+00 8.770763931707377026e+01
9.433933933933934313e+00 8.771359814567873059e+01
9.450950950950952389e+00 8.771953730908072089e+01
9.467967967967968690e+00 8.772545685560592688e+01
9.484984984984984990e+00 8.773135683344736435e+01
9.502002002002003067e+00 8.773723729066500709e+01
9.519019019019019368e+00 8.774309827518591476e+01
9.536036036036037444e+00 8.774893983480443183e+01
9.553053053053053745e+00 8.775476201718221603e+01
9.570070070070070045e+00 8.776056486984849414e+01
9.587087087087088122e+00 8.776634844020011883e+01
9.604104104104104422e+00 8.777211277550178181e+01
9.621121121121122499e+00 8.777785792288605649e+01
9.638138138138138800e+00 8.778358392935365373e+01
9.655155155155156876e+00 8.778929084177352138e+01
9.672172172172173177e+00 8.779497870688288685e+01
9.689189189189189477e+00 8.780064757128761244e+01
9.706206206206207554e+00 8.780629748146213842e+01
9.723223223223223854e+00 8.781192848374976734e+01
9.740240240240241931e+00 8.781754062436272079e+01
9.757257257257258232e+00 8.782313394938230999e+01
9.774274274274274532e+00 8.782870850475913471e+01
9.791291291291292609e+00 8.783426433631316854e+01
9.808308308308308909e+00 8.783980148973395785e+01
9.825325325325326986e+00 8.784532001058066442e+01
9.842342342342343287e+00 8.785081994428242069e+01
9.859359359359359587e+00 8.785630133613827297e+01
9.876376376376377664e+00 8.786176423131743718e+01
9.893393393393393964e+00 8.786720867485942676e+01
9.910410410410412041e+00 8.787263471167423745e+01
9.927427427427428341e+00 8.787804238654241828e+01
9.944444444444444642e+00 8.788343174411531322e+01
9.961461461461462719e+00 8.788880282891520324e+01
9.978478478478479019e+00 8.789415568533542000e+01
9.995495495495497096e+00 8.789949035764050222e+01
1.001251251251251340e+01 8.790480688996640879e+01
1.002952952952952970e+01 8.791010532632058982e+01
1.004654654654654777e+01 8.791538571058225671e+01
1.006356356356356407e+01 8.792064808650241048e+01
1.008058058058058215e+01 8.792589249770412607e+01
1.009759759759759845e+01 8.793111898768259493e+01
1.011461461461461475e+01 8.793632759980538083e+01
1.013163163163163283e+01 8.794151837731249088e+01
1.014864864864864913e+01 8.794669136331665982e+01
1.016566566566566721e+01 8.795184660080334993e+01
1.018268268268268351e+01 8.795698413263099269e+01
1.019969969969969981e+01 8.796210400153127296e+01
1.021671671671671788e+01 8.796720625010902950e+01
1.023373373373373418e+01 8.797229092084265289e+01
1.025075075075075226e+01 8.797735805608408555e+01
1.026776776776776856e+01 8.798240769805912009e+01
1.028478478478478486e+01 8.798743988886744205e+01
1.030180180180180294e+01 8.799245467048288560e+01
1.031881881881881924e+01 8.799745208475354730e+01
1.033583583583583732e+01 8.800243217340195656e+01
1.035285285285285362e+01 8.800739497802527467e+01
1.036986986986986992e+01 8.801234054009539420e+01
1.038688688688688799e+01 8.801726890095920908e+01
1.040390390390390429e+01 8.802218010183864294e+01
1.042092092092092237e+01 8.802707418383094762e+01
1.043793793793793867e+01 8.803195118790877416e+01
1.045495495495495675e+01 8.803681115492045706e+01
1.047197197197197305e+01 8.804165412558998582e+01
1.048898898898898935e+01 8.804648014051736027e+01
1.050600600600600742e+01 8.805128924017873260e+01
1.052302302302302373e+01 8.805608146492645005e+01
1.054004004004004180e+01 8.806085685498935334e+01
1.055705705705705810e+01 8.806561545047289030e+01
1.057407407407407440e+01 8.807035729135930069e+01
1.059109109109109248e+01 8.807508241750778666e+01
1.060810810810810878e+01 8.807979086865465490e+01
1.062512512512512686e+01 8.808448268441354401e+01
1.064214214214214316e+01 8.808915790427552395e+01
1.065915915915915946e+01 8.809381656760936607e+01
1.067617617617617753e+01 8.809845871366152892e+01
1.069319319319319384e+01 8.810308438155662714e+01
1.071021021021021191e+01 8.810769361029727520e+01
1.072722722722722821e+01 8.811228643876448530e+01
1.074424424424424451e+01 8.811686290571776681e+01
1.076126126126126259e+01 8.812142304979525420e+01
1.077827827827827889e+01 8.812596690951399125e+01
1.079529529529529697e+01 8.813049452326997368e+01
1.081231231231231327e+01 8.813500592933843336e+01
1.082932932932932957e+01 8.813950116587389516e+01
1.084634634634634764e+01 8.814398027091047538e+01
1.086336336336336394e+01 8.814844328236198123e+01
1.088038038038038202e+01 8.815289023802210977e+01
1.089739739739739832e+01 8.815732117556453318e+01
1.091441441441441462e+01 8.816173613254326824e+01
1.093143143143143270e+01 8.816613514639261950e+01
1.094844844844844900e+01 8.817051825442750612e+01
1.096546546546546708e+01 8.817488549384364660e+01
1.098248248248248338e+01 8.817923690171755879e+01
1.099949949949949968e+01 8.818357251500694360e+01
1.101651651651651775e+01 8.818789237055074182e+01
1.103353353353353405e+01 8.819219650506931885e+01
1.105055055055055213e+01 8.819648495516464948e+01
1.106756756756756843e+01 8.820075775732050261e+01
1.108458458458458473e+01 8.820501494790261177e+01
1.110160160160160281e+01 8.820925656315885988e+01
1.111861861861861911e+01 8.821348263921936450e+01
1.113563563563563719e+01 8.821769321209677628e+01
1.115265265265265349e+01 8.822188831768637840e+01
1.116966966966966979e+01 8.822606799176628556e+01
1.118668668668668786e+01 8.823023226999758606e+01
1.120370370370370416e+01 8.823438118792458340e+01
1.122072072072072224e+01 8.823851478097486734e+01
1.123773773773773854e+01 8.824263308445955545e+01
1.125475475475475662e+01 8.824673613357347790e+01
1.127177177177177292e+01 8.825082396339530533e+01
1.128878878878878922e+01 8.825489660888774779e+01
1.130580580580580730e+01 8.825895410489766846e+01
1.132282282282282360e+01 8.826299648615633942e+01
1.133983983983984167e+01 8.826702378727964060e+01
1.135685685685685797e+01 8.827103604276800297e+01
1.137387387387387427e+01 8.827503328700690588e+01
1.139089089089089235e+01 8.827901555426677760e+01
1.140790790790790865e+01 8.828298287870330796e+01
1.142492492492492673e+01 8.828693529435761889e+01
1.144194194194194303e+01 8.829087283515633544e+01
1.145895895895895933e+01 8.829479553491181321e+01
1.147597597597597741e+01 8.829870342732235144e+01
1.149299299299299371e+01 8.830259654597230679e+01
1.151001001001001178e+01 8.830647492433222112e+01
1.152702702702702808e+01 8.831033859575910583e+01
1.154404404404404438e+01 8.831418759349651282e+01
1.156106106106106246e+01 8.831802195067476191e+01
1.157807807807807876e+01 8.832184170031099768e+01
1.159509509509509684e+01 8.832564687530951630e+01
1.161211211211211314e+01 8.832943750846177977e+01
1.162912912912912944e+01 8.833321363244671431e+01
1.164614614614614752e+01 8.833697527983073883e+01
1.166316316316316382e+01 8.834072248306803488e+01
1.168018018018018189e+01 8.834445527450066038e+01
1.169719719719719819e+01 8.834817368635874857e+01
1.171421421421421449e+01 8.835187775076059324e+01
1.173123123123123257e+01 8.835556749971284773e+01
1.174824824824824887e+01 8.835924296511078069e+01
1.176526526526526695e+01 8.836290417873826186e+01
1.178228228228228325e+01 8.836655117226806055e+01
1.179929929929929955e+01 8.837018397726194507e+01
1.181631631631631763e+01 8.837380262517081064e+01
1.183333333333333393e+01 8.837740714733493519e+01
1.185035035035035200e+01 8.838099757498399356e+01
1.186736736736736830e+01 8.838457393923735594e+01
1.188438438438438460e+01 8.838813627110415894e+01
1.190140140140140268e+01 8.839168460148346185e+01
1.191841841841841898e+01 8.839521896116444566e+01
1.193543543543543706e+01 8.839873938082646987e+01
1.195245245245245336e+01 8.840224589103939934e+01
1.196946946946946966e+01 8.840573852226346219e+01
1.198648648648648773e+01 8.840921730484977559e+01
1.200350350350350404e+01 8.841268226904016103e+01
1.202052052052052211e+01 8.841613344496749960e+01
1.203753753753753841e+01 8.841957086265577459e+01
1.205455455455455649e+01 8.842299455202021363e+01
1.207157157157157279e+01 8.842640454286751606e+01
1.208858858858858909e+01 8.842980086489592395e+01
1.210560560560560717e+01 8.843318354769536427e+01
1.212262262262262347e+01 8.843655262074767620e+01
1.213963963963964154e+01 8.843990811342663960e+01
1.215665665665665784e+01 8.844325005499811709e+01
1.217367367367367414e+01 8.844657847462033828e+01
1.219069069069069222e+01 8.844989340134381450e+01
1.220770770770770852e+01 8.845319486411167986e+01
1.222472472472472660e+01 8.845648289175969126e+01
1.224174174174174290e+01 8.845975751301642731e+01
1.225875875875875920e+01 8.846301875650340207e+01
1.227577577577577728e+01 8.846626665073515028e+01
1.229279279279279358e+01 8.846950122411945472e+01
1.230980980980981165e+01 8.847272250495737467e+01
1.232682682682682795e+01 8.847593052144344483e+01
1.234384384384384425e+01 8.847912530166574641e+01
1.236086086086086233e+01 8.848230687360609181e+01
1.237787787787787863e+01 8.848547526514008155e+01
1.239489489489489671e+01 8.848863050403724628e+01
1.241191191191191301e+01 8.849177261796120320e+01
1.242892892892892931e+01 8.849490163446974123e+01
1.244594594594594739e+01 8.849801758101493476e+01
1.246296296296296369e+01 8.850112048494327155e+01
1.247997997997998176e+01 8.850421037349579478e+01
1.249699699699699806e+01 8.850728727380814576e+01
1.251401401401401436e+01 8.851035121291069174e+01
1.253103103103103244e+01 8.851340221772875339e+01
1.254804804804804874e+01 8.851644031508253363e+01
1.256506506506506682e+01 8.851946553168733089e+01
1.258208208208208312e+01 8.852247789415366697e+01
1.259909909909909942e+01 8.852547742898730121e+01
1.261611611611611750e+01 8.852846416258941531e+01
1.263313313313313380e+01 8.853143812125662748e+01
1.265015015015015187e+01 8.853439933118119143e+01
1.266716716716716817e+01 8.853734781845105317e+01
1.268418418418418447e+01 8.854028360904990791e+01
1.270120120120120255e+01 8.854320672885734211e+01
1.271821821821821885e+01 8.854611720364891880e+01
1.273523523523523693e+01 8.854901505909629122e+01
1.275225225225225323e+01 8.855190032076720286e+01
1.276926926926926953e+01 8.855477301412567215e+01
1.278628628628628761e+01 8.855763316453204936e+01
1.280330330330330391e+01 8.856048079724311606e+01
1.282032032032032198e+01 8.856331593741211350e+01
1.283733733733733828e+01 8.856613861008891320e+01
1.285435435435435636e+01 8.856894884021997427e+01
1.287137137137137266e+01 8.857174665264858504e+01
1.288838838838838896e+01 8.857453207211477775e+01
1.290540540540540704e+01 8.857730512325548489e+01
1.292242242242242334e+01 8.858006583060468131e+01
1.293943943943944141e+01 8.858281421859331317e+01
1.295645645645645772e+01 8.858555031154944004e+01
1.297347347347347402e+01 8.858827413369832016e+01
1.299049049049049209e+01 8.859098570916248150e+01
1.300750750750750839e+01 8.859368506196167914e+01
1.302452452452452647e+01 8.859637221601317947e+01
1.304154154154154277e+01 8.859904719513158966e+01
1.305855855855855907e+01 8.860171002302905663e+01
1.307557557557557715e+01 8.860436072331529544e+01
1.309259259259259345e+01 8.860699931949764618e+01
1.310960960960961152e+01 8.860962583498107392e+01
1.312662662662662783e+01 8.861224029306833927e+01
1.314364364364364413e+01 8.861484271695999837e+01
1.316066066066066220e+01 8.861743312975441711e+01
1.317767767767767850e+01 8.862001155444784217e+01
1.319469469469469658e+01 8.862257801393447210e+01
1.321171171171171288e+01 8.862513253100649990e+01
1.322872872872872918e+01 8.862767512835412731e+01
1.324574574574574726e+01 8.863020582856569263e+01
1.326276276276276356e+01 8.863272465412757128e+01
1.327977977977978163e+01 8.863523162742440320e+01
1.329679679679679793e+01 8.863772677073893647e+01
1.331381381381381424e+01 8.864021010625219787e+01
1.333083083083083231e+01 8.864268165604352134e+01
1.334784784784784861e+01 8.864514144209053370e+01
1.336486486486486669e+01 8.864758948626918311e+01
1.338188188188188299e+01 8.865002581035386697e+01
1.339889889889889929e+01 8.865245043601736086e+01
1.341591591591591737e+01 8.865486338483088957e+01
1.343293293293293367e+01 8.865726467826416979e+01
1.344994994994995174e+01 8.865965433768545267e+01
1.346696696696696804e+01 8.866203238436142442e+01
1.348398398398398434e+01 8.866439883945747624e+01
1.350100100100100242e+01 8.866675372403744859e+01
1.351801801801801872e+01 8.866909705906391537e+01
1.353503503503503680e+01 8.867142886539799918e+01
1.355205205205205310e+01 8.867374916379949923e+01
1.356906906906906940e+01 8.867605797492691977e+01
1.358608608608608748e+01 8.867835531933744164e+01
1.360310310310310378e+01 8.868064121748696493e+01
1.362012012012012185e+01 8.868291568973013739e+01
1.363713713713713815e+01 8.868517875632034020e+01
1.365415415415415623e+01 8.868743043740971643e+01
1.367117117117117253e+01 8.868967075304925629e+01
1.368818818818818883e+01 8.869189972318868342e+01
1.370520520520520691e+01 8.869411736767658283e+01
1.372222222222222321e+01 8.869632370626030138e+01
1.373923923923924129e+01 8.869851875858614676e+01
1.375625625625625759e+01 8.870070254419917433e+01
1.377327327327327389e+01 8.870287508254335762e+01
1.379029029029029196e+01 8.870503639296153153e+01
1.380730730730730826e+01 8.870718649469543493e+01
1.382432432432432634e+01 8.870932540688571066e+01
1.384134134134134264e+01 8.871145314857187714e+01
1.385835835835835894e+01 8.871356973869244200e+01
1.387537537537537702e+01 8.871567519608478847e+01
1.389239239239239332e+01 8.871776953948528899e+01
1.390940940940941140e+01 8.871985278752919157e+01
1.392642642642642770e+01 8.872192495875080454e+01
1.394344344344344400e+01 8.872398607158334016e+01
1.396046046046046207e+01 8.872603614435897157e+01
1.397747747747747837e+01 8.872807519530897480e+01
1.399449449449449645e+01 8.873010324256347303e+01
1.401151151151151275e+01 8.873212030415174922e+01
1.402852852852852905e+01 8.873412639800193347e+01
1.404554554554554713e+01 8.873612154194137247e+01
1.406256256256256343e+01 8.873810575369631692e+01
1.407957957957958151e+01 8.874007905089212045e+01
1.409659659659659781e+01 8.874204145105318275e+01
1.411361361361361411e+01 8.874399297160303490e+01
1.413063063063063218e+01 8.874593362986416878e+01
1.414764764764764848e+01 8.874786344305829289e+01
1.416466466466466656e+01 8.874978242830619024e+01
1.418168168168168286e+01 8.875169060262774678e+01
1.419869869869869916e+01 8.875358798294203666e+01
1.421571571571571724e+01 8.875547458606726536e+01
1.423273273273273354e+01 8.875735042872078395e+01
1.424974974974975162e+01 8.875921552751916010e+01
1.426676676676676792e+01 8.876106989897819233e+01
1.428378378378378422e+01 8.876291355951289574e+01
1.430080080080080229e+01 8.876474652543754473e+01
1.431781781781781859e+01 8.876656881296567292e+01
1.433483483483483667e+01 8.876838043821008739e+01
1.435185185185185297e+01 8.877018141718295396e+01
1.436886886886887105e+01 8.877197176579576876e+01
1.438588588588588735e+01 8.877375149985940084e+01
1.440290290290290365e+01 8.877552063508414903e+01
1.441991991991992172e+01 8.877727918707969934e+01
1.443693693693693803e+01 8.877902717135523858e+01
1.445395395395395610e+01 8.878076460331942599e+01
1.447097097097097240e+01 8.878249149828047848e+01
1.448798798798798870e+01 8.878420787144614224e+01
1.450500500500500678e+01 8.878591373792380637e+01
1.452202202202202308e+01 8.878760911272050294e+01
1.453903903903904116e+01 8.878929401074293537e+01
1.455605605605605746e+01 8.879096844679762057e+01
1.457307307307307376e+01 8.879263243559070418e+01
1.459009009009009183e+01 8.879428599172830161e+01
1.460710710710710813e+01 8.879592912971632757e+01
1.462412412412412621e+01 8.879756186396069495e+01
1.464114114114114251e+01 8.879918420876722962e+01
1.465815815815815881e+01 8.880079617834186934e+01
1.467517517517517689e+01 8.880239778679062113e+01
1.469219219219219319e+01 8.880398904811963234e+01
1.470920920920921127e+01 8.880556997623536120e+01
1.472622622622622757e+01 8.880714058494446306e+01
1.474324324324324387e+01 8.880870088795404627e+01
1.476026026026026194e+01 8.881025089887158686e+01
1.477727727727727824e+01 8.881179063120512751e+01
1.479429429429429632e+01 8.881332009836327757e+01
1.481131131131131262e+01 8.881483931365531248e+01
1.482832832832832892e+01 8.881634829029124489e+01
1.484534534534534700e+01 8.881784704138195252e+01
1.486236236236236330e+01 8.881933557993920658e+01
1.487937937937938138e+01 8.882081391887581390e+01
1.489639639639639768e+01 8.882228207100570216e+01
1.491341341341341398e+01 8.882374004904400522e+01
1.493043043043043205e+01 8.882518786560709145e+01
1.494744744744744835e+01 8.882662553321280541e+01
1.496446446446446643e+01 8.882805306428051040e+01
1.498148148148148273e+01 8.882947047113114536e+01
1.499849849849849903e+01 8.883087776598743801e+01
1.501551551551551711e+01 8.883227496097389064e+01
1.503253253253253341e+01 8.883366206811702170e+01
1.504954954954955149e+01 8.883503909934540843e+01
1.506656656656656779e+01 8.883640606648987159e+01
1.508358358358358409e+01 8.883776298128354654e+01
1.510060060060060216e+01 8.883910985536205374e+01
1.511761761761761846e+01 8.884044670026358403e+01
1.513463463463463654e+01 8.884177352742909761e+01
1.515165165165165284e+01 8.884309034820240925e+01
1.516866866866867092e+01 8.884439717383034463e+01
1.518568568568568722e+01 8.884569401546295353e+01
1.520270270270270352e+01 8.884698088415356665e+01
1.521971971971972160e+01 8.884825779085898034e+01
1.523673673673673790e+01 8.884952474643962717e+01
1.525375375375375597e+01 8.885078176165973218e+01
1.527077077077077227e+01 8.885202884718745509e+01
1.528778778778778857e+01 8.885326601359507492e+01
1.530480480480480665e+01 8.885449327135918907e+01
1.532182182182182295e+01 8.885571063086081267e+01
1.533883883883884103e+01 8.885691810238562027e+01
1.535585585585585733e+01 8.885811569612408789e+01
1.537287287287287363e+01 8.885930342217170619e+01
1.538988988988989171e+01 8.886048129052909417e+01
1.540690690690690801e+01 8.886164931110232601e+01
1.542392392392392608e+01 8.886280749370295950e+01
1.544094094094094238e+01 8.886395584804836290e+01
1.545795795795795868e+01 8.886509438376185699e+01
1.547497497497497676e+01 8.886622311037287147e+01
1.549199199199199306e+01 8.886734203731725756e+01
1.550900900900901114e+01 8.886845117393741589e+01
1.552602602602602744e+01 8.886955052948249545e+01
1.554304304304304374e+01 8.887064011310866363e+01
1.556006006006006182e+01 8.887171993387934776e+01
1.557707707707707812e+01 8.887279000076532043e+01
1.559409409409409619e+01 8.887385032264506890e+01
1.561111111111111249e+01 8.887490090830490885e+01
1.562812812812812879e+01 8.887594176643926858e+01
1.564514514514514687e+01 8.887697290565098740e+01
1.566216216216216317e+01 8.887799433445132991e+01
1.567917917917918125e+01 8.887900606126054015e+01
1.569619619619619755e+01 8.888000809440774219e+01
1.571321321321321385e+01 8.888100044213145168e+01
1.573023023023023192e+01 8.888198311257967532e+01
1.574724724724724823e+01 8.888295611381016670e+01
1.576426426426426630e+01 8.888391945379075310e+01
1.578128128128128260e+01 8.888487314039949183e+01
1.579829829829829890e+01 8.888581718142501131e+01
1.581531531531531698e+01 8.888675158456669578e+01
1.583233233233233328e+01 8.888767635743489848e+01
1.584934934934935136e+01 8.888859150755141059e+01
1.586636636636636766e+01 8.888949704234946125e+01
1.588338338338338396e+01 8.889039296917417232e+01
1.590040040040040203e+01 8.889127929528271466e+01
1.591741741741741833e+01 8.889215602784460657e+01
1.593443443443443641e+01 8.889302317394199804e+01
1.595145145145145271e+01 8.889388074056994071e+01
1.596846846846847079e+01 8.889472873463662950e+01
1.598548548548548709e+01 8.889556716296368677e+01
1.600250250250250161e+01 8.889639603228647502e+01
1.601951951951951969e+01 8.889721534925428159e+01
1.603653653653653777e+01 8.889802512043073079e+01
1.605355355355355584e+01 8.889882535229392602e+01
1.607057057057057392e+01 8.889961605123680499e+01
1.608758758758758844e+01 8.890039722356738139e+01
1.610460460460460652e+01 8.890116887550905744e+01
1.612162162162162105e+01 8.890193101320087976e+01
1.613863863863863912e+01 8.890268364269785195e+01
1.615565565565565720e+01 8.890342676997116200e+01
1.617267267267267528e+01 8.890416040090853755e+01
1.618968968968969335e+01 8.890488454131445906e+01
1.620670670670670788e+01 8.890559919691045820e+01
1.622372372372372595e+01 8.890630437333544478e+01
1.624074074074074048e+01 8.890700007614593403e+01
1.625775775775775855e+01 8.890768631081638773e+01
1.627477477477477663e+01 8.890836308273942734e+01
1.629179179179179471e+01 8.890903039722614665e+01
1.630880880880881278e+01 8.890968825950642440e+01
1.632582582582582731e+01 8.891033667472913748e+01
1.634284284284284183e+01 8.891097564796255881e+01
1.635985985985985991e+01 8.891160518419445680e+01
1.637687687687687799e+01 8.891222528833257854e+01
1.639389389389389606e+01 8.891283596520473509e+01
1.641091091091091414e+01 8.891343721955922774e+01
1.642792792792792866e+01 8.891402905606503282e+01
1.644494494494494674e+01 8.891461147931215692e+01
1.646196196196196126e+01 8.891518449381180744e+01
1.647897897897897934e+01 8.891574810399674789e+01
1.649599599599599742e+01 8.891630231422148256e+01
1.651301301301301550e+01 8.891684712876266872e+01
1.653003003003003002e+01 8.891738255181920181e+01
1.654704704704704810e+01 8.891790858751265603e+01
1.656406406406406617e+01 8.891842523988739799e+01
1.658108108108108425e+01 8.891893251291094202e+01
1.659809809809809877e+01 8.891943041047412066e+01
1.661511511511511685e+01 8.891991893639146838e+01
1.663213213213213493e+01 8.892039809440134945e+01
1.664914914914914945e+01 8.892086788816629905e+01
1.666616616616616753e+01 8.892132832127317954e+01
1.668318318318318561e+01 8.892177939723352154e+01
1.670020020020020013e+01 8.892222111948369445e+01
1.671721721721721821e+01 8.892265349138514807e+01
1.673423423423423628e+01 8.892307651622473941e+01
1.675125125125125436e+01 8.892349019721484638e+01
1.676826826826826888e+01 8.892389453749362360e+01
1.678528528528528696e+01 8.892428954012532927e+01
1.680230230230230504e+01 8.892467520810039616e+01
1.681931931931931956e+01 8.892505154433573011e+01
1.683633633633633764e+01 8.892541855167499421e+01
1.685335335335335571e+01 8.892577623288863720e+01
1.687037037037037024e+01 8.892612459067427721e+01
1.688738738738738832e+01 8.892646362765678703e+01
1.690440440440440639e+01 8.892679334638859245e+01
1.692142142142142447e+01 8.892711374934975765e+01
1.693843843843843899e+01 8.892742483894829775e+01
1.695545545545545707e+01 8.892772661752022145e+01
1.697247247247247515e+01 8.892801908732987215e+01
1.698948948948948967e+01 8.892830225056995630e+01
1.700650650650650775e+01 8.892857610936184187e+01
1.702352352352352582e+01 8.892884066575561519e+01
1.704054054054054035e+01 8.892909592173033673e+01
1.705755755755755843e+01 8.892934187919414057e+01
1.707457457457457650e+01 8.892957853998440498e+01
1.709159159159159458e+01 8.892980590586793710e+01
1.710860860860860910e+01 8.893002397854104402e+01
1.712562562562562718e+01 8.893023275962973173e+01
1.714264264264264526e+01 8.893043225068981883e+01
1.715965965965965978e+01 8.893062245320706438e+01
1.717667667667667786e+01 8.893080336859722479e+01
1.719369369369369593e+01 8.893097499820638063e+01
1.721071071071071401e+01 8.893113734331073772e+01
1.722772772772772854e+01 8.893129040511703920e+01
1.724474474474474661e+01 8.893143418476245188e+01
1.726176176176176469e+01 8.893156868331473675e+01
1.727877877877877921e+01 8.893169390177237688e+01
1.729579579579579729e+01 8.893180984106462006e+01
1.731281281281281537e+01 8.893191650205154986e+01
1.732982982982982989e+01 8.893201388552414244e+01
1.734684684684684797e+01 8.893210199220442291e+01
1.736386386386386604e+01 8.893218082274543690e+01
1.738088088088088412e+01 8.893225037773135000e+01
1.739789789789789864e+01 8.893231065767747623e+01
1.741491491491491672e+01 8.893236166303030643e+01
1.743193193193193480e+01 8.893240339416760776e+01
1.744894894894894932e+01 8.893243585139842367e+01
1.746596596596596740e+01 8.893245903496308813e+01
1.748298298298298548e+01 8.893247294503322564e+01
1.750000000000000000e+01 8.893247758171182227e+01
