5.000000000000000000e-01 7.223052459306289848e+02
5.102602602602602788e-01 7.224257788959475874e+02
5.205205205205205576e-01 7.225462240384595134e+02
5.307807807807807254e-01 7.226665830862617668e+02
5.410410410410410043e-01 7.227868577731881032e+02
5.513013013013012831e-01 7.229070498388300621e+02
5.615615615615615619e-01 7.230271610285561792e+02
5.718218218218218407e-01 7.231471930935294949e+02
5.820820820820821195e-01 7.232671477907290409e+02
5.923423423423423984e-01 7.233870268829680299e+02
6.026026026026025662e-01 7.235068321389123867e+02
6.128628628628628450e-01 7.236265653330999612e+02
6.231231231231231238e-01 7.237462282459592871e+02
6.333833833833834026e-01 7.238658226638269753e+02
6.436436436436436814e-01 7.239853503789673823e+02
6.539039039039038492e-01 7.241048131895902316e+02
6.641641641641641280e-01 7.242242128998674389e+02
6.744244244244244069e-01 7.243435513199525531e+02
6.846846846846846857e-01 7.244628302659975816e+02
6.949449449449449645e-01 7.245820515601701572e+02
7.052052052052051323e-01 7.247012170306715007e+02
7.154654654654655221e-01 7.248203285117521091e+02
7.257257257257256899e-01 7.249393878437304011e+02
7.359859859859859688e-01 7.250583968730086326e+02
7.462462462462462476e-01 7.251773574520885859e+02
7.565065065065064154e-01 7.252962714395890771e+02
7.667667667667668052e-01 7.254151407002622136e+02
7.770270270270269730e-01 7.255339671050072639e+02
7.872872872872872518e-01 7.256527525308889608e+02
7.975475475475475307e-01 7.257714988611512581e+02
8.078078078078078095e-01 7.258902079852339284e+02
8.180680680680680883e-01 7.260088817987860921e+02
8.283283283283282561e-01 7.261275222036825880e+02
8.385885885885886459e-01 7.262461311080379573e+02
8.488488488488488137e-01 7.263647104262206540e+02
8.591091091091090926e-01 7.264832620788679378e+02
8.693693693693693714e-01 7.266017879928995171e+02
8.796296296296295392e-01 7.267202901015308498e+02
8.898898898898899290e-01 7.268387703442881502e+02
9.001501501501500968e-01 7.269572306670197577e+02
9.104104104104103756e-01 7.270756730219106885e+02
9.206706706706706544e-01 7.271940993674953688e+02
9.309309309309309333e-01 7.273125116686691172e+02
9.411911911911912121e-01 7.274309118967017866e+02
9.514514514514513799e-01 7.275493020292493611e+02
9.617117117117117697e-01 7.276676840503654375e+02
9.719719719719719375e-01 7.277860599505138453e+02
9.822322322322322163e-01 7.279044317265787640e+02
9.924924924924924952e-01 7.280228013818770023e+02
1.002752752752752663e+00 7.281411709261678880e+02
1.013013013013012831e+00 7.282595423756641821e+02
1.023273273273273221e+00 7.283779177530425386e+02
1.033533533533533610e+00 7.284962990874537354e+02
1.043793793793793778e+00 7.286146884145316562e+02
1.054054054054053946e+00 7.287330877764029538e+02
1.064314314314314336e+00 7.288514992216978499e+02
1.074574574574574504e+00 7.289699248055558201e+02
1.084834834834834894e+00 7.290883665896376442e+02
1.095095095095095061e+00 7.292068266421316594e+02
1.105355355355355229e+00 7.293253070377620588e+02
1.115615615615615619e+00 7.294438098577974188e+02
1.125875875875876009e+00 7.295623371900571783e+02
1.136136136136136177e+00 7.296808911289197113e+02
1.146396396396396344e+00 7.297994737753286927e+02
1.156656656656656512e+00 7.299180872367994652e+02
1.166916916916916902e+00 7.300367336274251784e+02
1.177177177177177292e+00 7.301554150678838369e+02
1.187437437437437460e+00 7.302741336854419387e+02
1.197697697697697627e+00 7.303928916139615239e+02
1.207957957957957795e+00 7.305116909939046081e+02
1.218218218218218185e+00 7.306305339723365933e+02
1.228478478478478575e+00 7.307494227029327476e+02
1.238738738738738743e+00 7.308683593459796839e+02
1.248998998998998911e+00 7.309873460683813846e+02
1.259259259259259078e+00 7.311063850436607936e+02
1.269519519519519468e+00 7.312254784519631130e+02
1.279779779779779858e+00 7.313446284800587591e+02
1.290040040040040026e+00 7.314638373213450677e+02
1.300300300300300194e+00 7.315831071758492499e+02
1.310560560560560361e+00 7.317024402502281646e+02
1.320820820820820751e+00 7.318218387577705926e+02
1.331081081081081141e+00 7.319413049183982594e+02
1.341341341341341309e+00 7.320608409586659491e+02
1.351601601601601477e+00 7.321804491117604812e+02
1.361861861861861867e+00 7.323001316175025295e+02
1.372122122122122034e+00 7.324198907223438937e+02
1.382382382382382424e+00 7.325397286793679541e+02
1.392642642642642592e+00 7.326596477482866021e+02
1.402902902902902760e+00 7.327796501954408086e+02
1.413163163163163150e+00 7.328997382937956218e+02
1.423423423423423539e+00 7.330199143229392575e+02
1.433683683683683707e+00 7.331401805690798028e+02
1.443943943943943875e+00 7.332605393250415773e+02
1.454204204204204043e+00 7.333809928902608135e+02
1.464464464464464433e+00 7.335015435707828146e+02
1.474724724724724823e+00 7.336221936792563838e+02
1.484984984984984990e+00 7.337429455349282534e+02
1.495245245245245158e+00 7.338638014636383105e+02
1.505505505505505548e+00 7.339847637978142529e+02
1.515765765765765716e+00 7.341058348764639732e+02
1.526026026026025884e+00 7.342270170451697595e+02
1.536286286286286273e+00 7.343483126560806795e+02
1.546546546546546441e+00 7.344697240679054175e+02
1.556806806806806831e+00 7.345912536459037483e+02
1.567067067067066999e+00 7.347129037618783514e+02
1.577327327327327167e+00 7.348346767941656026e+02
1.587587587587587556e+00 7.349565751276265928e+02
1.597847847847847724e+00 7.350786011536371234e+02
1.608108108108108114e+00 7.352007572700774745e+02
1.618368368368368282e+00 7.353230458813218320e+02
1.628628628628628672e+00 7.354454693982263507e+02
1.638888888888888840e+00 7.355680302381189222e+02
1.649149149149149007e+00 7.356907308247853052e+02
1.659409409409409397e+00 7.358135735884583255e+02
1.669669669669669565e+00 7.359365609658034373e+02
1.679929929929929955e+00 7.360596953999063317e+02
1.690190190190190123e+00 7.361829793402575888e+02
1.700450450450450290e+00 7.363064152427396039e+02
1.710710710710710680e+00 7.364300055696106710e+02
1.720970970970970848e+00 7.365537527894897494e+02
1.731231231231231238e+00 7.366776593773412287e+02
1.741491491491491406e+00 7.368017278144568536e+02
1.751751751751751796e+00 7.369259605884403754e+02
1.762012012012011963e+00 7.370503601931899311e+02
1.772272272272272131e+00 7.371749291288788299e+02
1.782532532532532521e+00 7.372996699019385005e+02
1.792792792792792689e+00 7.374245850250391641e+02
1.803053053053053079e+00 7.375496770170697118e+02
1.813313313313313246e+00 7.376749484031183783e+02
1.823573573573573414e+00 7.378004017144521640e+02
1.833833833833833804e+00 7.379260394884954621e+02
1.844094094094093972e+00 7.380518642688093678e+02
1.854354354354354362e+00 7.381778786050681447e+02
1.864614614614614529e+00 7.383040850530376247e+02
1.874874874874874697e+00 7.384304861745521293e+02
1.885135135135135087e+00 7.385570845374903683e+02
1.895395395395395255e+00 7.386838827157508831e+02
1.905655655655655645e+00 7.388108832892285136e+02
1.915915915915915813e+00 7.389380888437874546e+02
1.926176176176176202e+00 7.390655019712368130e+02
1.936436436436436370e+00 7.391931252693027545e+02
1.946696696696696538e+00 7.393209613416031516e+02
1.956956956956956928e+00 7.394490127976185931e+02
1.967217217217217096e+00 7.395772822526648724e+02
1.977477477477477485e+00 7.397057723278649064e+02
1.987737737737737653e+00 7.398344856501178128e+02
1.997997997997997821e+00 7.399634248520711708e+02
2.008258258258257989e+00 7.400925925720887335e+02
2.018518518518518157e+00 7.402219914542209835e+02
2.028778778778778769e+00 7.403516241481725046e+02
2.039039039039038936e+00 7.404814933092703768e+02
2.049299299299299548e+00 7.406116015984314345e+02
2.059559559559559716e+00 7.407419516821286152e+02
2.069819819819819884e+00 7.408725462323575357e+02
2.080080080080080052e+00 7.410033879266013628e+02
2.090340340340340219e+00 7.411344794477965934e+02
2.100600600600600387e+00 7.412658234842966749e+02
2.110860860860860555e+00 7.413974227298355117e+02
2.121121121121120723e+00 7.415292798834916539e+02
2.131381381381381335e+00 7.416613976496493024e+02
2.141641641641641503e+00 7.417937787379613610e+02
2.151901901901902114e+00 7.419264258633105555e+02
2.162162162162162282e+00 7.420593417457690748e+02
2.172422422422422450e+00 7.421925291105598035e+02
2.182682682682682618e+00 7.423259906880153949e+02
2.192942942942942786e+00 7.424597292135360931e+02
2.203203203203202953e+00 7.425937474275497152e+02
2.213463463463463121e+00 7.427280480754674272e+02
2.223723723723723733e+00 7.428626339076414524e+02
2.233983983983983901e+00 7.429975076793214157e+02
2.244244244244244069e+00 7.431326721506097783e+02
2.254504504504504681e+00 7.432681300864163632e+02
2.264764764764764848e+00 7.434038842564133347e+02
2.275025025025025016e+00 7.435399374349888149e+02
2.285285285285285184e+00 7.436762924011994755e+02
2.295545545545545352e+00 7.438129519387235860e+02
2.305805805805805520e+00 7.439499188358119000e+02
2.316066066066065687e+00 7.440871958852395665e+02
2.326326326326326299e+00 7.442247858842561072e+02
2.336586586586586467e+00 7.443626916345351674e+02
2.346846846846847079e+00 7.445009159421236973e+02
2.357107107107107247e+00 7.446394616173910208e+02
2.367367367367367414e+00 7.447783314749752890e+02
2.377627627627627582e+00 7.449175283337317524e+02
2.387887887887887750e+00 7.450570550166785324e+02
2.398148148148147918e+00 7.451969143509429614e+02
2.408408408408408086e+00 7.453371091677059894e+02
2.418668668668668253e+00 7.454776423021470464e+02
2.428928928928928865e+00 7.456185165933878807e+02
2.439189189189189033e+00 7.457597348844353746e+02
2.449449449449449645e+00 7.459013000221236780e+02
2.459709709709709813e+00 7.460432148570567961e+02
2.469969969969969981e+00 7.461854822435484493e+02
2.480230230230230148e+00 7.463281050395631837e+02
2.490490490490490316e+00 7.464710861066556618e+02
2.500750750750750484e+00 7.466144283099100676e+02
2.511011011011011096e+00 7.467581345178776928e+02
2.521271271271271264e+00 7.469022076025145225e+02
2.531531531531531432e+00 7.470466504391185936e+02
2.541791791791791599e+00 7.471914659062661030e+02
2.552052052052051767e+00 7.473366568857463790e+02
2.562312312312312379e+00 7.474822262624973064e+02
2.572572572572572547e+00 7.476281769245387068e+02
2.582832832832832715e+00 7.477745117629054903e+02
2.593093093093092882e+00 7.479212336715817173e+02
2.603353353353353050e+00 7.480683455474311359e+02
2.613613613613613662e+00 7.482158502901282873e+02
2.623873873873873830e+00 7.483637508020907489e+02
2.634134134134133998e+00 7.485120499884069432e+02
2.644394394394394165e+00 7.486607507567663333e+02
2.654654654654654333e+00 7.488098560173868918e+02
2.664914914914914945e+00 7.489593686829445005e+02
2.675175175175175113e+00 7.491092916684979173e+02
2.685435435435435281e+00 7.492596278914160166e+02
2.695695695695695449e+00 7.494103802713033247e+02
2.705955955955956060e+00 7.495615517299243038e+02
2.716216216216216228e+00 7.497131451911280919e+02
2.726476476476476396e+00 7.498651635807713092e+02
2.736736736736736564e+00 7.500176098266402960e+02
2.746996996996996732e+00 7.501704868583744883e+02
2.757257257257257343e+00 7.503237976073855862e+02
2.767517517517517511e+00 7.504775450067797919e+02
2.777777777777777679e+00 7.506317319912768653e+02
2.788038038038037847e+00 7.507863614971280413e+02
2.798298298298298015e+00 7.509414364620364495e+02
2.808558558558558627e+00 7.510969598250724175e+02
2.818818818818818794e+00 7.512529345265922984e+02
2.829079079079078962e+00 7.514093635081526372e+02
2.839339339339339130e+00 7.515662497124270658e+02
2.849599599599599298e+00 7.517235960831200146e+02
2.859859859859859910e+00 7.518814055648806516e+02
2.870120120120120077e+00 7.520396811032168216e+02
2.880380380380380245e+00 7.521984256444065977e+02
2.890640640640640413e+00 7.523576421354093782e+02
2.900900900900900581e+00 7.525173335237793708e+02
2.911161161161161193e+00 7.526775027575727108e+02
2.921421421421421361e+00 7.528381527852593535e+02
2.931681681681681528e+00 7.529992865556299648e+02
2.941941941941941696e+00 7.531609070177051990e+02
2.952202202202201864e+00 7.533230171206431578e+02
2.962462462462462476e+00 7.534856198136446892e+02
2.972722722722722644e+00 7.536487180458599369e+02
2.982982982982982811e+00 7.538123147662940937e+02
2.993243243243242979e+00 7.539764129237100860e+02
3.003503503503503591e+00 7.541410154665338723e+02
3.013763763763763759e+00 7.543061253427567863e+02
3.024024024024023927e+00 7.544717454998367430e+02
3.034284284284284094e+00 7.546378788846011503e+02
3.044544544544544262e+00 7.548045284431470918e+02
3.054804804804804874e+00 7.549716971207407141e+02
3.065065065065065042e+00 7.551393878617168411e+02
3.075325325325325210e+00 7.553076036093777930e+02
3.085585585585585378e+00 7.554763473058910677e+02
3.095845845845845545e+00 7.556456218921858863e+02
3.106106106106106157e+00 7.558154303078501925e+02
3.116366366366366325e+00 7.559857754910256062e+02
3.126626626626626493e+00 7.561566603783032861e+02
3.136886886886886661e+00 7.563280879046164955e+02
3.147147147147146828e+00 7.565000610031360111e+02
3.157407407407407440e+00 7.566725826051609829e+02
3.167667667667667608e+00 7.568456556400120689e+02
3.177927927927927776e+00 7.570192830349225233e+02
3.188188188188187944e+00 7.571934677149287154e+02
3.198448448448448111e+00 7.573682126027591721e+02
3.208708708708708723e+00 7.575435206187248696e+02
3.218968968968968891e+00 7.577193946806073654e+02
3.229229229229229059e+00 7.578958377035456806e+02
3.239489489489489227e+00 7.580728525999244312e+02
3.249749749749749395e+00 7.582504422792592322e+02
3.260010010010010006e+00 7.584286096480823289e+02
3.270270270270270174e+00 7.586073576098284548e+02
3.280530530530530342e+00 7.587866890647175069e+02
3.290790790790790510e+00 7.589666069096389265e+02
3.301051051051051122e+00 7.591471140380340330e+02
3.311311311311311290e+00 7.593282133397786993e+02
3.321571571571571457e+00 7.595099077010640940e+02
3.331831831831831625e+00 7.596922000042771970e+02
3.342092092092091793e+00 7.598750931278814278e+02
3.352352352352352405e+00 7.600585899462954558e+02
3.362612612612612573e+00 7.602426933297720097e+02
3.372872872872872740e+00 7.604274061442752100e+02
3.383133133133132908e+00 7.606127312513590368e+02
3.393393393393393076e+00 7.607986715080422755e+02
3.403653653653653688e+00 7.609852297666855065e+02
3.413913913913913856e+00 7.611724088748658232e+02
3.424174174174174023e+00 7.613602116752518896e+02
3.434434434434434191e+00 7.615486410054768385e+02
3.444694694694694359e+00 7.617376996980119657e+02
3.454954954954954971e+00 7.619273905800398552e+02
3.465215215215215139e+00 7.621177164733244354e+02
3.475475475475475307e+00 7.623086801940839905e+02
3.485735735735735474e+00 7.625002845528609896e+02
3.495995995995995642e+00 7.626925323543920285e+02
3.506256256256256254e+00 7.628854263974766354e+02
3.516516516516516422e+00 7.630789694748465308e+02
3.526776776776776590e+00 7.632731643730329552e+02
3.537037037037036757e+00 7.634680138722342235e+02
3.547297297297296925e+00 7.636635207461825985e+02
3.557557557557557537e+00 7.638596877620096848e+02
3.567817817817817705e+00 7.640565176801125062e+02
3.578078078078077873e+00 7.642540132540179911e+02
3.588338338338338041e+00 7.644521772302468889e+02
3.598598598598598652e+00 7.646510123481775736e+02
3.608858858858858820e+00 7.648505213399090508e+02
3.619119119119118988e+00 7.650507069301227148e+02
3.629379379379379156e+00 7.652515718359447874e+02
3.639639639639639324e+00 7.654531187668063694e+02
3.649899899899899935e+00 7.656553504243055386e+02
3.660160160160160103e+00 7.658582695020651272e+02
3.670420420420420271e+00 7.660618786855941380e+02
3.680680680680680439e+00 7.662661806521447261e+02
3.690940940940940607e+00 7.664711780705715682e+02
3.701201201201201219e+00 7.666768736011887313e+02
3.711461461461461386e+00 7.668832698956264267e+02
3.721721721721721554e+00 7.670903695966889018e+02
3.731981981981981722e+00 7.672981753382081251e+02
3.742242242242241890e+00 7.675066897449004273e+02
3.752502502502502502e+00 7.677159154322210952e+02
3.762762762762762669e+00 7.679258550062186259e+02
3.773023023023022837e+00 7.681365110633879567e+02
3.783283283283283005e+00 7.683478861905231270e+02
3.793543543543543173e+00 7.685599829645715317e+02
3.803803803803803785e+00 7.687728039524844235e+02
3.814064064064063952e+00 7.689863517110686644e+02
3.824324324324324120e+00 7.692006287868379104e+02
3.834584584584584288e+00 7.694156377158635678e+02
3.844844844844844456e+00 7.696313810236238169e+02
3.855105105105105068e+00 7.698478612248535455e+02
3.865365365365365236e+00 7.700650808233937141e+02
3.875625625625625403e+00 7.702830423120390151e+02
3.885885885885885571e+00 7.705017481723864421e+02
3.896146146146146183e+00 7.707212008746822676e+02
3.906406406406406351e+00 7.709414028776697023e+02
3.916666666666666519e+00 7.711623566284349636e+02
3.926926926926926686e+00 7.713840645622537977e+02
3.937187187187186854e+00 7.716065291024367525e+02
3.947447447447447466e+00 7.718297526601743357e+02
3.957707707707707634e+00 7.720537376343816049e+02
3.967967967967967802e+00 7.722784864115436676e+02
3.978228228228227970e+00 7.725040013655574285e+02
3.988488488488488137e+00 7.727302848575773169e+02
3.998748748748748749e+00 7.729573392358565798e+02
4.009009009009009361e+00 7.731851668355905076e+02
4.019269269269269529e+00 7.734137699787588645e+02
4.029529529529529697e+00 7.736431509739675221e+02
4.039789789789789864e+00 7.738733121162895259e+02
4.050050050050050032e+00 7.741042556871065017e+02
4.060310310310310200e+00 7.743359839539496079e+02
4.070570570570570368e+00 7.745684991703382138e+02
4.080830830830830536e+00 7.748018035756225572e+02
4.091091091091090703e+00 7.750358993948204898e+02
4.101351351351350871e+00 7.752707888384579746e+02
4.111611611611611039e+00 7.755064741024086743e+02
4.121871871871871207e+00 7.757429573677304688e+02
4.132132132132131375e+00 7.759802408005053849e+02
4.142392392392391542e+00 7.762183265516769097e+02
4.152652652652652598e+00 7.764572167568869645e+02
4.162912912912912766e+00 7.766969135363139003e+02
4.173173173173172934e+00 7.769374189945091302e+02
4.183433433433433102e+00 7.771787352202336479e+02
4.193693693693694158e+00 7.774208642862943179e+02
4.203953953953954326e+00 7.776638082493805086e+02
4.214214214214214493e+00 7.779075691498992455e+02
4.224474474474474661e+00 7.781521490118108204e+02
4.234734734734734829e+00 7.783975498424645139e+02
4.244994994994994997e+00 7.786437736324332946e+02
4.255255255255255165e+00 7.788908223553488597e+02
4.265515515515515332e+00 7.791386979677355384e+02
4.275775775775775500e+00 7.793874024088457872e+02
4.286036036036035668e+00 7.796369376004934111e+02
4.296296296296295836e+00 7.798873054468878081e+02
4.306556556556556004e+00 7.801385078344669637e+02
4.316816816816816171e+00 7.803905466317330593e+02
4.327077077077076339e+00 7.806434236890834200e+02
4.337337337337336507e+00 7.808971408386453277e+02
4.347597597597597563e+00 7.811516998941084466e+02
4.357857857857857731e+00 7.814071026505575901e+02
4.368118118118117899e+00 7.816633508843056006e+02
4.378378378378378066e+00 7.819204463527262305e+02
4.388638638638638234e+00 7.821783907940865674e+02
4.398898898898899290e+00 7.824371859273786640e+02
4.409159159159159458e+00 7.826968334521529869e+02
4.419419419419419626e+00 7.829573350483498189e+02
4.429679679679679793e+00 7.832186923761308890e+02
4.439939939939939961e+00 7.834809070757123663e+02
4.450200200200200129e+00 7.837439807671966037e+02
4.460460460460460297e+00 7.840079150504030849e+02
4.470720720720720465e+00 7.842727115047011921e+02
4.480980980980980632e+00 7.845383716888416075e+02
4.491241241241240800e+00 7.848048971407878298e+02
4.501501501501500968e+00 7.850722893775487137e+02
4.511761761761761136e+00 7.853405498950088486e+02
4.522022022022022192e+00 7.856096801677608710e+02
4.532282282282282360e+00 7.858796816489376624e+02
4.542542542542542527e+00 7.861505557700431837e+02
4.552802802802802695e+00 7.864223039407849001e+02
4.563063063063062863e+00 7.866949275489050706e+02
4.573323323323323031e+00 7.869684279600126047e+02
4.583583583583583199e+00 7.872428065174151470e+02
4.593843843843843366e+00 7.875180645419508210e+02
4.604104104104103534e+00 7.877942033318201993e+02
4.614364364364364590e+00 7.880712241624186163e+02
4.624624624624624758e+00 7.883491282861682521e+02
4.634884884884884926e+00 7.886279169323497626e+02
4.645145145145145094e+00 7.889075913069359558e+02
4.655405405405405261e+00 7.891881525924233074e+02
4.665665665665665429e+00 7.894696019476651827e+02
4.675925925925925597e+00 7.897519405077039210e+02
4.686186186186185765e+00 7.900351693836047389e+02
4.696446446446445933e+00 7.903192896622883836e+02
4.706706706706706100e+00 7.906043024063641269e+02
4.716966966966967156e+00 7.908902086539641232e+02
4.727227227227227324e+00 7.911770094185758353e+02
4.737487487487487492e+00 7.914647056888777570e+02
4.747747747747747660e+00 7.917532984285718385e+02
4.758008008008007828e+00 7.920427885762187543e+02
4.768268268268267995e+00 7.923331770450723752e+02
4.778528528528528163e+00 7.926244647229145812e+02
4.788788788788788331e+00 7.929166524718901883e+02
4.799049049049048499e+00 7.932097411283430120e+02
4.809309309309308667e+00 7.935037315026507940e+02
4.819569569569569722e+00 7.937986243790617209e+02
4.829829829829829890e+00 7.940944205155308282e+02
4.840090090090090058e+00 7.943911206435558370e+02
4.850350350350350226e+00 7.946887254680152637e+02
4.860610610610610394e+00 7.949872356670049385e+02
4.870870870870870561e+00 7.952866518916760015e+02
4.881131131131130729e+00 7.955869747660723306e+02
4.891391391391390897e+00 7.958882048869704704e+02
4.901651651651651065e+00 7.961903428237170601e+02
4.911911911911912121e+00 7.964933891180680803e+02
4.922172172172172289e+00 7.967973442840290090e+02
4.932432432432432456e+00 7.971022088076954333e+02
4.942692692692692624e+00 7.974079831470921818e+02
4.952952952952952792e+00 7.977146677320146182e+02
4.963213213213212960e+00 7.980222629638711851e+02
4.973473473473473128e+00 7.983307692155239010e+02
4.983733733733733295e+00 7.986401868311314729e+02
4.993993993993993463e+00 7.989505161259918395e+02
5.004254254254253631e+00 7.992617573863857388e+02
5.014514514514514687e+00 7.995739108694202741e+02
5.024774774774774855e+00 7.998869768028738463e+02
5.035035035035035023e+00 8.002009553850404018e+02
5.045295295295295190e+00 8.005158467845755013e+02
5.055555555555555358e+00 8.008316511403425011e+02
5.065815815815815526e+00 8.011483685612585077e+02
5.076076076076075694e+00 8.014659991261423784e+02
5.086336336336335862e+00 8.017845428835620396e+02
5.096596596596596029e+00 8.021039998516832839e+02
5.106856856856856197e+00 8.024243700181186796e+02
5.117117117117117253e+00 8.027456533397771636e+02
5.127377377377377421e+00 8.030678497427149978e+02
5.137637637637637589e+00 8.033909591219862705e+02
5.147897897897897757e+00 8.037149813414946493e+02
5.158158158158157924e+00 8.040399162338463839e+02
5.168418418418418092e+00 8.043657636002021718e+02
5.178678678678678260e+00 8.046925232101325491e+02
5.188938938938938428e+00 8.050201948014712343e+02
5.199199199199198596e+00 8.053487780801710869e+02
5.209459459459459651e+00 8.056782727201597254e+02
5.219719719719719819e+00 8.060086783631966227e+02
5.229979979979979987e+00 8.063399946187299747e+02
5.240240240240240155e+00 8.066722210637568651e+02
5.250500500500500323e+00 8.070053572426800201e+02
5.260760760760760490e+00 8.073394026671694519e+02
5.271021021021020658e+00 8.076743568160226232e+02
5.281281281281280826e+00 8.080102191350260910e+02
5.291541541541540994e+00 8.083469890368188544e+02
5.301801801801801162e+00 8.086846659007535436e+02
5.312062062062062218e+00 8.090232490727627237e+02
5.322322322322322385e+00 8.093627378652236075e+02
5.332582582582582553e+00 8.097031315568232230e+02
5.342842842842842721e+00 8.100444293924252861e+02
5.353103103103102889e+00 8.103866305829398016e+02
5.363363363363363057e+00 8.107297343051893677e+02
5.373623623623623224e+00 8.110737397017801413e+02
5.383883883883883392e+00 8.114186458809730311e+02
5.394144144144143560e+00 8.117644519165540942e+02
5.404404404404403728e+00 8.121111568477081164e+02
5.414664664664664784e+00 8.124587596788912833e+02
5.424924924924924952e+00 8.128072593797068066e+02
5.435185185185185119e+00 8.131566548847800959e+02
5.445445445445445287e+00 8.135069450936350677e+02
5.455705705705705455e+00 8.138581288705731822e+02
5.465965965965965623e+00 8.142102050445497525e+02
5.476226226226225791e+00 8.145631724090567332e+02
5.486486486486485958e+00 8.149170297220013026e+02
5.496746746746746126e+00 8.152717757055895618e+02
5.507007007007007182e+00 8.156274090462079585e+02
5.517267267267267350e+00 8.159839283943098280e+02
5.527527527527527518e+00 8.163413323642979549e+02
5.537787787787787686e+00 8.166996195344136140e+02
5.548048048048047853e+00 8.170587884466231117e+02
5.558308308308308021e+00 8.174188376065061448e+02
5.568568568568568189e+00 8.177797654831475711e+02
5.578828828828828357e+00 8.181415705090262236e+02
5.589089089089088525e+00 8.185042510799094089e+02
5.599349349349348692e+00 8.188678055547455870e+02
5.609609609609609748e+00 8.192322322555595520e+02
5.619869869869869916e+00 8.195975294673480676e+02
5.630130130130130084e+00 8.199636954379778899e+02
5.640390390390390252e+00 8.203307283780840180e+02
5.650650650650650419e+00 8.206986264609697628e+02
5.660910910910910587e+00 8.210673878225073850e+02
5.671171171171170755e+00 8.214370105610421433e+02
5.681431431431430923e+00 8.218074927372941829e+02
5.691691691691691091e+00 8.221788323742644025e+02
5.701951951951951258e+00 8.225510274571420268e+02
5.712212212212212314e+00 8.229240759332105881e+02
5.722472472472472482e+00 8.232979757117578856e+02
5.732732732732732650e+00 8.236727246639879922e+02
5.742992992992992818e+00 8.240483206229303050e+02
5.753253253253252986e+00 8.244247613833553032e+02
5.763513513513513153e+00 8.248020447016879189e+02
5.773773773773773321e+00 8.251801682959250002e+02
5.784034034034033489e+00 8.255591298455510696e+02
5.794294294294293657e+00 8.259389269914594252e+02
5.804554554554554713e+00 8.263195573358707406e+02
5.814814814814814881e+00 8.267010184422560997e+02
5.825075075075075048e+00 8.270833078352605980e+02
5.835335335335335216e+00 8.274664230006272874e+02
5.845595595595595384e+00 8.278503613851246428e+02
5.855855855855855552e+00 8.282351203964739170e+02
5.866116116116115720e+00 8.286206974032780863e+02
5.876376376376375887e+00 8.290070897349542065e+02
5.886636636636636055e+00 8.293942946816644053e+02
5.896896896896896223e+00 8.297823094942516491e+02
5.907157157157157279e+00 8.301711313841732363e+02
5.917417417417417447e+00 8.305607575234395199e+02
5.927677677677677615e+00 8.309511850445529717e+02
5.937937937937937782e+00 8.313424110404472458e+02
5.948198198198197950e+00 8.317344325644303353e+02
5.958458458458458118e+00 8.321272466301276154e+02
5.968718718718718286e+00 8.325208502114269322e+02
5.978978978978978454e+00 8.329152402424264210e+02
5.989239239239238621e+00 8.333104136173818688e+02
5.999499499499498789e+00 8.337063671906578293e+02
6.009759759759759845e+00 8.341030977766790784e+02
6.020020020020020013e+00 8.345006021498837754e+02
6.030280280280280181e+00 8.348988770446800345e+02
6.040540540540540349e+00 8.352979191554012459e+02
6.050800800800800516e+00 8.356977251362662855e+02
6.061061061061060684e+00 8.360982916013376780e+02
6.071321321321320852e+00 8.364996151244870362e+02
6.081581581581581020e+00 8.369016922393554978e+02
6.091841841841841187e+00 8.373045194393218935e+02
6.102102102102102243e+00 8.377080931774681858e+02
6.112362362362362411e+00 8.381124098665502515e+02
6.122622622622622579e+00 8.385174658789677551e+02
6.132882882882882747e+00 8.389232575467373181e+02
6.143143143143142915e+00 8.393297811614664852e+02
6.153403403403403082e+00 8.397370329743306456e+02
6.163663663663663250e+00 8.401450091960515465e+02
6.173923923923923418e+00 8.405537059968755784e+02
6.184184184184183586e+00 8.409631195065576321e+02
6.194444444444443754e+00 8.413732458143431359e+02
6.204704704704704810e+00 8.417840809689541857e+02
6.214964964964964977e+00 8.421956209785776082e+02
6.225225225225225145e+00 8.426078618108530236e+02
6.235485485485485313e+00 8.430207993928639780e+02
6.245745745745745481e+00 8.434344296111326003e+02
6.256006006006005649e+00 8.438487483116118710e+02
6.266266266266265816e+00 8.442637512996850546e+02
6.276526526526525984e+00 8.446794343401625156e+02
6.286786786786786152e+00 8.450957931572834241e+02
6.297047047047046320e+00 8.455128234347176885e+02
6.307307307307307376e+00 8.459305208155711853e+02
6.317567567567567544e+00 8.463488809023911017e+02
6.327827827827827711e+00 8.467678992571755998e+02
6.338088088088087879e+00 8.471875714013832521e+02
6.348348348348348047e+00 8.476078928159458883e+02
6.358608608608608215e+00 8.480288589412829197e+02
6.368868868868868383e+00 8.484504651773171418e+02
6.379129129129128550e+00 8.488727068834933789e+02
6.389389389389388718e+00 8.492955793787990615e+02
6.399649649649649774e+00 8.497190779417855993e+02
6.409909909909909942e+00 8.501431978105940743e+02
6.420170170170170110e+00 8.505679341829804798e+02
6.430430430430430278e+00 8.509932822163435731e+02
6.440690690690690445e+00 8.514192370277576174e+02
6.450950950950950613e+00 8.518457936940018271e+02
6.461211211211210781e+00 8.522729472515972020e+02
6.471471471471470949e+00 8.527006926968415428e+02
6.481731731731731116e+00 8.531290249858487869e+02
6.491991991991991284e+00 8.535579390345894808e+02
6.502252252252252340e+00 8.539874297189337540e+02
6.512512512512512508e+00 8.544174918746952017e+02
6.522772772772772676e+00 8.548481202976789746e+02
6.533033033033032844e+00 8.552793097437295273e+02
6.543293293293293011e+00 8.557110549287829144e+02
6.553553553553553179e+00 8.561433505289189725e+02
6.563813813813813347e+00 8.565761911804170268e+02
6.574074074074073515e+00 8.570095714798133031e+02
6.584334334334333683e+00 8.574434859839598175e+02
6.594594594594593850e+00 8.578779292100869043e+02
6.604854854854854906e+00 8.583128956358659707e+02
6.615115115115115074e+00 8.587483796994758904e+02
6.625375375375375242e+00 8.591843757996713293e+02
6.635635635635635410e+00 8.596208782958519805e+02
6.645895895895895578e+00 8.600578815081354378e+02
6.656156156156155745e+00 8.604953797174314332e+02
6.666416416416415913e+00 8.609333671655181206e+02
6.676676676676676081e+00 8.613718380551215432e+02
6.686936936936936249e+00 8.618107865499957825e+02
6.697197197197197305e+00 8.622502067750062906e+02
6.707457457457457473e+00 8.626900928162143600e+02
6.717717717717717640e+00 8.631304387209662536e+02
6.727977977977977808e+00 8.635712384979804028e+02
6.738238238238237976e+00 8.640124861174410853e+02
6.748498498498498144e+00 8.644541755110913073e+02
6.758758758758758312e+00 8.648963005723289825e+02
6.769019019019018479e+00 8.653388551563053852e+02
6.779279279279278647e+00 8.657818330800250806e+02
6.789539539539538815e+00 8.662252281224493800e+02
6.799799799799799871e+00 8.666690340246007054e+02
6.810060060060060039e+00 8.671132444896687730e+02
6.820320320320320207e+00 8.675578531831209830e+02
6.830580580580580374e+00 8.680028537328139464e+02
6.840840840840840542e+00 8.684482397291056941e+02
6.851101101101100710e+00 8.688940047249723193e+02
6.861361361361360878e+00 8.693401422361264395e+02
6.871621621621621046e+00 8.697866457411359988e+02
6.881881881881881213e+00 8.702335086815483010e+02
6.892142142142141381e+00 8.706807244620131314e+02
6.902402402402402437e+00 8.711282864504103145e+02
6.912662662662662605e+00 8.715761879779788615e+02
6.922922922922922773e+00 8.720244223394475966e+02
6.933183183183182940e+00 8.724729827931688533e+02
6.943443443443443108e+00 8.729218625612545566e+02
6.953703703703703276e+00 8.733710548297127616e+02
6.963963963963963444e+00 8.738205527485890798e+02
6.974224224224223612e+00 8.742703494321086737e+02
6.984484484484483779e+00 8.747204379588192751e+02
6.994744744744744835e+00 8.751708113717400011e+02
7.005005005005005003e+00 8.756214626785085784e+02
7.015265265265265171e+00 8.760723848515326608e+02
7.025525525525525339e+00 8.765235708281443294e+02
7.035785785785785507e+00 8.769750135107537972e+02
7.046046046046045674e+00 8.774267057670081158e+02
7.056306306306305842e+00 8.778786404299506785e+02
7.066566566566566010e+00 8.783308102981836782e+02
7.076826826826826178e+00 8.787832081360320444e+02
7.087087087087086346e+00 8.792358266737097665e+02
7.097347347347347402e+00 8.796886586074887191e+02
7.107607607607607569e+00 8.801416965998695332e+02
7.117867867867867737e+00 8.805949332797547413e+02
7.128128128128127905e+00 8.810483612426237414e+02
7.138388388388388073e+00 8.815019730507101485e+02
7.148648648648648241e+00 8.819557612331817609e+02
7.158908908908908408e+00 8.824097182863215494e+02
7.169169169169168576e+00 8.828638366737127399e+02
7.179429429429428744e+00 8.833181088264238952e+02
7.189689689689688912e+00 8.837725271431971805e+02
7.199949949949949968e+00 8.842270839906399260e+02
7.210210210210210136e+00 8.846817717034159614e+02
7.220470470470470303e+00 8.851365825844409301e+02
7.230730730730730471e+00 8.855915089050787401e+02
7.240990990990990639e+00 8.860465429053417665e+02
7.251251251251250807e+00 8.865016767940903719e+02
7.261511511511510975e+00 8.869569027492375426e+02
7.271771771771771142e+00 8.874122129179540934e+02
7.282032032032031310e+00 8.878675994168758052e+02
7.292292292292292366e+00 8.883230543323129496e+02
7.302552552552552534e+00 8.887785697204635653e+02
7.312812812812812702e+00 8.892341376076258257e+02
7.323073073073072869e+00 8.896897499904149527e+02
7.333333333333333037e+00 8.901453988359806999e+02
7.343593593593593205e+00 8.906010760822288148e+02
7.353853853853853373e+00 8.910567736380421593e+02
7.364114114114113541e+00 8.915124833835055824e+02
7.374374374374373708e+00 8.919681971701326120e+02
7.384634634634633876e+00 8.924239068210939649e+02
7.394894894894894932e+00 8.928796041314485592e+02
7.405155155155155100e+00 8.933352808683750936e+02
7.415415415415415268e+00 8.937909287714080619e+02
7.425675675675675436e+00 8.942465395526735392e+02
7.435935935935935603e+00 8.947021048971296295e+02
7.446196196196195771e+00 8.951576164628053220e+02
7.456456456456455939e+00 8.956130658810450313e+02
7.466716716716716107e+00 8.960684447567523421e+02
7.476976976976976275e+00 8.965237446686378462e+02
7.487237237237236442e+00 8.969789571694677761e+02
7.497497497497497498e+00 8.974340737863146842e+02
7.507757757757757666e+00 8.978890860208105096e+02
7.518018018018017834e+00 8.983439853494016916e+02
7.528278278278278002e+00 8.987987632236056470e+02
7.538538538538538170e+00 8.992534110702698626e+02
7.548798798798798337e+00 8.997079202918328065e+02
7.559059059059058505e+00 9.001622822665856347e+02
7.569319319319318673e+00 9.006164883489383328e+02
7.579579579579578841e+00 9.010705298696852878e+02
7.589839839839839897e+00 9.015243981362737031e+02
7.600100100100100065e+00 9.019780844330744003e+02
7.610360360360360232e+00 9.024315800216539856e+02
7.620620620620620400e+00 9.028848761410484940e+02
7.630880880880880568e+00 9.033379640080405579e+02
7.641141141141140736e+00 9.037908348174353250e+02
7.651401401401400904e+00 9.042434797423422879e+02
7.661661661661661071e+00 9.046958899344558631e+02
7.671921921921921239e+00 9.051480565243380170e+02
7.682182182182181407e+00 9.055999706217053244e+02
7.692442442442442463e+00 9.060516233157138686e+02
7.702702702702702631e+00 9.065030056752501650e+02
7.712962962962962798e+00 9.069541087492196993e+02
7.723223223223222966e+00 9.074049235668408073e+02
7.733483483483483134e+00 9.078554411379379872e+02
7.743743743743743302e+00 9.083056524532383946e+02
7.754004004004003470e+00 9.087555484846685658e+02
7.764264264264263637e+00 9.092051201856547777e+02
7.774524524524523805e+00 9.096543584914232952e+02
7.784784784784783973e+00 9.101032543193031188e+02
7.795045045045045029e+00 9.105517985690314617e+02
7.805305305305305197e+00 9.109999821230578618e+02
7.815565565565565365e+00 9.114477958468545467e+02
7.825825825825825532e+00 9.118952305892232744e+02
7.836086086086085700e+00 9.123422771826081998e+02
7.846346346346345868e+00 9.127889264434077177e+02
7.856606606606606036e+00 9.132351691722885789e+02
7.866866866866866204e+00 9.136809961545025089e+02
7.877127127127126371e+00 9.141263981602031663e+02
7.887387387387387427e+00 9.145713659447651480e+02
7.897647647647647595e+00 9.150158902491039044e+02
7.907907907907907763e+00 9.154599617999996326e+02
7.918168168168167931e+00 9.159035713104191245e+02
7.928428428428428099e+00 9.163467094798415928e+02
7.938688688688688266e+00 9.167893669945856345e+02
7.948948948948948434e+00 9.172315345281365353e+02
7.959209209209208602e+00 9.176732027414764161e+02
7.969469469469468770e+00 9.181143622834151756e+02
7.979729729729728938e+00 9.185550037909224557e+02
7.989989989989989994e+00 9.189951178894626764e+02
8.000250250250250161e+00 9.194346951933287073e+02
8.010510510510510329e+00 9.198737263059798579e+02
8.020770770770770497e+00 9.203122018203791868e+02
8.031031031031030665e+00 9.207501123193329704e+02
8.041291291291290833e+00 9.211874483758322185e+02
8.051551551551551000e+00 9.216242005533925976e+02
8.061811811811811168e+00 9.220603594064008348e+02
8.072072072072071336e+00 9.224959154804564605e+02
8.082332332332331504e+00 9.229308593127198037e+02
8.092592592592591672e+00 9.233651814322579412e+02
8.102852852852851839e+00 9.237988723603936023e+02
8.113113113113112007e+00 9.242319226110550971e+02
8.123373373373372175e+00 9.246643226911256761e+02
8.133633633633632343e+00 9.250960631007978918e+02
8.143893893893892511e+00 9.255271343339248915e+02
8.154154154154152678e+00 9.259575268783753472e+02
8.164414414414412846e+00 9.263872312163896368e+02
8.174674674674673014e+00 9.268162378249347739e+02
8.184934934934934958e+00 9.272445371760643411e+02
8.195195195195195126e+00 9.276721197372752385e+02
8.205455455455455294e+00 9.280989759718688674e+02
8.215715715715715461e+00 9.285250963393111761e+02
8.225975975975975629e+00 9.289504712955953210e+02
8.236236236236235797e+00 9.293750912936043278e+02
8.246496496496495965e+00 9.297989467834745483e+02
8.256756756756756133e+00 9.302220282129611633e+02
8.267017017017016300e+00 9.306443260278039133e+02
8.277277277277276468e+00 9.310658306720938526e+02
8.287537537537538412e+00 9.314865325886407845e+02
8.297797797797798580e+00 9.319064222193419482e+02
8.308058058058058748e+00 9.323254900055521830e+02
8.318318318318318916e+00 9.327437263884535241e+02
8.328578578578579084e+00 9.331611218094266178e+02
8.338838838838839251e+00 9.335776667104222497e+02
8.349099099099099419e+00 9.339933515343352610e+02
8.359359359359359587e+00 9.344081667253771002e+02
8.369619619619619755e+00 9.348221027294503074e+02
8.379879879879879923e+00 9.352351499945243631e+02
8.390140140140140090e+00 9.356472989710106276e+02
8.400400400400400258e+00 9.360585401121390987e+02
8.410660660660660426e+00 9.364688638743358524e+02
8.420920920920920594e+00 9.368782607176003694e+02
8.431181181181180762e+00 9.372867211058850216e+02
8.441441441441440929e+00 9.376942355074727402e+02
8.451701701701701097e+00 9.381007943953577524e+02
8.461961961961961265e+00 9.385063882476257504e+02
8.472222222222221433e+00 9.389110075478344015e+02
8.482482482482481601e+00 9.393146427853954492e+02
8.492742742742741768e+00 9.397172844559554505e+02
8.503003003003001936e+00 9.401189230617786734e+02
8.513263263263262104e+00 9.405195491121310170e+02
8.523523523523522272e+00 9.409191531236613173e+02
8.533783783783784216e+00 9.413177256207870869e+02
8.544044044044044384e+00 9.417152571360772981e+02
8.554304304304304551e+00 9.421117382106375544e+02
8.564564564564564719e+00 9.425071593944951474e+02
8.574824824824824887e+00 9.429015112469837732e+02
8.585085085085085055e+00 9.432947843371291583e+02
8.595345345345345223e+00 9.436869692440366180e+02
8.605605605605605390e+00 9.440780565572738396e+02
8.615865865865865558e+00 9.444680368772611700e+02
8.626126126126125726e+00 9.448569008156555356e+02
8.636386386386385894e+00 9.452446389957387964e+02
8.646646646646646062e+00 9.456312420528040548e+02
8.656906906906906229e+00 9.460167006345436675e+02
8.667167167167166397e+00 9.464010054014354409e+02
8.677427427427426565e+00 9.467841470271323487e+02
8.687687687687686733e+00 9.471661161988473623e+02
8.697947947947946901e+00 9.475469036177437374e+02
8.708208208208207068e+00 9.479264999993217771e+02
8.718468468468467236e+00 9.483048960738059350e+02
8.728728728728729180e+00 9.486820825865345341e+02
8.738988988988989348e+00 9.490580502983456199e+02
8.749249249249249516e+00 9.494327899859665649e+02
8.759509509509509684e+00 9.498062924424003768e+02
8.769769769769769852e+00 9.501785484773147346e+02
8.780030030030030019e+00 9.505495489174285240e+02
8.790290290290290187e+00 9.509192846069003053e+02
8.800550550550550355e+00 9.512877464077150762e+02
8.810810810810810523e+00 9.516549252000713750e+02
8.821071071071070691e+00 9.520208118827692942e+02
8.831331331331330858e+00 9.523853973735958789e+02
8.841591591591591026e+00 9.527486726097131395e+02
8.851851851851851194e+00 9.531106285480432234e+02
8.862112112112111362e+00 9.534712561656556318e+02
8.872372372372371530e+00 9.538305464601520498e+02
8.882632632632631697e+00 9.541884904500520861e+02
8.892892892892891865e+00 9.545450791751790121e+02
8.903153153153152033e+00 9.549003036970436824e+02
8.913413413413412201e+00 9.552541550992289103e+02
8.923673673673672369e+00 9.556066244877744111e+02
8.933933933933934313e+00 9.559577029915594721e+02
8.944194194194194480e+00 9.563073817626861910e+02
8.954454454454454648e+00 9.566556519768616909e+02
8.964714714714714816e+00 9.570025048337815861e+02
8.974974974974974984e+00 9.573479315575100372e+02
8.985235235235235152e+00 9.576919233968616254e+02
8.995495495495495319e+00 9.580344716257807249e+02
9.005755755755755487e+00 9.583755675437236050e+02
9.016016016016015655e+00 9.587152024760349605e+02
9.026276276276275823e+00 9.590533677743286489e+02
9.036536536536535991e+00 9.593900548168644491e+02
9.046796796796796158e+00 9.597252550089257284e+02
9.057057057057056326e+00 9.600589597831958599e+02
9.067317317317316494e+00 9.603911606001341852e+02
9.077577577577576662e+00 9.607218489483510666e+02
9.087837837837836830e+00 9.610510163449822585e+02
9.098098098098096997e+00 9.613786543360620271e+02
9.108358358358357165e+00 9.617047544968961574e+02
9.118618618618617333e+00 9.620293084324339361e+02
9.128878878878879277e+00 9.623523077776385435e+02
9.139139139139139445e+00 9.626737441978580136e+02
9.149399399399399613e+00 9.629936093891931250e+02
9.159659659659659781e+00 9.633118950788668826e+02
9.169919919919919948e+00 9.636285930255912717e+02
9.180180180180180116e+00 9.639436950199335570e+02
9.190440440440440284e+00 9.642571928846811034e+02
9.200700700700700452e+00 9.645690784752067657e+02
9.210960960960960620e+00 9.648793436798309813e+02
9.221221221221220787e+00 9.651879804201847719e+02
9.231481481481480955e+00 9.654949806515697901e+02
9.241741741741741123e+00 9.658003363633198433e+02
9.252002002002001291e+00 9.661040395791575293e+02
9.262262262262261459e+00 9.664060823575543964e+02
9.272522522522521626e+00 9.667064567920849640e+02
9.282782782782781794e+00 9.670051550117839270e+02
9.293043043043041962e+00 9.673021691814985843e+02
9.303303303303302130e+00 9.675974915022434288e+02
9.313563563563562298e+00 9.678911142115495068e+02
9.323823823823824242e+00 9.681830295838167331e+02
9.334084084084084409e+00 9.684732299306610912e+02
9.344344344344344577e+00 9.687617076012638790e+02
9.354604604604604745e+00 9.690484549827159526e+02
9.364864864864864913e+00 9.693334645003642436e+02
9.375125125125125081e+00 9.696167286181548661e+02
9.385385385385385248e+00 9.698982398389741775e+02
9.395645645645645416e+00 9.701779907049899521e+02
9.405905905905905584e+00 9.704559737979913052e+02
9.416166166166165752e+00 9.707321817397247514e+02
9.426426426426425920e+00 9.710066071922318542e+02
9.436686686686686087e+00 9.712792428581821014e+02
9.446946946946946255e+00 9.715500814812078261e+02
9.457207207207206423e+00 9.718191158462345811e+02
9.467467467467466591e+00 9.720863387798100348e+02
9.477727727727726759e+00 9.723517431504351407e+02
9.487987987987986926e+00 9.726153218688876905e+02
9.498248248248247094e+00 9.728770678885484813e+02
9.508508508508507262e+00 9.731369742057254371e+02
9.518768768768767430e+00 9.733950338599737506e+02
9.529029029029029374e+00 9.736512399344164805e+02
9.539289289289289542e+00 9.739055855560631016e+02
9.549549549549549710e+00 9.741580638961247587e+02
9.559809809809809877e+00 9.744086681703300883e+02
9.570070070070070045e+00 9.746573916392366073e+02
9.580330330330330213e+00 9.749042276085433514e+02
9.590590590590590381e+00 9.751491694293987393e+02
9.600850850850850549e+00 9.753922104987086641e+02
9.611111111111110716e+00 9.756333442594402641e+02
9.621371371371370884e+00 9.758725642009283092e+02
9.631631631631631052e+00 9.761098638591744248e+02
9.641891891891891220e+00 9.763452368171472244e+02
9.652152152152151388e+00 9.765786767050810795e+02
9.662412412412411555e+00 9.768101772007699992e+02
9.672672672672671723e+00 9.770397320298629893e+02
9.682932932932931891e+00 9.772673349661550901e+02
9.693193193193192059e+00 9.774929798318773919e+02
9.703453453453452227e+00 9.777166604979836393e+02
9.713713713713712394e+00 9.779383708844375178e+02
9.723973973973974338e+00 9.781581049604943701e+02
9.734234234234234506e+00 9.783758567449840484e+02
9.744494494494494674e+00 9.785916203065887657e+02
9.754754754754754842e+00 9.788053897641216281e+02
9.765015015015015010e+00 9.790171592868005064e+02
9.775275275275275177e+00 9.792269230945211120e+02
9.785535535535535345e+00 9.794346754581276855e+02
9.795795795795795513e+00 9.796404106996818655e+02
9.806056056056055681e+00 9.798441231927268973e+02
9.816316316316315849e+00 9.800458073625540010e+02
9.826576576576576016e+00 9.802454576864626006e+02
9.836836836836836184e+00 9.804430686940195301e+02
9.847097097097096352e+00 9.806386349673166478e+02
9.857357357357356520e+00 9.808321511412251539e+02
9.867617617617616688e+00 9.810236119036480886e+02
9.877877877877876855e+00 9.812130119957710122e+02
9.888138138138137023e+00 9.814003462123077952e+02
9.898398398398397191e+00 9.815856094017483429e+02
9.908658658658657359e+00 9.817687964665996105e+02
9.918918918918919303e+00 9.819499023636271886e+02
9.929179179179179471e+00 9.821289221040922257e+02
9.939439439439439639e+00 9.823058507539881248e+02
9.949699699699699806e+00 9.824806834342732600e+02
9.959959959959959974e+00 9.826534153211014200e+02
9.970220220220220142e+00 9.828240416460505458e+02
9.980480480480480310e+00 9.829925576963469211e+02
9.990740740740740478e+00 9.831589588150907275e+02
1.000100100100100065e+01 9.833232404014744361e+02
1.001126126126126081e+01 9.834853979110018827e+02
1.002152152152152098e+01 9.836454268557033629e+02
1.003178178178178115e+01 9.838033228043493637e+02
1.004204204204204132e+01 9.839590813826595195e+02
1.005230230230230148e+01 9.841126982735116826e+02
1.006256256256256165e+01 9.842641692171455361e+02
1.007282282282282182e+01 9.844134900113670028e+02
1.008308308308308199e+01 9.845606565117456057e+02
1.009334334334334216e+01 9.847056646318138746e+02
1.010360360360360232e+01 9.848485103432605001e+02
1.011386386386386249e+01 9.849891896761225780e+02
1.012412412412412444e+01 9.851276987189741021e+02
1.013438438438438460e+01 9.852640336191132064e+02
1.014464464464464477e+01 9.853981905827453147e+02
1.015490490490490494e+01 9.855301658751639025e+02
1.016516516516516511e+01 9.856599558209294401e+02
1.017542542542542527e+01 9.857875568040432199e+02
1.018568568568568544e+01 9.859129652681216385e+02
1.019594594594594561e+01 9.860361777165652484e+02
1.020620620620620578e+01 9.861571907127258783e+02
1.021646646646646595e+01 9.862760008800706828e+02
1.022672672672672611e+01 9.863926049023438054e+02
1.023698698698698628e+01 9.865069995237253124e+02
1.024724724724724645e+01 9.866191815489861483e+02
1.025750750750750662e+01 9.867291478436416128e+02
1.026776776776776678e+01 9.868368953341010865e+02
1.027802802802802695e+01 9.869424210078155966e+02
1.028828828828828712e+01 9.870457219134217439e+02
1.029854854854854729e+01 9.871467951608830163e+02
1.030880880880880746e+01 9.872456379216292817e+02
1.031906906906906940e+01 9.873422474286905981e+02
1.032932932932932957e+01 9.874366209768318186e+02
1.033958958958958974e+01 9.875287559226809435e+02
1.034984984984984990e+01 9.876186496848566776e+02
1.036011011011011007e+01 9.877062997440922345e+02
1.037037037037037024e+01 9.877917036433560725e+02
1.038063063063063041e+01 9.878748589879695601e+02
1.039089089089089057e+01 9.879557634457231643e+02
1.040115115115115074e+01 9.880344147469869540e+02
1.041141141141141091e+01 9.881108106848213311e+02
1.042167167167167108e+01 9.881849491150809399e+02
1.043193193193193125e+01 9.882568279565200555e+02
1.044219219219219141e+01 9.883264451908912633e+02
1.045245245245245158e+01 9.883937988630424343e+02
1.046271271271271175e+01 9.884588870810116532e+02
1.047297297297297192e+01 9.885217080161180547e+02
1.048323323323323208e+01 9.885822599030482252e+02
1.049349349349349225e+01 9.886405410399439688e+02
1.050375375375375242e+01 9.886965497884818888e+02
1.051401401401401436e+01 9.887502845739531949e+02
1.052427427427427453e+01 9.888017438853397607e+02
1.053453453453453470e+01 9.888509262753859730e+02
1.054479479479479487e+01 9.888978303606696727e+02
1.055505505505505504e+01 9.889424548216672974e+02
1.056531531531531520e+01 9.889847984028193650e+02
1.057557557557557537e+01 9.890248599125893634e+02
1.058583583583583554e+01 9.890626382235212759e+02
1.059609609609609571e+01 9.890981322722951745e+02
1.060635635635635587e+01 9.891313410597772418e+02
1.061661661661661604e+01 9.891622636510683151e+02
1.062687687687687621e+01 9.891908991755491343e+02
1.063713713713713638e+01 9.892172468269224055e+02
1.064739739739739655e+01 9.892413058632506591e+02
1.065765765765765671e+01 9.892630756069936524e+02
1.066791791791791688e+01 9.892825554450399750e+02
1.067817817817817705e+01 9.892997448287366069e+02
1.068843843843843722e+01 9.893146432739158627e+02
1.069869869869869738e+01 9.893272503609188107e+02
1.070895895895895755e+01 9.893375657346143726e+02
1.071921921921921950e+01 9.893455891044180817e+02
1.072947947947947966e+01 9.893513202443050432e+02
1.073973973973973983e+01 9.893547589928208481e+02
1.075000000000000000e+01 9.893559052530904410e+02
