5.000000000000000000e-01 1.449131666558563438e+03
5.070070070070069601e-01 1.450694175519804730e+03
5.140140140140140312e-01 1.452257093992858245e+03
5.210210210210209913e-01 1.453820418597473008e+03
5.280280280280280625e-01 1.455384146161662557e+03
5.350350350350350226e-01 1.456948273292245858e+03
5.420420420420419827e-01 1.458512796762093558e+03
5.490490490490490538e-01 1.460077712803600207e+03
5.560560560560560139e-01 1.461643018415269125e+03
5.630630630630630851e-01 1.463208710203646660e+03
5.700700700700700452e-01 1.464774784737330947e+03
5.770770770770771163e-01 1.466341238587850057e+03
5.840840840840840764e-01 1.467908068212931767e+03
5.910910910910911475e-01 1.469475270375555056e+03
5.980980980980981077e-01 1.471042841758017858e+03
6.051051051051050678e-01 1.472610778856968182e+03
6.121121121121121389e-01 1.474179077964443650e+03
6.191191191191190990e-01 1.475747736285452675e+03
6.261261261261261701e-01 1.477316749751450743e+03
6.331331331331331302e-01 1.478886115526524236e+03
6.401401401401400904e-01 1.480455829511873162e+03
6.471471471471471615e-01 1.482025888704685940e+03
6.541541541541541216e-01 1.483596289318763638e+03
6.611611611611611927e-01 1.485167028325793353e+03
6.681681681681681528e-01 1.486738101891332235e+03
6.751751751751751129e-01 1.488309506830521059e+03
6.821821821821821841e-01 1.489881239427123546e+03
6.891891891891892552e-01 1.491453296224482074e+03
6.961961961961962153e-01 1.493025673801948642e+03
7.032032032032031754e-01 1.494598368479638566e+03
7.102102102102102466e-01 1.496171377106011732e+03
7.172172172172172067e-01 1.497744695707034225e+03
7.242242242242242778e-01 1.499318321109593171e+03
7.312312312312312379e-01 1.500892249917716754e+03
7.382382382382381980e-01 1.502466478326482502e+03
7.452452452452452691e-01 1.504041002788020023e+03
7.522522522522522292e-01 1.505615819932628028e+03
7.592592592592593004e-01 1.507190925684846206e+03
7.662662662662662605e-01 1.508766317378492658e+03
7.732732732732732206e-01 1.510341990667128812e+03
7.802802802802802917e-01 1.511917942710502984e+03
7.872872872872873629e-01 1.513494169248468097e+03
7.942942942942943230e-01 1.515070666917168410e+03
8.013013013013012831e-01 1.516647432319721929e+03
8.083083083083082432e-01 1.518224461621621458e+03
8.153153153153153143e-01 1.519801751506041683e+03
8.223223223223223854e-01 1.521379298102352550e+03
8.293293293293293456e-01 1.522957097974313911e+03
8.363363363363363057e-01 1.524535147588047721e+03
8.433433433433432658e-01 1.526113443235356499e+03
8.503503503503503369e-01 1.527691980862504579e+03
8.573573573573574080e-01 1.529270757652342809e+03
8.643643643643643681e-01 1.530849769362889901e+03
8.713713713713713283e-01 1.532429012514613987e+03
8.783783783783783994e-01 1.534008483378884421e+03
8.853853853853853595e-01 1.535588178505875476e+03
8.923923923923924306e-01 1.537168094177951616e+03
8.993993993993993907e-01 1.538748226691213631e+03
9.064064064064063508e-01 1.540328572209571576e+03
9.134134134134134220e-01 1.541909127414414115e+03
9.204204204204204931e-01 1.543489888365030083e+03
9.274274274274274532e-01 1.545070851432697509e+03
9.344344344344344133e-01 1.546652012846048819e+03
9.414414414414413734e-01 1.548233369269588138e+03
9.484484484484484446e-01 1.549814916248098598e+03
9.554554554554555157e-01 1.551396651041174209e+03
9.624624624624624758e-01 1.552978569109500995e+03
9.694694694694694359e-01 1.554560667221029917e+03
9.764764764764763960e-01 1.556142941458213500e+03
9.834834834834834671e-01 1.557725387960058470e+03
9.904904904904905383e-01 1.559308003383255027e+03
9.974974974974974984e-01 1.560890783734184197e+03
1.004504504504504458e+00 1.562473725078551979e+03
1.011511511511511419e+00 1.564056823952720833e+03
1.018518518518518601e+00 1.565640076536277775e+03
1.025525525525525561e+00 1.567223479066326718e+03
1.032532532532532521e+00 1.568807027761265090e+03
1.039539539539539481e+00 1.570390718848151664e+03
1.046546546546546441e+00 1.571974548360022482e+03
1.053553553553553623e+00 1.573558512890748034e+03
1.060560560560560583e+00 1.575142608277340969e+03
1.067567567567567544e+00 1.576726830900088316e+03
1.074574574574574726e+00 1.578311177004339697e+03
1.081581581581581464e+00 1.579895642649765477e+03
1.088588588588588646e+00 1.581480224265509378e+03
1.095595595595595606e+00 1.583064917484650778e+03
1.102602602602602566e+00 1.584649719147782207e+03
1.109609609609609748e+00 1.586234625155631193e+03
1.116616616616616486e+00 1.587819631436964528e+03
1.123623623623623669e+00 1.589404734552972059e+03
1.130630630630630629e+00 1.590989930455496051e+03
1.137637637637637589e+00 1.592575215202529080e+03
1.144644644644644771e+00 1.594160585163544056e+03
1.151651651651651509e+00 1.595746036377149721e+03
1.158658658658658691e+00 1.597331564843474780e+03
1.165665665665665651e+00 1.598917166953276819e+03
1.172672672672672611e+00 1.600502838286895440e+03
1.179679679679679793e+00 1.602088575694566543e+03
1.186686686686686532e+00 1.603674374988706631e+03
1.193693693693693714e+00 1.605260232295271862e+03
1.200700700700700674e+00 1.606846143410700279e+03
1.207707707707707634e+00 1.608432105100253693e+03
1.214714714714714816e+00 1.610018112631055828e+03
1.221721721721721554e+00 1.611604162613929475e+03
1.228728728728728736e+00 1.613190251121104893e+03
1.235735735735735696e+00 1.614776374186019666e+03
1.242742742742742657e+00 1.616362527438237748e+03
1.249749749749749839e+00 1.617948707860721470e+03
1.256756756756756799e+00 1.619534910729430521e+03
1.263763763763763759e+00 1.621121132381462985e+03
1.270770770770770719e+00 1.622707368866127354e+03
1.277777777777777679e+00 1.624293616274153237e+03
1.284784784784784861e+00 1.625879870626291677e+03
1.291791791791791821e+00 1.627466127800055347e+03
1.298798798798798781e+00 1.629052384006944294e+03
1.305805805805805964e+00 1.630638635329488807e+03
1.312812812812812702e+00 1.632224877525740794e+03
1.319819819819819884e+00 1.633811106975058465e+03
1.326826826826826844e+00 1.635397319320575662e+03
1.333833833833833804e+00 1.636983510749475727e+03
1.340840840840840986e+00 1.638569677447625509e+03
1.347847847847847724e+00 1.640155815258117173e+03
1.354854854854854906e+00 1.641741919959285951e+03
1.361861861861861867e+00 1.643327987907705619e+03
1.368868868868868827e+00 1.644914014709779394e+03
1.375875875875876009e+00 1.646499996646123464e+03
1.382882882882882747e+00 1.648085929516127408e+03
1.389889889889889929e+00 1.649671809455177254e+03
1.396896896896896889e+00 1.651257632401744559e+03
1.403903903903903849e+00 1.652843394159968057e+03
1.410910910910911031e+00 1.654429090845624614e+03
1.417917917917917769e+00 1.656014718465497026e+03
1.424924924924924952e+00 1.657600272557252993e+03
1.431931931931931912e+00 1.659185749564636126e+03
1.438938938938938872e+00 1.660771145303383946e+03
1.445945945945946054e+00 1.662356455491237739e+03
1.452952952952952792e+00 1.663941676207125283e+03
1.459959959959959974e+00 1.665526803412645904e+03
1.466966966966966934e+00 1.667111833061866719e+03
1.473973973973973894e+00 1.668696760706647638e+03
1.480980980980981077e+00 1.670281582998333306e+03
1.487987987987987815e+00 1.671866294906918938e+03
1.494994994994994997e+00 1.673450893129642736e+03
1.502002002002001957e+00 1.675035373222187900e+03
1.509009009009008917e+00 1.676619730779277688e+03
1.516016016016016099e+00 1.678203962358033095e+03
1.523023023023023059e+00 1.679788063319508410e+03
1.530030030030030019e+00 1.681372030075586281e+03
1.537037037037036979e+00 1.682955857689657023e+03
1.544044044044043940e+00 1.684539543063433484e+03
1.551051051051051122e+00 1.686123081177889162e+03
1.558058058058058082e+00 1.687706468209973764e+03
1.565065065065065042e+00 1.689289700130161918e+03
1.572072072072072002e+00 1.690872772612956624e+03
1.579079079079078962e+00 1.692455681621178201e+03
1.586086086086086144e+00 1.694038423161325227e+03
1.593093093093093104e+00 1.695620992480712403e+03
1.600100100100100065e+00 1.697203385903596427e+03
1.607107107107107025e+00 1.698785599444562877e+03
1.614114114114114207e+00 1.700367628585458078e+03
1.621121121121121167e+00 1.701949469218827744e+03
1.628128128128128127e+00 1.703531117283371486e+03
1.635135135135135087e+00 1.705112568290766603e+03
1.642142142142142047e+00 1.706693818341486804e+03
1.649149149149149229e+00 1.708274863413805633e+03
1.656156156156156189e+00 1.709855698838638091e+03
1.663163163163163150e+00 1.711436320715476086e+03
1.670170170170170110e+00 1.713016724819784486e+03
1.677177177177177070e+00 1.714596906593737913e+03
1.684184184184184252e+00 1.716176862379715658e+03
1.691191191191191212e+00 1.717756587577392111e+03
1.698198198198198172e+00 1.719336078450314062e+03
1.705205205205205132e+00 1.720915330276958684e+03
1.712212212212212092e+00 1.722494338761984181e+03
1.719219219219219275e+00 1.724073099980844518e+03
1.726226226226226235e+00 1.725651609875395252e+03
1.733233233233233195e+00 1.727229863685749933e+03
1.740240240240240155e+00 1.728807857588025172e+03
1.747247247247247337e+00 1.730385587206010314e+03
1.754254254254254297e+00 1.731963048007366979e+03
1.761261261261261257e+00 1.733540236045083475e+03
1.768268268268268217e+00 1.735117147417608749e+03
1.775275275275275177e+00 1.736693777115597641e+03
1.782282282282282360e+00 1.738270121214782648e+03
1.789289289289289320e+00 1.739846175743960885e+03
1.796296296296296280e+00 1.741421935766054503e+03
1.803303303303303240e+00 1.742997397599162014e+03
1.810310310310310200e+00 1.744572556762638897e+03
1.817317317317317382e+00 1.746147408968480249e+03
1.824324324324324342e+00 1.747721949756940603e+03
1.831331331331331302e+00 1.749296175101353356e+03
1.838338338338338263e+00 1.750870080729819847e+03
1.845345345345345223e+00 1.752443662047395492e+03
1.852352352352352405e+00 1.754016914966946842e+03
1.859359359359359365e+00 1.755589835033207237e+03
1.866366366366366325e+00 1.757162418334923586e+03
1.873373373373373285e+00 1.758734660012236645e+03
1.880380380380380467e+00 1.760306556102061677e+03
1.887387387387387427e+00 1.761878102211129544e+03
1.894394394394394388e+00 1.763449294148740137e+03
1.901401401401401348e+00 1.765020127587308934e+03
1.908408408408408308e+00 1.766590597725948328e+03
1.915415415415415490e+00 1.768160700647023305e+03
1.922422422422422450e+00 1.769730431877056844e+03
1.929429429429429410e+00 1.771299787033752409e+03
1.936436436436436370e+00 1.772868762046957954e+03
1.943443443443443330e+00 1.774437352383029292e+03
1.950450450450450512e+00 1.776005554048522981e+03
1.957457457457457473e+00 1.777573361883014968e+03
1.964464464464464433e+00 1.779140772194608871e+03
1.971471471471471393e+00 1.780707780395561940e+03
1.978478478478478575e+00 1.782274382474768800e+03
1.985485485485485535e+00 1.783840573308100147e+03
1.992492492492492495e+00 1.785406349134628044e+03
1.999499499499499455e+00 1.786971705625368941e+03
2.006506506506506415e+00 1.788536637756313212e+03
2.013513513513513598e+00 1.790101142047790745e+03
2.020520520520520336e+00 1.791665213512914988e+03
2.027527527527527518e+00 1.793228847788222993e+03
2.034534534534534700e+00 1.794792040985591711e+03
2.041541541541541438e+00 1.796354788172408917e+03
2.048548548548548620e+00 1.797917085261025932e+03
2.055555555555555358e+00 1.799478927450046967e+03
2.062562562562562540e+00 1.801040310739068900e+03
2.069569569569569722e+00 1.802601230870756126e+03
2.076576576576576461e+00 1.804161682797490130e+03
2.083583583583583643e+00 1.805721662969551062e+03
2.090590590590590381e+00 1.807281166258464509e+03
2.097597597597597563e+00 1.808840188872331964e+03
2.104604604604604745e+00 1.810398725691853542e+03
2.111611611611611927e+00 1.811956772690758498e+03
2.118618618618618665e+00 1.813514325401919450e+03
2.125625625625625403e+00 1.815071379305339178e+03
2.132632632632632586e+00 1.816627930054675289e+03
2.139639639639639768e+00 1.818183973598363764e+03
2.146646646646646950e+00 1.819739504849864716e+03
2.153653653653653688e+00 1.821294519706603523e+03
2.160660660660660426e+00 1.822849013784952604e+03
2.167667667667667608e+00 1.824402982532211581e+03
2.174674674674674790e+00 1.825956421340338920e+03
2.181681681681681972e+00 1.827509326252363735e+03
2.188688688688688710e+00 1.829061692345841720e+03
2.195695695695695449e+00 1.830613515480724573e+03
2.202702702702702631e+00 1.832164791226458192e+03
2.209709709709709813e+00 1.833715514684432492e+03
2.216716716716716995e+00 1.835265681458550489e+03
2.223723723723723733e+00 1.836815287722903349e+03
2.230730730730730471e+00 1.838364328726862368e+03
2.237737737737737653e+00 1.839912799318319003e+03
2.244744744744744835e+00 1.841460696162315799e+03
2.251751751751752018e+00 1.843008013922707960e+03
2.258758758758758756e+00 1.844554748681582623e+03
2.265765765765765494e+00 1.846100895364215603e+03
2.272772772772772676e+00 1.847646450218516520e+03
2.279779779779779858e+00 1.849191407900182867e+03
2.286786786786787040e+00 1.850735764947643020e+03
2.293793793793793778e+00 1.852279516201498836e+03
2.300800800800800516e+00 1.853822657285482819e+03
2.307807807807807698e+00 1.855365183682266888e+03
2.314814814814814881e+00 1.856907091006890823e+03
2.321821821821822063e+00 1.858448374881908421e+03
2.328828828828828801e+00 1.859989030072608557e+03
2.335835835835835539e+00 1.861529053379427069e+03
2.342842842842842721e+00 1.863068439413776105e+03
2.349849849849849903e+00 1.864607183836374816e+03
2.356856856856857085e+00 1.866145282163164211e+03
2.363863863863863823e+00 1.867682729920964903e+03
2.370870870870870561e+00 1.869219522400080677e+03
2.377877877877877744e+00 1.870755655220496010e+03
2.384884884884884926e+00 1.872291124349622123e+03
2.391891891891892108e+00 1.873825924595211291e+03
2.398898898898898846e+00 1.875360051785791256e+03
2.405905905905905584e+00 1.876893500839588796e+03
2.412912912912912766e+00 1.878426268201211769e+03
2.419919919919919948e+00 1.879958348693719472e+03
2.426926926926927131e+00 1.881489738017095306e+03
2.433933933933933869e+00 1.883020431422300362e+03
2.440940940940940607e+00 1.884550424974868974e+03
2.447947947947947789e+00 1.886079713346193330e+03
2.454954954954954971e+00 1.887608292427997640e+03
2.461961961961962153e+00 1.889136157503512777e+03
2.468968968968968891e+00 1.890663304335935891e+03
2.475975975975975629e+00 1.892189728122714541e+03
2.482982982982982811e+00 1.893715424536126648e+03
2.489989989989989994e+00 1.895240389283004788e+03
2.496996996996997176e+00 1.896764616912928204e+03
2.504004004004003914e+00 1.898288103734476863e+03
2.511011011011011096e+00 1.899810845011276569e+03
2.518018018018017834e+00 1.901332835662856724e+03
2.525025025025025016e+00 1.902854072022586706e+03
2.532032032032032198e+00 1.904374549043169282e+03
2.539039039039038936e+00 1.905894262055260242e+03
2.546046046046046119e+00 1.907413207128360000e+03
2.553053053053052857e+00 1.908931378778410817e+03
2.560060060060060039e+00 1.910448773201102313e+03
2.567067067067067221e+00 1.911965385565775705e+03
2.574074074074073959e+00 1.913481211331477198e+03
2.581081081081081141e+00 1.914996245895494440e+03
2.588088088088087879e+00 1.916510484809144600e+03
2.595095095095095061e+00 1.918023923432289166e+03
2.602102102102102243e+00 1.919536557402514063e+03
2.609109109109108982e+00 1.921048381714434981e+03
2.616116116116116164e+00 1.922559392147297785e+03
2.623123123123122902e+00 1.924069584102021736e+03
2.630130130130130084e+00 1.925578953170276918e+03
2.637137137137137266e+00 1.927087494483635282e+03
2.644144144144144004e+00 1.928595203168460330e+03
2.651151151151151186e+00 1.930102075579701477e+03
2.658158158158157924e+00 1.931608106717546207e+03
2.665165165165165106e+00 1.933113291482992508e+03
2.672172172172172289e+00 1.934617625783583890e+03
2.679179179179179027e+00 1.936121105188716911e+03
2.686186186186186209e+00 1.937623724857181969e+03
2.693193193193193391e+00 1.939125480306353438e+03
2.700200200200200129e+00 1.940626366983104163e+03
2.707207207207207311e+00 1.942126380352157639e+03
2.714214214214214049e+00 1.943625515654233368e+03
2.721221221221221231e+00 1.945123768597444951e+03
2.728228228228228414e+00 1.946621134003363750e+03
2.735235235235235152e+00 1.948117608110714627e+03
2.742242242242242334e+00 1.949613185654029166e+03
2.749249249249249072e+00 1.951107862691890887e+03
2.756256256256256254e+00 1.952601633731946322e+03
2.763263263263263436e+00 1.954094495068537753e+03
2.770270270270270174e+00 1.955586441982467477e+03
2.777277277277277356e+00 1.957077469282788343e+03
2.784284284284284094e+00 1.958567572952538285e+03
2.791291291291291277e+00 1.960056748183885475e+03
2.798298298298298459e+00 1.961544990560371843e+03
2.805305305305305197e+00 1.963032295195133202e+03
2.812312312312312379e+00 1.964518658122001170e+03
2.819319319319319117e+00 1.966004073839173998e+03
2.826326326326326299e+00 1.967488538288975178e+03
2.833333333333333481e+00 1.968972047142931842e+03
2.840340340340340219e+00 1.970454595089308214e+03
2.847347347347347402e+00 1.971936177888750080e+03
2.854354354354354140e+00 1.973416791411265422e+03
2.861361361361361322e+00 1.974896430471259237e+03
2.868368368368368504e+00 1.976375090399377768e+03
2.875375375375375242e+00 1.977852767068553931e+03
2.882382382382382424e+00 1.979329455654539515e+03
2.889389389389389162e+00 1.980805151568636347e+03
2.896396396396396344e+00 1.982279850239298412e+03
2.903403403403403527e+00 1.983753547404673782e+03
2.910410410410410265e+00 1.985226237566217378e+03
2.917417417417417447e+00 1.986697916803938369e+03
2.924424424424424185e+00 1.988168580487398003e+03
2.931431431431431367e+00 1.989638224029105459e+03
2.938438438438438549e+00 1.991106842386118615e+03
2.945445445445445287e+00 1.992574431555640103e+03
2.952452452452452469e+00 1.994040986730443819e+03
2.959459459459459651e+00 1.995506503311270990e+03
2.966466466466466390e+00 1.996970976499366770e+03
2.973473473473473572e+00 1.998434401985609384e+03
2.980480480480480310e+00 1.999896775032628284e+03
2.987487487487487492e+00 2.001358091124557632e+03
2.994494494494494674e+00 2.002818345665092693e+03
3.001501501501501412e+00 2.004277533797519027e+03
3.008508508508508594e+00 2.005735651430836469e+03
3.015515515515515332e+00 2.007192693532882231e+03
3.022522522522522515e+00 2.008648655596620074e+03
3.029529529529529697e+00 2.010103532968136051e+03
3.036536536536536435e+00 2.011557321351932160e+03
3.043543543543543617e+00 2.013010015941148140e+03
3.050550550550550355e+00 2.014461611993340966e+03
3.057557557557557537e+00 2.015912105517593091e+03
3.064564564564564719e+00 2.017361490718727055e+03
3.071571571571571457e+00 2.018809764667845457e+03
3.078578578578578639e+00 2.020256921199078988e+03
3.085585585585585378e+00 2.021702956491276382e+03
3.092592592592592560e+00 2.023147866066069582e+03
3.099599599599599742e+00 2.024591645295955686e+03
3.106606606606606480e+00 2.026034289054967758e+03
3.113613613613613662e+00 2.027475793166240919e+03
3.120620620620620400e+00 2.028916152733680519e+03
3.127627627627627582e+00 2.030355363709249332e+03
3.134634634634634764e+00 2.031793421476047570e+03
3.141641641641641503e+00 2.033230320496617196e+03
3.148648648648648685e+00 2.034666057424004975e+03
3.155655655655655423e+00 2.036100626782716745e+03
3.162662662662662605e+00 2.037534024326575036e+03
3.169669669669669787e+00 2.038966245698030434e+03
3.176676676676676525e+00 2.040397285838604148e+03
3.183683683683683707e+00 2.041827140511473544e+03
3.190690690690690445e+00 2.043255804723364236e+03
3.197697697697697627e+00 2.044683274191192822e+03
3.204704704704704810e+00 2.046109544522812712e+03
3.211711711711711548e+00 2.047534610760088754e+03
3.218718718718718730e+00 2.048958468659486698e+03
3.225725725725725912e+00 2.050381113272610946e+03
3.232732732732732650e+00 2.051802540300834153e+03
3.239739739739739832e+00 2.053222744901062924e+03
3.246746746746746570e+00 2.054641722848516110e+03
3.253753753753753752e+00 2.056059469171344517e+03
3.260760760760760935e+00 2.057475979473981624e+03
3.267767767767767673e+00 2.058891249611510375e+03
3.274774774774774855e+00 2.060305273975542150e+03
3.281781781781781593e+00 2.061718049154635992e+03
3.288788788788788775e+00 2.063129570256554871e+03
3.295795795795795957e+00 2.064539831621736084e+03
3.302802802802802695e+00 2.065948830082862969e+03
3.309809809809809877e+00 2.067356560363006793e+03
3.316816816816816615e+00 2.068763018091733102e+03
3.323823823823823798e+00 2.070168198710541219e+03
3.330830830830830980e+00 2.071572097774447229e+03
3.337837837837837718e+00 2.072974710388336916e+03
3.344844844844844900e+00 2.074376031905480431e+03
3.351851851851851638e+00 2.075776058547046432e+03
3.358858858858858820e+00 2.077174785040638653e+03
3.365865865865866002e+00 2.078572206978210488e+03
3.372872872872872740e+00 2.079968319578649698e+03
3.379879879879879923e+00 2.081363118859346741e+03
3.386886886886886661e+00 2.082756599734119391e+03
3.393893893893893843e+00 2.084148758098225699e+03
3.400900900900901025e+00 2.085539589057474586e+03
3.407907907907907763e+00 2.086929088350688289e+03
3.414914914914914945e+00 2.088317250694787617e+03
3.421921921921921683e+00 2.089704072609240939e+03
3.428928928928928865e+00 2.091089548644027673e+03
3.435935935935936048e+00 2.092473674922003738e+03
3.442942942942942786e+00 2.093856446498831247e+03
3.449949949949949968e+00 2.095237859270037461e+03
3.456956956956957150e+00 2.096617907852936696e+03
3.463963963963963888e+00 2.097996588493288073e+03
3.470970970970971070e+00 2.099373896331450851e+03
3.477977977977977808e+00 2.100749827041368007e+03
3.484984984984984990e+00 2.102124375670773134e+03
3.491991991991992172e+00 2.103497538186638394e+03
3.498998998998998911e+00 2.104869309592228547e+03
3.506006006006006093e+00 2.106239685808110153e+03
3.513013013013012831e+00 2.107608662105826625e+03
3.520020020020020013e+00 2.108976233965835036e+03
3.527027027027027195e+00 2.110342396947588441e+03
3.534034034034033933e+00 2.111707146192174150e+03
3.541041041041041115e+00 2.113070477550147189e+03
3.548048048048047853e+00 2.114432386201131521e+03
3.555055055055055035e+00 2.115792868155920587e+03
3.562062062062062218e+00 2.117151918235255380e+03
3.569069069069068956e+00 2.118509532296168800e+03
3.576076076076076138e+00 2.119865706054333259e+03
3.583083083083082876e+00 2.121220434805641162e+03
3.590090090090090058e+00 2.122573713671832138e+03
3.597097097097097240e+00 2.123925538452294859e+03
3.604104104104103978e+00 2.125275904749141318e+03
3.611111111111111160e+00 2.126624807963341482e+03
3.618118118118117899e+00 2.127972243481748137e+03
3.625125125125125081e+00 2.129318207153733056e+03
3.632132132132132263e+00 2.130662694203097544e+03
3.639139139139139001e+00 2.132005700281263671e+03
3.646146146146146183e+00 2.133347220833543815e+03
3.653153153153152921e+00 2.134687251241737613e+03
3.660160160160160103e+00 2.136025786947146116e+03
3.667167167167167285e+00 2.137362824584345617e+03
3.674174174174174023e+00 2.138698357930294605e+03
3.681181181181181206e+00 2.140032383586522883e+03
3.688188188188187944e+00 2.141364896771576241e+03
3.695195195195195126e+00 2.142695893164843710e+03
3.702202202202202308e+00 2.144025368562064614e+03
3.709209209209209046e+00 2.145353317816221534e+03
3.716216216216216228e+00 2.146679736834386404e+03
3.723223223223223410e+00 2.148004621236292223e+03
3.730230230230230148e+00 2.149327966425824798e+03
3.737237237237237331e+00 2.150649768179885996e+03
3.744244244244244069e+00 2.151970021725112929e+03
3.751251251251251251e+00 2.153288722337608306e+03
3.758258258258258433e+00 2.154605866594978579e+03
3.765265265265265171e+00 2.155921449283554921e+03
3.772272272272272353e+00 2.157235466377017019e+03
3.779279279279279091e+00 2.158547912867119521e+03
3.786286286286286273e+00 2.159858784726613521e+03
3.793293293293293456e+00 2.161168077497955892e+03
3.800300300300300194e+00 2.162475786682017770e+03
3.807307307307307376e+00 2.163781908013746033e+03
3.814314314314314114e+00 2.165086436612921716e+03
3.821321321321321296e+00 2.166389368893446772e+03
3.828328328328328478e+00 2.167690699632830274e+03
3.835335335335335216e+00 2.168990424483763036e+03
3.842342342342342398e+00 2.170288539697416127e+03
3.849349349349349136e+00 2.171585040527292222e+03
3.856356356356356319e+00 2.172879922099482883e+03
3.863363363363363501e+00 2.174173180255060743e+03
3.870370370370370239e+00 2.175464811078634739e+03
3.877377377377377421e+00 2.176754809874272269e+03
3.884384384384384159e+00 2.178043172134044198e+03
3.891391391391391341e+00 2.179329893474734490e+03
3.898398398398398523e+00 2.180614969819553153e+03
3.905405405405405261e+00 2.181898396218526159e+03
3.912412412412412444e+00 2.183180169225970531e+03
3.919419419419419182e+00 2.184460283204339248e+03
3.926426426426426364e+00 2.185738734709829259e+03
3.933433433433433546e+00 2.187015519153674177e+03
3.940440440440440284e+00 2.188290632211097545e+03
3.947447447447447466e+00 2.189564069386431129e+03
3.954454454454454204e+00 2.190835826468646246e+03
3.961461461461461386e+00 2.192105898815755154e+03
3.968468468468468568e+00 2.193374282440662682e+03
3.975475475475475307e+00 2.194640972800500094e+03
3.982482482482482489e+00 2.195905965514339186e+03
3.989489489489489671e+00 2.197169256348052841e+03
3.996496496496496409e+00 2.198430841295739810e+03
4.003503503503504035e+00 2.199690715056562112e+03
4.010510510510510329e+00 2.200948874639413589e+03
4.017517517517517511e+00 2.202205314199179156e+03
4.024524524524524693e+00 2.203460030593930242e+03
4.031531531531530987e+00 2.204713019197744870e+03
4.038538538538539058e+00 2.205964275737991557e+03
4.045545545545545352e+00 2.207213795211946035e+03
4.052552552552552534e+00 2.208461574611766991e+03
4.059559559559559716e+00 2.209707608429875563e+03
4.066566566566566010e+00 2.210951892832344129e+03
4.073573573573574080e+00 2.212194423937557985e+03
4.080580580580580374e+00 2.213435196528114375e+03
4.087587587587587556e+00 2.214674207350823053e+03
4.094594594594594739e+00 2.215911451306835261e+03
4.101601601601601033e+00 2.217146924660970399e+03
4.108608608608609103e+00 2.218380622851379485e+03
4.115615615615615397e+00 2.219612541440102632e+03
4.122622622622622579e+00 2.220842676717335962e+03
4.129629629629629761e+00 2.222071023727286502e+03
4.136636636636636055e+00 2.223297578819808678e+03
4.143643643643644126e+00 2.224522337699439049e+03
4.150650650650650419e+00 2.225745295582577000e+03
4.157657657657657602e+00 2.226966448733015568e+03
4.164664664664664784e+00 2.228185792718950779e+03
4.171671671671671078e+00 2.229403323018690116e+03
4.178678678678679148e+00 2.230619036074964697e+03
4.185685685685685442e+00 2.231832927152790489e+03
4.192692692692692624e+00 2.233044992241514137e+03
4.199699699699699806e+00 2.234255226831538948e+03
4.206706706706706100e+00 2.235463627083220672e+03
4.213713713713714171e+00 2.236670188534810677e+03
4.220720720720720465e+00 2.237874906931474925e+03
4.227727727727727647e+00 2.239077778531810964e+03
4.234734734734734829e+00 2.240278798071990423e+03
4.241741741741741123e+00 2.241477963311700478e+03
4.248748748748749193e+00 2.242675267702014480e+03
4.255755755755755487e+00 2.243870708904759795e+03
4.262762762762762669e+00 2.245064281722764918e+03
4.269769769769769852e+00 2.246255982325782043e+03
4.276776776776776146e+00 2.247445806464407724e+03
4.283783783783784216e+00 2.248633750450148455e+03
4.290790790790790510e+00 2.249819809010921290e+03
4.297797797797797692e+00 2.251003979211084697e+03
4.304804804804804874e+00 2.252186255760570930e+03
4.311811811811811168e+00 2.253366635668006438e+03
4.318818818818819238e+00 2.254545114019835182e+03
4.325825825825825532e+00 2.255721686870208032e+03
4.332832832832832715e+00 2.256896350166492539e+03
4.339839839839839897e+00 2.258069099414436550e+03
4.346846846846846191e+00 2.259239931493554650e+03
4.353853853853854261e+00 2.260408841193418539e+03
4.360860860860860555e+00 2.261575824584463589e+03
4.367867867867867737e+00 2.262740877999074655e+03
4.374874874874874919e+00 2.263903997094044371e+03
4.381881881881881213e+00 2.265065177730833057e+03
4.388888888888889284e+00 2.266224415738436619e+03
4.395895895895895578e+00 2.267381707363010719e+03
4.402902902902902760e+00 2.268537048041686830e+03
4.409909909909909942e+00 2.269690434319664291e+03
4.416916916916916236e+00 2.270841861761806740e+03
4.423923923923924306e+00 2.271991326228935577e+03
4.430930930930930600e+00 2.273138823958973262e+03
4.437937937937937782e+00 2.274284350247854945e+03
4.444944944944944965e+00 2.275427901530420058e+03
4.451951951951951258e+00 2.276569473851506700e+03
4.458958958958959329e+00 2.277709063036118550e+03
4.465965965965965623e+00 2.278846664783721735e+03
4.472972972972972805e+00 2.279982275554293210e+03
4.479979979979979987e+00 2.281115890967777432e+03
4.486986986986987169e+00 2.282247507306173247e+03
4.493993993993994351e+00 2.283377120223267411e+03
4.501001001001000645e+00 2.284504725931006760e+03
4.508008008008007828e+00 2.285630320000505435e+03
4.515015015015015010e+00 2.286753899103150161e+03
4.522022022022022192e+00 2.287875459178570509e+03
4.529029029029029374e+00 2.288994995434562952e+03
4.536036036036035668e+00 2.290112504769946554e+03
4.543043043043042850e+00 2.291227982414657163e+03
4.550050050050050032e+00 2.292341425585414072e+03
4.557057057057057214e+00 2.293452829033831222e+03
4.564064064064064397e+00 2.294562189606470838e+03
4.571071071071070691e+00 2.295669503031676868e+03
4.578078078078077873e+00 2.296774765541516445e+03
4.585085085085085055e+00 2.297877972693132506e+03
4.592092092092092237e+00 2.298979120841313943e+03
4.599099099099099419e+00 2.300078206713244981e+03
4.606106106106105713e+00 2.301175225645254613e+03
4.613113113113112895e+00 2.302270173450204766e+03
4.620120120120120077e+00 2.303363047297901176e+03
4.627127127127127260e+00 2.304453842515785709e+03
4.634134134134134442e+00 2.305542554838878004e+03
4.641141141141140736e+00 2.306629181181872809e+03
4.648148148148147918e+00 2.307713717055246889e+03
4.655155155155155100e+00 2.308796158947217918e+03
4.662162162162162282e+00 2.309876502975893345e+03
4.669169169169169464e+00 2.310954745457885565e+03
4.676176176176175758e+00 2.312030881662551565e+03
4.683183183183182940e+00 2.313104908686368162e+03
4.690190190190190123e+00 2.314176821729723997e+03
4.697197197197197305e+00 2.315246618159966602e+03
4.704204204204204487e+00 2.316314293346948034e+03
4.711211211211210781e+00 2.317379843683061154e+03
4.718218218218217963e+00 2.318443264389123669e+03
4.725225225225225145e+00 2.319504553524879611e+03
4.732232232232232327e+00 2.320563705548964663e+03
4.739239239239239510e+00 2.321620717721156325e+03
4.746246246246245803e+00 2.322675585664665505e+03
4.753253253253252986e+00 2.323728305763370827e+03
4.760260260260260168e+00 2.324778874234282739e+03
4.767267267267267350e+00 2.325827287507846904e+03
4.774274274274274532e+00 2.326873541634667617e+03
4.781281281281280826e+00 2.327917632325691557e+03
4.788288288288288008e+00 2.328959556214597796e+03
4.795295295295295190e+00 2.329999310138976853e+03
4.802302302302302373e+00 2.331036889451535444e+03
4.809309309309309555e+00 2.332072291017543193e+03
4.816316316316315849e+00 2.333105510441223032e+03
4.823323323323323031e+00 2.334136544729247362e+03
4.830330330330330213e+00 2.335165389751346993e+03
4.837337337337337395e+00 2.336192041542130028e+03
4.844344344344344577e+00 2.337216496945373819e+03
4.851351351351350871e+00 2.338238752086279419e+03
4.858358358358358053e+00 2.339258802842166460e+03
4.865365365365365236e+00 2.340276646015438018e+03
4.872372372372372418e+00 2.341292277516086870e+03
4.879379379379379600e+00 2.342305694092015983e+03
4.886386386386386782e+00 2.343316892077447392e+03
4.893393393393393076e+00 2.344325867347654821e+03
4.900400400400400258e+00 2.345332616180974583e+03
4.907407407407407440e+00 2.346337135560420393e+03
4.914414414414414622e+00 2.347339421572735318e+03
4.921421421421421805e+00 2.348339469873129474e+03
4.928428428428428099e+00 2.349337277986118352e+03
4.935435435435435281e+00 2.350332842031024029e+03
4.942442442442442463e+00 2.351326157520586094e+03
4.949449449449449645e+00 2.352317221564055671e+03
4.956456456456456827e+00 2.353306030670185464e+03
4.963463463463463121e+00 2.354292581105213685e+03
4.970470470470470303e+00 2.355276868745301272e+03
4.977477477477477485e+00 2.356258890198711924e+03
4.984484484484484668e+00 2.357238642437164799e+03
4.991491491491491850e+00 2.358216121216657939e+03
4.998498498498498144e+00 2.359191323862120953e+03
5.005505505505505326e+00 2.360164246085502782e+03
5.012512512512512508e+00 2.361134884030763715e+03
5.019519519519519690e+00 2.362103235035711350e+03
5.026526526526526872e+00 2.363069295269886425e+03
5.033533533533533166e+00 2.364033060995435790e+03
5.040540540540540349e+00 2.364994528873244690e+03
5.047547547547547531e+00 2.365953694775233998e+03
5.054554554554554713e+00 2.366910555758061491e+03
5.061561561561561895e+00 2.367865108986044561e+03
5.068568568568568189e+00 2.368817349428700254e+03
5.075575575575575371e+00 2.369767275066139064e+03
5.082582582582582553e+00 2.370714881233958295e+03
5.089589589589589735e+00 2.371660165269062873e+03
5.096596596596596918e+00 2.372603123707095165e+03
5.103603603603603212e+00 2.373543751917279678e+03
5.110610610610610394e+00 2.374482048440952440e+03
5.117617617617617576e+00 2.375418008448177261e+03
5.124624624624624758e+00 2.376351628481603257e+03
5.131631631631631940e+00 2.377282905619346366e+03
5.138638638638638234e+00 2.378211836260217751e+03
5.145645645645645416e+00 2.379138416955865068e+03
5.152652652652652598e+00 2.380062644578094478e+03
5.159659659659659781e+00 2.380984514965733979e+03
5.166666666666666963e+00 2.381904025598173575e+03
5.173673673673673257e+00 2.382821172647235926e+03
5.180680680680680439e+00 2.383735952572304086e+03
5.187687687687687621e+00 2.384648362654699213e+03
5.194694694694694803e+00 2.385558399189582360e+03
5.201701701701701985e+00 2.386466058531627823e+03
5.208708708708708279e+00 2.387371337633489475e+03
5.215715715715715461e+00 2.388274233363451003e+03
5.222722722722722644e+00 2.389174741928200092e+03
5.229729729729729826e+00 2.390072859868241267e+03
5.236736736736737008e+00 2.390968585251743662e+03
5.243743743743743302e+00 2.391861912553833463e+03
5.250750750750750484e+00 2.392752840469549028e+03
5.257757757757757666e+00 2.393641364310654808e+03
5.264764764764764848e+00 2.394527482185316785e+03
5.271771771771772030e+00 2.395411189317792832e+03
5.278778778778778324e+00 2.396292483500022627e+03
5.285785785785785507e+00 2.397171360869461751e+03
5.292792792792792689e+00 2.398047818622449540e+03
5.299799799799799871e+00 2.398921853350781475e+03
5.306806806806807053e+00 2.399793462079249366e+03
5.313813813813813347e+00 2.400662640981935056e+03
5.320820820820820529e+00 2.401529386914591214e+03
5.327827827827827711e+00 2.402393697139898450e+03
5.334834834834834894e+00 2.403255568543031131e+03
5.341841841841842076e+00 2.404114997066634260e+03
5.348848848848848370e+00 2.404971980002977489e+03
5.355855855855855552e+00 2.405826514822273111e+03
5.362862862862862734e+00 2.406678597286653712e+03
5.369869869869869916e+00 2.407528225106531409e+03
5.376876876876877098e+00 2.408375395095098611e+03
5.383883883883884280e+00 2.409220103140240553e+03
5.390890890890890574e+00 2.410062346653318400e+03
5.397897897897897757e+00 2.410902123285229663e+03
5.404904904904904939e+00 2.411739428620076069e+03
5.411911911911912121e+00 2.412574259890385747e+03
5.418918918918919303e+00 2.413406614887067917e+03
5.425925925925925597e+00 2.414236489619781878e+03
5.432932932932932779e+00 2.415063880689387133e+03
5.439939939939939961e+00 2.415888786368722776e+03
5.446946946946947143e+00 2.416711202497807790e+03
5.453953953953954326e+00 2.417531126791370298e+03
5.460960960960960620e+00 2.418348555013168607e+03
5.467967967967967802e+00 2.419163484591119868e+03
5.474974974974974984e+00 2.419975913525645410e+03
5.481981981981982166e+00 2.420785837646584696e+03
5.488988988988989348e+00 2.421593254537939629e+03
5.495995995995995642e+00 2.422398160366420143e+03
5.503003003003002824e+00 2.423200552845923539e+03
5.510010010010010006e+00 2.424000429081901984e+03
5.517017017017017189e+00 2.424797786011766220e+03
5.524024024024024371e+00 2.425592619928027943e+03
5.531031031031030665e+00 2.426384929007356732e+03
5.538038038038037847e+00 2.427174709036992226e+03
5.545045045045045029e+00 2.427961958250696625e+03
5.552052052052052211e+00 2.428746673158691920e+03
5.559059059059059393e+00 2.429528850565204721e+03
5.566066066066065687e+00 2.430308488081780069e+03
5.573073073073072869e+00 2.431085582560930106e+03
5.580080080080080052e+00 2.431860130725017370e+03
5.587087087087087234e+00 2.432632130617339499e+03
5.594094094094094416e+00 2.433401578112434890e+03
5.601101101101100710e+00 2.434168471548416619e+03
5.608108108108107892e+00 2.434932807264575786e+03
5.615115115115115074e+00 2.435694582358002663e+03
5.622122122122122256e+00 2.436453794727127843e+03
5.629129129129129439e+00 2.437210440782566820e+03
5.636136136136135732e+00 2.437964517745106150e+03
5.643143143143142915e+00 2.438716023265881176e+03
5.650150150150150097e+00 2.439464954377539925e+03
5.657157157157157279e+00 2.440211307743392808e+03
5.664164164164164461e+00 2.440955081309270554e+03
5.671171171171170755e+00 2.441696271682081260e+03
5.678178178178177937e+00 2.442434876462195916e+03
5.685185185185185119e+00 2.443170893143799731e+03
5.692192192192192302e+00 2.443904317577052552e+03
5.699199199199199484e+00 2.444635148752441182e+03
5.706206206206205778e+00 2.445363382950920368e+03
5.713213213213212960e+00 2.446089017666185100e+03
5.720220220220220142e+00 2.446812049761193975e+03
5.727227227227227324e+00 2.447532477453503361e+03
5.734234234234234506e+00 2.448250297836962091e+03
5.741241241241240800e+00 2.448965507125054501e+03
5.748248248248247982e+00 2.449678103687021576e+03
5.755255255255255165e+00 2.450388084607056498e+03
5.762262262262262347e+00 2.451095446853130852e+03
5.769269269269269529e+00 2.451800188103658002e+03
5.776276276276275823e+00 2.452502305903749857e+03
5.783283283283283005e+00 2.453201796751206984e+03
5.790290290290290187e+00 2.453898659038778533e+03
5.797297297297297369e+00 2.454592889846821436e+03
5.804304304304304551e+00 2.455284485923486045e+03
5.811311311311310845e+00 2.455973445606346104e+03
5.818318318318318028e+00 2.456659765783486364e+03
5.825325325325325210e+00 2.457343443606023811e+03
5.832332332332332392e+00 2.458024476927056185e+03
5.839339339339339574e+00 2.458702863439045359e+03
5.846346346346345868e+00 2.459378599732666771e+03
5.853353353353353050e+00 2.460051683759539628e+03
5.860360360360360232e+00 2.460722113172425452e+03
5.867367367367367414e+00 2.461389885253362081e+03
5.874374374374374597e+00 2.462054997292170356e+03
5.881381381381380891e+00 2.462717446952280625e+03
5.888388388388388073e+00 2.463377231545354789e+03
5.895395395395395255e+00 2.464034349014726558e+03
5.902402402402402437e+00 2.464688796386074046e+03
5.909409409409409619e+00 2.465340571463672859e+03
5.916416416416416801e+00 2.465989671648958847e+03
5.923423423423423095e+00 2.466636094512533418e+03
5.930430430430430278e+00 2.467279837463448530e+03
5.937437437437437460e+00 2.467920898668789960e+03
5.944444444444444642e+00 2.468559274685254877e+03
5.951451451451451824e+00 2.469194964462124517e+03
5.958458458458458118e+00 2.469827964157259885e+03
5.965465465465465300e+00 2.470458272407646291e+03
5.972472472472472482e+00 2.471085886144758206e+03
5.979479479479479664e+00 2.471710804103247028e+03
5.986486486486486847e+00 2.472333022225125205e+03
5.993493493493493141e+00 2.472952538974228446e+03
6.000500500500500323e+00 2.473569352732779407e+03
6.007507507507507505e+00 2.474183460121823373e+03
6.014514514514514687e+00 2.474794858725756058e+03
6.021521521521521869e+00 2.475403547126279591e+03
6.028528528528528163e+00 2.476009522801819458e+03
6.035535535535535345e+00 2.476612782878868529e+03
6.042542542542542527e+00 2.477213325432260717e+03
6.049549549549549710e+00 2.477811148134100222e+03
6.056556556556556892e+00 2.478406248634696567e+03
6.063563563563563186e+00 2.478998624994888360e+03
6.070570570570570368e+00 2.479588274537640245e+03
6.077577577577577550e+00 2.480175195192331557e+03
6.084584584584584732e+00 2.480759385050058427e+03
6.091591591591591914e+00 2.481340841285376882e+03
6.098598598598598208e+00 2.481919562124521690e+03
6.105605605605605390e+00 2.482495545221296197e+03
6.112612612612612573e+00 2.483068788230682003e+03
6.119619619619619755e+00 2.483639289542388269e+03
6.126626626626626937e+00 2.484207046021580027e+03
6.133633633633633231e+00 2.484772056811730181e+03
6.140640640640640413e+00 2.485334318690961481e+03
6.147647647647647595e+00 2.485893829293917406e+03
6.154654654654654777e+00 2.486450587428502331e+03
6.161661661661661959e+00 2.487004591169392825e+03
6.168668668668668253e+00 2.487555836948951310e+03
6.175675675675675436e+00 2.488104323945513443e+03
6.182682682682682618e+00 2.488650049397855128e+03
6.189689689689689800e+00 2.489193011653632311e+03
6.196696696696696982e+00 2.489733208856158399e+03
6.203703703703703276e+00 2.490270638094721562e+03
6.210710710710710458e+00 2.490805298087906522e+03
6.217717717717717640e+00 2.491337186117465990e+03
6.224724724724724823e+00 2.491866300853173470e+03
6.231731731731732005e+00 2.492392640044420659e+03
6.238738738738738299e+00 2.492916201397881650e+03
6.245745745745745481e+00 2.493436983083144696e+03
6.252752752752752663e+00 2.493954983033848293e+03
6.259759759759759845e+00 2.494470199873666388e+03
6.266766766766767027e+00 2.494982630804776818e+03
6.273773773773773321e+00 2.495492274662394266e+03
6.280780780780780503e+00 2.495999128138870674e+03
6.287787787787787686e+00 2.496503191071627043e+03
6.294794794794794868e+00 2.497004459694714114e+03
6.301801801801802050e+00 2.497502934249679583e+03
6.308808808808808344e+00 2.497998610956159155e+03
6.315815815815815526e+00 2.498491488973350897e+03
6.322822822822822708e+00 2.498981565819794469e+03
6.329829829829829890e+00 2.499468840046445621e+03
6.336836836836837072e+00 2.499953309285422620e+03
6.343843843843843366e+00 2.500434972006316457e+03
6.350850850850850549e+00 2.500913826672711366e+03
6.357857857857857731e+00 2.501389871119235977e+03
6.364864864864864913e+00 2.501863103268909526e+03
6.371871871871872095e+00 2.502333521895332524e+03
6.378878878878878389e+00 2.502801124700002674e+03
6.385885885885885571e+00 2.503265910082501705e+03
6.392892892892892753e+00 2.503727876286398441e+03
6.399899899899899935e+00 2.504187021220345741e+03
6.406906906906907118e+00 2.504643344057666127e+03
6.413913913913914300e+00 2.505096842575244409e+03
6.420920920920920594e+00 2.505547513832706500e+03
6.427927927927927776e+00 2.505995357593906192e+03
6.434934934934934958e+00 2.506440372280139400e+03
6.441941941941942140e+00 2.506882554611893738e+03
6.448948948948949322e+00 2.507321904483903836e+03
6.455955955955955616e+00 2.507758419439463069e+03
6.462962962962962798e+00 2.508192098395355970e+03
6.469969969969969981e+00 2.508622938928178883e+03
6.476976976976977163e+00 2.509050939305660904e+03
6.483983983983984345e+00 2.509476098749050379e+03
6.490990990990990639e+00 2.509898415469186602e+03
6.497997997997997821e+00 2.510317887113202687e+03
6.505005005005005003e+00 2.510734512717216603e+03
6.512012012012012185e+00 2.511148290411154449e+03
6.519019019019019368e+00 2.511559218487250291e+03
6.526026026026025662e+00 2.511967295823502354e+03
6.533033033033032844e+00 2.512372520412985978e+03
6.540040040040040026e+00 2.512774891128070067e+03
6.547047047047047208e+00 2.513174405944479076e+03
6.554054054054054390e+00 2.513571063879368921e+03
6.561061061061060684e+00 2.513964862724938484e+03
6.568068068068067866e+00 2.514355801498191340e+03
6.575075075075075048e+00 2.514743878402400696e+03
6.582082082082082231e+00 2.515129092038751423e+03
6.589089089089089413e+00 2.515511441227113664e+03
6.596096096096095707e+00 2.515890923847713111e+03
6.603103103103102889e+00 2.516267539205907269e+03
6.610110110110110071e+00 2.516641285096251522e+03
6.617117117117117253e+00 2.517012160656670858e+03
6.624124124124124435e+00 2.517380164360678464e+03
6.631131131131130729e+00 2.517745294512509190e+03
6.638138138138137911e+00 2.518107550029952108e+03
6.645145145145145094e+00 2.518466929272698053e+03
6.652152152152152276e+00 2.518823430996582829e+03
6.659159159159159458e+00 2.519177053634475214e+03
6.666166166166165752e+00 2.519527796085413684e+03
6.673173173173172934e+00 2.519875656850468658e+03
6.680180180180180116e+00 2.520220635051371119e+03
6.687187187187187298e+00 2.520562728582307045e+03
6.694194194194194480e+00 2.520901935742817386e+03
6.701201201201200774e+00 2.521238256967480538e+03
6.708208208208207957e+00 2.521571689908273584e+03
6.715215215215215139e+00 2.521902233346017056e+03
6.722222222222222321e+00 2.522229886062814330e+03
6.729229229229229503e+00 2.522554645618284212e+03
6.736236236236235797e+00 2.522876513436527148e+03
6.743243243243242979e+00 2.523195485718190412e+03
6.750250250250250161e+00 2.523511562582093575e+03
6.757257257257257343e+00 2.523824742378969859e+03
6.764264264264264526e+00 2.524135024260007867e+03
6.771271271271270820e+00 2.524442406258863684e+03
6.778278278278278002e+00 2.524746888145754838e+03
6.785285285285285184e+00 2.525048467992853148e+03
6.792292292292292366e+00 2.525347144800153728e+03
6.799299299299299548e+00 2.525642917950993706e+03
6.806306306306305842e+00 2.525935785646061049e+03
6.813313313313313024e+00 2.526225747318533649e+03
6.820320320320320207e+00 2.526512801201960428e+03
6.827327327327327389e+00 2.526796946701896559e+03
6.834334334334334571e+00 2.527078182752104112e+03
6.841341341341340865e+00 2.527356507425494328e+03
6.848348348348348047e+00 2.527631920710960912e+03
6.855355355355355229e+00 2.527904420990169001e+03
6.862362362362362411e+00 2.528174007441557478e+03
6.869369369369369593e+00 2.528440678830003435e+03
6.876376376376375887e+00 2.528704434580241468e+03
6.883383383383383070e+00 2.528965272872862897e+03
6.890390390390390252e+00 2.529223193357898253e+03
6.897397397397397434e+00 2.529478194753197840e+03
6.904404404404404616e+00 2.529730276459936704e+03
6.911411411411411798e+00 2.529979436267172787e+03
6.918418418418418092e+00 2.530225675215961019e+03
6.925425425425425274e+00 2.530468990554982611e+03
6.932432432432432456e+00 2.530709382511663989e+03
6.939439439439439639e+00 2.530946849481521895e+03
6.946446446446446821e+00 2.531181390823968741e+03
6.953453453453453115e+00 2.531413005558127225e+03
6.960460460460460297e+00 2.531641693188967565e+03
6.967467467467467479e+00 2.531867451924679244e+03
6.974474474474474661e+00 2.532090281632902133e+03
6.981481481481481843e+00 2.532310181055614521e+03
6.988488488488488137e+00 2.532527149859768997e+03
6.995495495495495319e+00 2.532741186711692990e+03
7.002502502502502502e+00 2.532952291104342294e+03
7.009509509509509684e+00 2.533160461691158616e+03
7.016516516516516866e+00 2.533365698571285520e+03
7.023523523523523160e+00 2.533568000373533323e+03
7.030530530530530342e+00 2.533767365716480526e+03
7.037537537537537524e+00 2.533963795299523554e+03
7.044544544544544706e+00 2.534157287586031998e+03
7.051551551551551889e+00 2.534347841109157343e+03
7.058558558558558182e+00 2.534535456131025057e+03
7.065565565565565365e+00 2.534720131900102842e+03
7.072572572572572547e+00 2.534901866846258145e+03
7.079579579579579729e+00 2.535080661041598887e+03
7.086586586586586911e+00 2.535256513492227896e+03
7.093593593593593205e+00 2.535429423783854418e+03
7.100600600600600387e+00 2.535599391170002036e+03
7.107607607607607569e+00 2.535766414779645856e+03
7.114614614614614752e+00 2.535930493885964552e+03
7.121621621621621934e+00 2.536091628400102763e+03
7.128628628628628228e+00 2.536249817140163032e+03
7.135635635635635410e+00 2.536405059725348110e+03
7.142642642642642592e+00 2.536557355703872872e+03
7.149649649649649774e+00 2.536706704217685456e+03
7.156656656656656956e+00 2.536853104810590139e+03
7.163663663663663250e+00 2.536996556847617285e+03
7.170670670670670432e+00 2.537137059822429364e+03
7.177677677677677615e+00 2.537274612923537916e+03
7.184684684684684797e+00 2.537409216300744447e+03
7.191691691691691979e+00 2.537540868993597996e+03
7.198698698698698273e+00 2.537669569983795554e+03
7.205705705705705455e+00 2.537795320248750613e+03
7.212712712712712637e+00 2.537918117550411807e+03
7.219719719719719819e+00 2.538037962297131344e+03
7.226726726726727001e+00 2.538154854480512768e+03
7.233733733733733295e+00 2.538268792365359332e+03
7.240740740740740478e+00 2.538379777099942203e+03
7.247747747747747660e+00 2.538487807224825247e+03
7.254754754754754842e+00 2.538592881881126232e+03
7.261761761761762024e+00 2.538695001566787596e+03
7.268768768768768318e+00 2.538794165887724830e+03
7.275775775775775500e+00 2.538890373861590888e+03
7.282782782782782682e+00 2.538983625305728765e+03
7.289789789789789864e+00 2.539073920559349972e+03
7.296796796796797047e+00 2.539161258295982861e+03
7.303803803803803341e+00 2.539245638885415701e+03
7.310810810810810523e+00 2.539327061559535650e+03
7.317817817817817705e+00 2.539405525977757861e+03
7.324824824824824887e+00 2.539481032061121823e+03
7.331831831831832069e+00 2.539553579666684982e+03
7.338838838838838363e+00 2.539623168160682781e+03
7.345845845845845545e+00 2.539689797281976098e+03
7.352852852852852727e+00 2.539753467229682883e+03
7.359859859859859910e+00 2.539814177030821156e+03
7.366866866866867092e+00 2.539871927565486203e+03
7.373873873873873386e+00 2.539926716983057759e+03
7.380880880880880568e+00 2.539978546647344047e+03
7.387887887887887750e+00 2.540027415517311965e+03
7.394894894894894932e+00 2.540073323863847236e+03
7.401901901901902114e+00 2.540116270590363911e+03
7.408908908908908408e+00 2.540156256749659406e+03
7.415915915915915591e+00 2.540193281307564575e+03
7.422922922922922773e+00 2.540227344744295806e+03
7.429929929929929955e+00 2.540258446216759239e+03
7.436936936936937137e+00 2.540286585968747659e+03
7.443943943943944319e+00 2.540311764289305756e+03
7.450950950950950613e+00 2.540333980376865384e+03
7.457957957957957795e+00 2.540353234496459208e+03
7.464964964964964977e+00 2.540369526965271234e+03
7.471971971971972160e+00 2.540382856626316425e+03
7.478978978978979342e+00 2.540393224677251055e+03
7.485985985985985636e+00 2.540400630171689500e+03
7.492992992992992818e+00 2.540405073538155193e+03
7.500000000000000000e+00 2.540406554743378365e+03
