5.000000000000000000e-01 3.324235016267615492e+02
5.070070070070069601e-01 3.326439119494681336e+02
5.140140140140140312e-01 3.328643799936330652e+02
5.210210210210209913e-01 3.330849050412703605e+02
5.280280280280280625e-01 3.333054863741405711e+02
5.350350350350350226e-01 3.335261232737553883e+02
5.420420420420419827e-01 3.337468150213833837e+02
5.490490490490490538e-01 3.339675608980541028e+02
5.560560560560560139e-01 3.341883601845629528e+02
5.630630630630630851e-01 3.344092121614771713e+02
5.700700700700700452e-01 3.346301161091390100e+02
5.770770770770771163e-01 3.348510713076722141e+02
5.840840840840840764e-01 3.350720770369856609e+02
5.910910910910911475e-01 3.352931325767789872e+02
5.980980980980981077e-01 3.355142372065470227e+02
6.051051051051050678e-01 3.357353902055847357e+02
6.121121121121121389e-01 3.359565908529922353e+02
6.191191191191190990e-01 3.361778384276794327e+02
6.261261261261261701e-01 3.363991322083704745e+02
6.331331331331331302e-01 3.366204714736092001e+02
6.401401401401400904e-01 3.368418555017635185e+02
6.471471471471471615e-01 3.370632835710303539e+02
6.541541541541541216e-01 3.372847549594405905e+02
6.611611611611611927e-01 3.375062689448631659e+02
6.681681681681681528e-01 3.377278248050103002e+02
6.751751751751751129e-01 3.379494218174426123e+02
6.821821821821821841e-01 3.381710592595730986e+02
6.891891891891892552e-01 3.383927364086722491e+02
6.961961961961962153e-01 3.386144525418727653e+02
7.032032032032031754e-01 3.388362069361742783e+02
7.102102102102102466e-01 3.390579988684479531e+02
7.172172172172172067e-01 3.392798276154409223e+02
7.242242242242242778e-01 3.395016924537820842e+02
7.312312312312312379e-01 3.397235926599847744e+02
7.382382382382381980e-01 3.399455275104535303e+02
7.452452452452452691e-01 3.401674962814875016e+02
7.522522522522522292e-01 3.403894982492852250e+02
7.592592592592593004e-01 3.406115326899500815e+02
7.662662662662662605e-01 3.408335988794930813e+02
7.732732732732732206e-01 3.410556960938399698e+02
7.802802802802802917e-01 3.412778236088336143e+02
7.872872872872873629e-01 3.414999807002400871e+02
7.942942942942943230e-01 3.417221666437525300e+02
8.013013013013012831e-01 3.419443807149954182e+02
8.083083083083082432e-01 3.421666221895306421e+02
8.153153153153153143e-01 3.423888903428598951e+02
8.223223223223223854e-01 3.426111844504308692e+02
8.293293293293293456e-01 3.428335037876414617e+02
8.363363363363363057e-01 3.430558476298436403e+02
8.433433433433432658e-01 3.432782152523489572e+02
8.503503503503503369e-01 3.435006059304320161e+02
8.573573573573574080e-01 3.437230189393358728e+02
8.643643643643643681e-01 3.439454535542759004e+02
8.713713713713713283e-01 3.441679090504445639e+02
8.783783783783783994e-01 3.443903847030157976e+02
8.853853853853853595e-01 3.446128797871498364e+02
8.923923923923924306e-01 3.448353935779966832e+02
8.993993993993993907e-01 3.450579253507020780e+02
9.064064064064063508e-01 3.452804743804098848e+02
9.134134134134134220e-01 3.455030399422689698e+02
9.204204204204204931e-01 3.457256213114351908e+02
9.274274274274274532e-01 3.459482177630777073e+02
9.344344344344344133e-01 3.461708285723819927e+02
9.414414414414413734e-01 3.463934530145551207e+02
9.484484484484484446e-01 3.466160903648299154e+02
9.554554554554555157e-01 3.468387398984687024e+02
9.624624624624624758e-01 3.470614008907689936e+02
9.694694694694694359e-01 3.472840726170661583e+02
9.764764764764763960e-01 3.475067543527389944e+02
9.834834834834834671e-01 3.477294453732137072e+02
9.904904904904905383e-01 3.479521449539678315e+02
9.974974974974974984e-01 3.481748523705352909e+02
1.004504504504504458e+00 3.483975668985098082e+02
1.011511511511511419e+00 3.486202878135497372e+02
1.018518518518518601e+00 3.488430143913824395e+02
1.025525525525525561e+00 3.490657459078079796e+02
1.032532532532532521e+00 3.492884816387039564e+02
1.039539539539539481e+00 3.495112208600293684e+02
1.046546546546546441e+00 3.497339628478286500e+02
1.053553553553553623e+00 3.499567068782369006e+02
1.060560560560560583e+00 3.501794522274826704e+02
1.067567567567567544e+00 3.504021981718933603e+02
1.074574574574574726e+00 3.506249439878984617e+02
1.081581581581581464e+00 3.508476889520343320e+02
1.088588588588588646e+00 3.510704323409485141e+02
1.095595595595595606e+00 3.512931734314029200e+02
1.102602602602602566e+00 3.515159115002790600e+02
1.109609609609609748e+00 3.517386458245816812e+02
1.116616616616616486e+00 3.519613756814429735e+02
1.123623623623623669e+00 3.521841003481263783e+02
1.130630630630630629e+00 3.524068191020310223e+02
1.137637637637637589e+00 3.526295312206958670e+02
1.144644644644644771e+00 3.528522359818033465e+02
1.151651651651651509e+00 3.530749326631841996e+02
1.158658658658658691e+00 3.532976205428208232e+02
1.165665665665665651e+00 3.535202988988510242e+02
1.172672672672672611e+00 3.537429670095734195e+02
1.179679679679679793e+00 3.539656241534500509e+02
1.186686686686686532e+00 3.541882696091111029e+02
1.193693693693693714e+00 3.544109026553589956e+02
1.200700700700700674e+00 3.546335225711713406e+02
1.207707707707707634e+00 3.548561286357069093e+02
1.214714714714714816e+00 3.550787201283070544e+02
1.221721721721721554e+00 3.553012963285021328e+02
1.228728728728728736e+00 3.555238565160138933e+02
1.235735735735735696e+00 3.557463999707597964e+02
1.242742742742742657e+00 3.559689259728568231e+02
1.249749749749749839e+00 3.561914338026257383e+02
1.256756756756756799e+00 3.564139227405950692e+02
1.263763763763763759e+00 3.566363920675045165e+02
1.270770770770770719e+00 3.568588410643087627e+02
1.277777777777777679e+00 3.570812690121819628e+02
1.284784784784784861e+00 3.573036751925211547e+02
1.291791791791791821e+00 3.575260588869503522e+02
1.298798798798798781e+00 3.577484193773240122e+02
1.305805805805805964e+00 3.579707559457312982e+02
1.312812812812812702e+00 3.581930678744996612e+02
1.319819819819819884e+00 3.584153544461985348e+02
1.326826826826826844e+00 3.586376149436434275e+02
1.333833833833833804e+00 3.588598486498992770e+02
1.340840840840840986e+00 3.590820548482848835e+02
1.347847847847847724e+00 3.593042328223760933e+02
1.354854854854854906e+00 3.595263818560092659e+02
1.361861861861861867e+00 3.597485012332862198e+02
1.368868868868868827e+00 3.599705902385767899e+02
1.375875875875876009e+00 3.601926481565229210e+02
1.382882882882882747e+00 3.604146742720426460e+02
1.389889889889889929e+00 3.606366678703329853e+02
1.396896896896896889e+00 3.608586282368751199e+02
1.403903903903903849e+00 3.610805546574360392e+02
1.410910910910911031e+00 3.613024464180740551e+02
1.417917917917917769e+00 3.615243028051412466e+02
1.424924924924924952e+00 3.617461231052877793e+02
1.431931931931931912e+00 3.619679066054652026e+02
1.438938938938938872e+00 3.621896525929298605e+02
1.445945945945946054e+00 3.624113603552472682e+02
1.452952952952952792e+00 3.626330291802945567e+02
1.459959959959959974e+00 3.628546583562653609e+02
1.466966966966966934e+00 3.630762471716722075e+02
1.473973973973973894e+00 3.632977949153510053e+02
1.480980980980981077e+00 3.635193008764636033e+02
1.487987987987987815e+00 3.637407643445023950e+02
1.494994994994994997e+00 3.639621846092933311e+02
1.502002002002001957e+00 3.641835609609988751e+02
1.509009009009008917e+00 3.644048926901228924e+02
1.516016016016016099e+00 3.646261790875128099e+02
1.523023023023023059e+00 3.648474194443635383e+02
1.530030030030030019e+00 3.650686130522213944e+02
1.537037037037036979e+00 3.652897592029868292e+02
1.544044044044043940e+00 3.655108571889182940e+02
1.551051051051051122e+00 3.657319063026357071e+02
1.558058058058058082e+00 3.659529058371236943e+02
1.565065065065065042e+00 3.661738550857349992e+02
1.572072072072072002e+00 3.663947533421942353e+02
1.579079079079078962e+00 3.666155999006005004e+02
1.586086086086086144e+00 3.668363940554318106e+02
1.593093093093093104e+00 3.670571351015474306e+02
1.600100100100100065e+00 3.672778223341921375e+02
1.607107107107107025e+00 3.674984550489988351e+02
1.614114114114114207e+00 3.677190325419920782e+02
1.621121121121121167e+00 3.679395541095921658e+02
1.628128128128128127e+00 3.681600190486168458e+02
1.635135135135135087e+00 3.683804266562863177e+02
1.642142142142142047e+00 3.686007762302255060e+02
1.649149149149149229e+00 3.688210670684676415e+02
1.656156156156156189e+00 3.690412984694573311e+02
1.663163163163163150e+00 3.692614697320541381e+02
1.670170170170170110e+00 3.694815801555354824e+02
1.677177177177177070e+00 3.697016290396003342e+02
1.684184184184184252e+00 3.699216156843722274e+02
1.691191191191191212e+00 3.701415393904016469e+02
1.698198198198198172e+00 3.703613994586710305e+02
1.705205205205205132e+00 3.705811951905959631e+02
1.712212212212212092e+00 3.708009258880299512e+02
1.719219219219219275e+00 3.710205908532668673e+02
1.726226226226226235e+00 3.712401893890436213e+02
1.733233233233233195e+00 3.714597207985445948e+02
1.740240240240240155e+00 3.716791843854035733e+02
1.747247247247247337e+00 3.718985794537076117e+02
1.754254254254254297e+00 3.721179053079996493e+02
1.761261261261261257e+00 3.723371612532821473e+02
1.768268268268268217e+00 3.725563465950193631e+02
1.775275275275275177e+00 3.727754606391416132e+02
1.782282282282282360e+00 3.729945026920469218e+02
1.789289289289289320e+00 3.732134720606055112e+02
1.796296296296296280e+00 3.734323680521617916e+02
1.803303303303303240e+00 3.736511899745377150e+02
1.810310310310310200e+00 3.738699371360361283e+02
1.817317317317317382e+00 3.740886088454433889e+02
1.824324324324324342e+00 3.743072044120323199e+02
1.831331331331331302e+00 3.745257231455656211e+02
1.838338338338338263e+00 3.747441643562984837e+02
1.845345345345345223e+00 3.749625273549817166e+02
1.852352352352352405e+00 3.751808114528645888e+02
1.859359359359359365e+00 3.753990159616982965e+02
1.866366366366366325e+00 3.756171401937378960e+02
1.873373373373373285e+00 3.758351834617459417e+02
1.880380380380380467e+00 3.760531450789954988e+02
1.887387387387387427e+00 3.762710243592725305e+02
1.894394394394394388e+00 3.764888206168795932e+02
1.901401401401401348e+00 3.767065331666375414e+02
1.908408408408408308e+00 3.769241613238896207e+02
1.915415415415415490e+00 3.771417044045036278e+02
1.922422422422422450e+00 3.773591617248746388e+02
1.929429429429429410e+00 3.775765326019286476e+02
1.936436436436436370e+00 3.777938163531247255e+02
1.943443443443443330e+00 3.780110122964575794e+02
1.950450450450450512e+00 3.782281197504613601e+02
1.957457457457457473e+00 3.784451380342117091e+02
1.964464464464464433e+00 3.786620664673289411e+02
1.971471471471471393e+00 3.788789043699798640e+02
1.978478478478478575e+00 3.790956510628826663e+02
1.985485485485485535e+00 3.793123058673070318e+02
1.992492492492492495e+00 3.795288681050788000e+02
1.999499499499499455e+00 3.797453370985822403e+02
2.006506506506506415e+00 3.799617121707619845e+02
2.013513513513513598e+00 3.801779926451273468e+02
2.020520520520520336e+00 3.803941778457532337e+02
2.027527527527527518e+00 3.806102670972841224e+02
2.034534534534534700e+00 3.808262597249363353e+02
2.041541541541541438e+00 3.810421550545003129e+02
2.048548548548548620e+00 3.812579524123448209e+02
2.055555555555555358e+00 3.814736511254168363e+02
2.062562562562562540e+00 3.816892505212470041e+02
2.069569569569569722e+00 3.819047499279509452e+02
2.076576576576576461e+00 3.821201486742317002e+02
2.083583583583583643e+00 3.823354460893832538e+02
2.090590590590590381e+00 3.825506415032918426e+02
2.097597597597597563e+00 3.827657342464399335e+02
2.104604604604604745e+00 3.829807236499079863e+02
2.111611611611611927e+00 3.831956090453773527e+02
2.118618618618618665e+00 3.834103897651326633e+02
2.125625625625625403e+00 3.836250651420643862e+02
2.132632632632632586e+00 3.838396345096716686e+02
2.139639639639639768e+00 3.840540972020648383e+02
2.146646646646646950e+00 3.842684525539672791e+02
2.153653653653653688e+00 3.844826999007186714e+02
2.160660660660660426e+00 3.846968385782774931e+02
2.167667667667667608e+00 3.849108679232234635e+02
2.174674674674674790e+00 3.851247872727591357e+02
2.181681681681681972e+00 3.853385959647140453e+02
2.188688688688688710e+00 3.855522933375463026e+02
2.195695695695695449e+00 3.857658787303441841e+02
2.202702702702702631e+00 3.859793514828304524e+02
2.209709709709709813e+00 3.861927109353636069e+02
2.216716716716716995e+00 3.864059564289399873e+02
2.223723723723723733e+00 3.866190873051974108e+02
2.230730730730730471e+00 3.868321029064169920e+02
2.237737737737737653e+00 3.870450025755254160e+02
2.244744744744744835e+00 3.872577856560972123e+02
2.251751751751752018e+00 3.874704514923578245e+02
2.258758758758758756e+00 3.876829994291857133e+02
2.265765765765765494e+00 3.878954288121138916e+02
2.272772772772772676e+00 3.881077389873340735e+02
2.279779779779779858e+00 3.883199293016972433e+02
2.286786786786787040e+00 3.885319991027172364e+02
2.293793793793793778e+00 3.887439477385723876e+02
2.300800800800800516e+00 3.889557745581081463e+02
2.307807807807807698e+00 3.891674789108398045e+02
2.314814814814814881e+00 3.893790601469537478e+02
2.321821821821822063e+00 3.895905176173112636e+02
2.328828828828828801e+00 3.898018506734493371e+02
2.335835835835835539e+00 3.900130586675840050e+02
2.342842842842842721e+00 3.902241409526123448e+02
2.349849849849849903e+00 3.904350968821146353e+02
2.356856856856857085e+00 3.906459258103569709e+02
2.363863863863863823e+00 3.908566270922927970e+02
2.370870870870870561e+00 3.910672000835658082e+02
2.377877877877877744e+00 3.912776441405130186e+02
2.384884884884884926e+00 3.914879586201646475e+02
2.391891891891892108e+00 3.916981428802489518e+02
2.398898898898898846e+00 3.919081962791927936e+02
2.405905905905905584e+00 3.921181181761240850e+02
2.412912912912912766e+00 3.923279079308753126e+02
2.419919919919919948e+00 3.925375649039839345e+02
2.426926926926927131e+00 3.927470884566955647e+02
2.433933933933933869e+00 3.929564779509662458e+02
2.440940940940940607e+00 3.931657327494644960e+02
2.447947947947947789e+00 3.933748522155732985e+02
2.454954954954954971e+00 3.935838357133922045e+02
2.461961961961962153e+00 3.937926826077404598e+02
2.468968968968968891e+00 3.940013922641577437e+02
2.475975975975975629e+00 3.942099640489075227e+02
2.482982982982982811e+00 3.944183973289785854e+02
2.489989989989989994e+00 3.946266914720870318e+02
2.496996996996997176e+00 3.948348458466798547e+02
2.504004004004003914e+00 3.950428598219344281e+02
2.511011011011011096e+00 3.952507327677637932e+02
2.518018018018017834e+00 3.954584640548163179e+02
2.525025025025025016e+00 3.956660530544785388e+02
2.532032032032032198e+00 3.958734991388779463e+02
2.539039039039038936e+00 3.960808016808848606e+02
2.546046046046046119e+00 3.962879600541136256e+02
2.553053053053052857e+00 3.964949736329259622e+02
2.560060060060060039e+00 3.967018417924320488e+02
2.567067067067067221e+00 3.969085639084938748e+02
2.574074074074073959e+00 3.971151393577253543e+02
2.581081081081081141e+00 3.973215675174967600e+02
2.588088088088087879e+00 3.975278477659351779e+02
2.595095095095095061e+00 3.977339794819268377e+02
2.602102102102102243e+00 3.979399620451200690e+02
2.609109109109108982e+00 3.981457948359262673e+02
2.616116116116116164e+00 3.983514772355224522e+02
2.623123123123122902e+00 3.985570086258536548e+02
2.630130130130130084e+00 3.987623883896341113e+02
2.637137137137137266e+00 3.989676159103507302e+02
2.644144144144144004e+00 3.991726905722630363e+02
2.651151151151151186e+00 3.993776117604074898e+02
2.658158158158157924e+00 3.995823788605985101e+02
2.665165165165165106e+00 3.997869912594297261e+02
2.672172172172172289e+00 3.999914483442775577e+02
2.679179179179179027e+00 4.001957495033024088e+02
2.686186186186186209e+00 4.003998941254506008e+02
2.693193193193193391e+00 4.006038816004568162e+02
2.700200200200200129e+00 4.008077113188458043e+02
2.707207207207207311e+00 4.010113826719350527e+02
2.714214214214214049e+00 4.012148950518351853e+02
2.721221221221221231e+00 4.014182478514545096e+02
2.728228228228228414e+00 4.016214404644989600e+02
2.735235235235235152e+00 4.018244722854750535e+02
2.742242242242242334e+00 4.020273427096914247e+02
2.749249249249249072e+00 4.022300511332615542e+02
2.756256256256256254e+00 4.024325969531048486e+02
2.763263263263263436e+00 4.026349795669497666e+02
2.770270270270270174e+00 4.028371983733347861e+02
2.777277277277277356e+00 4.030392527716110180e+02
2.784284284284284094e+00 4.032411421619444241e+02
2.791291291291291277e+00 4.034428659453169530e+02
2.798298298298298459e+00 4.036444235235296674e+02
2.805305305305305197e+00 4.038458142992038802e+02
2.812312312312312379e+00 4.040470376757835993e+02
2.819319319319319117e+00 4.042480930575374600e+02
2.826326326326326299e+00 4.044489798495610557e+02
2.833333333333333481e+00 4.046496974577781884e+02
2.840340340340340219e+00 4.048502452889433698e+02
2.847347347347347402e+00 4.050506227506443793e+02
2.854354354354354140e+00 4.052508292513033439e+02
2.861361361361361322e+00 4.054508642001788985e+02
2.868368368368368504e+00 4.056507270073693689e+02
2.875375375375375242e+00 4.058504170838128857e+02
2.882382382382382424e+00 4.060499338412907946e+02
2.889389389389389162e+00 4.062492766924298166e+02
2.896396396396396344e+00 4.064484450507032989e+02
2.903403403403403527e+00 4.066474383304332605e+02
2.910410410410410265e+00 4.068462559467928941e+02
2.917417417417417447e+00 4.070448973158087256e+02
2.924424424424424185e+00 4.072433618543621492e+02
2.931431431431431367e+00 4.074416489801917578e+02
2.938438438438438549e+00 4.076397581118949915e+02
2.945445445445445287e+00 4.078376886689313778e+02
2.952452452452452469e+00 4.080354400716230430e+02
2.959459459459459651e+00 4.082330117411573838e+02
2.966466466466466390e+00 4.084304030995900234e+02
2.973473473473473572e+00 4.086276135698453800e+02
2.980480480480480310e+00 4.088246425757199631e+02
2.987487487487487492e+00 4.090214895418830565e+02
2.994494494494494674e+00 4.092181538938812650e+02
3.001501501501501412e+00 4.094146350581374918e+02
3.008508508508508594e+00 4.096109324619552581e+02
3.015515515515515332e+00 4.098070455335201814e+02
3.022522522522522515e+00 4.100029737019015101e+02
3.029529529529529697e+00 4.101987163970558186e+02
3.036536536536536435e+00 4.103942730498266087e+02
3.043543543543543617e+00 4.105896430919488012e+02
3.050550550550550355e+00 4.107848259560500992e+02
3.057557557557557537e+00 4.109798210756518984e+02
3.064564564564564719e+00 4.111746278851736065e+02
3.071571571571571457e+00 4.113692458199329849e+02
3.078578578578578639e+00 4.115636743161493314e+02
3.085585585585585378e+00 4.117579128109447311e+02
3.092592592592592560e+00 4.119519607423474099e+02
3.099599599599599742e+00 4.121458175492936675e+02
3.106606606606606480e+00 4.123394826716279340e+02
3.113613613613613662e+00 4.125329555501086816e+02
3.120620620620620400e+00 4.127262356264072878e+02
3.127627627627627582e+00 4.129193223431121851e+02
3.134634634634634764e+00 4.131122151437303955e+02
3.141641641641641503e+00 4.133049134726895772e+02
3.148648648648648685e+00 4.134974167753412075e+02
3.155655655655655423e+00 4.136897244979611514e+02
3.162662662662662605e+00 4.138818360877536406e+02
3.169669669669669787e+00 4.140737509928526379e+02
3.176676676676676525e+00 4.142654686623237126e+02
3.183683683683683707e+00 4.144569885461678496e+02
3.190690690690690445e+00 4.146483100953215057e+02
3.197697697697697627e+00 4.148394327616614419e+02
3.204704704704704810e+00 4.150303559980043815e+02
3.211711711711711548e+00 4.152210792581116721e+02
3.218718718718718730e+00 4.154116019966903650e+02
3.225725725725725912e+00 4.156019236693957168e+02
3.232732732732732650e+00 4.157920437328330081e+02
3.239739739739739832e+00 4.159819616445620341e+02
3.246746746746746570e+00 4.161716768630959109e+02
3.253753753753753752e+00 4.163611888479074423e+02
3.260760760760760935e+00 4.165504970594279257e+02
3.267767767767767673e+00 4.167396009590524955e+02
3.274774774774774855e+00 4.169285000091402935e+02
3.281781781781781593e+00 4.171171936730180505e+02
3.288788788788788775e+00 4.173056814149825868e+02
3.295795795795795957e+00 4.174939627003027454e+02
3.302802802802802695e+00 4.176820369952219494e+02
3.309809809809809877e+00 4.178699037669613290e+02
3.316816816816816615e+00 4.180575624837208011e+02
3.323823823823823798e+00 4.182450126146831053e+02
3.330830830830830980e+00 4.184322536300154525e+02
3.337837837837837718e+00 4.186192850008721962e+02
3.344844844844844900e+00 4.188061061993973340e+02
3.351851851851851638e+00 4.189927166987271221e+02
3.358858858858858820e+00 4.191791159729934293e+02
3.365865865865866002e+00 4.193653034973239642e+02
3.372872872872872740e+00 4.195512787478478458e+02
3.379879879879879923e+00 4.197370412016963428e+02
3.386886886886886661e+00 4.199225903370050901e+02
3.393893893893893843e+00 4.201079256329192617e+02
3.400900900900901025e+00 4.202930465695924340e+02
3.407907907907907763e+00 4.204779526281934068e+02
3.414914914914914945e+00 4.206626432909049527e+02
3.421921921921921683e+00 4.208471180409290469e+02
3.428928928928928865e+00 4.210313763624894250e+02
3.435935935935936048e+00 4.212154177408323790e+02
3.442942942942942786e+00 4.213992416622322708e+02
3.449949949949949968e+00 4.215828476139914756e+02
3.456956956956957150e+00 4.217662350844450430e+02
3.463963963963963888e+00 4.219494035629626865e+02
3.470970970970971070e+00 4.221323525399519667e+02
3.477977977977977808e+00 4.223150815068609063e+02
3.484984984984984990e+00 4.224975899561800361e+02
3.491991991991992172e+00 4.226798773814468859e+02
3.498998998998998911e+00 4.228619432772470645e+02
3.506006006006006093e+00 4.230437871392180114e+02
3.513013013013012831e+00 4.232254084640519523e+02
3.520020020020020013e+00 4.234068067494986281e+02
3.527027027027027195e+00 4.235879814943679094e+02
3.534034034034033933e+00 4.237689321985328661e+02
3.541041041041041115e+00 4.239496583629323823e+02
3.548048048048047853e+00 4.241301594895754761e+02
3.555055055055055035e+00 4.243104350815417547e+02
3.562062062062062218e+00 4.244904846429872123e+02
3.569069069069068956e+00 4.246703076791447984e+02
3.576076076076076138e+00 4.248499036963282265e+02
3.583083083083082876e+00 4.250292722019361236e+02
3.590090090090090058e+00 4.252084127044535080e+02
3.597097097097097240e+00 4.253873247134550866e+02
3.604104104104103978e+00 4.255660077396086081e+02
3.611111111111111160e+00 4.257444612946782172e+02
3.618118118118117899e+00 4.259226848915272967e+02
3.625125125125125081e+00 4.261006780441205137e+02
3.632132132132132263e+00 4.262784402675285946e+02
3.639139139139139001e+00 4.264559710779304282e+02
3.646146146146146183e+00 4.266332699926163059e+02
3.653153153153152921e+00 4.268103365299908774e+02
3.660160160160160103e+00 4.269871702095766750e+02
3.667167167167167285e+00 4.271637705520178656e+02
3.674174174174174023e+00 4.273401370790808187e+02
3.681181181181181206e+00 4.275162693136610415e+02
3.688188188188187944e+00 4.276921667797831788e+02
3.695195195195195126e+00 4.278678290026055606e+02
3.702202202202202308e+00 4.280432555084238402e+02
3.709209209209209046e+00 4.282184458246731538e+02
3.716216216216216228e+00 4.283933994799320999e+02
3.723223223223223410e+00 4.285681160039252404e+02
3.730230230230230148e+00 4.287425949275269090e+02
3.737237237237237331e+00 4.289168357827649061e+02
3.744244244244244069e+00 4.290908381028222038e+02
3.751251251251251251e+00 4.292646014220417214e+02
3.758258258258258433e+00 4.294381252759294512e+02
3.765265265265265171e+00 4.296114092011558228e+02
3.772272272272272353e+00 4.297844527355625814e+02
3.779279279279279091e+00 4.299572554181621626e+02
3.786286286286286273e+00 4.301298167891437743e+02
3.793293293293293456e+00 4.303021363898752725e+02
3.800300300300300194e+00 4.304742137629071976e+02
3.807307307307307376e+00 4.306460484519755596e+02
3.814314314314314114e+00 4.308176400020055894e+02
3.821321321321321296e+00 4.309889879591145245e+02
3.828328328328328478e+00 4.311600918706157017e+02
3.835335335335335216e+00 4.313309512850212286e+02
3.842342342342342398e+00 4.315015657520452805e+02
3.849349349349349136e+00 4.316719348226079660e+02
3.856356356356356319e+00 4.318420580488380551e+02
3.863363363363363501e+00 4.320119349840770155e+02
3.870370370370370239e+00 4.321815651828815135e+02
3.877377377377377421e+00 4.323509482010271086e+02
3.884384384384384159e+00 4.325200835955118919e+02
3.891391391391391341e+00 4.326889709245594418e+02
3.898398398398398523e+00 4.328576097476220639e+02
3.905405405405405261e+00 4.330259996253842587e+02
3.912412412412412444e+00 4.331941401197661889e+02
3.919419419419419182e+00 4.333620307939269196e+02
3.926426426426426364e+00 4.335296712122672602e+02
3.933433433433433546e+00 4.336970609404335164e+02
3.940440440440440284e+00 4.338641995453210711e+02
3.947447447447447466e+00 4.340310865950768857e+02
3.954454454454454204e+00 4.341977216591030810e+02
3.961461461461461386e+00 4.343641043080604049e+02
3.968468468468468568e+00 4.345302341138717566e+02
3.975475475475475307e+00 4.346961106497242895e+02
3.982482482482482489e+00 4.348617334900736751e+02
3.989489489489489671e+00 4.350271022106470014e+02
3.996496496496496409e+00 4.351922163884462407e+02
4.003503503503504035e+00 4.353570756017507506e+02
4.010510510510510329e+00 4.355216794301209120e+02
4.017517517517517511e+00 4.356860274544013691e+02
4.024524524524524693e+00 4.358501192567240423e+02
4.031531531531530987e+00 4.360139544205110269e+02
4.038538538538539058e+00 4.361775325304780608e+02
4.045545545545545352e+00 4.363408531726374235e+02
4.052552552552552534e+00 4.365039159343004940e+02
4.059559559559559716e+00 4.366667204040822980e+02
4.066566566566566010e+00 4.368292661719023044e+02
4.073573573573574080e+00 4.369915528289892563e+02
4.080580580580580374e+00 4.371535799678836725e+02
4.087587587587587556e+00 4.373153471824399503e+02
4.094594594594594739e+00 4.374768540678302315e+02
4.101601601601601033e+00 4.376381002205466757e+02
4.108608608608609103e+00 4.377990852384051550e+02
4.115615615615615397e+00 4.379598087205467891e+02
4.122622622622622579e+00 4.381202702674418106e+02
4.129629629629629761e+00 4.382804694808911563e+02
4.136636636636636055e+00 4.384404059640313562e+02
4.143643643643644126e+00 4.386000793213341922e+02
4.150650650650650419e+00 4.387594891586117001e+02
4.157657657657657602e+00 4.389186350830178753e+02
4.164664664664664784e+00 4.390775167030514012e+02
4.171671671671671078e+00 4.392361336285578091e+02
4.178678678678679148e+00 4.393944854707323202e+02
4.185685685685685442e+00 4.395525718421221200e+02
4.192692692692692624e+00 4.397103923566286312e+02
4.199699699699699806e+00 4.398679466295108114e+02
4.206706706706706100e+00 4.400252342773851524e+02
4.213713713713714171e+00 4.401822549182306830e+02
4.220720720720720465e+00 4.403390081713891391e+02
4.227727727727727647e+00 4.404954936575678630e+02
4.234734734734734829e+00 4.406517109988423044e+02
4.241741741741741123e+00 4.408076598186568731e+02
4.248748748748749193e+00 4.409633397418280083e+02
4.255755755755755487e+00 4.411187503945457138e+02
4.262762762762762669e+00 4.412738914043744671e+02
4.269769769769769852e+00 4.414287624002570283e+02
4.276776776776776146e+00 4.415833630125145532e+02
4.283783783783784216e+00 4.417376928728482426e+02
4.290790790790790510e+00 4.418917516143418425e+02
4.297797797797797692e+00 4.420455388714628953e+02
4.304804804804804874e+00 4.421990542800633079e+02
4.311811811811811168e+00 4.423522974773818532e+02
4.318818818818819238e+00 4.425052681020450791e+02
4.325825825825825532e+00 4.426579657940684456e+02
4.332832832832832715e+00 4.428103901948568932e+02
4.339839839839839897e+00 4.429625409472079127e+02
4.346846846846846191e+00 4.431144176953096121e+02
4.353853853853854261e+00 4.432660200847443548e+02
4.360860860860860555e+00 4.434173477624877933e+02
4.367867867867867737e+00 4.435684003769106312e+02
4.374874874874874919e+00 4.437191775777786802e+02
4.381881881881881213e+00 4.438696790162538264e+02
4.388888888888889284e+00 4.440199043448944849e+02
4.395895895895895578e+00 4.441698532176552590e+02
4.402902902902902760e+00 4.443195252898881336e+02
4.409909909909909942e+00 4.444689202183434986e+02
4.416916916916916236e+00 4.446180376611671363e+02
4.423923923923924306e+00 4.447668772779042570e+02
4.430930930930930600e+00 4.449154387294955768e+02
4.437937937937937782e+00 4.450637216782803876e+02
4.444944944944944965e+00 4.452117257879940553e+02
4.451951951951951258e+00 4.453594507237687594e+02
4.458958958958959329e+00 4.455068961521329243e+02
4.465965965965965623e+00 4.456540617410095138e+02
4.472972972972972805e+00 4.458009471597162019e+02
4.479979979979979987e+00 4.459475520789656002e+02
4.486986986986987169e+00 4.460938761708617903e+02
4.493993993993994351e+00 4.462399191089012902e+02
4.501001001001000645e+00 4.463856805679708941e+02
4.508008008008007828e+00 4.465311602243470475e+02
4.515015015015015010e+00 4.466763577556936866e+02
4.522022022022022192e+00 4.468212728410613863e+02
4.529029029029029374e+00 4.469659051608850859e+02
4.536036036036035668e+00 4.471102543969823273e+02
4.543043043043042850e+00 4.472543202325524589e+02
4.550050050050050032e+00 4.473981023521726001e+02
4.557057057057057214e+00 4.475416004417973568e+02
4.564064064064064397e+00 4.476848141887550128e+02
4.571071071071070691e+00 4.478277432817463932e+02
4.578078078078077873e+00 4.479703874108413970e+02
4.585085085085085055e+00 4.481127462674755861e+02
4.592092092092092237e+00 4.482548195444499015e+02
4.599099099099099419e+00 4.483966069359245239e+02
4.606106106106105713e+00 4.485381081374181917e+02
4.613113113113112895e+00 4.486793228458026306e+02
4.620120120120120077e+00 4.488202507593018140e+02
4.627127127127127260e+00 4.489608915774853131e+02
4.634134134134134442e+00 4.491012450012672161e+02
4.641141141141140736e+00 4.492413107329010700e+02
4.648148148148147918e+00 4.493810884759756163e+02
4.655155155155155100e+00 4.495205779354101878e+02
4.662162162162162282e+00 4.496597788174520929e+02
4.669169169169169464e+00 4.497986908296707043e+02
4.676176176176175758e+00 4.499373136809525704e+02
4.683183183183182940e+00 4.500756470814975501e+02
4.690190190190190123e+00 4.502136907428133554e+02
4.697197197197197305e+00 4.503514443777098677e+02
4.704204204204204487e+00 4.504889077002945896e+02
4.711211211211210781e+00 4.506260804259669612e+02
4.718218218218217963e+00 4.507629622714121638e+02
4.725225225225225145e+00 4.508995529545959471e+02
4.732232232232232327e+00 4.510358521947584904e+02
4.739239239239239510e+00 4.511718597124076950e+02
4.746246246246245803e+00 4.513075752293132155e+02
4.753253253253252986e+00 4.514429984685001500e+02
4.760260260260260168e+00 4.515781291542416511e+02
4.767267267267267350e+00 4.517129670120530136e+02
4.774274274274274532e+00 4.518475117686836597e+02
4.781281281281280826e+00 4.519817631521100907e+02
4.788288288288288008e+00 4.521157208915294632e+02
4.795295295295295190e+00 4.522493847173498125e+02
4.802302302302302373e+00 4.523827543611849933e+02
4.809309309309309555e+00 4.525158295558446753e+02
4.816316316316315849e+00 4.526486100353263282e+02
4.823323323323323031e+00 4.527810955348084576e+02
4.830330330330330213e+00 4.529132857906400886e+02
4.837337337337337395e+00 4.530451805403330923e+02
4.844344344344344577e+00 4.531767795225532041e+02
4.851351351351350871e+00 4.533080824771110429e+02
4.858358358358358053e+00 4.534390891449520495e+02
4.865365365365365236e+00 4.535697992681480173e+02
4.872372372372372418e+00 4.537002125898865188e+02
4.879379379379379600e+00 4.538303288544618681e+02
4.886386386386386782e+00 4.539601478072645477e+02
4.893393393393393076e+00 4.540896691947706927e+02
4.900400400400400258e+00 4.542188927645327112e+02
4.907407407407407440e+00 4.543478182651672910e+02
4.914414414414414622e+00 4.544764454463454513e+02
4.921421421421421805e+00 4.546047740587814587e+02
4.928428428428428099e+00 4.547328038542211743e+02
4.935435435435435281e+00 4.548605345854309121e+02
4.942442442442442463e+00 4.549879660061860136e+02
4.949449449449449645e+00 4.551150978712584561e+02
4.956456456456456827e+00 4.552419299364055973e+02
4.963463463463463121e+00 4.553684619583572157e+02
4.970470470470470303e+00 4.554946936948042548e+02
4.977477477477477485e+00 4.556206249043843286e+02
4.984484484484484668e+00 4.557462553466708641e+02
4.991491491491491850e+00 4.558715847821590614e+02
4.998498498498498144e+00 4.559966129722536152e+02
5.005505505505505326e+00 4.561213396792531967e+02
5.012512512512512508e+00 4.562457646663402215e+02
5.019519519519519690e+00 4.563698876975641952e+02
5.026526526526526872e+00 4.564937085378293204e+02
5.033533533533533166e+00 4.566172269528790935e+02
5.040540540540540349e+00 4.567404427092841388e+02
5.047547547547547531e+00 4.568633555744254409e+02
5.054554554554554713e+00 4.569859653164806446e+02
5.061561561561561895e+00 4.571082717044090487e+02
5.068568568568568189e+00 4.572302745079366559e+02
5.075575575575575371e+00 4.573519734975404845e+02
5.082582582582582553e+00 4.574733684444337314e+02
5.089589589589589735e+00 4.575944591205495726e+02
5.096596596596596918e+00 4.577152452985255877e+02
5.103603603603603212e+00 4.578357267516873890e+02
5.110610610610610394e+00 4.579559032540336148e+02
5.117617617617617576e+00 4.580757745802178533e+02
5.124624624624624758e+00 4.581953405055328972e+02
5.131631631631631940e+00 4.583146008058949974e+02
5.138638638638638234e+00 4.584335552578249917e+02
5.145645645645645416e+00 4.585522036384331273e+02
5.152652652652652598e+00 4.586705457253999612e+02
5.159659659659659781e+00 4.587885812969614676e+02
5.166666666666666963e+00 4.589063101318887448e+02
5.173673673673673257e+00 4.590237320094715301e+02
5.180680680680680439e+00 4.591408467095013748e+02
5.187687687687687621e+00 4.592576540122511233e+02
5.194694694694694803e+00 4.593741536984591107e+02
5.201701701701701985e+00 4.594903455493090405e+02
5.208708708708708279e+00 4.596062293464126469e+02
5.215715715715715461e+00 4.597218048717899137e+02
5.222722722722722644e+00 4.598370719078517936e+02
5.229729729729729826e+00 4.599520302373795175e+02
5.236736736736737008e+00 4.600666796435066317e+02
5.243743743743743302e+00 4.601810199096989322e+02
5.250750750750750484e+00 4.602950508197365593e+02
5.257757757757757666e+00 4.604087721576921695e+02
5.264764764764764848e+00 4.605221837079132001e+02
5.271771771771772030e+00 4.606352852550016905e+02
5.278778778778778324e+00 4.607480765837934200e+02
5.285785785785785507e+00 4.608605574793393771e+02
5.292792792792792689e+00 4.609727277268840453e+02
5.299799799799799871e+00 4.610845871118466448e+02
5.306806806806807053e+00 4.611961354197995320e+02
5.313813813813813347e+00 4.613073724364481336e+02
5.320820820820820529e+00 4.614182979476112791e+02
5.327827827827827711e+00 4.615289117391989748e+02
5.334834834834834894e+00 4.616392135971922244e+02
5.341841841841842076e+00 4.617492033076227926e+02
5.348848848848848370e+00 4.618588806565518325e+02
5.355855855855855552e+00 4.619682454300484551e+02
5.362862862862862734e+00 4.620772974141685836e+02
5.369869869869869916e+00 4.621860363949351154e+02
5.376876876876877098e+00 4.622944621583146727e+02
5.383883883883884280e+00 4.624025744901978214e+02
5.390890890890890574e+00 4.625103731763770156e+02
5.397897897897897757e+00 4.626178580025253950e+02
5.404904904904904939e+00 4.627250287541745593e+02
5.411911911911912121e+00 4.628318852166939905e+02
5.418918918918919303e+00 4.629384271752697373e+02
5.425925925925925597e+00 4.630446544148808243e+02
5.432932932932932779e+00 4.631505667202798122e+02
5.439939939939939961e+00 4.632561638759701736e+02
5.446946946946947143e+00 4.633614456661839540e+02
5.453953953953954326e+00 4.634664118748613646e+02
5.460960960960960620e+00 4.635710622856279315e+02
5.467967967967967802e+00 4.636753966817740320e+02
5.474974974974974984e+00 4.637794148462307930e+02
5.481981981981982166e+00 4.638831165615511054e+02
5.488988988988989348e+00 4.639865016098863180e+02
5.495995995995995642e+00 4.640895697729642393e+02
5.503003003003002824e+00 4.641923208320688445e+02
5.510010010010010006e+00 4.642947545680173107e+02
5.517017017017017189e+00 4.643968707611389846e+02
5.524024024024024371e+00 4.644986691912528727e+02
5.531031031031030665e+00 4.646001496376480304e+02
5.538038038038037847e+00 4.647013118790601993e+02
5.545045045045045029e+00 4.648021556936511161e+02
5.552052052052052211e+00 4.649026808589862867e+02
5.559059059059059393e+00 4.650028871520155462e+02
5.566066066066065687e+00 4.651027743490490707e+02
5.573073073073072869e+00 4.652023422257393577e+02
5.580080080080080052e+00 4.653015905570574660e+02
5.587087087087087234e+00 4.654005191172728928e+02
5.594094094094094416e+00 4.654991276799334514e+02
5.601101101101100710e+00 4.655974160178432157e+02
5.608108108108107892e+00 4.656953839030429663e+02
5.615115115115115074e+00 4.657930311067881917e+02
5.622122122122122256e+00 4.658903573995306147e+02
5.629129129129129439e+00 4.659873625508964210e+02
5.636136136136135732e+00 4.660840463296660801e+02
5.643143143143142915e+00 4.661804085037546201e+02
5.650150150150150097e+00 4.662764488401925291e+02
5.657157157157157279e+00 4.663721671051048361e+02
5.664164164164164461e+00 4.664675630636915002e+02
5.671171171171170755e+00 4.665626364802094486e+02
5.678178178178177937e+00 4.666573871179518278e+02
5.685185185185185119e+00 4.667518147392293031e+02
5.692192192192192302e+00 4.668459191053522659e+02
5.699199199199199484e+00 4.669396999766110525e+02
5.706206206206205778e+00 4.670331571122574132e+02
5.713213213213212960e+00 4.671262902704870044e+02
5.720220220220220142e+00 4.672190992084213690e+02
5.727227227227227324e+00 4.673115836820894629e+02
5.734234234234234506e+00 4.674037434464106582e+02
5.741241241241240800e+00 4.674955782551768948e+02
5.748248248248247982e+00 4.675870878610365935e+02
5.755255255255255165e+00 4.676782720154765229e+02
5.762262262262262347e+00 4.677691304688064520e+02
5.769269269269269529e+00 4.678596629701419261e+02
5.776276276276275823e+00 4.679498692673892606e+02
5.783283283283283005e+00 4.680397491072279195e+02
5.790290290290290187e+00 4.681293022350978390e+02
5.797297297297297369e+00 4.682185283951814654e+02
5.804304304304304551e+00 4.683074273303907944e+02
5.811311311311310845e+00 4.683959987823520237e+02
5.818318318318318028e+00 4.684842424913914556e+02
5.825325325325325210e+00 4.685721581965214000e+02
5.832332332332332392e+00 4.686597456354268161e+02
5.839339339339339574e+00 4.687470045444523521e+02
5.846346346346345868e+00 4.688339346585884755e+02
5.853353353353353050e+00 4.689205357114595927e+02
5.860360360360360232e+00 4.690068074353119982e+02
5.867367367367367414e+00 4.690927495610015399e+02
5.874374374374374597e+00 4.691783618179819655e+02
5.881381381381380891e+00 4.692636439342944072e+02
5.888388388388388073e+00 4.693485956365566949e+02
5.895395395395395255e+00 4.694332166499519303e+02
5.902402402402402437e+00 4.695175066982196199e+02
5.909409409409409619e+00 4.696014655036458976e+02
5.916416416416416801e+00 4.696850927870536907e+02
5.923423423423423095e+00 4.697683882677947054e+02
5.930430430430430278e+00 4.698513516637412408e+02
5.937437437437437460e+00 4.699339826912771514e+02
5.944444444444444642e+00 4.700162810652915937e+02
5.951451451451451824e+00 4.700982464991712959e+02
5.958458458458458118e+00 4.701798787047941346e+02
5.965465465465465300e+00 4.702611773925230523e+02
5.972472472472472482e+00 4.703421422711998616e+02
5.979479479479479664e+00 4.704227730481412095e+02
5.986486486486486847e+00 4.705030694291318127e+02
5.993493493493493141e+00 4.705830311184221273e+02
6.000500500500500323e+00 4.706626578187234600e+02
6.007507507507507505e+00 4.707419492312046714e+02
6.014514514514514687e+00 4.708209050554893338e+02
6.021521521521521869e+00 4.708995249896532869e+02
6.028528528528528163e+00 4.709778087302233871e+02
6.035535535535535345e+00 4.710557559721748362e+02
6.042542542542542527e+00 4.711333664089315221e+02
6.049549549549549710e+00 4.712106397323646547e+02
6.056556556556556892e+00 4.712875756327939598e+02
6.063563563563563186e+00 4.713641737989864851e+02
6.070570570570570368e+00 4.714404339181606360e+02
6.077577577577577550e+00 4.715163556759845846e+02
6.084584584584584732e+00 4.715919387565808734e+02
6.091591591591591914e+00 4.716671828425281774e+02
6.098598598598598208e+00 4.717420876148647153e+02
6.105605605605605390e+00 4.718166527530918870e+02
6.112612612612612573e+00 4.718908779351792759e+02
6.119619619619619755e+00 4.719647628375688555e+02
6.126626626626626937e+00 4.720383071351809008e+02
6.133633633633633231e+00 4.721115105014192181e+02
6.140640640640640413e+00 4.721843726081792738e+02
6.147647647647647595e+00 4.722568931258538782e+02
6.154654654654654777e+00 4.723290717233414284e+02
6.161661661661661959e+00 4.724009080680539228e+02
6.168668668668668253e+00 4.724724018259268519e+02
6.175675675675675436e+00 4.725435526614264177e+02
6.182682682682682618e+00 4.726143602375620389e+02
6.189689689689689800e+00 4.726848242158953894e+02
6.196696696696696982e+00 4.727549442565513687e+02
6.203703703703703276e+00 4.728247200182304368e+02
6.210710710710710458e+00 4.728941511582215753e+02
6.217717717717717640e+00 4.729632373324132004e+02
6.224724724724724823e+00 4.730319781953079428e+02
6.231731731731732005e+00 4.731003734000370287e+02
6.238738738738738299e+00 4.731684225983738656e+02
6.245745745745745481e+00 4.732361254407495608e+02
6.252752752752752663e+00 4.733034815762690641e+02
6.259759759759759845e+00 4.733704906527273693e+02
6.266766766766767027e+00 4.734371523166262250e+02
6.273773773773773321e+00 4.735034662131915297e+02
6.280780780780780503e+00 4.735694319863926580e+02
6.287787787787787686e+00 4.736350492789593432e+02
6.294794794794794868e+00 4.737003177324020839e+02
6.301801801801802050e+00 4.737652369870323810e+02
6.308808808808808344e+00 4.738298066819822907e+02
6.315815815815815526e+00 4.738940264552254007e+02
6.322822822822822708e+00 4.739578959435998513e+02
6.329829829829829890e+00 4.740214147828289128e+02
6.336836836836837072e+00 4.740845826075445757e+02
6.343843843843843366e+00 4.741473990513107424e+02
6.350850850850850549e+00 4.742098637466473861e+02
6.357857857857857731e+00 4.742719763250547089e+02
6.364864864864864913e+00 4.743337364170384376e+02
6.371871871871872095e+00 4.743951436521351752e+02
6.378878878878878389e+00 4.744561976589395158e+02
6.385885885885885571e+00 4.745168980651292827e+02
6.392892892892892753e+00 4.745772444974943483e+02
6.399899899899899935e+00 4.746372365819639185e+02
6.406906906906907118e+00 4.746968739436345572e+02
6.413913913913914300e+00 4.747561562068001422e+02
6.420920920920920594e+00 4.748150829949802869e+02
6.427927927927927776e+00 4.748736539309513205e+02
6.434934934934934958e+00 4.749318686367767555e+02
6.441941941941942140e+00 4.749897267338376423e+02
6.448948948948949322e+00 4.750472278428655386e+02
6.455955955955955616e+00 4.751043715839742276e+02
6.462962962962962798e+00 4.751611575766909255e+02
6.469969969969969981e+00 4.752175854399924901e+02
6.476976976976977163e+00 4.752736547923364014e+02
6.483983983983984345e+00 4.753293652516965153e+02
6.490990990990990639e+00 4.753847164355977384e+02
6.497997997997997821e+00 4.754397079611506456e+02
6.505005005005005003e+00 4.754943394450876895e+02
6.512012012012012185e+00 4.755486105037988978e+02
6.519019019019019368e+00 4.756025207533697312e+02
6.526026026026025662e+00 4.756560698096164401e+02
6.533033033033032844e+00 4.757092572881250589e+02
6.540040040040040026e+00 4.757620828042897188e+02
6.547047047047047208e+00 4.758145459733496523e+02
6.554054054054054390e+00 4.758666464104288707e+02
6.561061061061060684e+00 4.759183837305765223e+02
6.568068068068067866e+00 4.759697575488054326e+02
6.575075075075075048e+00 4.760207674801326903e+02
6.582082082082082231e+00 4.760714131396202902e+02
6.589089089089089413e+00 4.761216941424164588e+02
6.596096096096095707e+00 4.761716101037968656e+02
6.603103103103102889e+00 4.762211606392061185e+02
6.610110110110110071e+00 4.762703453643007379e+02
6.617117117117117253e+00 4.763191638949909361e+02
6.624124124124124435e+00 4.763676158474837052e+02
6.631131131131130729e+00 4.764157008383265861e+02
6.638138138138137911e+00 4.764634184844507558e+02
6.645145145145145094e+00 4.765107684032152520e+02
6.652152152152152276e+00 4.765577502124509692e+02
6.659159159159159458e+00 4.766043635305054522e+02
6.666166166166165752e+00 4.766506079762875174e+02
6.673173173173172934e+00 4.766964831693131259e+02
6.680180180180180116e+00 4.767419887297500054e+02
6.687187187187187298e+00 4.767871242784633523e+02
6.694194194194194480e+00 4.768318894370628414e+02
6.701201201201200774e+00 4.768762838279475886e+02
6.708208208208207957e+00 4.769203070743539570e+02
6.715215215215215139e+00 4.769639588004010307e+02
6.722222222222222321e+00 4.770072386311381933e+02
6.729229229229229503e+00 4.770501461925922513e+02
6.736236236236235797e+00 4.770926811118147270e+02
6.743243243243242979e+00 4.771348430169292669e+02
6.750250250250250161e+00 4.771766315371796168e+02
6.757257257257257343e+00 4.772180463029772568e+02
6.764264264264264526e+00 4.772590869459495480e+02
6.771271271271270820e+00 4.772997530989876509e+02
6.778278278278278002e+00 4.773400443962955251e+02
6.785285285285285184e+00 4.773799604734373361e+02
6.792292292292292366e+00 4.774195009673869663e+02
6.799299299299299548e+00 4.774586655165762181e+02
6.806306306306305842e+00 4.774974537609432446e+02
6.813313313313313024e+00 4.775358653419816619e+02
6.820320320320320207e+00 4.775738999027895488e+02
6.827327327327327389e+00 4.776115570881180474e+02
6.834334334334334571e+00 4.776488365444199644e+02
6.841341341341340865e+00 4.776857379198999638e+02
6.848348348348348047e+00 4.777222608645621449e+02
6.855355355355355229e+00 4.777584050302593255e+02
6.862362362362362411e+00 4.777941700707427231e+02
6.869369369369369593e+00 4.778295556417102716e+02
6.876376376376375887e+00 4.778645614008554503e+02
6.883383383383383070e+00 4.778991870079162823e+02
6.890390390390390252e+00 4.779334321247242201e+02
6.897397397397397434e+00 4.779672964152524060e+02
6.904404404404404616e+00 4.780007795456651252e+02
6.911411411411411798e+00 4.780338811843652138e+02
6.918418418418418092e+00 4.780666010020432282e+02
6.925425425425425274e+00 4.780989386717252501e+02
6.932432432432432456e+00 4.781308938688216585e+02
6.939439439439439639e+00 4.781624662711743099e+02
6.946446446446446821e+00 4.781936555591047977e+02
6.953453453453453115e+00 4.782244614154618603e+02
6.960460460460460297e+00 4.782548835256691859e+02
6.967467467467467479e+00 4.782849215777722520e+02
6.974474474474474661e+00 4.783145752624851070e+02
6.981481481481481843e+00 4.783438442732384033e+02
6.988488488488488137e+00 4.783727283062245306e+02
6.995495495495495319e+00 4.784012270604445121e+02
7.002502502502502502e+00 4.784293402377537632e+02
7.009509509509509684e+00 4.784570675429088737e+02
7.016516516516516866e+00 4.784844086836114343e+02
7.023523523523523160e+00 4.785113633705545340e+02
7.030530530530530342e+00 4.785379313174668141e+02
7.037537537537537524e+00 4.785641122411577157e+02
7.044544544544544706e+00 4.785899058615609079e+02
7.051551551551551889e+00 4.786153119017781705e+02
7.058558558558558182e+00 4.786403300881242444e+02
7.065565565565565365e+00 4.786649601501673601e+02
7.072572572572572547e+00 4.786892018207745423e+02
7.079579579579579729e+00 4.787130548361523097e+02
7.086586586586586911e+00 4.787365189358888529e+02
7.093593593593593205e+00 4.787595938629962689e+02
7.100600600600600387e+00 4.787822793639502947e+02
7.107607607607607569e+00 4.788045751887323149e+02
7.114614614614614752e+00 4.788264810908680715e+02
7.121621621621621934e+00 4.788479968274689327e+02
7.128628628628628228e+00 4.788691221592691818e+02
7.135635635635635410e+00 4.788898568506666038e+02
7.142642642642642592e+00 4.789102006697594902e+02
7.149649649649649774e+00 4.789301533883844399e+02
7.156656656656656956e+00 4.789497147821539329e+02
7.163663663663663250e+00 4.789688846304927665e+02
7.170670670670670432e+00 4.789876627166741514e+02
7.177677677677677615e+00 4.790060488278550110e+02
7.184684684684684797e+00 4.790240427551110542e+02
7.191691691691691979e+00 4.790416442934719612e+02
7.198698698698698273e+00 4.790588532419535568e+02
7.205705705705705455e+00 4.790756694035925989e+02
7.212712712712712637e+00 4.790920925854782126e+02
7.219719719719719819e+00 4.791081225987852577e+02
7.226726726726727001e+00 4.791237592588038865e+02
7.233733733733733295e+00 4.791390023849718887e+02
7.240740740740740478e+00 4.791538518009041354e+02
7.247747747747747660e+00 4.791683073344220816e+02
7.254754754754754842e+00 4.791823688175821303e+02
7.261761761761762024e+00 4.791960360867050213e+02
7.268768768768768318e+00 4.792093089824018648e+02
7.275775775775775500e+00 4.792221873496019384e+02
7.282782782782782682e+00 4.792346710375782095e+02
7.289789789789789864e+00 4.792467598999730285e+02
7.296796796796797047e+00 4.792584537948229126e+02
7.303803803803803341e+00 4.792697525845816244e+02
7.310810810810810523e+00 4.792806561361452395e+02
7.317817817817817705e+00 4.792911643208732357e+02
7.324824824824824887e+00 4.793012770146100934e+02
7.331831831831832069e+00 4.793109940977080328e+02
7.338838838838838363e+00 4.793203154550457157e+02
7.345845845845845545e+00 4.793292409760480837e+02
7.352852852852852727e+00 4.793377705547065943e+02
7.359859859859859910e+00 4.793459040895950238e+02
7.366866866866867092e+00 4.793536414838890209e+02
7.373873873873873386e+00 4.793609826453808864e+02
7.380880880880880568e+00 4.793679274864964555e+02
7.387887887887887750e+00 4.793744759243093654e+02
7.394894894894894932e+00 4.793806278805557213e+02
7.401901901901902114e+00 4.793863832816475110e+02
7.408908908908908408e+00 4.793917420586846561e+02
7.415915915915915591e+00 4.793967041474674602e+02
7.422922922922922773e+00 4.794012694885071824e+02
7.429929929929929955e+00 4.794054380270371780e+02
7.436936936936937137e+00 4.794092097130202319e+02
7.443943943943944319e+00 4.794125845011600973e+02
7.450950950950950613e+00 4.794155623509062139e+02
7.457957957957957795e+00 4.794181432264629734e+02
7.464964964964964977e+00 4.794203270967950630e+02
7.471971971971972160e+00 4.794221139356324102e+02
7.478978978978979342e+00 4.794235037214757540e+02
7.485985985985985636e+00 4.794244964375989753e+02
7.492992992992992818e+00 4.794250920720531894e+02
7.500000000000000000e+00 4.794252906176677129e+02
