1.500000000000000000e+01 2.213985192646782707e+01
1.620120120120120077e+01 2.576101258984454034e+01
1.740240240240240155e+01 2.963991320054151402e+01
1.860360360360360232e+01 3.377197389844570807e+01
1.980480480480480310e+01 3.815232567649763951e+01
2.100600600600600387e+01 4.277581803186842535e+01
2.220720720720720820e+01 4.763702703773469693e+01
2.340840840840840897e+01 5.273026381909528482e+01
2.460960960960960975e+01 5.804958341531380484e+01
2.581081081081081052e+01 6.358879401132287512e+01
2.701201201201201130e+01 6.934146651876017131e+01
2.821321321321321562e+01 7.530094448765157722e+01
2.941441441441441640e+01 8.146035432869257420e+01
3.061561561561561717e+01 8.781261582562808599e+01
3.181681681681681795e+01 9.435045291675112367e+01
3.301801801801801872e+01 1.010664047241115213e+02
3.421921921921921950e+01 1.079528368086432693e+02
3.542042042042042027e+01 1.150019526290896010e+02
3.662162162162162105e+01 1.222058051823562437e+02
3.782282282282282182e+01 1.295563088026740388e+02
3.902402402402402259e+01 1.370452510968226534e+02
4.022522522522523047e+01 1.446643049925395417e+02
4.142642642642643125e+01 1.524050408771951197e+02
4.262762762762763202e+01 1.602589388038184097e+02
4.382882882882883280e+01 1.682174007416192580e+02
4.503003003003003357e+01 1.762717628482358805e+02
4.623123123123123435e+01 1.844133077411469230e+02
4.743243243243243512e+01 1.926332767458435455e+02
4.863363363363363590e+01 2.009228820986758137e+02
4.983483483483483667e+01 2.092733190825563270e+02
5.103603603603603744e+01 2.176757780740904309e+02
5.223723723723723822e+01 2.261214564811085665e+02
5.343843843843843899e+01 2.346015705500125250e+02
5.463963963963963977e+01 2.431073670228599894e+02
5.584084084084084054e+01 2.516301346246455068e+02
5.704204204204204132e+01 2.601612153617966214e+02
5.824324324324324209e+01 2.686920156135474826e+02
5.944444444444444287e+01 2.772140169984687645e+02
6.064564564564564364e+01 2.857187869991405478e+02
6.184684684684684441e+01 2.941979893286571723e+02
6.304804804804804519e+01 3.026433940233924886e+02
6.424924924924926017e+01 3.110468872472406474e+02
6.545045045045046095e+01 3.194004807933129086e+02
6.665165165165166172e+01 3.276963212699116639e+02
6.785285285285286250e+01 3.359266989584293697e+02
6.905405405405406327e+01 3.440840563316556882e+02
7.025525525525526405e+01 3.521609962218708461e+02
7.145645645645646482e+01 3.601502896289565570e+02
7.265765765765766560e+01 3.680448831596486343e+02
7.385885885885886637e+01 3.758379060899624164e+02
7.506006006006006714e+01 3.835226770436973993e+02
7.626126126126126792e+01 3.910927102808520885e+02
7.746246246246246869e+01 3.985417215906624051e+02
7.866366366366366947e+01 4.058636337848843141e+02
7.986486486486487024e+01 4.130525817878340149e+02
8.106606606606607102e+01 4.201029173205788538e+02
8.226726726726727179e+01 4.270092131775564894e+02
8.346846846846847257e+01 4.337662670947580636e+02
8.466966966966967334e+01 4.403691052094767429e+02
8.587087087087087411e+01 4.468129851124300558e+02
8.707207207207207489e+01 4.530933984939273387e+02
8.827327327327327566e+01 4.592060733865089333e+02
8.947447447447447644e+01 4.651469760072982353e+02
9.067567567567567721e+01 4.709123122040439284e+02
9.187687687687687799e+01 4.764985285095716563e+02
9.307807807807807876e+01 4.819023128100681106e+02
9.427927927927927954e+01 4.871205946333124075e+02
9.548048048048048031e+01 4.921505450636014984e+02
9.668168168168168108e+01 4.969895762907646031e+02
9.788288288288288186e+01 5.016353408012458885e+02
9.908408408408408263e+01 5.060857302197864556e+02
1.002852852852852834e+02 5.103388738107971676e+02
1.014864864864864842e+02 5.143931366489791799e+02
1.026876876876876850e+02 5.182471174692489058e+02
1.038888888888888857e+02 5.218996462064314983e+02
1.050900900900900865e+02 5.253497812355991528e+02
1.062912912912912873e+02 5.285968063242945618e+02
1.074924924924924881e+02 5.316402273082113652e+02
1.086936936936936888e+02 5.344797685022004998e+02
1.098948948948948896e+02 5.371153688587290844e+02
1.110960960960960904e+02 5.395471778861581242e+02
1.122972972972973054e+02 5.417755513393919955e+02
1.134984984984985061e+02 5.438010466956200162e+02
1.146996996996997069e+02 5.456244184279902356e+02
1.159009009009009077e+02 5.472466130901701717e+02
1.171021021021021085e+02 5.486687642247887879e+02
1.183033033033033092e+02 5.498921871088097078e+02
1.195045045045045100e+02 5.509183733488764574e+02
1.207057057057057108e+02 5.517489853396415356e+02
1.219069069069069116e+02 5.523858505980422251e+02
1.231081081081081123e+02 5.528309559863997720e+02
1.243093093093093131e+02 5.530864418371016882e+02
1.255105105105105139e+02 5.531545959915006279e+02
1.267117117117117147e+02 5.530378477654802509e+02
1.279129129129129154e+02 5.527387618539880805e+02
1.291141141141141020e+02 5.522600321865828619e+02
1.303153153153153312e+02 5.516044757458514596e+02
1.315165165165165035e+02 5.507750263602732730e+02
1.327177177177177327e+02 5.497747284828600414e+02
1.339189189189189051e+02 5.486067309665929770e+02
1.351201201201201343e+02 5.472742808473909690e+02
1.363213213213213066e+02 5.457807171450132273e+02
1.375225225225225358e+02 5.441294646919742490e+02
1.387237237237237082e+02 5.423240280001908786e+02
1.399249249249249374e+02 5.403679851747351677e+02
1.411261261261261097e+02 5.382649818837023759e+02
1.423273273273273389e+02 5.360187253927934989e+02
1.435285285285285397e+02 5.336329786728815634e+02
1.447297297297297405e+02 5.311115545883839104e+02
1.459309309309309413e+02 5.284583101739040103e+02
1.471321321321321420e+02 5.256771410061847973e+02
1.483333333333333428e+02 5.227719756780245461e+02
1.495345345345345436e+02 5.197467703803871473e+02
1.507357357357357444e+02 5.166055035985411905e+02
1.519369369369369451e+02 5.133521709276565161e+02
1.531381381381381459e+02 5.099907800128664803e+02
1.543393393393393467e+02 5.065253456184282186e+02
1.555405405405405475e+02 5.029598848301806697e+02
1.567417417417417482e+02 4.992984123951332549e+02
1.579429429429429490e+02 4.955449362016033774e+02
1.591441441441441498e+02 4.917034529029550072e+02
1.603453453453453506e+02 4.877779436875971442e+02
1.615465465465465513e+02 4.837723701975378390e+02
1.627477477477477521e+02 4.796906705974198530e+02
1.639489489489489529e+02 4.755367557956160454e+02
1.651501501501501536e+02 4.713145058186052552e+02
1.663513513513513544e+02 4.670277663395294780e+02
1.675525525525525552e+02 4.626803453614837736e+02
1.687537537537537560e+02 4.582760100557982241e+02
1.699549549549549567e+02 4.538184837552521458e+02
1.711561561561561575e+02 4.493114431018662458e+02
1.723573573573573583e+02 4.447585153486470517e+02
1.735585585585585591e+02 4.401632758143757087e+02
1.747597597597597598e+02 4.355292454902847794e+02
1.759609609609609606e+02 4.308598887972157740e+02
1.771621621621621614e+02 4.261586114916119641e+02
1.783633633633633622e+02 4.214287587184996937e+02
1.795645645645645629e+02 4.166736132093705578e+02
1.807657657657657637e+02 4.118963936227178237e+02
1.819669669669669645e+02 4.071002530247655500e+02
1.831681681681681653e+02 4.022882775077792417e+02
1.843693693693693660e+02 3.974634849431785142e+02
1.855705705705705668e+02 3.926288238665276822e+02
1.867717717717717676e+02 3.877871724913488265e+02
1.879729729729729684e+02 3.829413378485797921e+02
1.891741741741741691e+02 3.780940550483841207e+02
1.903753753753753699e+02 3.732479866609302235e+02
1.915765765765765707e+02 3.684057222126619990e+02
1.927777777777777715e+02 3.635697777945108555e+02
1.939789789789789722e+02 3.587425957784373054e+02
1.951801801801801730e+02 3.539265446386237954e+02
1.963813813813813738e+02 3.491239188736118422e+02
1.975825825825825746e+02 3.443369390256236784e+02
1.987837837837837753e+02 3.395677517933058880e+02
1.999849849849849761e+02 3.348184302340898739e+02
2.011861861861861769e+02 3.300909740523783285e+02
2.023873873873873777e+02 3.253873099697580642e+02
2.035885885885885784e+02 3.207092921734473521e+02
2.047897897897897792e+02 3.160587028392099000e+02
2.059909909909909800e+02 3.114372527249830682e+02
2.071921921921921808e+02 3.068465818315016804e+02
2.083933933933934100e+02 3.022882601262451772e+02
2.095945945945946107e+02 2.977637883270582506e+02
2.107957957957958115e+02 2.932745987418674645e+02
2.119969969969970123e+02 2.888220561609558672e+02
2.131981981981982130e+02 2.844074587983204196e+02
2.143993993993994138e+02 2.800320392787042465e+02
2.156006006006006146e+02 2.756969656669592723e+02
2.168018018018018154e+02 2.714033425364712571e+02
2.180030030030030161e+02 2.671522120734491637e+02
2.192042042042042169e+02 2.629445552139637812e+02
2.204054054054054177e+02 2.587812928107027233e+02
2.216066066066066185e+02 2.546632868264872798e+02
2.228078078078078192e+02 2.505913415516853036e+02
2.240090090090090200e+02 2.465662048427479363e+02
2.252102102102102208e+02 2.425885693791749702e+02
2.264114114114114216e+02 2.386590739363151670e+02
2.276126126126126223e+02 2.347783046714974375e+02
2.288138138138138231e+02 2.309467964210697630e+02
2.300150150150150239e+02 2.271650340060371605e+02
2.312162162162162247e+02 2.234334535440598586e+02
2.324174174174174254e+02 2.197524437656819600e+02
2.336186186186186262e+02 2.161223473327441411e+02
2.348198198198198270e+02 2.125434621570320530e+02
2.360210210210210278e+02 2.090160427172996549e+02
2.372222222222222285e+02 2.055403013728982557e+02
2.384234234234234293e+02 2.021164096723344414e+02
2.396246246246246301e+02 1.987444996551642191e+02
2.408258258258258309e+02 1.954246651457194730e+02
2.420270270270270316e+02 1.921569630372538597e+02
2.432282282282282324e+02 1.889414145651670367e+02
2.444294294294294332e+02 1.857780065680666155e+02
2.456306306306306340e+02 1.826666927354856966e+02
2.468318318318318347e+02 1.796073948411782624e+02
2.480330330330330355e+02 1.766000039609664896e+02
2.492342342342342363e+02 1.736443816742097397e+02
2.504354354354354371e+02 1.707403612480226514e+02
2.516366366366366378e+02 1.678877488034505916e+02
2.528378378378378386e+02 1.650863244628761493e+02
2.540390390390390394e+02 1.623358434779923982e+02
2.552402402402402402e+02 1.596360373377473252e+02
2.564414414414414409e+02 1.569866148557295560e+02
2.576426426426426133e+02 1.543872632365121831e+02
2.588438438438438425e+02 1.518376491205441994e+02
2.600450450450450717e+02 1.493374196072225288e+02
2.612462462462462440e+02 1.468862032558343458e+02
2.624474474474474164e+02 1.444836110641104483e+02
2.636486486486486456e+02 1.421292374241803032e+02
2.648498498498498748e+02 1.398226610557585445e+02
2.660510510510510471e+02 1.375634459164451187e+02
2.672522522522522195e+02 1.353511420890544628e+02
2.684534534534534487e+02 1.331852866459352924e+02
2.696546546546546779e+02 1.310654044902784392e+02
2.708558558558558502e+02 1.289910091744386307e+02
2.720570570570570794e+02 1.269616036953394769e+02
2.732582582582582518e+02 1.249766812670579270e+02
2.744594594594594810e+02 1.230357260707085345e+02
2.756606606606606533e+02 1.211382139817827550e+02
2.768618618618618825e+02 1.192836132751258305e+02
2.780630630630630549e+02 1.174713853077406469e+02
2.792642642642642841e+02 1.157009851796593409e+02
2.804654654654654564e+02 1.139718623731122307e+02
2.816666666666666856e+02 1.122834613702639217e+02
2.828678678678678580e+02 1.106352222498001794e+02
2.840690690690690872e+02 1.090265812626550996e+02
2.852702702702702595e+02 1.074569713871933345e+02
2.864714714714714887e+02 1.059258228641717636e+02
2.876726726726726611e+02 1.044325637118125485e+02
2.888738738738738903e+02 1.029766202213378392e+02
2.900750750750750626e+02 1.015574174333184203e+02
2.912762762762762918e+02 1.001743795951988290e+02
2.924774774774774642e+02 9.882693060037354371e+01
2.936786786786786934e+02 9.751449440918489131e+01
2.948798798798798657e+02 9.623649545222585289e+01
2.960810810810810949e+02 9.499235901633741719e+01
2.972822822822822673e+02 9.378151161368049316e+01
2.984834834834834965e+02 9.260338133427849527e+01
2.996846846846846688e+02 9.145739818242293495e+01
3.008858858858858980e+02 9.034299439733294435e+01
3.020870870870870704e+02 8.925960475846275699e+01
3.032882882882882996e+02 8.820666687584730425e+01
3.044894894894894719e+02 8.718362146588491157e+01
3.056906906906907011e+02 8.618991261293399475e+01
3.068918918918918735e+02 8.522498801712663408e+01
3.080930930930931027e+02 8.428829922876914793e+01
3.092942942942942750e+02 8.337930186972191393e+01
3.104954954954955042e+02 8.249745584213071936e+01
3.116966966966966766e+02 8.164222552488745066e+01
3.128978978978979058e+02 8.081307995818553991e+01
3.140990990990990781e+02 8.000949301653946577e+01
3.153003003003003073e+02 7.923094357062683457e+01
3.165015015015014797e+02 7.847691563830849759e+01
3.177027027027027088e+02 7.774689852517443001e+01
3.189039039039038812e+02 7.704038695496514322e+01
3.201051051051051104e+02 7.635688119019977194e+01
3.213063063063062827e+02 7.569588714334916801e+01
3.225075075075075119e+02 7.505691647887742590e+01
3.237087087087087411e+02 7.443948670647367294e+01
3.249099099099099135e+02 7.384312126578480218e+01
3.261111111111111427e+02 7.326734960296454346e+01
3.273123123123123150e+02 7.271170723932920055e+01
3.285135135135135442e+02 7.217573583242572965e+01
3.297147147147147166e+02 7.165898322979077761e+01
3.309159159159159458e+02 7.116100351569157567e+01
3.321171171171171181e+02 7.068135705111528466e+01
3.333183183183183473e+02 7.021961050728396003e+01
3.345195195195195197e+02 6.977533689294938313e+01
3.357207207207207489e+02 6.934811557573009111e+01
3.369219219219219212e+02 6.893753229773669489e+01
3.381231231231231504e+02 6.854317918572762380e+01
3.393243243243243228e+02 6.816465475603659741e+01
3.405255255255255520e+02 6.780156391449591524e+01
3.417267267267267243e+02 6.745351795158589425e+01
3.429279279279279535e+02 6.712013453302238020e+01
3.441291291291291259e+02 6.680103768599974501e+01
3.453303303303303551e+02 6.649585778129514324e+01
3.465315315315315274e+02 6.620423151142574625e+01
3.477327327327327566e+02 6.592580186506627626e+01
3.489339339339339290e+02 6.566021809790606767e+01
3.501351351351351582e+02 6.540713570013004130e+01
3.513363363363363305e+02 6.516621636070435386e+01
3.525375375375375597e+02 6.493712792863712480e+01
3.537387387387387321e+02 6.471954437137816285e+01
3.549399399399399613e+02 6.451314573052198398e+01
3.561411411411411336e+02 6.431761807497264272e+01
3.573423423423423628e+02 6.413265345171366505e+01
3.585435435435435352e+02 6.395794983434008429e+01
3.597447447447447644e+02 6.379321106948469833e+01
3.609459459459459367e+02 6.363814682128092670e+01
3.621471471471471659e+02 6.349247251399125958e+01
3.633483483483483383e+02 6.335590927293389285e+01
3.645495495495495675e+02 6.322818386382186873e+01
3.657507507507507398e+02 6.310902863064502810e+01
3.669519519519519690e+02 6.299818143219940225e+01
3.681531531531531414e+02 6.289538557738011804e+01
3.693543543543543706e+02 6.280038975934434831e+01
3.705555555555555429e+02 6.271294798864269637e+01
3.717567567567567721e+02 6.263281952542650544e+01
3.729579579579579445e+02 6.255976881081294039e+01
3.741591591591591737e+02 6.249356539751465789e+01
3.753603603603603460e+02 6.243398387980976594e+01
3.765615615615615752e+02 6.238080382294163684e+01
3.777627627627627476e+02 6.233380969203337685e+01
3.789639639639639768e+02 6.229279078058461039e+01
3.801651651651651491e+02 6.225754113863662553e+01
3.813663663663663783e+02 6.222785950066923988e+01
3.825675675675675507e+02 6.220354921330354614e+01
3.837687687687687799e+02 6.218441816287101886e+01
3.849699699699699522e+02 6.217027870291774860e+01
3.861711711711711814e+02 6.216094758169658263e+01
3.873723723723723538e+02 6.215624586971141952e+01
3.885735735735735830e+02 6.215599888736591083e+01
3.897747747747747553e+02 6.216003613276490114e+01
3.909759759759759845e+02 6.216819120972407831e+01
3.921771771771771569e+02 6.218030175603276177e+01
3.933783783783783861e+02 6.219620937201468536e+01
3.945795795795795584e+02 6.221575954942701969e+01
3.957807807807807876e+02 6.223880160074354961e+01
3.969819819819819600e+02 6.226518858885640384e+01
3.981831831831831892e+02 6.229477725723317860e+01
3.993843843843843615e+02 6.232742796056430024e+01
4.005855855855855907e+02 6.236300459593357459e+01
4.017867867867868199e+02 6.240137453454045868e+01
4.029879879879879923e+02 6.244240855400551737e+01
4.041891891891892215e+02 6.248598077128290385e+01
4.053903903903903938e+02 6.253196857620859817e+01
4.065915915915916230e+02 6.258025256570244466e+01
4.077927927927927954e+02 6.263071647865376690e+01
4.089939939939940245e+02 6.268324713150288829e+01
4.101951951951951969e+02 6.273773435454348402e+01
4.113963963963964261e+02 6.279407092895992548e+01
4.125975975975975985e+02 6.285215252461759405e+01
4.137987987987988276e+02 6.291187763861828586e+01
4.150000000000000000e+02 6.297314753463794545e+01
4.162012012012012292e+02 6.303586618305551781e+01
4.174024024024024015e+02 6.309994020188630515e+01
4.186036036036036307e+02 6.316527879852768024e+01
4.198048048048048031e+02 6.323179371232766499e+01
4.210060060060060323e+02 6.329939915798216532e+01
4.222072072072072046e+02 6.336801176976985062e+01
4.234084084084084338e+02 6.343755054662788240e+01
4.246096096096096062e+02 6.350793679807551939e+01
4.258108108108108354e+02 6.357909409098612485e+01
4.270120120120120077e+02 6.365094819721425523e+01
4.282132132132132369e+02 6.372342704207706277e+01
4.294144144144144093e+02 6.379646065369313845e+01
4.306156156156156385e+02 6.386998111317750926e+01
4.318168168168168108e+02 6.394392250569267588e+01
4.330180180180180400e+02 6.401822087235797198e+01
4.342192192192192124e+02 6.409281416301085699e+01
4.354204204204204416e+02 6.416764218981995782e+01
4.366216216216216139e+02 6.424264658174860188e+01
4.378228228228228431e+02 6.431777073986215498e+01
4.390240240240240155e+02 6.439295979347852494e+01
4.402252252252252447e+02 6.446816055715412119e+01
4.414264264264264170e+02 6.454332148850200213e+01
4.426276276276276462e+02 6.461839264683733575e+01
4.438288288288288186e+02 6.469332565264143398e+01
4.450300300300300478e+02 6.476807364784124843e+01
4.462312312312312201e+02 6.484259125689669645e+01
4.474324324324324493e+02 6.491683454868521608e+01
4.486336336336336217e+02 6.499076099918242733e+01
4.498348348348348509e+02 6.506432945492532838e+01
4.510360360360360232e+02 6.513750009725379186e+01
4.522372372372372524e+02 6.521023440731730147e+01
4.534384384384384248e+02 6.528249513184604780e+01
4.546396396396396540e+02 6.535424624966908880e+01
4.558408408408408263e+02 6.542545293897534009e+01
4.570420420420420555e+02 6.549608154530626791e+01
4.582432432432432279e+02 6.556609955027280989e+01
4.594444444444444571e+02 6.563547554098391856e+01
4.606456456456456294e+02 6.570417918017905379e+01
4.618468468468468586e+02 6.577218117705314171e+01
4.630480480480480310e+02 6.583945325876574373e+01
4.642492492492492602e+02 6.590596814262211467e+01
4.654504504504504325e+02 6.597169950891823476e+01
4.666516516516516617e+02 6.603662197443503601e+01
4.678528528528528341e+02 6.610071106657936468e+01
4.690540540540540633e+02 6.616394319815039182e+01
4.702552552552552356e+02 6.622629564273121616e+01
4.714564564564564648e+02 6.628774651068775370e+01
4.726576576576576372e+02 6.634827472576839114e+01
4.738588588588588664e+02 6.640786000229233821e+01
4.750600600600600387e+02 6.646648282291504017e+01
4.762612612612612679e+02 6.652412441696273504e+01
4.774624624624624971e+02 6.658076673932315259e+01
4.786636636636636695e+02 6.663639244988149812e+01
4.798648648648648987e+02 6.669098489349470071e+01
4.810660660660660710e+02 6.674452808048833674e+01
4.822672672672673002e+02 6.679700666767102746e+01
4.834684684684684726e+02 6.684840593985106239e+01
4.846696696696697018e+02 6.689871179184783045e+01
4.858708708708708741e+02 6.694791071098880764e+01
4.870720720720721033e+02 6.699598976007709439e+01
4.882732732732732757e+02 6.704293656082592179e+01
4.894744744744745049e+02 6.708873927774558865e+01
4.906756756756756772e+02 6.713338660247183043e+01
4.918768768768769064e+02 6.717686773853232296e+01
4.930780780780780788e+02 6.721917238653385596e+01
4.942792792792793080e+02 6.726029072976666612e+01
4.954804804804804803e+02 6.730021342021170483e+01
4.966816816816817095e+02 6.733893156494515608e+01
4.978828828828828819e+02 6.737643671292897807e+01
4.990840840840841111e+02 6.741272084217897032e+01
5.002852852852852834e+02 6.744777634730029092e+01
5.014864864864865126e+02 6.748159602738438423e+01
5.026876876876876850e+02 6.751417307425349179e+01
5.038888888888889142e+02 6.754550106105060081e+01
5.050900900900900865e+02 6.757557393116033495e+01
5.062912912912913157e+02 6.760438598745655270e+01
5.074924924924924881e+02 6.763193188186582461e+01
5.086936936936937173e+02 6.765820660523995400e+01
5.098948948948948896e+02 6.768320547753017991e+01
5.110960960960961188e+02 6.770692413825288725e+01
5.122972972972972912e+02 6.772935853724249000e+01
5.134984984984985203e+02 6.775050492567940807e+01
5.146996996996997495e+02 6.777035984739153207e+01
5.159009009009009787e+02 6.778892013041593145e+01
5.171021021021020942e+02 6.780618287881895867e+01
5.183033033033033234e+02 6.782214546476244266e+01
5.195045045045044390e+02 6.783680552081406745e+01
5.207057057057056682e+02 6.785016093249318203e+01
5.219069069069068973e+02 6.786220983104333015e+01
5.231081081081081265e+02 6.787295058642861534e+01
5.243093093093093557e+02 6.788238180054582926e+01
5.255105105105105849e+02 6.789050230064542291e+01
5.267117117117117004e+02 6.789731113295803766e+01
5.279129129129129296e+02 6.790280755651568256e+01
5.291141141141141588e+02 6.790699103716869445e+01
5.303153153153152743e+02 6.790986124178571970e+01
5.315165165165165035e+02 6.791141803263602128e+01
5.327177177177177327e+02 6.791166146194765929e+01
5.339189189189189619e+02 6.791059176663401331e+01
5.351201201201200774e+02 6.790820936318715439e+01
5.363213213213213066e+02 6.790451484272992388e+01
5.375225225225225358e+02 6.789950896622313792e+01
5.387237237237237650e+02 6.789319265982352647e+01
5.399249249249248805e+02 6.788556701038723418e+01
5.411261261261261097e+02 6.787663326111358231e+01
5.423273273273273389e+02 6.786639280732626389e+01
5.435285285285285681e+02 6.785484719238600348e+01
5.447297297297296836e+02 6.784199810373219464e+01
5.459309309309309128e+02 6.782784736904746126e+01
5.471321321321321420e+02 6.781239695254365074e+01
5.483333333333333712e+02 6.779564895136157077e+01
5.495345345345344867e+02 6.777760559208559243e+01
5.507357357357357159e+02 6.775826922736506219e+01
5.519369369369369451e+02 6.773764233264152779e+01
5.531381381381381743e+02 6.771572750297796972e+01
5.543393393393394035e+02 6.769252744998428284e+01
5.555405405405405190e+02 6.766804499884078439e+01
5.567417417417417482e+02 6.764228308540999990e+01
5.579429429429429774e+02 6.761524475343999541e+01
5.591441441441442066e+02 6.758693315185144002e+01
5.603453453453453221e+02 6.755735153210794408e+01
5.615465465465465513e+02 6.752650324566648976e+01
5.627477477477477805e+02 6.749439174150477072e+01
5.639489489489490097e+02 6.746102056372323830e+01
5.651501501501501252e+02 6.742639334921707928e+01
5.663513513513513544e+02 6.739051382542123747e+01
5.675525525525525836e+02 6.735338580811924203e+01
5.687537537537538128e+02 6.731501319931662408e+01
5.699549549549549283e+02 6.727539998517933384e+01
5.711561561561561575e+02 6.723455023402888742e+01
5.723573573573573867e+02 6.719246809439732715e+01
5.735585585585586159e+02 6.714915779313706423e+01
5.747597597597597314e+02 6.710462363358615789e+01
5.759609609609609606e+02 6.705886999378277835e+01
5.771621621621621898e+02 6.701190132473239203e+01
5.783633633633634190e+02 6.696372214872089046e+01
5.795645645645645345e+02 6.691433705767541085e+01
5.807657657657657637e+02 6.686375071156992078e+01
5.819669669669669929e+02 6.681196783687271079e+01
5.831681681681682221e+02 6.675899322503646260e+01
5.843693693693693376e+02 6.670483173102805097e+01
5.855705705705705668e+02 6.664948827189596159e+01
5.867717717717717960e+02 6.659296782537604997e+01
5.879729729729730252e+02 6.653527542853181842e+01
5.891741741741741407e+02 6.647641617642941014e+01
5.903753753753753699e+02 6.641639522084527414e+01
5.915765765765765991e+02 6.635521776900678503e+01
5.927777777777778283e+02 6.629288908236135569e+01
5.939789789789789438e+02 6.622941447537701265e+01
5.951801801801801730e+02 6.616479931437007167e+01
5.963813813813814022e+02 6.609904901636039654e+01
5.975825825825826314e+02 6.603216904795195319e+01
5.987837837837837469e+02 6.596416492424101818e+01
5.999849849849849761e+02 6.589504220774540499e+01
6.011861861861862053e+02 6.582480650735875827e+01
6.023873873873874345e+02 6.575346347732822494e+01
6.035885885885885500e+02 6.568101881625065630e+01
6.047897897897897792e+02 6.560747826609262745e+01
6.059909909909910084e+02 6.553284761122878876e+01
6.071921921921922376e+02 6.545713267749951569e+01
6.083933933933933531e+02 6.538033933128706110e+01
6.095945945945945823e+02 6.530247347860994012e+01
6.107957957957958115e+02 6.522354106423358644e+01
6.119969969969970407e+02 6.514354807079837428e+01
6.131981981981981562e+02 6.506250051796185119e+01
6.143993993993993854e+02 6.498040446155792438e+01
6.156006006006006146e+02 6.489726599277020114e+01
6.168018018018018438e+02 6.481309123731719524e+01
6.180030030030029593e+02 6.472788635465545326e+01
6.192042042042041885e+02 6.464165753719095164e+01
6.204054054054054177e+02 6.455441100950635303e+01
6.216066066066066469e+02 6.446615302759863653e+01
6.228078078078077624e+02 6.437688987812921937e+01
6.240090090090089916e+02 6.428662787768443820e+01
6.252102102102102208e+02 6.419537337204762650e+01
6.264114114114114500e+02 6.410313273548067059e+01
6.276126126126125655e+02 6.400991237001643697e+01
6.288138138138137947e+02 6.391571870476051487e+01
6.300150150150150239e+02 6.382055819520179085e+01
6.312162162162162531e+02 6.372443732253235282e+01
6.324174174174174823e+02 6.362736259297657426e+01
6.336186186186185978e+02 6.352934053712773022e+01
6.348198198198198270e+02 6.343037770929211661e+01
6.360210210210210562e+02 6.333048068684332321e+01
6.372222222222222854e+02 6.322965606958114648e+01
6.384234234234234009e+02 6.312791047909993125e+01
6.396246246246246301e+02 6.302525055816256838e+01
6.408258258258258593e+02 6.292168297008177547e+01
6.420270270270270885e+02 6.281721439810876717e+01
6.432282282282282040e+02 6.271185154482644464e+01
6.444294294294294332e+02 6.260560113155055006e+01
6.456306306306306624e+02 6.249846989773623562e+01
6.468318318318318916e+02 6.239046460038960618e+01
6.480330330330330071e+02 6.228159201348606189e+01
6.492342342342342363e+02 6.217185892739389885e+01
6.504354354354354655e+02 6.206127214830255667e+01
6.516366366366366947e+02 6.194983849765670669e+01
6.528378378378378102e+02 6.183756481159506535e+01
6.540390390390390394e+02 6.172445794039445843e+01
6.552402402402402686e+02 6.161052474791815570e+01
6.564414414414414978e+02 6.149577211106966956e+01
6.576426426426426133e+02 6.138020691924957362e+01
6.588438438438438425e+02 6.126383607381892915e+01
6.600450450450450717e+02 6.114666648756539047e+01
6.612462462462463009e+02 6.102870508417392870e+01
6.624474474474474164e+02 6.090995879770265020e+01
6.636486486486486456e+02 6.079043457206091716e+01
6.648498498498498748e+02 6.067013936049360723e+01
6.660510510510511040e+02 6.054908012506718507e+01
6.672522522522522195e+02 6.042726383616111718e+01
6.684534534534534487e+02 6.030469747196313790e+01
6.696546546546546779e+02 6.018138801796671800e+01
6.708558558558559071e+02 6.005734246647396191e+01
6.720570570570570226e+02 5.993256781610093498e+01
6.732582582582582518e+02 5.980707107128714028e+01
6.744594594594594810e+02 5.968085924180845581e+01
6.756606606606607102e+02 5.955393934229354613e+01
6.768618618618618257e+02 5.942631839174287478e+01
6.780630630630630549e+02 5.929800341305297451e+01
6.792642642642642841e+02 5.916900143254189004e+01
6.804654654654655133e+02 5.903931947947965142e+01
6.816666666666666288e+02 5.890896458562103533e+01
6.828678678678678580e+02 5.877794378474208514e+01
6.840690690690690872e+02 5.864626411217937374e+01
6.852702702702703164e+02 5.851393260437330213e+01
6.864714714714714319e+02 5.838095629841370027e+01
6.876726726726726611e+02 5.824734223158891666e+01
6.888738738738738903e+02 5.811309744093799878e+01
6.900750750750751195e+02 5.797822896280679572e+01
6.912762762762762350e+02 5.784274383240558848e+01
6.924774774774774642e+02 5.770664908337117538e+01
6.936786786786786934e+02 5.756995174733120990e+01
6.948798798798799226e+02 5.743265885347258859e+01
6.960810810810810381e+02 5.729477742811116769e+01
6.972822822822822673e+02 5.715631449426685862e+01
6.984834834834834965e+02 5.701727707123947653e+01
6.996846846846847257e+02 5.687767217418961252e+01
7.008858858858858412e+02 5.673750681372064264e+01
7.020870870870870704e+02 5.659678799546508543e+01
7.032882882882882996e+02 5.645552271967417823e+01
7.044894894894895288e+02 5.631371798080876090e+01
7.056906906906906443e+02 5.617138076713543882e+01
7.068918918918918735e+02 5.602851806032369808e+01
7.080930930930931027e+02 5.588513683504740470e+01
7.092942942942943318e+02 5.574124405858877651e+01
7.104954954954955610e+02 5.559684669044559513e+01
7.116966966966966766e+02 5.545195168194063484e+01
7.128978978978979058e+02 5.530656597583556078e+01
7.140990990990991349e+02 5.516069650594658214e+01
7.153003003003003641e+02 5.501435019676326732e+01
7.165015015015014797e+02 5.486753396307130970e+01
7.177027027027027088e+02 5.472025470957697735e+01
7.189039039039039380e+02 5.457251933053561288e+01
7.201051051051051672e+02 5.442433470938285467e+01
7.213063063063062827e+02 5.427570771836840891e+01
7.225075075075075119e+02 5.412664521819360886e+01
7.237087087087087411e+02 5.397715405765134022e+01
7.249099099099099703e+02 5.382724107326979635e+01
7.261111111111110858e+02 5.367691308895810209e+01
7.273123123123123150e+02 5.352617691565614422e+01
7.285135135135135442e+02 5.337503935098686725e+01
7.297147147147147734e+02 5.322350717891146843e+01
7.309159159159158889e+02 5.307158716938814536e+01
7.321171171171171181e+02 5.291928607803350815e+01
7.333183183183183473e+02 5.276661064578717486e+01
7.345195195195195765e+02 5.261356759857961407e+01
7.357207207207206920e+02 5.246016364700241041e+01
7.369219219219219212e+02 5.230640548598280759e+01
7.381231231231231504e+02 5.215229979445989272e+01
7.393243243243243796e+02 5.199785323506485213e+01
7.405255255255254951e+02 5.184307245380416873e+01
7.417267267267267243e+02 5.168796407974554796e+01
7.429279279279279535e+02 5.153253472470719743e+01
7.441291291291291827e+02 5.137679098295016189e+01
7.453303303303302982e+02 5.122073943087397652e+01
7.465315315315315274e+02 5.106438662671460094e+01
7.477327327327327566e+02 5.090773911024688658e+01
7.489339339339339858e+02 5.075080340248855748e+01
7.501351351351351013e+02 5.059358600540861062e+01
7.513363363363363305e+02 5.043609340163811794e+01
7.525375375375375597e+02 5.027833205418413343e+01
7.537387387387387889e+02 5.012030840614712446e+01
7.549399399399399044e+02 4.996202888044148693e+01
7.561411411411411336e+02 4.980349987951846913e+01
7.573423423423423628e+02 4.964472778509335171e+01
7.585435435435435920e+02 4.948571895787463859e+01
7.597447447447447075e+02 4.932647973729744706e+01
7.609459459459459367e+02 4.916701644125901538e+01
7.621471471471471659e+02 4.900733536585802597e+01
7.633483483483483951e+02 4.884744278513690574e+01
7.645495495495495106e+02 4.868734495082715341e+01
7.657507507507507398e+02 4.852704809209764392e+01
7.669519519519519690e+02 4.836655841530664901e+01
7.681531531531531982e+02 4.820588210375643001e+01
7.693543543543543137e+02 4.804502531745098537e+01
7.705555555555555429e+02 4.788399419285759961e+01
7.717567567567567721e+02 4.772279484267024685e+01
7.729579579579580013e+02 4.756143335557774066e+01
7.741591591591591168e+02 4.739991579603370297e+01
7.753603603603603460e+02 4.723824820403019942e+01
7.765615615615615752e+02 4.707643659487429488e+01
7.777627627627628044e+02 4.691448695896838927e+01
7.789639639639639199e+02 4.675240526159270615e+01
7.801651651651651491e+02 4.659019744269140517e+01
7.813663663663663783e+02 4.642786941666189193e+01
7.825675675675676075e+02 4.626542707214733952e+01
7.837687687687687230e+02 4.610287627183154768e+01
7.849699699699699522e+02 4.594022285223806534e+01
7.861711711711711814e+02 4.577747262353137359e+01
7.873723723723724106e+02 4.561463136932195539e+01
7.885735735735736398e+02 4.545170484647396592e+01
7.897747747747747553e+02 4.528869878491611445e+01
7.909759759759759845e+02 4.512561888745585748e+01
7.921771771771772137e+02 4.496247082959643393e+01
7.933783783783784429e+02 4.479926025935686340e+01
7.945795795795795584e+02 4.463599279709554679e+01
7.957807807807807876e+02 4.447267403533642494e+01
7.969819819819820168e+02 4.430930953859834176e+01
7.981831831831832460e+02 4.414590484322743436e+01
7.993843843843843615e+02 4.398246545723292655e+01
8.005855855855855907e+02 4.381899686012535255e+01
8.017867867867868199e+02 4.365550450275824801e+01
8.029879879879880491e+02 4.349199380717304564e+01
8.041891891891891646e+02 4.332847016644616644e+01
8.053903903903903938e+02 4.316493894454017521e+01
8.065915915915916230e+02 4.300140547615738740e+01
8.077927927927928522e+02 4.283787506659618316e+01
8.089939939939939677e+02 4.267435299161112283e+01
8.101951951951951969e+02 4.251084449727535741e+01
8.113963963963964261e+02 4.234735479984637152e+01
8.125975975975976553e+02 4.218388908563449036e+01
8.137987987987987708e+02 4.202045251087462674e+01
8.150000000000000000e+02 4.185705020160052214e+01
8.162012012012012292e+02 4.169368725352247651e+01
8.174024024024024584e+02 4.153036873190773548e+01
8.186036036036035739e+02 4.136709967146353506e+01
8.198048048048048031e+02 4.120388507622364926e+01
8.210060060060060323e+02 4.104072991943743887e+01
8.222072072072072615e+02 4.087763914346179916e+01
8.234084084084083770e+02 4.071461765965617730e+01
8.246096096096096062e+02 4.055167034828033223e+01
8.258108108108108354e+02 4.038880205839492987e+01
8.270120120120120646e+02 4.022601760776530710e+01
8.282132132132131801e+02 4.006332178276745992e+01
8.294144144144144093e+02 3.990071933829742790e+01
8.306156156156156385e+02 3.973821499768332899e+01
8.318168168168168677e+02 3.957581345260007311e+01
8.330180180180179832e+02 3.941351936298693204e+01
8.342192192192192124e+02 3.925133735696802262e+01
8.354204204204204416e+02 3.908927203077544021e+01
8.366216216216216708e+02 3.892732794867504964e+01
8.378228228228227863e+02 3.876550964289538115e+01
8.390240240240240155e+02 3.860382161355870068e+01
8.402252252252252447e+02 3.844226832861539833e+01
8.414264264264264739e+02 3.828085422378060798e+01
8.426276276276275894e+02 3.811958370247398875e+01
8.438288288288288186e+02 3.795846113576158132e+01
8.450300300300300478e+02 3.779749086230076216e+01
8.462312312312312770e+02 3.763667718828796893e+01
8.474324324324323925e+02 3.747602438740865693e+01
8.486336336336336217e+02 3.731553670078995566e+01
8.498348348348348509e+02 3.715521833695646592e+01
8.510360360360360801e+02 3.699507347178783334e+01
8.522372372372371956e+02 3.683510624847962589e+01
8.534384384384384248e+02 3.667532077750614405e+01
8.546396396396396540e+02 3.651572113658639296e+01
8.558408408408408832e+02 3.635631137065232110e+01
8.570420420420419987e+02 3.619709549181941100e+01
8.582432432432432279e+02 3.603807747935997696e+01
8.594444444444444571e+02 3.587926127967905643e+01
8.606456456456456863e+02 3.572065080629253941e+01
8.618468468468469155e+02 3.556224993980784177e+01
8.630480480480480310e+02 3.540406252790738506e+01
8.642492492492492602e+02 3.524609238533351885e+01
8.654504504504504894e+02 3.508834329387719464e+01
8.666516516516517186e+02 3.493081900236817461e+01
8.678528528528528341e+02 3.477352322666762774e+01
8.690540540540540633e+02 3.461645964966335498e+01
8.702552552552552925e+02 3.445963192126761498e+01
8.714564564564565217e+02 3.430304365841649172e+01
8.726576576576576372e+02 3.414669844507245244e+01
8.738588588588588664e+02 3.399059983222872461e+01
8.750600600600600956e+02 3.383475133791587552e+01
8.762612612612613248e+02 3.367915644721111335e+01
8.774624624624624403e+02 3.352381861224948523e+01
8.786636636636636695e+02 3.336874125223722132e+01
8.798648648648648987e+02 3.321392775346794224e+01
8.810660660660661279e+02 3.305938146933993949e+01
8.822672672672672434e+02 3.290510572037710801e+01
8.834684684684684726e+02 3.275110379425053964e+01
8.846696696696697018e+02 3.259737894580337780e+01
8.858708708708709310e+02 3.244393439707741322e+01
8.870720720720720465e+02 3.229077333734166899e+01
8.882732732732732757e+02 3.213789892312329499e+01
8.894744744744745049e+02 3.198531427824041273e+01
8.906756756756757341e+02 3.183302249383707050e+01
8.918768768768768496e+02 3.168102662842044026e+01
8.930780780780780788e+02 3.152932970789963463e+01
8.942792792792793080e+02 3.137793472562685793e+01
8.954804804804805372e+02 3.122684464244042957e+01
8.966816816816816527e+02 3.107606238670994259e+01
8.978828828828828819e+02 3.092559085438304578e+01
8.990840840840841111e+02 3.077543290903447826e+01
9.002852852852853403e+02 3.062559138191709351e+01
9.014864864864864558e+02 3.047606907201423709e+01
9.026876876876876850e+02 3.032686874609465022e+01
9.038888888888889142e+02 3.017799313876902190e+01
9.050900900900901433e+02 3.002944495254825341e+01
9.062912912912912589e+02 2.988122685790360933e+01
9.074924924924924881e+02 2.973334149332883669e+01
9.086936936936937173e+02 2.958579146540392912e+01
9.098948948948949464e+02 2.943857934886077743e+01
9.110960960960960620e+02 2.929170768665041180e+01
9.122972972972972912e+02 2.914517899001211987e+01
9.134984984984985203e+02 2.899899573854431978e+01
9.146996996996997495e+02 2.885316038027709240e+01
9.159009009009008651e+02 2.870767533174626607e+01
9.171021021021020942e+02 2.856254297806942688e+01
9.183033033033033234e+02 2.841776567302322931e+01
9.195045045045045526e+02 2.827334573912292370e+01
9.207057057057056682e+02 2.812928546770275418e+01
9.219069069069068973e+02 2.798558711899843487e+01
9.231081081081081265e+02 2.784225292223126402e+01
9.243093093093093557e+02 2.769928507569334997e+01
9.255105105105104712e+02 2.755668574683484806e+01
9.267117117117117004e+02 2.741445707235230955e+01
9.279129129129129296e+02 2.727260115827902709e+01
9.291141141141141588e+02 2.713112008007630394e+01
9.303153153153152743e+02 2.699001588272673047e+01
9.315165165165165035e+02 2.684929058082824938e+01
9.327177177177177327e+02 2.670894615869037381e+01
9.339189189189189619e+02 2.656898457043152817e+01
9.351201201201200774e+02 2.642940774007737303e+01
9.363213213213213066e+02 2.629021756166109824e+01
9.375225225225225358e+02 2.615141589932492039e+01
9.387237237237237650e+02 2.601300458742267097e+01
9.399249249249249942e+02 2.587498543062385181e+01
9.411261261261261097e+02 2.573736020401911162e+01
9.423273273273273389e+02 2.560013065322682380e+01
9.435285285285285681e+02 2.546329849450106764e+01
9.447297297297297973e+02 2.532686541484070730e+01
9.459309309309309128e+02 2.519083307209980305e+01
9.471321321321321420e+02 2.505520309509916643e+01
9.483333333333333712e+02 2.491997708373926912e+01
9.495345345345346004e+02 2.478515660911406471e+01
9.507357357357357159e+02 2.465074321362614285e+01
9.519369369369369451e+02 2.451673841110293139e+01
9.531381381381381743e+02 2.438314368691419887e+01
9.543393393393394035e+02 2.424996049809039533e+01
9.555405405405405190e+02 2.411719027344217636e+01
9.567417417417417482e+02 2.398483441368111002e+01
9.579429429429429774e+02 2.385289429154128271e+01
9.591441441441442066e+02 2.372137125190200635e+01
9.603453453453453221e+02 2.359026661191144569e+01
9.615465465465465513e+02 2.345958166111141097e+01
9.627477477477477805e+02 2.332931766156295339e+01
9.639489489489490097e+02 2.319947584797296969e+01
9.651501501501501252e+02 2.307005742782189373e+01
9.663513513513513544e+02 2.294106358149196367e+01
9.675525525525525836e+02 2.281249546239681436e+01
9.687537537537538128e+02 2.268435419711167356e+01
9.699549549549549283e+02 2.255664088550448199e+01
9.711561561561561575e+02 2.242935660086800453e+01
9.723573573573573867e+02 2.230250239005244239e+01
9.735585585585586159e+02 2.217607927359937037e+01
9.747597597597597314e+02 2.205008824587600813e+01
9.759609609609609606e+02 2.192453027521052178e+01
9.771621621621621898e+02 2.179940630402800039e+01
9.783633633633634190e+02 2.167471724898726038e+01
9.795645645645645345e+02 2.155046400111835325e+01
9.807657657657657637e+02 2.142664742596063121e+01
9.819669669669669929e+02 2.130326836370194243e+01
9.831681681681682221e+02 2.118032762931791879e+01
9.843693693693693376e+02 2.105782601271245369e+01
9.855705705705705668e+02 2.093576427885840729e+01
9.867717717717717960e+02 2.081414316793947350e+01
9.879729729729730252e+02 2.069296339549195807e+01
9.891741741741741407e+02 2.057222565254782864e+01
9.903753753753753699e+02 2.045193060577796373e+01
9.915765765765765991e+02 2.033207889763605536e+01
9.927777777777778283e+02 2.021267114650312990e+01
9.939789789789789438e+02 2.009370794683249883e+01
9.951801801801801730e+02 1.997518986929534535e+01
9.963813813813814022e+02 1.985711746092670182e+01
9.975825825825826314e+02 1.973949124527205967e+01
9.987837837837837469e+02 1.962231172253426337e+01
9.999849849849849761e+02 1.950557936972107598e+01
1.001186186186186205e+03 1.938929464079299336e+01
1.002387387387387435e+03 1.927345796681158063e+01
1.003588588588588550e+03 1.915806975608832019e+01
1.004789789789789779e+03 1.904313039433357346e+01
1.005990990990991008e+03 1.892864024480618568e+01
1.007192192192192238e+03 1.881459964846350630e+01
1.008393393393393353e+03 1.870100892411134907e+01
1.009594594594594582e+03 1.858786836855477631e+01
1.010795795795795812e+03 1.847517825674896130e+01
1.011996996996997041e+03 1.836293884195030657e+01
1.013198198198198156e+03 1.825115035586805945e+01
1.014399399399399385e+03 1.813981300881599168e+01
1.015600600600600615e+03 1.802892698986451592e+01
1.016801801801801844e+03 1.791849246699287690e+01
1.018003003003003073e+03 1.780850958724181510e+01
1.019204204204204188e+03 1.769897847686614867e+01
1.020405405405405418e+03 1.758989924148792383e+01
1.021606606606606647e+03 1.748127196624936630e+01
1.022807807807807876e+03 1.737309671596639049e+01
1.024009009009008878e+03 1.726537353528191332e+01
1.025210210210210334e+03 1.715810244881961566e+01
1.026411411411411336e+03 1.705128346133782813e+01
1.027612612612612793e+03 1.694491655788306161e+01
1.028813813813813795e+03 1.683900170394461071e+01
1.030015015015015024e+03 1.673353884560806293e+01
1.031216216216216253e+03 1.662852790971000871e+01
1.032417417417417482e+03 1.652396880399204804e+01
1.033618618618618711e+03 1.641986141725519133e+01
1.034819819819819713e+03 1.631620561951425685e+01
1.036021021021021170e+03 1.621300126215224680e+01
1.037222222222222172e+03 1.611024817807502174e+01
1.038423423423423401e+03 1.600794618186541385e+01
1.039624624624624630e+03 1.590609506993788358e+01
1.040825825825825859e+03 1.580469462069295439e+01
1.042027027027027088e+03 1.570374459467155326e+01
1.043228228228228318e+03 1.560324473470940632e+01
1.044429429429429547e+03 1.550319476609141844e+01
1.045630630630630549e+03 1.540359439670588060e+01
1.046831831831831778e+03 1.530444331719857587e+01
1.048033033033033007e+03 1.520574120112699212e+01
1.049234234234234236e+03 1.510748770511430017e+01
1.050435435435435465e+03 1.500968246900320402e+01
1.051636636636636695e+03 1.491232511600974142e+01
1.052837837837837924e+03 1.481541525287681793e+01
1.054039039039039153e+03 1.471895247002785112e+01
1.055240240240240155e+03 1.462293634172006662e+01
1.056441441441441384e+03 1.452736642619749752e+01
1.057642642642642613e+03 1.443224226584427328e+01
1.058843843843843842e+03 1.433756338733721414e+01
1.060045045045045072e+03 1.424332930179854095e+01
1.061246246246246301e+03 1.414953950494819068e+01
1.062447447447447530e+03 1.405619347725611235e+01
1.063648648648648759e+03 1.396329068409413487e+01
1.064849849849849761e+03 1.387083057588781898e+01
1.066051051051050990e+03 1.377881258826771393e+01
1.067252252252252219e+03 1.368723614222082574e+01
1.068453453453453449e+03 1.359610064424133746e+01
1.069654654654654678e+03 1.350540548648147343e+01
1.070855855855855907e+03 1.341515004690173285e+01
1.072057057057057136e+03 1.332533368942107010e+01
1.073258258258258365e+03 1.323595576406660079e+01
1.074459459459459367e+03 1.314701560712315498e+01
1.075660660660660596e+03 1.305851254128233307e+01
1.076861861861861826e+03 1.297044587579133612e+01
1.078063063063063055e+03 1.288281490660153494e+01
1.079264264264264284e+03 1.279561891651638206e+01
1.080465465465465513e+03 1.270885717533936443e+01
1.081666666666666742e+03 1.262252894002124037e+01
1.082867867867867972e+03 1.253663345480718760e+01
1.084069069069068973e+03 1.245116995138328164e+01
1.085270270270270203e+03 1.236613764902285517e+01
1.086471471471471432e+03 1.228153575473222858e+01
1.087672672672672661e+03 1.219736346339622024e+01
1.088873873873873890e+03 1.211361995792305102e+01
1.090075075075075119e+03 1.203030440938896994e+01
1.091276276276276349e+03 1.194741597718246773e+01
1.092477477477477578e+03 1.186495380914784192e+01
1.093678678678678807e+03 1.178291704172856136e+01
1.094879879879879809e+03 1.170130480010997509e+01
1.096081081081081038e+03 1.162011619836175491e+01
1.097282282282282267e+03 1.153935033957961664e+01
1.098483483483483496e+03 1.145900631602691710e+01
1.099684684684684726e+03 1.137908320927531491e+01
1.100885885885885955e+03 1.129958009034540112e+01
1.102087087087087184e+03 1.122049601984643274e+01
1.103288288288288413e+03 1.114183004811587629e+01
1.104489489489489415e+03 1.106358121535831174e+01
1.105690690690690644e+03 1.098574855178360643e+01
1.106891891891891873e+03 1.090833107774509081e+01
1.108093093093093103e+03 1.083132780387661853e+01
1.109294294294294332e+03 1.075473773122953070e+01
1.110495495495495561e+03 1.067855985140877451e+01
1.111696696696696790e+03 1.060279314670876794e+01
1.112897897897898019e+03 1.052743659024836020e+01
1.114099099099099021e+03 1.045248914610557023e+01
1.115300300300300250e+03 1.037794976945145820e+01
1.116501501501501480e+03 1.030381740668375912e+01
1.117702702702702709e+03 1.023009099555961932e+01
1.118903903903903938e+03 1.015676946532799008e+01
1.120105105105105167e+03 1.008385173686120240e+01
1.121306306306306396e+03 1.001133672278620779e+01
1.122507507507507626e+03 9.939223327615081871e+00
1.123708708708708627e+03 9.867510447874821011e+00
1.124909909909909857e+03 9.796196972236810296e+00
1.126111111111111086e+03 9.725281781645417567e+00
1.127312312312312315e+03 9.654763749446152232e+00
1.128513513513513544e+03 9.584641741513021174e+00
1.129714714714714773e+03 9.514914616375495626e+00
1.130915915915916003e+03 9.445581225344568566e+00
1.132117117117117232e+03 9.376640412638501232e+00
1.133318318318318234e+03 9.308091015507621080e+00
1.134519519519519463e+03 9.239931864358659652e+00
1.135720720720720692e+03 9.172161782878422542e+00
1.136921921921921921e+03 9.104779588156766579e+00
1.138123123123123150e+03 9.037784090808937520e+00
1.139324324324324380e+03 8.971174095097333989e+00
1.140525525525525609e+03 8.904948399052411645e+00
1.141726726726726838e+03 8.839105794593136167e+00
1.142927927927927840e+03 8.773645067646665296e+00
1.144129129129129069e+03 8.708564998267332768e+00
1.145330330330330298e+03 8.643864360755078025e+00
1.146531531531531527e+03 8.579541923773078338e+00
1.147732732732732757e+03 8.515596450464727241e+00
1.148933933933933986e+03 8.452026698569973462e+00
1.150135135135135215e+03 8.388831420540949324e+00
1.151336336336336444e+03 8.326009363656867279e+00
1.152537537537537446e+03 8.263559270138397750e+00
1.153738738738738675e+03 8.201479877261004248e+00
1.154939939939939904e+03 8.139769917467990723e+00
1.156141141141141134e+03 8.078428118482605669e+00
1.157342342342342363e+03 8.017453203419439234e+00
1.158543543543543592e+03 7.956843890895269666e+00
1.159744744744744821e+03 7.896598895139059771e+00
1.160945945945946050e+03 7.836716926101311209e+00
1.162147147147147052e+03 7.777196689562652310e+00
1.163348348348348281e+03 7.718036887241853883e+00
1.164549549549549511e+03 7.659236216902913341e+00
1.165750750750750740e+03 7.600793372461724928e+00
1.166951951951951969e+03 7.542707044091627289e+00
1.168153153153153198e+03 7.484975918328655276e+00
1.169354354354354427e+03 7.427598678175760583e+00
1.170555555555555657e+03 7.370574003206483482e+00
1.171756756756756886e+03 7.313900569667832308e+00
1.172957957957957888e+03 7.257577050582482592e+00
1.174159159159159117e+03 7.201602115850106678e+00
1.175360360360360346e+03 7.145974432348257466e+00
1.176561561561561575e+03 7.090692664032259174e+00
1.177762762762762804e+03 7.035755472034471936e+00
1.178963963963964034e+03 6.981161514762871612e+00
1.180165165165165263e+03 6.926909447998810698e+00
1.181366366366366492e+03 6.872997924994117547e+00
1.182567567567567494e+03 6.819425596567442405e+00
1.183768768768768723e+03 6.766191111199817421e+00
1.184969969969969952e+03 6.713293115129616240e+00
1.186171171171171181e+03 6.660730252446641408e+00
1.187372372372372411e+03 6.608501165185565185e+00
1.188573573573573640e+03 6.556604493418556778e+00
1.189774774774774869e+03 6.505038875347304739e+00
1.190975975975976098e+03 6.453802947394166267e+00
1.192177177177177100e+03 6.402895344292680591e+00
1.193378378378378329e+03 6.352314699177268764e+00
1.194579579579579558e+03 6.302059643672292211e+00
1.195780780780780788e+03 6.252128807980282588e+00
1.196981981981982017e+03 6.202520820969501969e+00
1.198183183183183246e+03 6.153234310260760509e+00
1.199384384384384475e+03 6.104267902313455174e+00
1.200585585585585704e+03 6.055620222510928130e+00
1.201786786786786706e+03 6.007289895245107481e+00
1.202987987987987935e+03 5.959275544000277591e+00
1.204189189189189165e+03 5.911575791436341376e+00
1.205390390390390394e+03 5.864189259471145554e+00
1.206591591591591623e+03 5.817114569362217047e+00
1.207792792792792852e+03 5.770350341787692905e+00
1.208993993993994081e+03 5.723895196926504170e+00
1.210195195195195311e+03 5.677747754537910474e+00
1.211396396396396312e+03 5.631906634040268145e+00
1.212597597597597542e+03 5.586370454589009604e+00
1.213798798798798771e+03 5.541137835154072988e+00
1.215000000000000000e+03 5.496207394596368090e+00
