5.000000000000000000e-01 1.343395881616042516e+03
5.120120120120119633e-01 1.343867005668635102e+03
5.240240240240240377e-01 1.344337938860133363e+03
5.360360360360360010e-01 1.344808680545396328e+03
5.480480480480480754e-01 1.345279230078714590e+03
5.600600600600600387e-01 1.345749586813832593e+03
5.720720720720721131e-01 1.346219750103970000e+03
5.840840840840840764e-01 1.346689719301839887e+03
5.960960960960961508e-01 1.347159493759667612e+03
6.081081081081081141e-01 1.347629072829209463e+03
6.201201201201200774e-01 1.348098455861766979e+03
6.321321321321321518e-01 1.348567642208205143e+03
6.441441441441441151e-01 1.349036631218965340e+03
6.561561561561561895e-01 1.349505422244080819e+03
6.681681681681681528e-01 1.349974014633189654e+03
6.801801801801801162e-01 1.350442407735548841e+03
6.921921921921921905e-01 1.350910600900043846e+03
7.042042042042042649e-01 1.351378593475203161e+03
7.162162162162162282e-01 1.351846384809208530e+03
7.282282282282281916e-01 1.352313974249904277e+03
7.402402402402402659e-01 1.352781361144809125e+03
7.522522522522522292e-01 1.353248544841124840e+03
7.642642642642643036e-01 1.353715524685746004e+03
7.762762762762762669e-01 1.354182300025268887e+03
7.882882882882882303e-01 1.354648870205998492e+03
8.003003003003003046e-01 1.355115234573958787e+03
8.123123123123123790e-01 1.355581392474898621e+03
8.243243243243243423e-01 1.356047343254300358e+03
8.363363363363363057e-01 1.356513086257385567e+03
8.483483483483482690e-01 1.356978620829123429e+03
8.603603603603603434e-01 1.357443946314236655e+03
8.723723723723724177e-01 1.357909062057206029e+03
8.843843843843843811e-01 1.358373967402280414e+03
8.963963963963963444e-01 1.358838661693478571e+03
9.084084084084084187e-01 1.359303144274595525e+03
9.204204204204204931e-01 1.359767414489211205e+03
9.324324324324324564e-01 1.360231471680691129e+03
9.444444444444444198e-01 1.360695315192194812e+03
9.564564564564563831e-01 1.361158944366677815e+03
9.684684684684684575e-01 1.361622358546899704e+03
9.804804804804805318e-01 1.362085557075425186e+03
9.924924924924924952e-01 1.362548539294630928e+03
1.004504504504504458e+00 1.363011304546709425e+03
1.016516516516516422e+00 1.363473852173672412e+03
1.028528528528528607e+00 1.363936181517354271e+03
1.040540540540540571e+00 1.364398291919417943e+03
1.052552552552552534e+00 1.364860182721358342e+03
1.064564564564564719e+00 1.365321853264504171e+03
1.076576576576576461e+00 1.365783302890023606e+03
1.088588588588588646e+00 1.366244530938925891e+03
1.100600600600600609e+00 1.366705536752067928e+03
1.112612612612612573e+00 1.367166319670153371e+03
1.124624624624624758e+00 1.367626879033739897e+03
1.136636636636636499e+00 1.368087214183241031e+03
1.148648648648648685e+00 1.368547324458926596e+03
1.160660660660660648e+00 1.369007209200930902e+03
1.172672672672672611e+00 1.369466867749251833e+03
1.184684684684684797e+00 1.369926299443754942e+03
1.196696696696696538e+00 1.370385503624177773e+03
1.208708708708708723e+00 1.370844479630130536e+03
1.220720720720720687e+00 1.371303226801100209e+03
1.232732732732732650e+00 1.371761744476452805e+03
1.244744744744744835e+00 1.372220031995437239e+03
1.256756756756756799e+00 1.372678088697186922e+03
1.268768768768768762e+00 1.373135913920722260e+03
1.280780780780780725e+00 1.373593507004954517e+03
1.292792792792792689e+00 1.374050867288687186e+03
1.304804804804804874e+00 1.374507994110619620e+03
1.316816816816816837e+00 1.374964886809348855e+03
1.328828828828828801e+00 1.375421544723372108e+03
1.340840840840840986e+00 1.375877967191090193e+03
1.352852852852852727e+00 1.376334153550808878e+03
1.364864864864864913e+00 1.376790103140742303e+03
1.376876876876876876e+00 1.377245815299014339e+03
1.388888888888888840e+00 1.377701289363662454e+03
1.400900900900901025e+00 1.378156524672638170e+03
1.412912912912912766e+00 1.378611520563811609e+03
1.424924924924924952e+00 1.379066276374972858e+03
1.436936936936936915e+00 1.379520791443833332e+03
1.448948948948948878e+00 1.379975065108029639e+03
1.460960960960961064e+00 1.380429096705125630e+03
1.472972972972972805e+00 1.380882885572613759e+03
1.484984984984984990e+00 1.381336431047918722e+03
1.496996996996996954e+00 1.381789732468398597e+03
1.509009009009008917e+00 1.382242789171347340e+03
1.521021021021021102e+00 1.382695600493997972e+03
1.533033033033033066e+00 1.383148165773523488e+03
1.545045045045045029e+00 1.383600484347040037e+03
1.557057057057056992e+00 1.384052555551609203e+03
1.569069069069068956e+00 1.384504378724238677e+03
1.581081081081081141e+00 1.384955953201887041e+03
1.593093093093093104e+00 1.385407278321464446e+03
1.605105105105105068e+00 1.385858353419833975e+03
1.617117117117117031e+00 1.386309177833815738e+03
1.629129129129129216e+00 1.386759750900188465e+03
1.641141141141141180e+00 1.387210071955690182e+03
1.653153153153153143e+00 1.387660140337022312e+03
1.665165165165165106e+00 1.388109955380851716e+03
1.677177177177177070e+00 1.388559516423811829e+03
1.689189189189189255e+00 1.389008822802504255e+03
1.701201201201201219e+00 1.389457873853503770e+03
1.713213213213213182e+00 1.389906668913357407e+03
1.725225225225225145e+00 1.390355207318587873e+03
1.737237237237237331e+00 1.390803488405696953e+03
1.749249249249249294e+00 1.391251511511164608e+03
1.761261261261261257e+00 1.391699275971453972e+03
1.773273273273273221e+00 1.392146781123011806e+03
1.785285285285285184e+00 1.392594026302272596e+03
1.797297297297297369e+00 1.393041010845657183e+03
1.809309309309309333e+00 1.393487734089578453e+03
1.821321321321321296e+00 1.393934195370442012e+03
1.833333333333333259e+00 1.394380394024647103e+03
1.845345345345345223e+00 1.394826329388591603e+03
1.857357357357357408e+00 1.395272000798671797e+03
1.869369369369369371e+00 1.395717407591283973e+03
1.881381381381381335e+00 1.396162549102829871e+03
1.893393393393393298e+00 1.396607424669714874e+03
1.905405405405405483e+00 1.397052033628353229e+03
1.917417417417417447e+00 1.397496375315167370e+03
1.929429429429429410e+00 1.397940449066592919e+03
1.941441441441441373e+00 1.398384254219078230e+03
1.953453453453453337e+00 1.398827790109088255e+03
1.965465465465465522e+00 1.399271056073106138e+03
1.977477477477477485e+00 1.399714051447634120e+03
1.989489489489489449e+00 1.400156775569198089e+03
2.001501501501501412e+00 1.400599227774346673e+03
2.013513513513513598e+00 1.401041407399656009e+03
2.025525525525525339e+00 1.401483313781731340e+03
2.037537537537537524e+00 1.401924946257206557e+03
2.049549549549549710e+00 1.402366304162750112e+03
2.061561561561561451e+00 1.402807386835064108e+03
2.073573573573573636e+00 1.403248193610888393e+03
2.085585585585585378e+00 1.403688723827000558e+03
2.097597597597597563e+00 1.404128976820220487e+03
2.109609609609609748e+00 1.404568951927410581e+03
2.121621621621621934e+00 1.405008648485478261e+03
2.133633633633633675e+00 1.405448065831379154e+03
2.145645645645645416e+00 1.405887203302117086e+03
2.157657657657657602e+00 1.406326060234748411e+03
2.169669669669669787e+00 1.406764635966381775e+03
2.181681681681681972e+00 1.407202929834182669e+03
2.193693693693693714e+00 1.407640941175373882e+03
2.205705705705705455e+00 1.408078669327237549e+03
2.217717717717717640e+00 1.408516113627118557e+03
2.229729729729729826e+00 1.408953273412424096e+03
2.241741741741742011e+00 1.409390148020629113e+03
2.253753753753753752e+00 1.409826736789276310e+03
2.265765765765765494e+00 1.410263039055977060e+03
2.277777777777777679e+00 1.410699054158417312e+03
2.289789789789789864e+00 1.411134781434355318e+03
2.301801801801802050e+00 1.411570220221626187e+03
2.313813813813813791e+00 1.412005369858144149e+03
2.325825825825825532e+00 1.412440229681903475e+03
2.337837837837837718e+00 1.412874799030981194e+03
2.349849849849849903e+00 1.413309077243538468e+03
2.361861861861862089e+00 1.413743063657823768e+03
2.373873873873873830e+00 1.414176757612174015e+03
2.385885885885885571e+00 1.414610158445017305e+03
2.397897897897897757e+00 1.415043265494874049e+03
2.409909909909909942e+00 1.415476078100360382e+03
2.421921921921922127e+00 1.415908595600189074e+03
2.433933933933933869e+00 1.416340817333171344e+03
2.445945945945945610e+00 1.416772742638221644e+03
2.457957957957957795e+00 1.417204370854355147e+03
2.469969969969969981e+00 1.417635701320694125e+03
2.481981981981982166e+00 1.418066733376467255e+03
2.493993993993993907e+00 1.418497466361013267e+03
2.506006006006006093e+00 1.418927899613781847e+03
2.518018018018017834e+00 1.419358032474336596e+03
2.530030030030030019e+00 1.419787864282356622e+03
2.542042042042042205e+00 1.420217394377638357e+03
2.554054054054053946e+00 1.420646622100098284e+03
2.566066066066066131e+00 1.421075546789775217e+03
2.578078078078077873e+00 1.421504167786830749e+03
2.590090090090090058e+00 1.421932484431552439e+03
2.602102102102102243e+00 1.422360496064356994e+03
2.614114114114113985e+00 1.422788202025789815e+03
2.626126126126126170e+00 1.423215601656529088e+03
2.638138138138137911e+00 1.423642694297386925e+03
2.650150150150150097e+00 1.424069479289311403e+03
2.662162162162162282e+00 1.424495955973388845e+03
2.674174174174174023e+00 1.424922123690846092e+03
2.686186186186186209e+00 1.425347981783052091e+03
2.698198198198198394e+00 1.425773529591520628e+03
2.710210210210210136e+00 1.426198766457911461e+03
2.722222222222222321e+00 1.426623691724032142e+03
2.734234234234234062e+00 1.427048304731842109e+03
2.746246246246246248e+00 1.427472604823452912e+03
2.758258258258258433e+00 1.427896591341130261e+03
2.770270270270270174e+00 1.428320263627296754e+03
2.782282282282282360e+00 1.428743621024533695e+03
2.794294294294294101e+00 1.429166662875583597e+03
2.806306306306306286e+00 1.429589388523350863e+03
2.818318318318318472e+00 1.430011797310905649e+03
2.830330330330330213e+00 1.430433888581484098e+03
2.842342342342342398e+00 1.430855661678492197e+03
2.854354354354354140e+00 1.431277115945506011e+03
2.866366366366366325e+00 1.431698250726276001e+03
2.878378378378378510e+00 1.432119065364725429e+03
2.890390390390390252e+00 1.432539559204957186e+03
2.902402402402402437e+00 1.432959731591251284e+03
2.914414414414414178e+00 1.433379581868070090e+03
2.926426426426426364e+00 1.433799109380058781e+03
2.938438438438438549e+00 1.434218313472047157e+03
2.950450450450450290e+00 1.434637193489053516e+03
2.962462462462462476e+00 1.435055748776284872e+03
2.974474474474474661e+00 1.435473978679139464e+03
2.986486486486486402e+00 1.435891882543208794e+03
2.998498498498498588e+00 1.436309459714280820e+03
3.010510510510510329e+00 1.436726709538339037e+03
3.022522522522522515e+00 1.437143631361569078e+03
3.034534534534534700e+00 1.437560224530354844e+03
3.046546546546546441e+00 1.437976488391286694e+03
3.058558558558558627e+00 1.438392422291158937e+03
3.070570570570570368e+00 1.438808025576974160e+03
3.082582582582582553e+00 1.439223297595944132e+03
3.094594594594594739e+00 1.439638237695492990e+03
3.106606606606606480e+00 1.440052845223257464e+03
3.118618618618618665e+00 1.440467119527090745e+03
3.130630630630630407e+00 1.440881059955064302e+03
3.142642642642642592e+00 1.441294665855468111e+03
3.154654654654654777e+00 1.441707936576814518e+03
3.166666666666666519e+00 1.442120871467840288e+03
3.178678678678678704e+00 1.442533469877506832e+03
3.190690690690690445e+00 1.442945731155004523e+03
3.202702702702702631e+00 1.443357654649752931e+03
3.214714714714714816e+00 1.443769239711403998e+03
3.226726726726726557e+00 1.444180485689842953e+03
3.238738738738738743e+00 1.444591391935191496e+03
3.250750750750750928e+00 1.445001957797809382e+03
3.262762762762762669e+00 1.445412182628295795e+03
3.274774774774774855e+00 1.445822065777492526e+03
3.286786786786786596e+00 1.446231606596484653e+03
3.298798798798798781e+00 1.446640804436604412e+03
3.310810810810810967e+00 1.447049658649430285e+03
3.322822822822822708e+00 1.447458168586792908e+03
3.334834834834834894e+00 1.447866333600773487e+03
3.346846846846846635e+00 1.448274153043708338e+03
3.358858858858858820e+00 1.448681626268188211e+03
3.370870870870871006e+00 1.449088752627063968e+03
3.382882882882882747e+00 1.449495531473445226e+03
3.394894894894894932e+00 1.449901962160704215e+03
3.406906906906906674e+00 1.450308044042477377e+03
3.418918918918918859e+00 1.450713776472666723e+03
3.430930930930931044e+00 1.451119158805443021e+03
3.442942942942942786e+00 1.451524190395247160e+03
3.454954954954954971e+00 1.451928870596791739e+03
3.466966966966967156e+00 1.452333198765063798e+03
3.478978978978978898e+00 1.452737174255325954e+03
3.490990990990991083e+00 1.453140796423120037e+03
3.503003003003002824e+00 1.453544064624267321e+03
3.515015015015015010e+00 1.453946978214871251e+03
3.527027027027027195e+00 1.454349536551319261e+03
3.539039039039038936e+00 1.454751738990285730e+03
3.551051051051051122e+00 1.455153584888731984e+03
3.563063063063062863e+00 1.455555073603910841e+03
3.575075075075075048e+00 1.455956204493365931e+03
3.587087087087087234e+00 1.456356976914936240e+03
3.599099099099098975e+00 1.456757390226755433e+03
3.611111111111111160e+00 1.457157443787256398e+03
3.623123123123122902e+00 1.457557136955172155e+03
3.635135135135135087e+00 1.457956469089537222e+03
3.647147147147147273e+00 1.458355439549690800e+03
3.659159159159159014e+00 1.458754047695276768e+03
3.671171171171171199e+00 1.459152292886249370e+03
3.683183183183182940e+00 1.459550174482870716e+03
3.695195195195195126e+00 1.459947691845716918e+03
3.707207207207207311e+00 1.460344844335676044e+03
3.719219219219219053e+00 1.460741631313953349e+03
3.731231231231231238e+00 1.461138052142071956e+03
3.743243243243243423e+00 1.461534106181874904e+03
3.755255255255255165e+00 1.461929792795527419e+03
3.767267267267267350e+00 1.462325111345518053e+03
3.779279279279279091e+00 1.462720061194661412e+03
3.791291291291291277e+00 1.463114641706100429e+03
3.803303303303303462e+00 1.463508852243307956e+03
3.815315315315315203e+00 1.463902692170087448e+03
3.827327327327327389e+00 1.464296160850577962e+03
3.839339339339339130e+00 1.464689257649252568e+03
3.851351351351351315e+00 1.465081981930923348e+03
3.863363363363363501e+00 1.465474333060741628e+03
3.875375375375375242e+00 1.465866310404201158e+03
3.887387387387387427e+00 1.466257913327137430e+03
3.899399399399399169e+00 1.466649141195733364e+03
3.911411411411411354e+00 1.467039993376519305e+03
3.923423423423423539e+00 1.467430469236374392e+03
3.935435435435435281e+00 1.467820568142529737e+03
3.947447447447447466e+00 1.468210289462570472e+03
3.959459459459459651e+00 1.468599632564435979e+03
3.971471471471471393e+00 1.468988596816423524e+03
3.983483483483483578e+00 1.469377181587190307e+03
3.995495495495495319e+00 1.469765386245755053e+03
4.007507507507507505e+00 1.470153210161498009e+03
4.019519519519519690e+00 1.470540652704166860e+03
4.031531531531530987e+00 1.470927713243875132e+03
4.043543543543544061e+00 1.471314391151106065e+03
4.055555555555555358e+00 1.471700685796714197e+03
4.067567567567567544e+00 1.472086596551926505e+03
4.079579579579579729e+00 1.472472122788345132e+03
4.091591591591591026e+00 1.472857263877949663e+03
4.103603603603604100e+00 1.473242019193098713e+03
4.115615615615615397e+00 1.473626388106530612e+03
4.127627627627627582e+00 1.474010369991367725e+03
4.139639639639639768e+00 1.474393964221117358e+03
4.151651651651651065e+00 1.474777170169672445e+03
4.163663663663664138e+00 1.475159987211314956e+03
4.175675675675675436e+00 1.475542414720718170e+03
4.187687687687687621e+00 1.475924452072947133e+03
4.199699699699699806e+00 1.476306098643461382e+03
4.211711711711711104e+00 1.476687353808117678e+03
4.223723723723724177e+00 1.477068216943169773e+03
4.235735735735735474e+00 1.477448687425273192e+03
4.247747747747747660e+00 1.477828764631485228e+03
4.259759759759759845e+00 1.478208447939266989e+03
4.271771771771771142e+00 1.478587736726485673e+03
4.283783783783784216e+00 1.478966630371417068e+03
4.295795795795795513e+00 1.479345128252746690e+03
4.307807807807807698e+00 1.479723229749571601e+03
4.319819819819819884e+00 1.480100934241403138e+03
4.331831831831831181e+00 1.480478241108168277e+03
4.343843843843844255e+00 1.480855149730211679e+03
4.355855855855855552e+00 1.481231659488297737e+03
4.367867867867867737e+00 1.481607769763612396e+03
4.379879879879879923e+00 1.481983479937764059e+03
4.391891891891891220e+00 1.482358789392788367e+03
4.403903903903904293e+00 1.482733697511146602e+03
4.415915915915915591e+00 1.483108203675730692e+03
4.427927927927927776e+00 1.483482307269862304e+03
4.439939939939939961e+00 1.483856007677296930e+03
4.451951951951951258e+00 1.484229304282224803e+03
4.463963963963964332e+00 1.484602196469273849e+03
4.475975975975975629e+00 1.484974683623509463e+03
4.487987987987987815e+00 1.485346765130438826e+03
4.500000000000000000e+00 1.485718440376010676e+03
4.512012012012012185e+00 1.486089708746619635e+03
4.524024024024024371e+00 1.486460569629105521e+03
4.536036036036035668e+00 1.486831022410757669e+03
4.548048048048047853e+00 1.487201066479314022e+03
4.560060060060060039e+00 1.487570701222966136e+03
4.572072072072072224e+00 1.487939926030359857e+03
4.584084084084084409e+00 1.488308740290595097e+03
4.596096096096095707e+00 1.488677143393231745e+03
4.608108108108107892e+00 1.489045134728287849e+03
4.620120120120120077e+00 1.489412713686243933e+03
4.632132132132132263e+00 1.489779879658044365e+03
4.644144144144144448e+00 1.490146632035097809e+03
4.656156156156155745e+00 1.490512970209281548e+03
4.668168168168167931e+00 1.490878893572941024e+03
4.680180180180180116e+00 1.491244401518893483e+03
4.692192192192192302e+00 1.491609493440429105e+03
4.704204204204204487e+00 1.491974168731312147e+03
4.716216216216215784e+00 1.492338426785785259e+03
4.728228228228227970e+00 1.492702266998567893e+03
4.740240240240240155e+00 1.493065688764861306e+03
4.752252252252252340e+00 1.493428691480348789e+03
4.764264264264264526e+00 1.493791274541198163e+03
4.776276276276275823e+00 1.494153437344063150e+03
4.788288288288288008e+00 1.494515179286085186e+03
4.800300300300300194e+00 1.494876499764896835e+03
4.812312312312312379e+00 1.495237398178621106e+03
4.824324324324324564e+00 1.495597873925875774e+03
4.836336336336335862e+00 1.495957926405773378e+03
4.848348348348348047e+00 1.496317555017924406e+03
4.860360360360360232e+00 1.496676759162437975e+03
4.872372372372372418e+00 1.497035538239925700e+03
4.884384384384384603e+00 1.497393891651500780e+03
4.896396396396396788e+00 1.497751818798782779e+03
4.908408408408408086e+00 1.498109319083895571e+03
4.920420420420420271e+00 1.498466391909474623e+03
4.932432432432432456e+00 1.498823036678664266e+03
4.944444444444444642e+00 1.499179252795120647e+03
4.956456456456456827e+00 1.499535039663015823e+03
4.968468468468468124e+00 1.499890396687036173e+03
4.980480480480480310e+00 1.500245323272387395e+03
4.992492492492492495e+00 1.500599818824794056e+03
5.004504504504504681e+00 1.500953882750502089e+03
5.016516516516516866e+00 1.501307514456282433e+03
5.028528528528528163e+00 1.501660713349429443e+03
5.040540540540540349e+00 1.502013478837765433e+03
5.052552552552552534e+00 1.502365810329642727e+03
5.064564564564564719e+00 1.502717707233942747e+03
5.076576576576576905e+00 1.503069168960080560e+03
5.088588588588588202e+00 1.503420194918005564e+03
5.100600600600600387e+00 1.503770784518203072e+03
5.112612612612612573e+00 1.504120937171697960e+03
5.124624624624624758e+00 1.504470652290053749e+03
5.136636636636636943e+00 1.504819929285376475e+03
5.148648648648648241e+00 1.505168767570315595e+03
5.160660660660660426e+00 1.505517166558066492e+03
5.172672672672672611e+00 1.505865125662371156e+03
5.184684684684684797e+00 1.506212644297522047e+03
5.196696696696696982e+00 1.506559721878361415e+03
5.208708708708708279e+00 1.506906357820284484e+03
5.220720720720720465e+00 1.507252551539242177e+03
5.232732732732732650e+00 1.507598302451740892e+03
5.244744744744744835e+00 1.507943609974845913e+03
5.256756756756757021e+00 1.508288473526181633e+03
5.268768768768768318e+00 1.508632892523936107e+03
5.280780780780780503e+00 1.508976866386859456e+03
5.292792792792792689e+00 1.509320394534267962e+03
5.304804804804804874e+00 1.509663476386046568e+03
5.316816816816817060e+00 1.510006111362647061e+03
5.328828828828828357e+00 1.510348298885094209e+03
5.340840840840840542e+00 1.510690038374984169e+03
5.352852852852852727e+00 1.511031329254488810e+03
5.364864864864864913e+00 1.511372170946355709e+03
5.376876876876877098e+00 1.511712562873911793e+03
5.388888888888889284e+00 1.512052504461061289e+03
5.400900900900900581e+00 1.512391995132293687e+03
5.412912912912912766e+00 1.512731034312679640e+03
5.424924924924924952e+00 1.513069621427876427e+03
5.436936936936937137e+00 1.513407755904128635e+03
5.448948948948949322e+00 1.513745437168267927e+03
5.460960960960960620e+00 1.514082664647719412e+03
5.472972972972972805e+00 1.514419437770498462e+03
5.484984984984984990e+00 1.514755755965217304e+03
5.496996996996997176e+00 1.515091618661081611e+03
5.509009009009009361e+00 1.515427025287896640e+03
5.521021021021020658e+00 1.515761975276067005e+03
5.533033033033032844e+00 1.516096468056598496e+03
5.545045045045045029e+00 1.516430503061100353e+03
5.557057057057057214e+00 1.516764079721787766e+03
5.569069069069069400e+00 1.517097197471480740e+03
5.581081081081080697e+00 1.517429855743609551e+03
5.593093093093092882e+00 1.517762053972213607e+03
5.605105105105105068e+00 1.518093791591946228e+03
5.617117117117117253e+00 1.518425068038072368e+03
5.629129129129129439e+00 1.518755882746474526e+03
5.641141141141140736e+00 1.519086235153651160e+03
5.653153153153152921e+00 1.519416124696721681e+03
5.665165165165165106e+00 1.519745550813423961e+03
5.677177177177177292e+00 1.520074512942120464e+03
5.689189189189189477e+00 1.520403010521797569e+03
5.701201201201200774e+00 1.520731042992068296e+03
5.713213213213212960e+00 1.521058609793172536e+03
5.725225225225225145e+00 1.521385710365980685e+03
5.737237237237237331e+00 1.521712344151994785e+03
5.749249249249249516e+00 1.522038510593349656e+03
5.761261261261260813e+00 1.522364209132814722e+03
5.773273273273272999e+00 1.522689439213796504e+03
5.785285285285285184e+00 1.523014200280340447e+03
5.797297297297297369e+00 1.523338491777131367e+03
5.809309309309309555e+00 1.523662313149496413e+03
5.821321321321320852e+00 1.523985663843406201e+03
5.833333333333333037e+00 1.524308543305476860e+03
5.845345345345345223e+00 1.524630950982971399e+03
5.857357357357357408e+00 1.524952886323801977e+03
5.869369369369369593e+00 1.525274348776531269e+03
5.881381381381380891e+00 1.525595337790373833e+03
5.893393393393393076e+00 1.525915852815197923e+03
5.905405405405405261e+00 1.526235893301529813e+03
5.917417417417417447e+00 1.526555458700549934e+03
5.929429429429429632e+00 1.526874548464100826e+03
5.941441441441441818e+00 1.527193162044683504e+03
5.953453453453453115e+00 1.527511298895463369e+03
5.965465465465465300e+00 1.527828958470269299e+03
5.977477477477477485e+00 1.528146140223596376e+03
5.989489489489489671e+00 1.528462843610607706e+03
6.001501501501501856e+00 1.528779068087134874e+03
6.013513513513513153e+00 1.529094813109682036e+03
6.025525525525525339e+00 1.529410078135424783e+03
6.037537537537537524e+00 1.529724862622214459e+03
6.049549549549549710e+00 1.530039166028578165e+03
6.061561561561561895e+00 1.530352987813720802e+03
6.073573573573573192e+00 1.530666327437526661e+03
6.085585585585585378e+00 1.530979184360562385e+03
6.097597597597597563e+00 1.531291558044076737e+03
6.109609609609609748e+00 1.531603447950002874e+03
6.121621621621621934e+00 1.531914853540962213e+03
6.133633633633633231e+00 1.532225774280261703e+03
6.145645645645645416e+00 1.532536209631899965e+03
6.157657657657657602e+00 1.532846159060566606e+03
6.169669669669669787e+00 1.533155622031643816e+03
6.181681681681681972e+00 1.533464598011209318e+03
6.193693693693693270e+00 1.533773086466037057e+03
6.205705705705705455e+00 1.534081086863598557e+03
6.217717717717717640e+00 1.534388598672065655e+03
6.229729729729729826e+00 1.534695621360312543e+03
6.241741741741742011e+00 1.535002154397914637e+03
6.253753753753753308e+00 1.535308197255153800e+03
6.265765765765765494e+00 1.535613749403017664e+03
6.277777777777777679e+00 1.535918810313202812e+03
6.289789789789789864e+00 1.536223379458113868e+03
6.301801801801802050e+00 1.536527456310868729e+03
6.313813813813813347e+00 1.536831040345297424e+03
6.325825825825825532e+00 1.537134131035945074e+03
6.337837837837837718e+00 1.537436727858073255e+03
6.349849849849849903e+00 1.537738830287661585e+03
6.361861861861862089e+00 1.538040437801409098e+03
6.373873873873873386e+00 1.538341549876736281e+03
6.385885885885885571e+00 1.538642165991786896e+03
6.397897897897897757e+00 1.538942285625429122e+03
6.409909909909909942e+00 1.539241908257257364e+03
6.421921921921922127e+00 1.539541033367593627e+03
6.433933933933934313e+00 1.539839660437490693e+03
6.445945945945945610e+00 1.540137788948730304e+03
6.457957957957957795e+00 1.540435418383829983e+03
6.469969969969969981e+00 1.540732548226038261e+03
6.481981981981982166e+00 1.541029177959342178e+03
6.493993993993994351e+00 1.541325307068465690e+03
6.506006006006005649e+00 1.541620935038871949e+03
6.518018018018017834e+00 1.541916061356765113e+03
6.530030030030030019e+00 1.542210685509091945e+03
6.542042042042042205e+00 1.542504806983542494e+03
6.554054054054054390e+00 1.542798425268553956e+03
6.566066066066065687e+00 1.543091539853309769e+03
6.578078078078077873e+00 1.543384150227742794e+03
6.590090090090090058e+00 1.543676255882536452e+03
6.602102102102102243e+00 1.543967856309125636e+03
6.614114114114114429e+00 1.544258950999700119e+03
6.626126126126125726e+00 1.544549539447204552e+03
6.638138138138137911e+00 1.544839621145340061e+03
6.650150150150150097e+00 1.545129195588566517e+03
6.662162162162162282e+00 1.545418262272104585e+03
6.674174174174174468e+00 1.545706820691935718e+03
6.686186186186185765e+00 1.545994870344805122e+03
6.698198198198197950e+00 1.546282410728222885e+03
6.710210210210210136e+00 1.546569441340465346e+03
6.722222222222222321e+00 1.546855961680577821e+03
6.734234234234234506e+00 1.547141971248373466e+03
6.746246246246245803e+00 1.547427469544438054e+03
6.758258258258257989e+00 1.547712456070129520e+03
6.770270270270270174e+00 1.547996930327581140e+03
6.782282282282282360e+00 1.548280891819699946e+03
6.794294294294294545e+00 1.548564340050172632e+03
6.806306306306305842e+00 1.548847274523463966e+03
6.818318318318318028e+00 1.549129694744818835e+03
6.830330330330330213e+00 1.549411600220265655e+03
6.842342342342342398e+00 1.549692990456615007e+03
6.854354354354354584e+00 1.549973864961463960e+03
6.866366366366365881e+00 1.550254223243195611e+03
6.878378378378378066e+00 1.550534064810981363e+03
6.890390390390390252e+00 1.550813389174783424e+03
6.902402402402402437e+00 1.551092195845354127e+03
6.914414414414414622e+00 1.551370484334240473e+03
6.926426426426426808e+00 1.551648254153782091e+03
6.938438438438438105e+00 1.551925504817115780e+03
6.950450450450450290e+00 1.552202235838176421e+03
6.962462462462462476e+00 1.552478446731696522e+03
6.974474474474474661e+00 1.552754137013210766e+03
6.986486486486486847e+00 1.553029306199054645e+03
6.998498498498498144e+00 1.553303953806368781e+03
7.010510510510510329e+00 1.553578079353098019e+03
7.022522522522522515e+00 1.553851682357993923e+03
7.034534534534534700e+00 1.554124762340617508e+03
7.046546546546546885e+00 1.554397318821338104e+03
7.058558558558558182e+00 1.554669351321336762e+03
7.070570570570570368e+00 1.554940859362607853e+03
7.082582582582582553e+00 1.555211842467959741e+03
7.094594594594594739e+00 1.555482300161016610e+03
7.106606606606606924e+00 1.555752231966220052e+03
7.118618618618618221e+00 1.556021637408829974e+03
7.130630630630630407e+00 1.556290516014927562e+03
7.142642642642642592e+00 1.556558867311414815e+03
7.154654654654654777e+00 1.556826690826018421e+03
7.166666666666666963e+00 1.557093986087287476e+03
7.178678678678678260e+00 1.557360752624600536e+03
7.190690690690690445e+00 1.557626989968161070e+03
7.202702702702702631e+00 1.557892697649003139e+03
7.214714714714714816e+00 1.558157875198991860e+03
7.226726726726727001e+00 1.558422522150824079e+03
7.238738738738738299e+00 1.558686638038029741e+03
7.250750750750750484e+00 1.558950222394974844e+03
7.262762762762762669e+00 1.559213274756861892e+03
7.274774774774774855e+00 1.559475794659731264e+03
7.286786786786787040e+00 1.559737781640463254e+03
7.298798798798798337e+00 1.559999235236778532e+03
7.310810810810810523e+00 1.560260154987240639e+03
7.322822822822822708e+00 1.560520540431257359e+03
7.334834834834834894e+00 1.560780391109080938e+03
7.346846846846847079e+00 1.561039706561812181e+03
7.358858858858858376e+00 1.561298486331398180e+03
7.370870870870870561e+00 1.561556729960637313e+03
7.382882882882882747e+00 1.561814436993178106e+03
7.394894894894894932e+00 1.562071606973522876e+03
7.406906906906907118e+00 1.562328239447026590e+03
7.418918918918919303e+00 1.562584333959901187e+03
7.430930930930930600e+00 1.562839890059214440e+03
7.442942942942942786e+00 1.563094907292893140e+03
7.454954954954954971e+00 1.563349385209723550e+03
7.466966966966967156e+00 1.563603323359353453e+03
7.478978978978979342e+00 1.563856721292293059e+03
7.490990990990990639e+00 1.564109578559916827e+03
7.503003003003002824e+00 1.564361894714464142e+03
7.515015015015015010e+00 1.564613669309042507e+03
7.527027027027027195e+00 1.564864901897627078e+03
7.539039039039039380e+00 1.565115592035062036e+03
7.551051051051050678e+00 1.565365739277064222e+03
7.563063063063062863e+00 1.565615343180221771e+03
7.575075075075075048e+00 1.565864403301997527e+03
7.587087087087087234e+00 1.566112919200729266e+03
7.599099099099099419e+00 1.566360890435631518e+03
7.611111111111110716e+00 1.566608316566797612e+03
7.623123123123122902e+00 1.566855197155199676e+03
7.635135135135135087e+00 1.567101531762690684e+03
7.647147147147147273e+00 1.567347319952006728e+03
7.659159159159159458e+00 1.567592561286767250e+03
7.671171171171170755e+00 1.567837255331476626e+03
7.683183183183182940e+00 1.568081401651525084e+03
7.695195195195195126e+00 1.568324999813192790e+03
7.707207207207207311e+00 1.568568049383646667e+03
7.719219219219219497e+00 1.568810549930945399e+03
7.731231231231230794e+00 1.569052501024039884e+03
7.743243243243242979e+00 1.569293902232774144e+03
7.755255255255255165e+00 1.569534753127886233e+03
7.767267267267267350e+00 1.569775053281010969e+03
7.779279279279279535e+00 1.570014802264680384e+03
7.791291291291290833e+00 1.570253999652324865e+03
7.803303303303303018e+00 1.570492645018275880e+03
7.815315315315315203e+00 1.570730737937765525e+03
7.827327327327327389e+00 1.570968277986928797e+03
7.839339339339339574e+00 1.571205264742804957e+03
7.851351351351350871e+00 1.571441697783339350e+03
7.863363363363363057e+00 1.571677576687382498e+03
7.875375375375375242e+00 1.571912901034695324e+03
7.887387387387387427e+00 1.572147670405946428e+03
7.899399399399399613e+00 1.572381884382715498e+03
7.911411411411410910e+00 1.572615542547495807e+03
7.923423423423423095e+00 1.572848644483692169e+03
7.935435435435435281e+00 1.573081189775625489e+03
7.947447447447447466e+00 1.573313178008531850e+03
7.959459459459459651e+00 1.573544608768566377e+03
7.971471471471471837e+00 1.573775481642800742e+03
7.983483483483483134e+00 1.574005796219228159e+03
7.995495495495495319e+00 1.574235552086763164e+03
8.007507507507508393e+00 1.574464748835241835e+03
8.019519519519519690e+00 1.574693386055425663e+03
8.031531531531530987e+00 1.574921463339000638e+03
8.043543543543542285e+00 1.575148980278579074e+03
8.055555555555555358e+00 1.575375936467701649e+03
8.067567567567568432e+00 1.575602331500837863e+03
8.079579579579579729e+00 1.575828164973388084e+03
8.091591591591591026e+00 1.576053436481683548e+03
8.103603603603602323e+00 1.576278145622989541e+03
8.115615615615615397e+00 1.576502291995504947e+03
8.127627627627628470e+00 1.576725875198364065e+03
8.139639639639639768e+00 1.576948894831638427e+03
8.151651651651651065e+00 1.577171350496337482e+03
8.163663663663662362e+00 1.577393241794410187e+03
8.175675675675675436e+00 1.577614568328746373e+03
8.187687687687688509e+00 1.577835329703176740e+03
8.199699699699699806e+00 1.578055525522475818e+03
8.211711711711711104e+00 1.578275155392363104e+03
8.223723723723722401e+00 1.578494218919502828e+03
8.235735735735735474e+00 1.578712715711506462e+03
8.247747747747748548e+00 1.578930645376933171e+03
8.259759759759759845e+00 1.579148007525292314e+03
8.271771771771771142e+00 1.579364801767043446e+03
8.283783783783782440e+00 1.579581027713598132e+03
8.295795795795795513e+00 1.579796684977321092e+03
8.307807807807808587e+00 1.580011773171530649e+03
8.319819819819819884e+00 1.580226291910501459e+03
8.331831831831831181e+00 1.580440240809465422e+03
8.343843843843842478e+00 1.580653619484611227e+03
8.355855855855855552e+00 1.580866427553087760e+03
8.367867867867868625e+00 1.581078664633003655e+03
8.379879879879879923e+00 1.581290330343429559e+03
8.391891891891891220e+00 1.581501424304398824e+03
8.403903903903902517e+00 1.581711946136909546e+03
8.415915915915915591e+00 1.581921895462924567e+03
8.427927927927928664e+00 1.582131271905372842e+03
8.439939939939939961e+00 1.582340075088151480e+03
8.451951951951951258e+00 1.582548304636127114e+03
8.463963963963964332e+00 1.582755960175134987e+03
8.475975975975975629e+00 1.582963041331982822e+03
8.487987987987988703e+00 1.583169547734450134e+03
8.500000000000000000e+00 1.583375479011290736e+03
8.512012012012011297e+00 1.583580834792232508e+03
8.524024024024024371e+00 1.583785614707979676e+03
8.536036036036035668e+00 1.583989818390214168e+03
8.548048048048048742e+00 1.584193445471595169e+03
8.560060060060060039e+00 1.584396495585762068e+03
8.572072072072071336e+00 1.584598968367335374e+03
8.584084084084084409e+00 1.584800863451916257e+03
8.596096096096095707e+00 1.585002180476089961e+03
8.608108108108108780e+00 1.585202919077425122e+03
8.620120120120120077e+00 1.585403078894476494e+03
8.632132132132131375e+00 1.585602659566784496e+03
8.644144144144144448e+00 1.585801660734877942e+03
8.656156156156155745e+00 1.586000082040273810e+03
8.668168168168168819e+00 1.586197923125479065e+03
8.680180180180180116e+00 1.586395183633992019e+03
8.692192192192191413e+00 1.586591863210302790e+03
8.704204204204204487e+00 1.586787961499895573e+03
8.716216216216215784e+00 1.586983478149247730e+03
8.728228228228228858e+00 1.587178412805832977e+03
8.740240240240240155e+00 1.587372765118121833e+03
8.752252252252251452e+00 1.587566534735582536e+03
8.764264264264264526e+00 1.587759721308681492e+03
8.776276276276275823e+00 1.587952324488887371e+03
8.788288288288288896e+00 1.588144343928666785e+03
8.800300300300300194e+00 1.588335779281490886e+03
8.812312312312311491e+00 1.588526630201833541e+03
8.824324324324324564e+00 1.588716896345173154e+03
8.836336336336335862e+00 1.588906577367993577e+03
8.848348348348348935e+00 1.589095672927785472e+03
8.860360360360360232e+00 1.589284182683046538e+03
8.872372372372371530e+00 1.589472106293284924e+03
8.884384384384384603e+00 1.589659443419017180e+03
8.896396396396395900e+00 1.589846193721771442e+03
8.908408408408408974e+00 1.590032356864087660e+03
8.920420420420420271e+00 1.590217932509519869e+03
8.932432432432431568e+00 1.590402920322634827e+03
8.944444444444444642e+00 1.590587319969015880e+03
8.956456456456455939e+00 1.590771131115262506e+03
8.968468468468469013e+00 1.590954353428990999e+03
8.980480480480480310e+00 1.591136986578836513e+03
8.992492492492491607e+00 1.591319030234454203e+03
9.004504504504504681e+00 1.591500484066518993e+03
9.016516516516515978e+00 1.591681347746727852e+03
9.028528528528529051e+00 1.591861620947800930e+03
9.040540540540540349e+00 1.592041303343481559e+03
9.052552552552551646e+00 1.592220394608537845e+03
9.064564564564564719e+00 1.592398894418764030e+03
9.076576576576576016e+00 1.592576802450980722e+03
9.088588588588589090e+00 1.592754118383037621e+03
9.100600600600600387e+00 1.592930841893811703e+03
9.112612612612611684e+00 1.593106972663210399e+03
9.124624624624624758e+00 1.593282510372173874e+03
9.136636636636636055e+00 1.593457454702671384e+03
9.148648648648649129e+00 1.593631805337707192e+03
9.160660660660660426e+00 1.593805561961318745e+03
9.172672672672671723e+00 1.593978724258579405e+03
9.184684684684684797e+00 1.594151291915597085e+03
9.196696696696696094e+00 1.594323264619518341e+03
9.208708708708709167e+00 1.594494642058526551e+03
9.220720720720720465e+00 1.594665423921845104e+03
9.232732732732733538e+00 1.594835609899736028e+03
9.244744744744744835e+00 1.595005199683503633e+03
9.256756756756756133e+00 1.595174192965494058e+03
9.268768768768769206e+00 1.595342589439096173e+03
9.280780780780780503e+00 1.595510388798742497e+03
9.292792792792793577e+00 1.595677590739911011e+03
9.304804804804804874e+00 1.595844194959124934e+03
9.316816816816816171e+00 1.596010201153955677e+03
9.328828828828829245e+00 1.596175609023021025e+03
9.340840840840840542e+00 1.596340418265988319e+03
9.352852852852853616e+00 1.596504628583574686e+03
9.364864864864864913e+00 1.596668239677547717e+03
9.376876876876876210e+00 1.596831251250726837e+03
9.388888888888889284e+00 1.596993663006983752e+03
9.400900900900900581e+00 1.597155474651244731e+03
9.412912912912913654e+00 1.597316685889489463e+03
9.424924924924924952e+00 1.597477296428753334e+03
9.436936936936936249e+00 1.597637305977128563e+03
9.448948948948949322e+00 1.597796714243764654e+03
9.460960960960960620e+00 1.597955520938868631e+03
9.472972972972973693e+00 1.598113725773707301e+03
9.484984984984984990e+00 1.598271328460607947e+03
9.496996996996996288e+00 1.598428328712957864e+03
9.509009009009009361e+00 1.598584726245207548e+03
9.521021021021020658e+00 1.598740520772868877e+03
9.533033033033033732e+00 1.598895712012518743e+03
9.545045045045045029e+00 1.599050299681798606e+03
9.557057057057056326e+00 1.599204283499414032e+03
9.569069069069069400e+00 1.599357663185139245e+03
9.581081081081080697e+00 1.599510438459814623e+03
9.593093093093093771e+00 1.599662609045348290e+03
9.605105105105105068e+00 1.599814174664719303e+03
9.617117117117116365e+00 1.599965135041974918e+03
9.629129129129129439e+00 1.600115489902233776e+03
9.641141141141140736e+00 1.600265238971687268e+03
9.653153153153153809e+00 1.600414381977598623e+03
9.665165165165165106e+00 1.600562918648304276e+03
9.677177177177176404e+00 1.600710848713217047e+03
9.689189189189189477e+00 1.600858171902822278e+03
9.701201201201200774e+00 1.601004887948683063e+03
9.713213213213213848e+00 1.601150996583439337e+03
9.725225225225225145e+00 1.601296497540809014e+03
9.737237237237236442e+00 1.601441390555588441e+03
9.749249249249249516e+00 1.601585675363653991e+03
9.761261261261260813e+00 1.601729351701961150e+03
9.773273273273273887e+00 1.601872419308548160e+03
9.785285285285285184e+00 1.602014877922535106e+03
9.797297297297296481e+00 1.602156727284124599e+03
9.809309309309309555e+00 1.602297967134602459e+03
9.821321321321320852e+00 1.602438597216340213e+03
9.833333333333333925e+00 1.602578617272794872e+03
9.845345345345345223e+00 1.602718027048507793e+03
9.857357357357356520e+00 1.602856826289110359e+03
9.869369369369369593e+00 1.602995014741319210e+03
9.881381381381380891e+00 1.603132592152941015e+03
9.893393393393393964e+00 1.603269558272871336e+03
9.905405405405405261e+00 1.603405912851096673e+03
9.917417417417416559e+00 1.603541655638694010e+03
9.929429429429429632e+00 1.603676786387832635e+03
9.941441441441440929e+00 1.603811304851774139e+03
9.953453453453454003e+00 1.603945210784873780e+03
9.965465465465465300e+00 1.604078503942581392e+03
9.977477477477476597e+00 1.604211184081441388e+03
9.989489489489489671e+00 1.604343250959094348e+03
1.000150150150150097e+01 1.604474704334277249e+03
1.001351351351351404e+01 1.604605543966824371e+03
1.002552552552552534e+01 1.604735769617668211e+03
1.003753753753753664e+01 1.604865381048840391e+03
1.004954954954954971e+01 1.604994378023472564e+03
1.006156156156156101e+01 1.605122760305795509e+03
1.007357357357357408e+01 1.605250527661142314e+03
1.008558558558558538e+01 1.605377679855947690e+03
1.009759759759759667e+01 1.605504216657749339e+03
1.010960960960960975e+01 1.605630137835187725e+03
1.012162162162162105e+01 1.605755443158008347e+03
1.013363363363363412e+01 1.605880132397060834e+03
1.014564564564564542e+01 1.606004205324300756e+03
1.015765765765765671e+01 1.606127661712790541e+03
1.016966966966966979e+01 1.606250501336699244e+03
1.018168168168168108e+01 1.606372723971303230e+03
1.019369369369369416e+01 1.606494329392988675e+03
1.020570570570570545e+01 1.606615317379250428e+03
1.021771771771771675e+01 1.606735687708692694e+03
1.022972972972972983e+01 1.606855440161031311e+03
1.024174174174174112e+01 1.606974574517093515e+03
1.025375375375375420e+01 1.607093090558817266e+03
1.026576576576576549e+01 1.607210988069255563e+03
1.027777777777777857e+01 1.607328266832573263e+03
1.028978978978978986e+01 1.607444926634049807e+03
1.030180180180180116e+01 1.607560967260079906e+03
1.031381381381381424e+01 1.607676388498172855e+03
1.032582582582582553e+01 1.607791190136955493e+03
1.033783783783783861e+01 1.607905371966171060e+03
1.034984984984984990e+01 1.608018933776679887e+03
1.036186186186186120e+01 1.608131875360460754e+03
1.037387387387387427e+01 1.608244196510612710e+03
1.038588588588588557e+01 1.608355897021352803e+03
1.039789789789789864e+01 1.608466976688018349e+03
1.040990990990990994e+01 1.608577435307069209e+03
1.042192192192192124e+01 1.608687272676084831e+03
1.043393393393393431e+01 1.608796488593768117e+03
1.044594594594594561e+01 1.608905082859945196e+03
1.045795795795795868e+01 1.609013055275564057e+03
1.046996996996996998e+01 1.609120405642698415e+03
1.048198198198198128e+01 1.609227133764546124e+03
1.049399399399399435e+01 1.609333239445430536e+03
1.050600600600600565e+01 1.609438722490800728e+03
1.051801801801801872e+01 1.609543582707233782e+03
1.053003003003003002e+01 1.609647819902431820e+03
1.054204204204204132e+01 1.609751433885227016e+03
1.055405405405405439e+01 1.609854424465579314e+03
1.056606606606606569e+01 1.609956791454576887e+03
1.057807807807807876e+01 1.610058534664439321e+03
1.059009009009009006e+01 1.610159653908515338e+03
1.060210210210210136e+01 1.610260149001284844e+03
1.061411411411411443e+01 1.610360019758359613e+03
1.062612612612612573e+01 1.610459265996482827e+03
1.063813813813813880e+01 1.610557887533531812e+03
1.065015015015015010e+01 1.610655884188515756e+03
1.066216216216216139e+01 1.610753255781578218e+03
1.067417417417417447e+01 1.610850002133997805e+03
1.068618618618618576e+01 1.610946123068187262e+03
1.069819819819819884e+01 1.611041618407695069e+03
1.071021021021021014e+01 1.611136487977206798e+03
1.072222222222222143e+01 1.611230731602543528e+03
1.073423423423423451e+01 1.611324349110665025e+03
1.074624624624624580e+01 1.611417340329667468e+03
1.075825825825825888e+01 1.611509705088786632e+03
1.077027027027027017e+01 1.611601443218396071e+03
1.078228228228228147e+01 1.611692554550009845e+03
1.079429429429429455e+01 1.611783038916281839e+03
1.080630630630630584e+01 1.611872896151006671e+03
1.081831831831831892e+01 1.611962126089119010e+03
1.083033033033033021e+01 1.612050728566696307e+03
1.084234234234234151e+01 1.612138703420958336e+03
1.085435435435435458e+01 1.612226050490266744e+03
1.086636636636636588e+01 1.612312769614126410e+03
1.087837837837837895e+01 1.612398860633186814e+03
1.089039039039039025e+01 1.612484323389241126e+03
1.090240240240240155e+01 1.612569157725226887e+03
1.091441441441441462e+01 1.612653363485227374e+03
1.092642642642642592e+01 1.612736940514471826e+03
1.093843843843843899e+01 1.612819888659335447e+03
1.095045045045045029e+01 1.612902207767340315e+03
1.096246246246246159e+01 1.612983897687154695e+03
1.097447447447447466e+01 1.613064958268597138e+03
1.098648648648648596e+01 1.613145389362631249e+03
1.099849849849849903e+01 1.613225190821372053e+03
1.101051051051051033e+01 1.613304362498081900e+03
1.102252252252252163e+01 1.613382904247173883e+03
1.103453453453453470e+01 1.613460815924210237e+03
1.104654654654654600e+01 1.613538097385904848e+03
1.105855855855855907e+01 1.613614748490121201e+03
1.107057057057057037e+01 1.613690769095876476e+03
1.108258258258258167e+01 1.613766159063337454e+03
1.109459459459459474e+01 1.613840918253824384e+03
1.110660660660660604e+01 1.613915046529810297e+03
1.111861861861861911e+01 1.613988543754922375e+03
1.113063063063063041e+01 1.614061409793939447e+03
1.114264264264264170e+01 1.614133644512796309e+03
1.115465465465465478e+01 1.614205247778581452e+03
1.116666666666666607e+01 1.614276219459538879e+03
1.117867867867867915e+01 1.614346559425067426e+03
1.119069069069069045e+01 1.614416267545722349e+03
1.120270270270270174e+01 1.614485343693215327e+03
1.121471471471471482e+01 1.614553787740413782e+03
1.122672672672672611e+01 1.614621599561343146e+03
1.123873873873873919e+01 1.614688779031185959e+03
1.125075075075075048e+01 1.614755326026282546e+03
1.126276276276276178e+01 1.614821240424131702e+03
1.127477477477477485e+01 1.614886522103391144e+03
1.128678678678678615e+01 1.614951170943877514e+03
1.129879879879879923e+01 1.615015186826566605e+03
1.131081081081081052e+01 1.615078569633594270e+03
1.132282282282282360e+01 1.615141319248256423e+03
1.133483483483483489e+01 1.615203435555010401e+03
1.134684684684684619e+01 1.615264918439473604e+03
1.135885885885885926e+01 1.615325767788424855e+03
1.137087087087087056e+01 1.615385983489804858e+03
1.138288288288288364e+01 1.615445565432717103e+03
1.139489489489489493e+01 1.615504513507426054e+03
1.140690690690690623e+01 1.615562827605360326e+03
1.141891891891891930e+01 1.615620507619110867e+03
1.143093093093093060e+01 1.615677553442431645e+03
1.144294294294294367e+01 1.615733964970242141e+03
1.145495495495495497e+01 1.615789742098624856e+03
1.146696696696696627e+01 1.615844884724826215e+03
1.147897897897897934e+01 1.615899392747258389e+03
1.149099099099099064e+01 1.615953266065498838e+03
1.150300300300300371e+01 1.616006504580289857e+03
1.151501501501501501e+01 1.616059108193539487e+03
1.152702702702702631e+01 1.616111076808322650e+03
1.153903903903903938e+01 1.616162410328879787e+03
1.155105105105105068e+01 1.616213108660618673e+03
1.156306306306306375e+01 1.616263171710113511e+03
1.157507507507507505e+01 1.616312599385106751e+03
1.158708708708708635e+01 1.616361391594507950e+03
1.159909909909909942e+01 1.616409548248394231e+03
1.161111111111111072e+01 1.616457069258011416e+03
1.162312312312312379e+01 1.616503954535773573e+03
1.163513513513513509e+01 1.616550203995264155e+03
1.164714714714714638e+01 1.616595817551235086e+03
1.165915915915915946e+01 1.616640795119606537e+03
1.167117117117117076e+01 1.616685136617471244e+03
1.168318318318318383e+01 1.616728841963088598e+03
1.169519519519519513e+01 1.616771911075890557e+03
1.170720720720720642e+01 1.616814343876477778e+03
1.171921921921921950e+01 1.616856140286622576e+03
1.173123123123123079e+01 1.616897300229267785e+03
1.174324324324324387e+01 1.616937823628527440e+03
1.175525525525525516e+01 1.616977710409687006e+03
1.176726726726726646e+01 1.617016960499203151e+03
1.177927927927927954e+01 1.617055573824705334e+03
1.179129129129129083e+01 1.617093550314993990e+03
1.180330330330330391e+01 1.617130889900043030e+03
1.181531531531531520e+01 1.617167592510998247e+03
1.182732732732732650e+01 1.617203658080178229e+03
1.183933933933933957e+01 1.617239086541074130e+03
1.185135135135135087e+01 1.617273877828351942e+03
1.186336336336336394e+01 1.617308031877848862e+03
1.187537537537537524e+01 1.617341548626577151e+03
1.188738738738738654e+01 1.617374428012723229e+03
1.189939939939939961e+01 1.617406669975646309e+03
1.191141141141141091e+01 1.617438274455880219e+03
1.192342342342342398e+01 1.617469241395133849e+03
1.193543543543543528e+01 1.617499570736289797e+03
1.194744744744744658e+01 1.617529262423406180e+03
1.195945945945945965e+01 1.617558316401715274e+03
1.197147147147147095e+01 1.617586732617625785e+03
1.198348348348348402e+01 1.617614511018720350e+03
1.199549549549549532e+01 1.617641651553757583e+03
1.200750750750750662e+01 1.617668154172672757e+03
1.201951951951951969e+01 1.617694018826575075e+03
1.203153153153153099e+01 1.617719245467750852e+03
1.204354354354354406e+01 1.617743834049662382e+03
1.205555555555555536e+01 1.617767784526949072e+03
1.206756756756756666e+01 1.617791096855424712e+03
1.207957957957957973e+01 1.617813770992081118e+03
1.209159159159159103e+01 1.617835806895086534e+03
1.210360360360360410e+01 1.617857204523786322e+03
1.211561561561561540e+01 1.617877963838702271e+03
1.212762762762762669e+01 1.617898084801533059e+03
1.213963963963963977e+01 1.617917567375155613e+03
1.215165165165165106e+01 1.617936411523623519e+03
1.216366366366366414e+01 1.617954617212167250e+03
1.217567567567567544e+01 1.617972184407196437e+03
1.218768768768768673e+01 1.617989113076296235e+03
1.219969969969969981e+01 1.618005403188231867e+03
1.221171171171171110e+01 1.618021054712944306e+03
1.222372372372372418e+01 1.618036067621554139e+03
1.223573573573573547e+01 1.618050441886359522e+03
1.224774774774774677e+01 1.618064177480836179e+03
1.225975975975975985e+01 1.618077274379638311e+03
1.227177177177177114e+01 1.618089732558599280e+03
1.228378378378378422e+01 1.618101551994729562e+03
1.229579579579579551e+01 1.618112732666219017e+03
1.230780780780780859e+01 1.618123274552436214e+03
1.231981981981981988e+01 1.618133177633927062e+03
1.233183183183183118e+01 1.618142441892417537e+03
1.234384384384384425e+01 1.618151067310811868e+03
1.235585585585585555e+01 1.618159053873192079e+03
1.236786786786786863e+01 1.618166401564821172e+03
1.237987987987987992e+01 1.618173110372139035e+03
1.239189189189189122e+01 1.618179180282765628e+03
1.240390390390390429e+01 1.618184611285499159e+03
1.241591591591591559e+01 1.618189403370317450e+03
1.242792792792792866e+01 1.618193556528376575e+03
1.243993993993993996e+01 1.618197070752012678e+03
1.245195195195195126e+01 1.618199946034740606e+03
1.246396396396396433e+01 1.618202182371253912e+03
1.247597597597597563e+01 1.618203779757425309e+03
1.248798798798798870e+01 1.618204738190307580e+03
1.250000000000000000e+01 1.618205057668131531e+03
