5.000000000000000000e-01 1.159845027001542093e+02
5.145145145145144649e-01 1.160336448792515682e+02
5.290290290290290409e-01 1.160826864850847926e+02
5.435435435435435059e-01 1.161316275859232405e+02
5.580580580580580818e-01 1.161804682508204962e+02
5.725725725725725468e-01 1.162292085496085150e+02
5.870870870870871228e-01 1.162778485528920669e+02
6.016016016016015877e-01 1.163263883320429670e+02
6.161161161161161637e-01 1.163748279591944339e+02
6.306306306306306286e-01 1.164231675072354619e+02
6.451451451451450936e-01 1.164714070498051797e+02
6.596596596596596696e-01 1.165195466612872792e+02
6.741741741741742455e-01 1.165675864168043745e+02
6.886886886886887105e-01 1.166155263922124448e+02
7.032032032032031754e-01 1.166633666640952924e+02
7.177177177177177514e-01 1.167111073097591429e+02
7.322322322322322163e-01 1.167587484072268325e+02
7.467467467467467923e-01 1.168062900352327205e+02
7.612612612612612573e-01 1.168537322732168491e+02
7.757757757757757222e-01 1.169010752013197276e+02
7.902902902902902982e-01 1.169483189003767905e+02
8.048048048048048742e-01 1.169954634519130821e+02
8.193193193193193391e-01 1.170425089381378427e+02
8.338338338338338041e-01 1.170894554419389522e+02
8.483483483483483800e-01 1.171363030468779129e+02
8.628628628628629560e-01 1.171830518371842800e+02
8.773773773773774209e-01 1.172297018977503740e+02
8.918918918918918859e-01 1.172762533141260235e+02
9.064064064064063508e-01 1.173227061725134490e+02
9.209209209209209268e-01 1.173690605597616923e+02
9.354354354354355028e-01 1.174153165633616567e+02
9.499499499499499677e-01 1.174614742714407214e+02
9.644644644644644327e-01 1.175075337727577249e+02
9.789789789789790087e-01 1.175534951566975792e+02
9.934934934934935846e-01 1.175993585132663100e+02
1.008008008008008050e+00 1.176451239330858556e+02
1.022522522522522515e+00 1.176907915073888802e+02
1.037037037037037202e+00 1.177363613280137997e+02
1.051551551551551444e+00 1.177818334873996093e+02
1.066066066066066131e+00 1.178272080785809237e+02
1.080580580580580596e+00 1.178724851951829038e+02
1.095095095095095061e+00 1.179176649314162120e+02
1.109609609609609748e+00 1.179627473820720525e+02
1.124124124124123991e+00 1.180077326425171975e+02
1.138638638638638678e+00 1.180526208086890563e+02
1.153153153153153143e+00 1.180974119770906725e+02
1.167667667667667608e+00 1.181421062447859356e+02
1.182182182182182295e+00 1.181867037093944646e+02
1.196696696696696760e+00 1.182312044690870323e+02
1.211211211211211225e+00 1.182756086225804779e+02
1.225725725725725912e+00 1.183199162691329747e+02
1.240240240240240155e+00 1.183641275085391840e+02
1.254754754754754842e+00 1.184082424411255090e+02
1.269269269269269307e+00 1.184522611677452915e+02
1.283783783783783772e+00 1.184961837897739230e+02
1.298298298298298459e+00 1.185400104091044682e+02
1.312812812812812702e+00 1.185837411281425773e+02
1.327327327327327389e+00 1.186273760498019243e+02
1.341841841841841854e+00 1.186709152774996028e+02
1.356356356356356319e+00 1.187143589151514647e+02
1.370870870870871006e+00 1.187577070671673027e+02
1.385385385385385471e+00 1.188009598384465306e+02
1.399899899899899935e+00 1.188441173343732942e+02
1.414414414414414622e+00 1.188871796608121230e+02
1.428928928928928865e+00 1.189301469241032407e+02
1.443443443443443552e+00 1.189730192310580321e+02
1.457957957957958017e+00 1.190157966889547367e+02
1.472472472472472482e+00 1.190584794055335465e+02
1.486986986986987169e+00 1.191010674889925269e+02
1.501501501501501634e+00 1.191435610479829563e+02
1.516016016016016099e+00 1.191859601916049769e+02
1.530530530530530564e+00 1.192282650294029622e+02
1.545045045045045029e+00 1.192704756713615524e+02
1.559559559559559716e+00 1.193125922279008364e+02
1.574074074074074181e+00 1.193546148098721744e+02
1.588588588588588646e+00 1.193965435285539485e+02
1.603103103103103111e+00 1.194383784956470436e+02
1.617617617617617576e+00 1.194801198232707549e+02
1.632132132132132263e+00 1.195217676239583398e+02
1.646646646646646728e+00 1.195633220106528256e+02
1.661161161161161193e+00 1.196047830967027323e+02
1.675675675675675658e+00 1.196461509958580507e+02
1.690190190190190345e+00 1.196874258222656238e+02
1.704704704704704810e+00 1.197286076904654379e+02
1.719219219219219275e+00 1.197696967153861181e+02
1.733733733733733740e+00 1.198106930123408489e+02
1.748248248248248204e+00 1.198515966970234103e+02
1.762762762762762891e+00 1.198924078855039284e+02
1.777277277277277356e+00 1.199331266942247396e+02
1.791791791791791821e+00 1.199737532399965403e+02
1.806306306306306286e+00 1.200142876399941088e+02
1.820820820820820973e+00 1.200547300117523122e+02
1.835335335335335438e+00 1.200950804731623123e+02
1.849849849849849903e+00 1.201353391424672452e+02
1.864364364364364368e+00 1.201755061382585552e+02
1.878878878878879055e+00 1.202155815794718023e+02
1.893393393393393520e+00 1.202555655853828682e+02
1.907907907907907985e+00 1.202954582756040338e+02
1.922422422422422450e+00 1.203352597700799151e+02
1.936936936936936915e+00 1.203749701890839390e+02
1.951451451451451602e+00 1.204145896532140654e+02
1.965965965965966067e+00 1.204541182833892776e+02
1.980480480480480532e+00 1.204935562008455321e+02
1.994994994994994997e+00 1.205329035271321061e+02
2.009509509509509684e+00 1.205721603841077751e+02
2.024024024024024371e+00 1.206113268939370045e+02
2.038538538538538614e+00 1.206504031790862825e+02
2.053053053053052857e+00 1.206893893623202416e+02
2.067567567567567544e+00 1.207282855666981902e+02
2.082082082082082231e+00 1.207670919155701199e+02
2.096596596596596918e+00 1.208058085325733515e+02
2.111111111111111160e+00 1.208444355416286271e+02
2.125625625625625403e+00 1.208829730669365716e+02
2.140140140140140090e+00 1.209214212329741542e+02
2.154654654654654777e+00 1.209597801644909225e+02
2.169169169169169464e+00 1.209980499865055492e+02
2.183683683683683707e+00 1.210362308243022369e+02
2.198198198198198394e+00 1.210743228034271795e+02
2.212712712712712637e+00 1.211123260496849525e+02
2.227227227227227324e+00 1.211502406891351598e+02
2.241741741741742011e+00 1.211880668480888232e+02
2.256256256256256254e+00 1.212258046531049445e+02
2.270770770770770941e+00 1.212634542309869943e+02
2.285285285285285184e+00 1.213010157087796870e+02
2.299799799799799871e+00 1.213384892137653139e+02
2.314314314314314558e+00 1.213758748734604183e+02
2.328828828828829245e+00 1.214131728156124836e+02
2.343343343343343488e+00 1.214503831681965096e+02
2.357857857857857731e+00 1.214875060594116576e+02
2.372372372372372418e+00 1.215245416176779258e+02
2.386886886886887105e+00 1.215614899716329376e+02
2.401401401401401792e+00 1.215983512501284309e+02
2.415915915915916035e+00 1.216351255822272464e+02
2.430430430430430278e+00 1.216718130971998022e+02
2.444944944944944965e+00 1.217084139245210537e+02
2.459459459459459651e+00 1.217449281938672527e+02
2.473973973973974338e+00 1.217813560351125801e+02
2.488488488488488581e+00 1.218176975783261042e+02
2.503003003003003268e+00 1.218539529537685411e+02
2.517517517517517511e+00 1.218901222918892131e+02
2.532032032032032198e+00 1.219262057233227381e+02
2.546546546546546441e+00 1.219622033788859881e+02
2.561061061061061128e+00 1.219981153895750623e+02
2.575575575575575815e+00 1.220339418865620473e+02
2.590090090090090058e+00 1.220696830011920611e+02
2.604604604604604745e+00 1.221053388649801832e+02
2.619119119119119432e+00 1.221409096096083999e+02
2.633633633633633675e+00 1.221763953669225913e+02
2.648148148148148362e+00 1.222117962689294757e+02
2.662662662662662605e+00 1.222471124477937110e+02
2.677177177177177292e+00 1.222823440358349103e+02
2.691691691691691979e+00 1.223174911655246291e+02
2.706206206206206222e+00 1.223525539694834663e+02
2.720720720720720909e+00 1.223875325804781511e+02
2.735235235235235152e+00 1.224224271314186865e+02
2.749749749749749839e+00 1.224572377553553082e+02
2.764264264264264526e+00 1.224919645854758556e+02
2.778778778778778769e+00 1.225266077551026171e+02
2.793293293293293456e+00 1.225611673976897862e+02
2.807807807807808143e+00 1.225956436468204487e+02
2.822322322322322385e+00 1.226300366362038403e+02
2.836836836836837072e+00 1.226643464996726465e+02
2.851351351351351315e+00 1.226985733711799469e+02
2.865865865865866002e+00 1.227327173847968567e+02
2.880380380380380689e+00 1.227667786747094283e+02
2.894894894894894932e+00 1.228007573752161932e+02
2.909409409409409619e+00 1.228346536207252484e+02
2.923923923923923862e+00 1.228684675457517130e+02
2.938438438438438549e+00 1.229021992849149569e+02
2.952952952952953236e+00 1.229358489729359576e+02
2.967467467467467479e+00 1.229694167446347421e+02
2.981981981981982166e+00 1.230029027349276305e+02
2.996496496496496409e+00 1.230363070788246489e+02
3.011011011011011096e+00 1.230696299114269863e+02
3.025525525525525783e+00 1.231028713679244362e+02
3.040040040040040026e+00 1.231360315835926684e+02
3.054554554554554713e+00 1.231691106937908273e+02
3.069069069069069400e+00 1.232021088339589738e+02
3.083583583583583643e+00 1.232350261396154991e+02
3.098098098098098330e+00 1.232678627463546803e+02
3.112612612612612573e+00 1.233006187898440942e+02
3.127127127127127260e+00 1.233332944058223006e+02
3.141641641641641947e+00 1.233658897300962423e+02
3.156156156156156189e+00 1.233984048985388284e+02
3.170670670670670876e+00 1.234308400470865053e+02
3.185185185185185119e+00 1.234631953117369392e+02
3.199699699699699806e+00 1.234954708285464164e+02
3.214214214214214493e+00 1.235276667336276546e+02
3.228728728728728736e+00 1.235597831631471877e+02
3.243243243243243423e+00 1.235918202533233341e+02
3.257757757757758110e+00 1.236237781404236955e+02
3.272272272272272353e+00 1.236556569607625704e+02
3.286786786786787040e+00 1.236874568506991068e+02
3.301301301301301283e+00 1.237191779466346730e+02
3.315815815815815970e+00 1.237508203850107122e+02
3.330330330330330657e+00 1.237823843023064114e+02
3.344844844844844900e+00 1.238138698350364848e+02
3.359359359359359587e+00 1.238452771197489000e+02
3.373873873873873830e+00 1.238766062930225900e+02
3.388388388388388517e+00 1.239078574914654496e+02
3.402902902902903204e+00 1.239390308517118626e+02
3.417417417417417447e+00 1.239701265104207835e+02
3.431931931931932134e+00 1.240011446042732643e+02
3.446446446446446377e+00 1.240320852699705938e+02
3.460960960960961064e+00 1.240629486442318665e+02
3.475475475475475751e+00 1.240937348637922355e+02
3.489989989989989994e+00 1.241244440654003540e+02
3.504504504504504681e+00 1.241550763858165851e+02
3.519019019019019368e+00 1.241856319618107563e+02
3.533533533533533610e+00 1.242161109301601414e+02
3.548048048048048297e+00 1.242465134276474998e+02
3.562562562562562540e+00 1.242768395910587316e+02
3.577077077077077227e+00 1.243070895571811718e+02
3.591591591591591914e+00 1.243372634628013742e+02
3.606106106106106157e+00 1.243673614447031355e+02
3.620620620620620844e+00 1.243973836396655486e+02
3.635135135135135087e+00 1.244273301844609989e+02
3.649649649649649774e+00 1.244572012158531322e+02
3.664164164164164461e+00 1.244869968705950214e+02
3.678678678678678704e+00 1.245167172854270916e+02
3.693193193193193391e+00 1.245463625970752730e+02
3.707707707707708078e+00 1.245759329422490964e+02
3.722222222222222321e+00 1.246054284576396753e+02
3.736736736736737008e+00 1.246348492799179866e+02
3.751251251251251251e+00 1.246641955457327811e+02
3.765765765765765938e+00 1.246934673917089924e+02
3.780280280280280625e+00 1.247226649544455768e+02
3.794794794794794868e+00 1.247517883705139354e+02
3.809309309309309555e+00 1.247808377764558543e+02
3.823823823823823798e+00 1.248098133087819406e+02
3.838338338338338485e+00 1.248387151039695766e+02
3.852852852852853172e+00 1.248675432984613280e+02
3.867367367367367414e+00 1.248962980286630398e+02
3.881881881881882101e+00 1.249249794309420452e+02
3.896396396396396788e+00 1.249535876416255746e+02
3.910910910910911031e+00 1.249821227969988513e+02
3.925425425425425718e+00 1.250105850333034709e+02
3.939939939939939961e+00 1.250389744867355546e+02
3.954454454454454648e+00 1.250672912934442422e+02
3.968968968968969335e+00 1.250955355895297600e+02
3.983483483483483578e+00 1.251237075110419994e+02
3.997997997997998265e+00 1.251518071939785841e+02
4.012512512512512508e+00 1.251798347742834352e+02
4.027027027027027195e+00 1.252077903878450229e+02
4.041541541541541882e+00 1.252356741704946614e+02
4.056056056056055681e+00 1.252634862580050168e+02
4.070570570570570368e+00 1.252912267860884867e+02
4.085085085085085055e+00 1.253188958903954529e+02
4.099599599599599742e+00 1.253464937065129732e+02
4.114114114114114429e+00 1.253740203699628637e+02
4.128628628628629116e+00 1.254014760162003910e+02
4.143143143143143803e+00 1.254288607806125810e+02
4.157657657657658490e+00 1.254561747985168552e+02
4.172172172172172289e+00 1.254834182051592109e+02
4.186686686686686976e+00 1.255105911357129571e+02
4.201201201201200774e+00 1.255376937252771228e+02
4.215715715715715461e+00 1.255647261088748650e+02
4.230230230230230148e+00 1.255916884214521758e+02
4.244744744744744835e+00 1.256185807978762341e+02
4.259259259259259522e+00 1.256454033729340978e+02
4.273773773773774209e+00 1.256721562813310129e+02
4.288288288288288896e+00 1.256988396576892342e+02
4.302802802802803583e+00 1.257254536365464759e+02
4.317317317317317382e+00 1.257519983523544767e+02
4.331831831831832069e+00 1.257784739394775784e+02
4.346346346346346756e+00 1.258048805321914188e+02
4.360860860860860555e+00 1.258312182646814250e+02
4.375375375375375242e+00 1.258574872710415491e+02
4.389889889889889929e+00 1.258836876852727755e+02
4.404404404404404616e+00 1.259098196412818993e+02
4.418918918918919303e+00 1.259358832728800905e+02
4.433433433433433990e+00 1.259618787137816014e+02
4.447947947947948677e+00 1.259878060976023448e+02
4.462462462462462476e+00 1.260136655578587579e+02
4.476976976976977163e+00 1.260394572279663521e+02
4.491491491491491850e+00 1.260651812412384345e+02
4.506006006006006537e+00 1.260908377308848713e+02
4.520520520520520336e+00 1.261164268300107807e+02
4.535035035035035023e+00 1.261419486716153244e+02
4.549549549549549710e+00 1.261674033885903441e+02
4.564064064064064397e+00 1.261927911137191529e+02
4.578578578578579084e+00 1.262181119796754842e+02
4.593093093093092882e+00 1.262433661190218857e+02
4.607607607607607569e+00 1.262685536642089517e+02
4.622122122122122256e+00 1.262936747475736894e+02
4.636636636636636943e+00 1.263187295013386802e+02
4.651151151151151630e+00 1.263437180576106158e+02
4.665665665665666317e+00 1.263686405483794033e+02
4.680180180180180116e+00 1.263934971055166159e+02
4.694694694694694803e+00 1.264182878607747682e+02
4.709209209209209490e+00 1.264430129457859096e+02
4.723723723723724177e+00 1.264676724920603874e+02
4.738238238238238864e+00 1.264922666309861086e+02
4.752752752752752663e+00 1.265167954938268906e+02
4.767267267267267350e+00 1.265412592117219504e+02
4.781781781781782037e+00 1.265656579156842554e+02
4.796296296296296724e+00 1.265899917365997283e+02
4.810810810810811411e+00 1.266142608052261096e+02
4.825325325325325210e+00 1.266384652521918497e+02
4.839839839839839897e+00 1.266626052079951705e+02
4.854354354354354584e+00 1.266866808030027300e+02
4.868868868868869271e+00 1.267106921674488831e+02
4.883383383383383958e+00 1.267346394314344309e+02
4.897897897897897757e+00 1.267585227249257684e+02
4.912412412412412444e+00 1.267823421777536623e+02
4.926926926926927131e+00 1.268060979196124549e+02
4.941441441441441818e+00 1.268297900800587570e+02
4.955955955955956505e+00 1.268534187885108508e+02
4.970470470470470303e+00 1.268769841742474114e+02
4.984984984984984990e+00 1.269004863664065965e+02
4.999499499499499677e+00 1.269239254939851378e+02
5.014014014014014364e+00 1.269473016858372603e+02
5.028528528528529051e+00 1.269706150706739152e+02
5.043043043043042850e+00 1.269938657770616715e+02
5.057557557557557537e+00 1.270170539334218631e+02
5.072072072072072224e+00 1.270401796680296513e+02
5.086586586586586911e+00 1.270632431090130012e+02
5.101101101101101598e+00 1.270862443843519429e+02
5.115615615615616285e+00 1.271091836218776052e+02
5.130130130130130084e+00 1.271320609492712777e+02
5.144644644644644771e+00 1.271548764940635010e+02
5.159159159159159458e+00 1.271776303836333568e+02
5.173673673673674145e+00 1.272003227452073588e+02
5.188188188188188832e+00 1.272229537058587709e+02
5.202702702702702631e+00 1.272455233925067262e+02
5.217217217217217318e+00 1.272680319319152886e+02
5.231731731731732005e+00 1.272904794506926862e+02
5.246246246246246692e+00 1.273128660752905716e+02
5.260760760760761379e+00 1.273351919320028571e+02
5.275275275275275177e+00 1.273574571469654302e+02
5.289789789789789864e+00 1.273796618461548178e+02
5.304304304304304551e+00 1.274018061553877885e+02
5.318818818818819238e+00 1.274238902003203009e+02
5.333333333333333925e+00 1.274459141064468781e+02
5.347847847847847724e+00 1.274678779990996986e+02
5.362362362362362411e+00 1.274897820034479139e+02
5.376876876876877098e+00 1.275116262444968527e+02
5.391391391391391785e+00 1.275334108470873389e+02
5.405905905905906472e+00 1.275551359358948389e+02
5.420420420420420271e+00 1.275768016354287511e+02
5.434934934934934958e+00 1.275984080700316952e+02
5.449449449449449645e+00 1.276199553638788586e+02
5.463963963963964332e+00 1.276414436409770303e+02
5.478478478478479019e+00 1.276628730251642025e+02
5.492992992992992818e+00 1.276842436401086616e+02
5.507507507507507505e+00 1.277055556093083624e+02
5.522022022022022192e+00 1.277268090560901612e+02
5.536536536536536879e+00 1.277480041036092189e+02
5.551051051051051566e+00 1.277691408748484321e+02
5.565565565565566253e+00 1.277902194926174388e+02
5.580080080080080052e+00 1.278112400795522205e+02
5.594594594594594739e+00 1.278322027581144198e+02
5.609109109109109426e+00 1.278531076505905730e+02
5.623623623623624113e+00 1.278739548790915421e+02
5.638138138138138800e+00 1.278947445655519459e+02
5.652652652652652598e+00 1.279154768317293644e+02
5.667167167167167285e+00 1.279361517992038841e+02
5.681681681681681972e+00 1.279567695893773021e+02
5.696196196196196659e+00 1.279773303234727848e+02
5.710710710710711346e+00 1.279978341225339591e+02
5.725225225225225145e+00 1.280182811074244853e+02
5.739739739739739832e+00 1.280386713988275176e+02
5.754254254254254519e+00 1.280590051172449364e+02
5.768768768768769206e+00 1.280792823829969507e+02
5.783283283283283893e+00 1.280995033162213872e+02
5.797797797797797692e+00 1.281196680368732643e+02
5.812312312312312379e+00 1.281397766647241099e+02
5.826826826826827066e+00 1.281598293193614779e+02
5.841341341341341753e+00 1.281798261201884088e+02
5.855855855855856440e+00 1.281997671864227186e+02
5.870370370370370239e+00 1.282196526370967717e+02
5.884884884884884926e+00 1.282394825910567704e+02
5.899399399399399613e+00 1.282592571669621577e+02
5.913913913913914300e+00 1.282789764832852484e+02
5.928428428428428987e+00 1.282986406583107168e+02
5.942942942942942786e+00 1.283182498101349154e+02
5.957457457457457473e+00 1.283378040566656466e+02
5.971971971971972160e+00 1.283573035156213678e+02
5.986486486486486847e+00 1.283767483045310200e+02
6.001001001001001534e+00 1.283961385407332614e+02
6.015515515515516221e+00 1.284154743413762105e+02
6.030030030030030019e+00 1.284347558234167934e+02
6.044544544544544706e+00 1.284539831036204873e+02
6.059059059059059393e+00 1.284731562985605819e+02
6.073573573573574080e+00 1.284922755246180657e+02
6.088088088088088767e+00 1.285113408979808867e+02
6.102602602602602566e+00 1.285303525346436970e+02
6.117117117117117253e+00 1.285493105504072560e+02
6.131631631631631940e+00 1.285682150608781740e+02
6.146146146146146627e+00 1.285870661814684013e+02
6.160660660660661314e+00 1.286058640273946878e+02
6.175175175175175113e+00 1.286246087136785263e+02
6.189689689689689800e+00 1.286433003551452714e+02
6.204204204204204487e+00 1.286619390664240541e+02
6.218718718718719174e+00 1.286805249619473841e+02
6.233233233233233861e+00 1.286990581559505529e+02
6.247747747747747660e+00 1.287175387624713778e+02
6.262262262262262347e+00 1.287359668953498897e+02
6.276776776776777034e+00 1.287543426682277925e+02
6.291291291291291721e+00 1.287726661945481794e+02
6.305805805805806408e+00 1.287909375875552485e+02
6.320320320320320207e+00 1.288091569602936488e+02
6.334834834834834894e+00 1.288273244256085093e+02
6.349349349349349581e+00 1.288454400961448130e+02
6.363863863863864268e+00 1.288635040843470563e+02
6.378378378378378954e+00 1.288815165024591920e+02
6.392892892892892753e+00 1.288994774625238620e+02
6.407407407407407440e+00 1.289173870763824254e+02
6.421921921921922127e+00 1.289352454556743908e+02
6.436436436436436814e+00 1.289530527118372163e+02
6.450950950950951501e+00 1.289708089561059694e+02
6.465465465465466188e+00 1.289885142995130423e+02
6.479979979979979987e+00 1.290061688528877255e+02
6.494494494494494674e+00 1.290237727268560946e+02
6.509009009009009361e+00 1.290413260318404980e+02
6.523523523523524048e+00 1.290588288780593018e+02
6.538038038038038735e+00 1.290762813755268894e+02
6.552552552552552534e+00 1.290936836340528941e+02
6.567067067067067221e+00 1.291110357632423700e+02
6.581581581581581908e+00 1.291283378724950808e+02
6.596096096096096595e+00 1.291455900710056994e+02
6.610610610610611282e+00 1.291627924677631256e+02
6.625125125125125081e+00 1.291799451715504858e+02
6.639639639639639768e+00 1.291970482909447355e+02
6.654154154154154455e+00 1.292141019343164032e+02
6.668668668668669142e+00 1.292311062098294485e+02
6.683183183183183829e+00 1.292480612254409493e+02
6.697697697697697627e+00 1.292649670889007893e+02
6.712212212212212314e+00 1.292818239077516296e+02
6.726726726726727001e+00 1.292986317893284252e+02
6.741241241241241688e+00 1.293153908407582264e+02
6.755755755755756375e+00 1.293321011689602074e+02
6.770270270270270174e+00 1.293487628806450971e+02
6.784784784784784861e+00 1.293653760823153505e+02
6.799299299299299548e+00 1.293819408802644659e+02
6.813813813813814235e+00 1.293984573805771845e+02
6.828328328328328922e+00 1.294149256891290065e+02
6.842842842842843609e+00 1.294313459115862770e+02
6.857357357357357408e+00 1.294477181534056456e+02
6.871871871871872095e+00 1.294640425198340949e+02
6.886386386386386782e+00 1.294803191159087703e+02
6.900900900900901469e+00 1.294965480464566383e+02
6.915415415415416156e+00 1.295127294160944018e+02
6.929929929929929955e+00 1.295288633292283862e+02
6.944444444444444642e+00 1.295449498900542267e+02
6.958958958958959329e+00 1.295609892025567262e+02
6.973473473473474016e+00 1.295769813705097420e+02
6.987987987987988703e+00 1.295929264974760144e+02
7.002502502502502502e+00 1.296088246868070257e+02
7.017017017017017189e+00 1.296246760416428287e+02
7.031531531531531876e+00 1.296404806649117063e+02
7.046046046046046563e+00 1.296562386593304268e+02
7.060560560560561250e+00 1.296719501274036759e+02
7.075075075075075048e+00 1.296876151714242553e+02
7.089589589589589735e+00 1.297032338934726567e+02
7.104104104104104422e+00 1.297188063954171469e+02
7.118618618618619109e+00 1.297343327789136538e+02
7.133133133133133796e+00 1.297498131454052839e+02
7.147647647647647595e+00 1.297652475961226344e+02
7.162162162162162282e+00 1.297806362320835092e+02
7.176676676676676969e+00 1.297959791540927199e+02
7.191191191191191656e+00 1.298112764627420006e+02
7.205705705705706343e+00 1.298265282584100930e+02
7.220220220220220142e+00 1.298417346412622351e+02
7.234734734734734829e+00 1.298568957112505871e+02
7.249249249249249516e+00 1.298720115681136633e+02
7.263763763763764203e+00 1.298870823113763890e+02
7.278278278278278890e+00 1.299021080403502424e+02
7.292792792792793577e+00 1.299170888541327429e+02
7.307307307307307376e+00 1.299320248516076788e+02
7.321821821821822063e+00 1.299469161314449650e+02
7.336336336336336750e+00 1.299617627921003873e+02
7.350850850850851437e+00 1.299765649318158012e+02
7.365365365365366124e+00 1.299913226486188478e+02
7.379879879879879923e+00 1.300060360403229538e+02
7.394394394394394610e+00 1.300207052045272746e+02
7.408908908908909297e+00 1.300353302386165524e+02
7.423423423423423984e+00 1.300499112397612294e+02
7.437937937937938671e+00 1.300644483049172209e+02
7.452452452452452469e+00 1.300789415308258299e+02
7.466966966966967156e+00 1.300933910140139176e+02
7.481481481481481843e+00 1.301077968507935338e+02
7.495995995995996530e+00 1.301221591372623436e+02
7.510510510510511217e+00 1.301364779693029448e+02
7.525025025025025016e+00 1.301507534425833512e+02
7.539539539539539703e+00 1.301649856525567941e+02
7.554054054054054390e+00 1.301791746944616364e+02
7.568568568568569077e+00 1.301933206633212308e+02
7.583083083083083764e+00 1.302074236539442325e+02
7.597597597597597563e+00 1.302214837609242295e+02
7.612112112112112250e+00 1.302355010786399703e+02
7.626626626626626937e+00 1.302494757012551077e+02
7.641141141141141624e+00 1.302634077227183127e+02
7.655655655655656311e+00 1.302772972367634168e+02
7.670170170170170110e+00 1.302911443369089284e+02
7.684684684684684797e+00 1.303049491164586016e+02
7.699199199199199484e+00 1.303187116685010096e+02
7.713713713713714171e+00 1.303324320859096588e+02
7.728228228228228858e+00 1.303461104613431019e+02
7.742742742742743545e+00 1.303597468872447394e+02
7.757257257257257343e+00 1.303733414558430184e+02
7.771771771771772030e+00 1.303868942591512621e+02
7.786286286286286717e+00 1.304004053889677550e+02
7.800800800800801404e+00 1.304138749368758852e+02
7.815315315315316091e+00 1.304273029942439166e+02
7.829829829829829890e+00 1.304406896522250747e+02
7.844344344344344577e+00 1.304540350017577168e+02
7.858858858858859264e+00 1.304673391335652752e+02
7.873373373373373951e+00 1.304806021381560015e+02
7.887887887887888638e+00 1.304938241058235349e+02
7.902402402402402437e+00 1.305070051266465327e+02
7.916916916916917124e+00 1.305201452904887276e+02
7.931431431431431811e+00 1.305332446869990122e+02
7.945945945945946498e+00 1.305463034056116953e+02
7.960460460460461185e+00 1.305593215355461609e+02
7.974974974974974984e+00 1.305722991658071805e+02
7.989489489489489671e+00 1.305852363851847997e+02
8.004004004004004358e+00 1.305981332822544516e+02
8.018518518518519045e+00 1.306109899453770709e+02
8.033033033033033732e+00 1.306238064626990081e+02
8.047547547547548419e+00 1.306365829221520869e+02
8.062062062062061329e+00 1.306493194114539449e+02
8.076576576576577793e+00 1.306620160181075505e+02
8.091091091091090703e+00 1.306746728294018283e+02
8.105605605605607167e+00 1.306872899324112893e+02
8.120120120120120077e+00 1.306998674139963441e+02
8.134634634634634764e+00 1.307124053608033023e+02
8.149149149149149451e+00 1.307249038592644297e+02
8.163663663663664138e+00 1.307373629955979197e+02
8.178178178178178825e+00 1.307497828558082063e+02
8.192692692692693512e+00 1.307621635256857928e+02
8.207207207207208199e+00 1.307745050908074234e+02
8.221721721721721110e+00 1.307868076365362242e+02
8.236236236236237573e+00 1.307990712480217042e+02
8.250750750750750484e+00 1.308112960101998397e+02
8.265265265265266947e+00 1.308234820077931602e+02
8.279779779779779858e+00 1.308356293253108902e+02
8.294294294294294545e+00 1.308477380470489777e+02
8.308808808808809232e+00 1.308598082570901227e+02
8.323323323323323919e+00 1.308718400393040895e+02
8.337837837837838606e+00 1.308838334773476788e+02
8.352352352352351517e+00 1.308957886546646137e+02
8.366866866866867980e+00 1.309077056544859943e+02
8.381381381381380891e+00 1.309195845598301560e+02
8.395895895895897354e+00 1.309314254535028965e+02
8.410410410410410265e+00 1.309432284180974477e+02
8.424924924924924952e+00 1.309549935359947597e+02
8.439439439439439639e+00 1.309667208893635006e+02
8.453953953953954326e+00 1.309784105601601141e+02
8.468468468468469013e+00 1.309900626301290458e+02
8.482982982982983700e+00 1.310016771808028011e+02
8.497497497497498387e+00 1.310132542935020297e+02
8.512012012012013074e+00 1.310247940493357532e+02
8.526526526526527761e+00 1.310362965292012518e+02
8.541041041041040671e+00 1.310477618137845468e+02
8.555555555555555358e+00 1.310591899835601168e+02
8.570070070070070045e+00 1.310705811187913810e+02
8.584584584584584732e+00 1.310819352995305849e+02
8.599099099099099419e+00 1.310932526056189147e+02
8.613613613613614106e+00 1.311045331166869516e+02
8.628128128128128793e+00 1.311157769121543026e+02
8.642642642642643480e+00 1.311269840712301118e+02
8.657157157157158167e+00 1.311381546729131742e+02
8.671671671671672854e+00 1.311492887959917937e+02
8.686186186186185765e+00 1.311603865190441809e+02
8.700700700700700452e+00 1.311714479204385668e+02
8.715215215215215139e+00 1.311824730783331745e+02
8.729729729729729826e+00 1.311934620706765315e+02
8.744244244244244513e+00 1.312044149752075270e+02
8.758758758758759200e+00 1.312153318694556390e+02
8.773273273273273887e+00 1.312262128307409625e+02
8.787787787787788574e+00 1.312370579361743523e+02
8.802302302302303261e+00 1.312478672626578202e+02
8.816816816816817948e+00 1.312586408868843364e+02
8.831331331331332635e+00 1.312693788853381989e+02
8.845845845845845545e+00 1.312800813342951187e+02
8.860360360360360232e+00 1.312907483098223906e+02
8.874874874874874919e+00 1.313013798877791203e+02
8.889389389389389606e+00 1.313119761438161106e+02
8.903903903903904293e+00 1.313225371533764019e+02
8.918418418418418980e+00 1.313330629916951295e+02
8.932932932932933667e+00 1.313435537337998937e+02
8.947447447447448354e+00 1.313540094545106740e+02
8.961961961961963041e+00 1.313644302284403693e+02
8.976476476476477728e+00 1.313748161299944570e+02
8.990990990990990639e+00 1.313851672333716465e+02
9.005505505505505326e+00 1.313954836125637655e+02
9.020020020020020013e+00 1.314057653413559876e+02
9.034534534534534700e+00 1.314160124933270311e+02
9.049049049049049387e+00 1.314262251418492440e+02
9.063563563563564074e+00 1.314364033600889172e+02
9.078078078078078761e+00 1.314465472210063126e+02
9.092592592592593448e+00 1.314566567973559472e+02
9.107107107107108135e+00 1.314667321616867639e+02
9.121621621621622822e+00 1.314767733863420460e+02
9.136136136136135732e+00 1.314867805434600996e+02
9.150650650650650419e+00 1.314967537049739406e+02
9.165165165165165106e+00 1.315066929426116644e+02
9.179679679679679793e+00 1.315165983278967587e+02
9.194194194194194480e+00 1.315264699321480464e+02
9.208708708708709167e+00 1.315363078264800265e+02
9.223223223223223854e+00 1.315461120818028746e+02
9.237737737737738541e+00 1.315558827688229826e+02
9.252252252252253228e+00 1.315656199580426460e+02
9.266766766766767915e+00 1.315753237197606893e+02
9.281281281281282602e+00 1.315849941240724092e+02
9.295795795795795513e+00 1.315946312408697167e+02
9.310310310310310200e+00 1.316042351398416201e+02
9.324824824824824887e+00 1.316138058904739694e+02
9.339339339339339574e+00 1.316233435620501382e+02
9.353853853853854261e+00 1.316328482236507682e+02
9.368368368368368948e+00 1.316423199441541385e+02
9.382882882882883635e+00 1.316517587922364214e+02
9.397397397397398322e+00 1.316611648363718530e+02
9.411911911911913009e+00 1.316705381448327614e+02
9.426426426426427696e+00 1.316798787856898514e+02
9.440940940940940607e+00 1.316891868268125450e+02
9.455455455455455294e+00 1.316984623358688964e+02
9.469969969969969981e+00 1.317077053803259901e+02
9.484484484484484668e+00 1.317169160274499120e+02
9.498998998998999355e+00 1.317260943443062899e+02
9.513513513513514042e+00 1.317352403977601796e+02
9.528028028028028729e+00 1.317443542544762352e+02
9.542542542542543416e+00 1.317534359809191926e+02
9.557057057057058103e+00 1.317624856433537843e+02
9.571571571571572790e+00 1.317715033078450233e+02
9.586086086086085700e+00 1.317804890402583737e+02
9.600600600600600387e+00 1.317894429062600636e+02
9.615115115115115074e+00 1.317983649713170280e+02
9.629629629629629761e+00 1.318072553006973351e+02
9.644144144144144448e+00 1.318161139594702149e+02
9.658658658658659135e+00 1.318249410125063150e+02
9.673173173173173822e+00 1.318337365244780415e+02
9.687687687687688509e+00 1.318425005598593032e+02
9.702202202202203196e+00 1.318512331829262791e+02
9.716716716716717883e+00 1.318599344577570776e+02
9.731231231231232570e+00 1.318686044482323894e+02
9.745745745745745481e+00 1.318772432180352325e+02
9.760260260260260168e+00 1.318858508306514636e+02
9.774774774774774855e+00 1.318944273493699484e+02
9.789289289289289542e+00 1.319029728372823911e+02
9.803803803803804229e+00 1.319114873572840168e+02
9.818318318318318916e+00 1.319199709720734290e+02
9.832832832832833603e+00 1.319284237441528660e+02
9.847347347347348290e+00 1.319368457358284559e+02
9.861861861861862977e+00 1.319452370092102740e+02
9.876376376376377664e+00 1.319535976262126553e+02
9.890890890890890574e+00 1.319619276485542798e+02
9.905405405405405261e+00 1.319702271377584282e+02
9.919919919919919948e+00 1.319784961551530387e+02
9.934434434434434635e+00 1.319867347618710198e+02
9.948948948948949322e+00 1.319949430188503356e+02
9.963463463463464009e+00 1.320031209868343183e+02
9.977977977977978696e+00 1.320112687263716396e+02
9.992492492492493383e+00 1.320193862978165100e+02
1.000700700700700807e+01 1.320274737613291620e+02
1.002152152152152276e+01 1.320355311768755371e+02
1.003603603603603567e+01 1.320435586042279112e+02
1.005055055055055035e+01 1.320515561029646676e+02
1.006506506506506504e+01 1.320595237324708080e+02
1.007957957957957973e+01 1.320674615519378960e+02
1.009409409409409442e+01 1.320753696203642846e+02
1.010860860860860910e+01 1.320832479965552579e+02
1.012312312312312379e+01 1.320910967391233157e+02
1.013763763763763848e+01 1.320989159064881449e+02
1.015215215215215316e+01 1.321067055568768751e+02
1.016666666666666785e+01 1.321144657483242213e+02
1.018118118118118254e+01 1.321221965386726822e+02
1.019569569569569545e+01 1.321298979855727396e+02
1.021021021021021014e+01 1.321375701464827159e+02
1.022472472472472482e+01 1.321452130786693147e+02
1.023923923923923951e+01 1.321528268392075063e+02
1.025375375375375420e+01 1.321604114849807843e+02
1.026826826826826888e+01 1.321679670726812788e+02
1.028278278278278357e+01 1.321754936588099270e+02
1.029729729729729826e+01 1.321829912996765302e+02
1.031181181181181294e+01 1.321904600513999810e+02
1.032632632632632763e+01 1.321978999699083488e+02
1.034084084084084054e+01 1.322053111109391068e+02
1.035535535535535523e+01 1.322126935300391608e+02
1.036986986986986992e+01 1.322200472825648774e+02
1.038438438438438460e+01 1.322273724236825672e+02
1.039889889889889929e+01 1.322346690083682006e+02
1.041341341341341398e+01 1.322419370914078911e+02
1.042792792792792866e+01 1.322491767273976109e+02
1.044244244244244335e+01 1.322563879707437025e+02
1.045695695695695804e+01 1.322635708756629072e+02
1.047147147147147273e+01 1.322707254961821661e+02
1.048598598598598564e+01 1.322778518861391035e+02
1.050050050050050032e+01 1.322849500991821117e+02
1.051501501501501501e+01 1.322920201887700955e+02
1.052952952952952970e+01 1.322990622081729839e+02
1.054404404404404438e+01 1.323060762104717014e+02
1.055855855855855907e+01 1.323130622485581398e+02
1.057307307307307376e+01 1.323200203751353854e+02
1.058758758758758844e+01 1.323269506427177760e+02
1.060210210210210313e+01 1.323338531036310428e+02
1.061661661661661782e+01 1.323407278100122539e+02
1.063113113113113251e+01 1.323475748138100698e+02
1.064564564564564542e+01 1.323543941667847150e+02
1.066016016016016010e+01 1.323611859205081203e+02
1.067467467467467479e+01 1.323679501263639224e+02
1.068918918918918948e+01 1.323746868355476067e+02
1.070370370370370416e+01 1.323813960990665635e+02
1.071821821821821885e+01 1.323880779677401733e+02
1.073273273273273354e+01 1.323947324921997790e+02
1.074724724724724823e+01 1.324013597228888273e+02
1.076176176176176291e+01 1.324079597100629826e+02
1.077627627627627760e+01 1.324145325037900989e+02
1.079079079079079051e+01 1.324210781539501909e+02
1.080530530530530520e+01 1.324275967102357185e+02
1.081981981981981988e+01 1.324340882221513880e+02
1.083433433433433457e+01 1.324405527390144073e+02
1.084884884884884926e+01 1.324469903099543444e+02
1.086336336336336394e+01 1.324534009839132409e+02
1.087787787787787863e+01 1.324597848096457540e+02
1.089239239239239332e+01 1.324661418357189859e+02
1.090690690690690801e+01 1.324724721105126832e+02
1.092142142142142269e+01 1.324787756822190943e+02
1.093593593593593560e+01 1.324850525988432537e+02
1.095045045045045029e+01 1.324913029082026696e+02
1.096496496496496498e+01 1.324975266579276365e+02
1.097947947947947966e+01 1.325037238954611212e+02
1.099399399399399435e+01 1.325098946680587062e+02
1.100850850850850904e+01 1.325160390227886467e+02
1.102302302302302373e+01 1.325221570065320122e+02
1.103753753753753841e+01 1.325282486659825167e+02
1.105205205205205310e+01 1.325343140476465464e+02
1.106656656656656779e+01 1.325403531978432170e+02
1.108108108108108247e+01 1.325463661627043450e+02
1.109559559559559538e+01 1.325523529881744480e+02
1.111011011011011007e+01 1.325583137200106023e+02
1.112462462462462476e+01 1.325642484037826705e+02
1.113913913913913944e+01 1.325701570848730455e+02
1.115365365365365413e+01 1.325760398084768212e+02
1.116816816816816882e+01 1.325818966196015936e+02
1.118268268268268351e+01 1.325877275630675740e+02
1.119719719719719819e+01 1.325935326835075330e+02
1.121171171171171288e+01 1.325993120253666859e+02
1.122622622622622757e+01 1.326050656329026651e+02
1.124074074074074048e+01 1.326107935501856616e+02
1.125525525525525516e+01 1.326164958210982263e+02
1.126976976976976985e+01 1.326221724893350995e+02
1.128428428428428454e+01 1.326278235984035518e+02
1.129879879879879923e+01 1.326334491916229297e+02
1.131331331331331391e+01 1.326390493121249108e+02
1.132782782782782860e+01 1.326446240028531633e+02
1.134234234234234329e+01 1.326501733065636017e+02
1.135685685685685797e+01 1.326556972658241591e+02
1.137137137137137266e+01 1.326611959230146169e+02
1.138588588588588557e+01 1.326666693203267755e+02
1.140040040040040026e+01 1.326721174997643686e+02
1.141491491491491495e+01 1.326775405031427795e+02
1.142942942942942963e+01 1.326829383720891258e+02
1.144394394394394432e+01 1.326883111480421746e+02
1.145845845845845901e+01 1.326936588722524277e+02
1.147297297297297369e+01 1.326989815857816666e+02
1.148748748748748838e+01 1.327042793295032368e+02
1.150200200200200307e+01 1.327095521441018207e+02
1.151651651651651775e+01 1.327148000700733803e+02
1.153103103103103244e+01 1.327200231477250441e+02
1.154554554554554535e+01 1.327252214171750495e+02
1.156006006006006004e+01 1.327303949183527152e+02
1.157457457457457473e+01 1.327355436909982416e+02
1.158908908908908941e+01 1.327406677746627963e+02
1.160360360360360410e+01 1.327457672087081733e+02
1.161811811811811879e+01 1.327508420323070766e+02
1.163263263263263347e+01 1.327558922844426093e+02
1.164714714714714816e+01 1.327609180039084151e+02
1.166166166166166285e+01 1.327659192293086790e+02
1.167617617617617753e+01 1.327708959990578705e+02
1.169069069069069045e+01 1.327758483513806311e+02
1.170520520520520513e+01 1.327807763243118870e+02
1.171971971971971982e+01 1.327856799556964518e+02
1.173423423423423451e+01 1.327905592831893102e+02
1.174874874874874919e+01 1.327954143442551356e+02
1.176326326326326388e+01 1.328002451761685165e+02
1.177777777777777857e+01 1.328050518160137017e+02
1.179229229229229325e+01 1.328098343006844857e+02
1.180680680680680794e+01 1.328145926668842378e+02
1.182132132132132263e+01 1.328193269511257313e+02
1.183583583583583554e+01 1.328240371897311149e+02
1.185035035035035023e+01 1.328287234188315722e+02
1.186486486486486491e+01 1.328333856743677472e+02
1.187937937937937960e+01 1.328380239920890915e+02
1.189389389389389429e+01 1.328426384075541193e+02
1.190840840840840897e+01 1.328472289561302375e+02
1.192292292292292366e+01 1.328517956729935747e+02
1.193743743743743835e+01 1.328563385931291521e+02
1.195195195195195303e+01 1.328608577513304567e+02
1.196646646646646772e+01 1.328653531821995273e+02
1.198098098098098241e+01 1.328698249201469537e+02
1.199549549549549532e+01 1.328742729993917067e+02
1.201001001001001001e+01 1.328786974539609957e+02
1.202452452452452469e+01 1.328830983176903260e+02
1.203903903903903938e+01 1.328874756242233843e+02
1.205355355355355407e+01 1.328918294070119543e+02
1.206806806806806875e+01 1.328961596993158309e+02
1.208258258258258344e+01 1.329004665342027067e+02
1.209709709709709813e+01 1.329047499445482856e+02
1.211161161161161282e+01 1.329090099630361408e+02
1.212612612612612750e+01 1.329132466221574020e+02
1.214064064064064041e+01 1.329174599542112389e+02
1.215515515515515510e+01 1.329216499913042924e+02
1.216966966966966979e+01 1.329258167653509020e+02
1.218418418418418447e+01 1.329299603080729639e+02
1.219869869869869916e+01 1.329340806509999879e+02
1.221321321321321385e+01 1.329381778254689834e+02
1.222772772772772854e+01 1.329422518626243459e+02
1.224224224224224322e+01 1.329463027934179422e+02
1.225675675675675791e+01 1.329503306486091958e+02
1.227127127127127260e+01 1.329543354587648025e+02
1.228578578578578551e+01 1.329583172542587590e+02
1.230030030030030019e+01 1.329622760652726754e+02
1.231481481481481488e+01 1.329662119217953489e+02
1.232932932932932957e+01 1.329701248536229343e+02
1.234384384384384425e+01 1.329740148903590011e+02
1.235835835835835894e+01 1.329778820614144763e+02
1.237287287287287363e+01 1.329817263960076161e+02
1.238738738738738832e+01 1.329855479231640629e+02
1.240190190190190300e+01 1.329893466717169304e+02
1.241641641641641769e+01 1.329931226703067750e+02
1.243093093093093238e+01 1.329968759473814544e+02
1.244544544544544529e+01 1.330006065311965529e+02
1.245995995995995997e+01 1.330043144498150696e+02
1.247447447447447466e+01 1.330079997311076454e+02
1.248898898898898935e+01 1.330116624027525347e+02
1.250350350350350404e+01 1.330153024922356906e+02
1.251801801801801872e+01 1.330189200268509069e+02
1.253253253253253341e+01 1.330225150336997615e+02
1.254704704704704810e+01 1.330260875396917584e+02
1.256156156156156278e+01 1.330296375715444697e+02
1.257607607607607747e+01 1.330331651557835073e+02
1.259059059059059038e+01 1.330366703187427220e+02
1.260510510510510507e+01 1.330401530865642314e+02
1.261961961961961975e+01 1.330436134851986196e+02
1.263413413413413444e+01 1.330470515404049365e+02
1.264864864864864913e+01 1.330504672777509256e+02
1.266316316316316382e+01 1.330538607226131660e+02
1.267767767767767850e+01 1.330572319001770438e+02
1.269219219219219319e+01 1.330605808354371788e+02
1.270670670670670788e+01 1.330639075531972537e+02
1.272122122122122256e+01 1.330672120780704404e+02
1.273573573573573547e+01 1.330704944344794853e+02
1.275025025025025016e+01 1.330737546466567949e+02
1.276476476476476485e+01 1.330769927386447193e+02
1.277927927927927954e+01 1.330802087342957236e+02
1.279379379379379422e+01 1.330834026572725293e+02
1.280830830830830891e+01 1.330865745310484556e+02
1.282282282282282360e+01 1.330897243789074480e+02
1.283733733733733828e+01 1.330928522239444192e+02
1.285185185185185297e+01 1.330959580890655047e+02
1.286636636636636766e+01 1.330990419969881771e+02
1.288088088088088234e+01 1.331021039702415862e+02
1.289539539539539525e+01 1.331051440311668159e+02
1.290990990990990994e+01 1.331081622019170538e+02
1.292442442442442463e+01 1.331111585044579044e+02
1.293893893893893932e+01 1.331141329605677583e+02
1.295345345345345400e+01 1.331170855918379630e+02
1.296796796796796869e+01 1.331200164196730782e+02
1.298248248248248338e+01 1.331229254652913596e+02
1.299699699699699806e+01 1.331258127497248722e+02
1.301151151151151275e+01 1.331286782938199167e+02
1.302602602602602744e+01 1.331315221182371999e+02
1.304054054054054035e+01 1.331343442434525173e+02
1.305505505505505504e+01 1.331371446897567239e+02
1.306956956956956972e+01 1.331399234772561613e+02
1.308408408408408441e+01 1.331426806258731688e+02
1.309859859859859910e+01 1.331454161553463109e+02
1.311311311311311378e+01 1.331481300852308323e+02
1.312762762762762847e+01 1.331508224348988847e+02
1.314214214214214316e+01 1.331534932235400674e+02
1.315665665665665784e+01 1.331561424701619103e+02
1.317117117117117253e+01 1.331587701935898451e+02
1.318568568568568722e+01 1.331613764124681438e+02
1.320020020020020013e+01 1.331639611452600320e+02
1.321471471471471482e+01 1.331665244102481722e+02
1.322922922922922950e+01 1.331690662255350333e+02
1.324374374374374419e+01 1.331715866090435156e+02
1.325825825825825888e+01 1.331740855785172641e+02
1.327277277277277356e+01 1.331765631515210373e+02
1.328728728728728825e+01 1.331790193454413611e+02
1.330180180180180294e+01 1.331814541774868133e+02
1.331631631631631763e+01 1.331838676646887905e+02
1.333083083083083231e+01 1.331862598239015369e+02
1.334534534534534522e+01 1.331886306718029971e+02
1.335985985985985991e+01 1.331909802248952985e+02
1.337437437437437460e+01 1.331933084995049228e+02
1.338888888888888928e+01 1.331956155117836715e+02
1.340340340340340397e+01 1.331979012777088371e+02
1.341791791791791866e+01 1.332001658130837995e+02
1.343243243243243334e+01 1.332024091335386800e+02
1.344694694694694803e+01 1.332046312545307956e+02
1.346146146146146272e+01 1.332068321913450859e+02
1.347597597597597741e+01 1.332090119590948518e+02
1.349049049049049032e+01 1.332111705727221818e+02
1.350500500500500500e+01 1.332133080469984918e+02
1.351951951951951969e+01 1.332154243965252363e+02
1.353403403403403438e+01 1.332175196357342486e+02
1.354854854854854906e+01 1.332195937788884237e+02
1.356306306306306375e+01 1.332216468400824851e+02
1.357757757757757844e+01 1.332236788332431274e+02
1.359209209209209313e+01 1.332256897721300959e+02
1.360660660660660781e+01 1.332276796703363004e+02
1.362112112112112250e+01 1.332296485412886966e+02
1.363563563563563719e+01 1.332315963982489961e+02
1.365015015015015010e+01 1.332335232543138659e+02
1.366466466466466478e+01 1.332354291224158374e+02
1.367917917917917947e+01 1.332373140153239035e+02
1.369369369369369416e+01 1.332391779456439167e+02
1.370820820820820884e+01 1.332410209258194129e+02
1.372272272272272353e+01 1.332428429681322086e+02
1.373723723723723822e+01 1.332446440847029123e+02
1.375175175175175291e+01 1.332464242874915499e+02
1.376626626626626759e+01 1.332481835882982750e+02
1.378078078078078228e+01 1.332499219987640231e+02
1.379529529529529519e+01 1.332516395303709658e+02
1.380980980980980988e+01 1.332533361944432500e+02
1.382432432432432456e+01 1.332550120021476516e+02
1.383883883883883925e+01 1.332566669644941442e+02
1.385335335335335394e+01 1.332583010923366089e+02
1.386786786786786863e+01 1.332599143963732899e+02
1.388238238238238331e+01 1.332615068871477035e+02
1.389689689689689800e+01 1.332630785750490077e+02
1.391141141141141269e+01 1.332646294703127126e+02
1.392592592592592737e+01 1.332661595830213912e+02
1.394044044044044028e+01 1.332676689231053615e+02
1.395495495495495497e+01 1.332691575003429989e+02
1.396946946946946966e+01 1.332706253243616743e+02
1.398398398398398434e+01 1.332720724046383509e+02
1.399849849849849903e+01 1.332734987505000674e+02
1.401301301301301372e+01 1.332749043711247054e+02
1.402752752752752841e+01 1.332762892755414157e+02
1.404204204204204309e+01 1.332776534726314992e+02
1.405655655655655778e+01 1.332789969711288904e+02
1.407107107107107247e+01 1.332803197796206973e+02
1.408558558558558715e+01 1.332816219065479402e+02
1.410010010010010006e+01 1.332829033602061486e+02
1.411461461461461475e+01 1.332841641487458446e+02
1.412912912912912944e+01 1.332854042801733954e+02
1.414364364364364413e+01 1.332866237623512404e+02
1.415815815815815881e+01 1.332878226029988582e+02
1.417267267267267350e+01 1.332890008096931354e+02
1.418718718718718819e+01 1.332901583898690205e+02
1.420170170170170287e+01 1.332912953508201213e+02
1.421621621621621756e+01 1.332924116996991870e+02
1.423073073073073225e+01 1.332935074435188483e+02
1.424524524524524516e+01 1.332945825891519576e+02
1.425975975975975985e+01 1.332956371433324136e+02
1.427427427427427453e+01 1.332966711126555026e+02
1.428878878878878922e+01 1.332976845035784379e+02
1.430330330330330391e+01 1.332986773224211845e+02
1.431781781781781859e+01 1.332996495753666011e+02
1.433233233233233328e+01 1.333006012684612074e+02
1.434684684684684797e+01 1.333015324076157242e+02
1.436136136136136265e+01 1.333024429986054429e+02
1.437587587587587734e+01 1.333033330470707938e+02
1.439039039039039025e+01 1.333042025585179147e+02
1.440490490490490494e+01 1.333050515383190202e+02
1.441941941941941963e+01 1.333058799917129704e+02
1.443393393393393431e+01 1.333066879238057538e+02
1.444844844844844900e+01 1.333074753395708569e+02
1.446296296296296369e+01 1.333082422438498327e+02
1.447747747747747837e+01 1.333089886413525846e+02
1.449199199199199306e+01 1.333097145366581344e+02
1.450650650650650775e+01 1.333104199342145648e+02
1.452102102102102243e+01 1.333111048383399009e+02
1.453553553553553712e+01 1.333117692532222804e+02
1.455005005005005003e+01 1.333124131829202952e+02
1.456456456456456472e+01 1.333130366313637012e+02
1.457907907907907941e+01 1.333136396023533621e+02
1.459359359359359409e+01 1.333142220995619027e+02
1.460810810810810878e+01 1.333147841265341356e+02
1.462262262262262347e+01 1.333153256866870890e+02
1.463713713713713815e+01 1.333158467833107181e+02
1.465165165165165284e+01 1.333163474195677907e+02
1.466616616616616753e+01 1.333168275984947400e+02
1.468068068068068222e+01 1.333172873230015227e+02
1.469519519519519513e+01 1.333177265958721307e+02
1.470970970970970981e+01 1.333181454197648179e+02
1.472422422422422450e+01 1.333185437972123566e+02
1.473873873873873919e+01 1.333189217306222929e+02
1.475325325325325387e+01 1.333192792222772596e+02
1.476776776776776856e+01 1.333196162743351181e+02
1.478228228228228325e+01 1.333199328888292428e+02
1.479679679679679793e+01 1.333202290676686914e+02
1.481131131131131262e+01 1.333205048126384895e+02
1.482582582582582731e+01 1.333207601253996586e+02
1.484034034034034022e+01 1.333209950074895573e+02
1.485485485485485491e+01 1.333212094603219100e+02
1.486936936936936959e+01 1.333214034851870053e+02
1.488388388388388428e+01 1.333215770832518672e+02
1.489839839839839897e+01 1.333217302555603965e+02
1.491291291291291365e+01 1.333218630030333429e+02
1.492742742742742834e+01 1.333219753264684471e+02
1.494194194194194303e+01 1.333220672265407245e+02
1.495645645645645772e+01 1.333221387038022669e+02
1.497097097097097240e+01 1.333221897586824412e+02
1.498548548548548709e+01 1.333222203914879174e+02
1.500000000000000000e+01 1.333222306024026125e+02
