5.000000000000000000e-01 2.659832274789404210e+02
5.102602602602602788e-01 2.661486276456596443e+02
5.205205205205205576e-01 2.663138018912937923e+02
5.307807807807807254e-01 2.664787500991008642e+02
5.410410410410410043e-01 2.666434721543819819e+02
5.513013013013012831e-01 2.668079679444729777e+02
5.615615615615615619e-01 2.669722373587371180e+02
5.718218218218218407e-01 2.671362802885569749e+02
5.820820820820821195e-01 2.673000966273271501e+02
5.923423423423423984e-01 2.674636862704459759e+02
6.026026026026025662e-01 2.676270491153083526e+02
6.128628628628628450e-01 2.677901850612975068e+02
6.231231231231231238e-01 2.679530940097774305e+02
6.333833833833834026e-01 2.681157758640849806e+02
6.436436436436436814e-01 2.682782305295228298e+02
6.539039039039038492e-01 2.684404579133505422e+02
6.641641641641641280e-01 2.686024579247780935e+02
6.744244244244244069e-01 2.687642304749574009e+02
6.846846846846846857e-01 2.689257754769746498e+02
6.949449449449449645e-01 2.690870928458430171e+02
7.052052052052051323e-01 2.692481824984945433e+02
7.154654654654655221e-01 2.694090443537725150e+02
7.257257257257256899e-01 2.695696783324240187e+02
7.359859859859859688e-01 2.697300843570920392e+02
7.462462462462462476e-01 2.698902623523078432e+02
7.565065065065064154e-01 2.700502122444832480e+02
7.667667667667668052e-01 2.702099339619030616e+02
7.770270270270269730e-01 2.703694274347174087e+02
7.872872872872872518e-01 2.705286925949340002e+02
7.975475475475475307e-01 2.706877293764105730e+02
8.078078078078078095e-01 2.708465377148473294e+02
8.180680680680680883e-01 2.710051175477787524e+02
8.283283283283282561e-01 2.711634688145669543e+02
8.385885885885886459e-01 2.713215914563934348e+02
8.488488488488488137e-01 2.714794854162512365e+02
8.591091091091090926e-01 2.716371506389381807e+02
8.693693693693693714e-01 2.717945870710483973e+02
8.796296296296295392e-01 2.719517946609652199e+02
8.898898898898899290e-01 2.721087733588536821e+02
9.001501501501500968e-01 2.722655231166526733e+02
9.104104104104103756e-01 2.724220438880674351e+02
9.206706706706706544e-01 2.725783356285619448e+02
9.309309309309309333e-01 2.727343982953520367e+02
9.411911911911912121e-01 2.728902318473967057e+02
9.514514514514513799e-01 2.730458362453913992e+02
9.617117117117117697e-01 2.732012114517605141e+02
9.719719719719719375e-01 2.733563574306494957e+02
9.822322322322322163e-01 2.735112741479175611e+02
9.924924924924924952e-01 2.736659615711301399e+02
1.002752752752752663e+00 2.738204196695515975e+02
1.013013013013012831e+00 2.739746484141371639e+02
1.023273273273273221e+00 2.741286477775266235e+02
1.033533533533533610e+00 2.742824177340354481e+02
1.043793793793793778e+00 2.744359582596485438e+02
1.054054054054053946e+00 2.745892693320120657e+02
1.064314314314314336e+00 2.747423509304263689e+02
1.074574574574574504e+00 2.748952030358383922e+02
1.084834834834834894e+00 2.750478256308346658e+02
1.095095095095095061e+00 2.752002186996331830e+02
1.105355355355355229e+00 2.753523822280769195e+02
1.115615615615615619e+00 2.755043162036254785e+02
1.125875875875876009e+00 2.756560206153487229e+02
1.136136136136136177e+00 2.758074954539187615e+02
1.146396396396396344e+00 2.759587407116027862e+02
1.156656656656656512e+00 2.761097563822558527e+02
1.166916916916916902e+00 2.762605424613133778e+02
1.177177177177177292e+00 2.764110989457841470e+02
1.187437437437437460e+00 2.765614258342425273e+02
1.197697697697697627e+00 2.767115231268216462e+02
1.207957957957957795e+00 2.768613908252060014e+02
1.218218218218218185e+00 2.770110289326240718e+02
1.228478478478478575e+00 2.771604374538410980e+02
1.238738738738738743e+00 2.773096163951520339e+02
1.248998998998998911e+00 2.774585657643741570e+02
1.259259259259259078e+00 2.776072855708396787e+02
1.269519519519519468e+00 2.777557758253892075e+02
1.279779779779779858e+00 2.779040365403635633e+02
1.290040040040040026e+00 2.780520677295976384e+02
1.300300300300300194e+00 2.781998694084124963e+02
1.310560560560560361e+00 2.783474415936083233e+02
1.320820820820820751e+00 2.784947843034578909e+02
1.331081081081081141e+00 2.786418975576985417e+02
1.341341341341341309e+00 2.787887813775257655e+02
1.351601601601601477e+00 2.789354357855855824e+02
1.361861861861861867e+00 2.790818608059681196e+02
1.372122122122122034e+00 2.792280564641995966e+02
1.382382382382382424e+00 2.793740227872364130e+02
1.392642642642642592e+00 2.795197598034569069e+02
1.402902902902902760e+00 2.796652675426552719e+02
1.413163163163163150e+00 2.798105460360340544e+02
1.423423423423423539e+00 2.799555953161971615e+02
1.433683683683683707e+00 2.801004154171428127e+02
1.443943943943943875e+00 2.802450063742572866e+02
1.454204204204204043e+00 2.803893682243065655e+02
1.464464464464464433e+00 2.805335010054307077e+02
1.474724724724724823e+00 2.806774047571360597e+02
1.484984984984984990e+00 2.808210795202888335e+02
1.495245245245245158e+00 2.809645253371078297e+02
1.505505505505505548e+00 2.811077422511578447e+02
1.515765765765765716e+00 2.812507303073423941e+02
1.526026026026025884e+00 2.813934895518971189e+02
1.536286286286286273e+00 2.815360200323829645e+02
1.546546546546546441e+00 2.816783217976792457e+02
1.556806806806806831e+00 2.818203948979767119e+02
1.567067067067066999e+00 2.819622393847708395e+02
1.577327327327327167e+00 2.821038553108548967e+02
1.587587587587587556e+00 2.822452427303135778e+02
1.597847847847847724e+00 2.823864016985154990e+02
1.608108108108108114e+00 2.825273322721070599e+02
1.618368368368368282e+00 2.826680345090053379e+02
1.628628628628628672e+00 2.828085084683917216e+02
1.638888888888888840e+00 2.829487542107047489e+02
1.649149149149149007e+00 2.830887717976335693e+02
1.659409409409409397e+00 2.832285612921115217e+02
1.669669669669669565e+00 2.833681227583089708e+02
1.679929929929929955e+00 2.835074562616269418e+02
1.690190190190190123e+00 2.836465618686906396e+02
1.700450450450450290e+00 2.837854396473422867e+02
1.710710710710710680e+00 2.839240896666350977e+02
1.720970970970970848e+00 2.840625119968262311e+02
1.731231231231231238e+00 2.842007067093705359e+02
1.741491491491491406e+00 2.843386738769132762e+02
1.751751751751751796e+00 2.844764135732849581e+02
1.762012012012011963e+00 2.846139258734933151e+02
1.772272272272272131e+00 2.847512108537175664e+02
1.782532532532532521e+00 2.848882685913015962e+02
1.792792792792792689e+00 2.850250991647479282e+02
1.803053053053053079e+00 2.851617026537105062e+02
1.813313313313313246e+00 2.852980791389888395e+02
1.823573573573573414e+00 2.854342287025214659e+02
1.833833833833833804e+00 2.855701514273789599e+02
1.844094094094093972e+00 2.857058473977583049e+02
1.854354354354354362e+00 2.858413166989760157e+02
1.864614614614614529e+00 2.859765594174616012e+02
1.874874874874874697e+00 2.861115756407518802e+02
1.885135135135135087e+00 2.862463654574838756e+02
1.895395395395395255e+00 2.863809289573885053e+02
1.905655655655655645e+00 2.865152662312850111e+02
1.915915915915915813e+00 2.866493773710738537e+02
1.926176176176176202e+00 2.867832624697308574e+02
1.936436436436436370e+00 2.869169216213005029e+02
1.946696696696696538e+00 2.870503549208902427e+02
1.956956956956956928e+00 2.871835624646636234e+02
1.967217217217217096e+00 2.873165443498345439e+02
1.977477477477477485e+00 2.874493006746607762e+02
1.987737737737737653e+00 2.875818315384378820e+02
1.997997997997997821e+00 2.877141370414930179e+02
2.008258258258257989e+00 2.878462172851783976e+02
2.018518518518518157e+00 2.879780723718659488e+02
2.028778778778778769e+00 2.881097024049402080e+02
2.039039039039038936e+00 2.882411074887928066e+02
2.049299299299299548e+00 2.883722877288163886e+02
2.059559559559559716e+00 2.885032432313981872e+02
2.069819819819819884e+00 2.886339741039140563e+02
2.080080080080080052e+00 2.887644804547226158e+02
2.090340340340340219e+00 2.888947623931588282e+02
2.100600600600600387e+00 2.890248200295283141e+02
2.110860860860860555e+00 2.891546534751012132e+02
2.121121121121120723e+00 2.892842628421062159e+02
2.131381381381381335e+00 2.894136482437243103e+02
2.141641641641641503e+00 2.895428097940833254e+02
2.151901901901902114e+00 2.896717476082515645e+02
2.162162162162162282e+00 2.898004618022319505e+02
2.172422422422422450e+00 2.899289524929565118e+02
2.182682682682682618e+00 2.900572197982796752e+02
2.192942942942942786e+00 2.901852638369732631e+02
2.203203203203202953e+00 2.903130847287196730e+02
2.213463463463463121e+00 2.904406825941072725e+02
2.223723723723723733e+00 2.905680575546230671e+02
2.233983983983983901e+00 2.906952097326484932e+02
2.244244244244244069e+00 2.908221392514521426e+02
2.254504504504504681e+00 2.909488462351848739e+02
2.264764764764764848e+00 2.910753308088736730e+02
2.275025025025025016e+00 2.912015930984161969e+02
2.285285285285285184e+00 2.913276332305746905e+02
2.295545545545545352e+00 2.914534513329704737e+02
2.305805805805805520e+00 2.915790475340781427e+02
2.316066066066065687e+00 2.917044219632200566e+02
2.326326326326326299e+00 2.918295747505603686e+02
2.336586586586586467e+00 2.919545060270994554e+02
2.346846846846847079e+00 2.920792159246688016e+02
2.357107107107107247e+00 2.922037045759242346e+02
2.367367367367367414e+00 2.923279721143417191e+02
2.377627627627627582e+00 2.924520186742107057e+02
2.387887887887887750e+00 2.925758443906286743e+02
2.398148148148147918e+00 2.926994493994961886e+02
2.408408408408408086e+00 2.928228338375110411e+02
2.418668668668668253e+00 2.929459978421621713e+02
2.428928928928928865e+00 2.930689415517251746e+02
2.439189189189189033e+00 2.931916651052558791e+02
2.449449449449449645e+00 2.933141686425855710e+02
2.459709709709709813e+00 2.934364523043149120e+02
2.469969969969969981e+00 2.935585162318092785e+02
2.480230230230230148e+00 2.936803605671924515e+02
2.490490490490490316e+00 2.938019854533418993e+02
2.500750750750750484e+00 2.939233910338828650e+02
2.511011011011011096e+00 2.940445774531834786e+02
2.521271271271271264e+00 2.941655448563489017e+02
2.531531531531531432e+00 2.942862933892167803e+02
2.541791791791791599e+00 2.944068231983505939e+02
2.552052052052051767e+00 2.945271344310358472e+02
2.562312312312312379e+00 2.946472272352734194e+02
2.572572572572572547e+00 2.947671017597755281e+02
2.582832832832832715e+00 2.948867581539591924e+02
2.593093093093092882e+00 2.950061965679424816e+02
2.603353353353353050e+00 2.951254171525377501e+02
2.613613613613613662e+00 2.952444200592473180e+02
2.623873873873873830e+00 2.953632054402584117e+02
2.634134134134133998e+00 2.954817734484371385e+02
2.644394394394394165e+00 2.956001242373242235e+02
2.654654654654654333e+00 2.957182579611294386e+02
2.664914914914914945e+00 2.958361747747264303e+02
2.675175175175175113e+00 2.959538748336477738e+02
2.685435435435435281e+00 2.960713582940794595e+02
2.695695695695695449e+00 2.961886253128567432e+02
2.705955955955956060e+00 2.963056760474578937e+02
2.716216216216216228e+00 2.964225106560003837e+02
2.726476476476476396e+00 2.965391292972345809e+02
2.736736736736736564e+00 2.966555321305397115e+02
2.746996996996996732e+00 2.967717193159183466e+02
2.757257257257257343e+00 2.968876910139916845e+02
2.767517517517517511e+00 2.970034473859943773e+02
2.777777777777777679e+00 2.971189885937700410e+02
2.788038038038037847e+00 2.972343147997653432e+02
2.798298298298298015e+00 2.973494261670264223e+02
2.808558558558558627e+00 2.974643228591926345e+02
2.818818818818818794e+00 2.975790050404925751e+02
2.829079079079078962e+00 2.976934728757390758e+02
2.839339339339339130e+00 2.978077265303239187e+02
2.849599599599599298e+00 2.979217661702136297e+02
2.859859859859859910e+00 2.980355919619440783e+02
2.870120120120120077e+00 2.981492040726160440e+02
2.880380380380380245e+00 2.982626026698901569e+02
2.890640640640640413e+00 2.983757879219824076e+02
2.900900900900900581e+00 2.984887599976594856e+02
2.911161161161161193e+00 2.986015190662333225e+02
2.921421421421421361e+00 2.987140652975572266e+02
2.931681681681681528e+00 2.988263988620205964e+02
2.941941941941941696e+00 2.989385199305446577e+02
2.952202202202201864e+00 2.990504286745772902e+02
2.962462462462462476e+00 2.991621252660890491e+02
2.972722722722722644e+00 2.992736098775678215e+02
2.982982982982982811e+00 2.993848826820146201e+02
2.993243243243242979e+00 2.994959438529388649e+02
3.003503503503503591e+00 2.996067935643536089e+02
3.013763763763763759e+00 2.997174319907715585e+02
3.024024024024023927e+00 2.998278593071997307e+02
3.034284284284284094e+00 2.999380756891352462e+02
3.044544544544544262e+00 3.000480813125611803e+02
3.054804804804804874e+00 3.001578763539412193e+02
3.065065065065065042e+00 3.002674609902160228e+02
3.075325325325325210e+00 3.003768353987982778e+02
3.085585585585585378e+00 3.004859997575679813e+02
3.095845845845845545e+00 3.005949542448687453e+02
3.106106106106106157e+00 3.007036990395028511e+02
3.116366366366366325e+00 3.008122343207267022e+02
3.126626626626626493e+00 3.009205602682464473e+02
3.136886886886886661e+00 3.010286770622145127e+02
3.147147147147146828e+00 3.011365848832240317e+02
3.157407407407407440e+00 3.012442839123048657e+02
3.167667667667667608e+00 3.013517743309195680e+02
3.177927927927927776e+00 3.014590563209586662e+02
3.188188188188187944e+00 3.015661300647364556e+02
3.198448448448448111e+00 3.016729957449874746e+02
3.208708708708708723e+00 3.017796535448606505e+02
3.218968968968968891e+00 3.018861036479165136e+02
3.229229229229229059e+00 3.019923462381219679e+02
3.239489489489489227e+00 3.020983814998467096e+02
3.249749749749749395e+00 3.022042096178587940e+02
3.260010010010010006e+00 3.023098307773203146e+02
3.270270270270270174e+00 3.024152451637832542e+02
3.280530530530530342e+00 3.025204529631856190e+02
3.290790790790790510e+00 3.026254543618466641e+02
3.301051051051051122e+00 3.027302495464634831e+02
3.311311311311311290e+00 3.028348387041064029e+02
3.321571571571571457e+00 3.029392220222149490e+02
3.331831831831831625e+00 3.030433996885939223e+02
3.342092092092091793e+00 3.031473718914093638e+02
3.352352352352352405e+00 3.032511388191840069e+02
3.362612612612612573e+00 3.033547006607938670e+02
3.372872872872872740e+00 3.034580576054637504e+02
3.383133133133132908e+00 3.035612098427636738e+02
3.393393393393393076e+00 3.036641575626044300e+02
3.403653653653653688e+00 3.037669009552336661e+02
3.413913913913913856e+00 3.038694402112324724e+02
3.424174174174174023e+00 3.039717755215104376e+02
3.434434434434434191e+00 3.040739070773025787e+02
3.444694694694694359e+00 3.041758350701652489e+02
3.454954954954954971e+00 3.042775596919720442e+02
3.465215215215215139e+00 3.043790811349095407e+02
3.475475475475475307e+00 3.044803995914742814e+02
3.485735735735735474e+00 3.045815152544683997e+02
3.495995995995995642e+00 3.046824283169957539e+02
3.506256256256256254e+00 3.047831389724582323e+02
3.516516516516516422e+00 3.048836474145519446e+02
3.526776776776776590e+00 3.049839538372631864e+02
3.537037037037036757e+00 3.050840584348650850e+02
3.547297297297296925e+00 3.051839614019133933e+02
3.557557557557557537e+00 3.052836629332430221e+02
3.567817817817817705e+00 3.053831632239641749e+02
3.578078078078077873e+00 3.054824624694587101e+02
3.588338338338338041e+00 3.055815608653761046e+02
3.598598598598598652e+00 3.056804586076302144e+02
3.608858858858858820e+00 3.057791558923952948e+02
3.619119119119118988e+00 3.058776529161027611e+02
3.629379379379379156e+00 3.059759498754366973e+02
3.639639639639639324e+00 3.060740469673311281e+02
3.649899899899899935e+00 3.061719443889656418e+02
3.660160160160160103e+00 3.062696423377622637e+02
3.670420420420420271e+00 3.063671410113819320e+02
3.680680680680680439e+00 3.064644406077204053e+02
3.690940940940940607e+00 3.065615413249053631e+02
3.701201201201201219e+00 3.066584433612919725e+02
3.711461461461461386e+00 3.067551469154604433e+02
3.721721721721721554e+00 3.068516521862114814e+02
3.731981981981981722e+00 3.069479593725633890e+02
3.742242242242241890e+00 3.070440686737486544e+02
3.752502502502502502e+00 3.071399802892098023e+02
3.762762762762762669e+00 3.072356944185968359e+02
3.773023023023022837e+00 3.073312112617629168e+02
3.783283283283283005e+00 3.074265310187614659e+02
3.793543543543543173e+00 3.075216538898427530e+02
3.803803803803803785e+00 3.076165800754501447e+02
3.814064064064063952e+00 3.077113097762168081e+02
3.824324324324324120e+00 3.078058431929629819e+02
3.834584584584584288e+00 3.079001805266913721e+02
3.844844844844844456e+00 3.079943219785847646e+02
3.855105105105105068e+00 3.080882677500025579e+02
3.865365365365365236e+00 3.081820180424771820e+02
3.875625625625625403e+00 3.082755730577108011e+02
3.885885885885885571e+00 3.083689329975724149e+02
3.896146146146146183e+00 3.084620980640939933e+02
3.906406406406406351e+00 3.085550684594674635e+02
3.916666666666666519e+00 3.086478443860417542e+02
3.926926926926926686e+00 3.087404260463191008e+02
3.937187187187186854e+00 3.088328136429520328e+02
3.947447447447447466e+00 3.089250073787404745e+02
3.957707707707707634e+00 3.090170074566278799e+02
3.967967967967967802e+00 3.091088140796983339e+02
3.978228228228227970e+00 3.092004274511737094e+02
3.988488488488488137e+00 3.092918477744098595e+02
3.998748748748748749e+00 3.093830752528944004e+02
4.009009009009009361e+00 3.094741100902427320e+02
4.019269269269269529e+00 3.095649524901950258e+02
4.029529529529529697e+00 3.096556026566138371e+02
4.039789789789789864e+00 3.097460607934800692e+02
4.050050050050050032e+00 3.098363271048905858e+02
4.060310310310310200e+00 3.099264017950546872e+02
4.070570570570570368e+00 3.100162850682916655e+02
4.080830830830830536e+00 3.101059771290271101e+02
4.091091091091090703e+00 3.101954781817900084e+02
4.101351351351350871e+00 3.102847884312103588e+02
4.111611611611611039e+00 3.103739080820153617e+02
4.121871871871871207e+00 3.104628373390269189e+02
4.132132132132131375e+00 3.105515764071585068e+02
4.142392392392391542e+00 3.106401254914122205e+02
4.152652652652652598e+00 3.107284847968761596e+02
4.162912912912912766e+00 3.108166545287207327e+02
4.173173173173172934e+00 3.109046348921967819e+02
4.183433433433433102e+00 3.109924260926317743e+02
4.193693693693694158e+00 3.110800283354273574e+02
4.203953953953954326e+00 3.111674418260562902e+02
4.214214214214214493e+00 3.112546667700600551e+02
4.224474474474474661e+00 3.113417033730451635e+02
4.234734734734734829e+00 3.114285518406811093e+02
4.244994994994994997e+00 3.115152123786974130e+02
4.255255255255255165e+00 3.116016851928803248e+02
4.265515515515515332e+00 3.116879704890704943e+02
4.275775775775775500e+00 3.117740684731600140e+02
4.286036036036035668e+00 3.118599793510897484e+02
4.296296296296295836e+00 3.119457033288464345e+02
4.306556556556556004e+00 3.120312406124601807e+02
4.316816816816816171e+00 3.121165914080014545e+02
4.327077077077076339e+00 3.122017559215785241e+02
4.337337337337336507e+00 3.122867343593346732e+02
4.347597597597597563e+00 3.123715269274456432e+02
4.357857857857857731e+00 3.124561338321169046e+02
4.368118118118117899e+00 3.125405552795808148e+02
4.378378378378378066e+00 3.126247914760942876e+02
4.388638638638638234e+00 3.127088426279357236e+02
4.398898898898899290e+00 3.127927089414031343e+02
4.409159159159159458e+00 3.128763906228102769e+02
4.419419419419419626e+00 3.129598878784855174e+02
4.429679679679679793e+00 3.130432009147681924e+02
4.439939939939939961e+00 3.131263299380063359e+02
4.450200200200200129e+00 3.132092751545542342e+02
4.460460460460460297e+00 3.132920367707699825e+02
4.470720720720720465e+00 3.133746149930121874e+02
4.480980980980980632e+00 3.134570100276387734e+02
4.491241241241240800e+00 3.135392220810031176e+02
4.501501501501500968e+00 3.136212513594523443e+02
4.511761761761761136e+00 3.137030980693247102e+02
4.522022022022022192e+00 3.137847624169468759e+02
4.532282282282282360e+00 3.138662446086316322e+02
4.542542542542542527e+00 3.139475448506755697e+02
4.552802802802802695e+00 3.140286633493565205e+02
4.563063063063062863e+00 3.141096003109307162e+02
4.573323323323323031e+00 3.141903559416313101e+02
4.583583583583583199e+00 3.142709304476650800e+02
4.593843843843843366e+00 3.143513240352104958e+02
4.604104104104103534e+00 3.144315369104151614e+02
4.614364364364364590e+00 3.145115692793937683e+02
4.624624624624624758e+00 3.145914213482252535e+02
4.634884884884884926e+00 3.146710933229506963e+02
4.645145145145145094e+00 3.147505854095712721e+02
4.655405405405405261e+00 3.148298978140452959e+02
4.665665665665665429e+00 3.149090307422866317e+02
4.675925925925925597e+00 3.149879844001616789e+02
4.686186186186185765e+00 3.150667589934878379e+02
4.696446446446445933e+00 3.151453547280307816e+02
4.706706706706706100e+00 3.152237718095020682e+02
4.716966966966967156e+00 3.153020104435573785e+02
4.727227227227227324e+00 3.153800708357939016e+02
4.737487487487487492e+00 3.154579531917481745e+02
4.747747747747747660e+00 3.155356577168941499e+02
4.758008008008007828e+00 3.156131846166406376e+02
4.768268268268267995e+00 3.156905340963293156e+02
4.778528528528528163e+00 3.157677063612324559e+02
4.788788788788788331e+00 3.158447016165509922e+02
4.799049049049048499e+00 3.159215200674119615e+02
4.809309309309308667e+00 3.159981619188667423e+02
4.819569569569569722e+00 3.160746273758888947e+02
4.829829829829829890e+00 3.161509166433718292e+02
4.840090090090090058e+00 3.162270299261267610e+02
4.850350350350350226e+00 3.163029674288809474e+02
4.860610610610610394e+00 3.163787293562750165e+02
4.870870870870870561e+00 3.164543159128615457e+02
4.881131131131130729e+00 3.165297273031024474e+02
4.891391391391390897e+00 3.166049637313673770e+02
4.901651651651651065e+00 3.166800254019315162e+02
4.911911911911912121e+00 3.167549125189731853e+02
4.922172172172172289e+00 3.168296252865726501e+02
4.932432432432432456e+00 3.169041639087094495e+02
4.942692692692692624e+00 3.169785285892608613e+02
4.952952952952952792e+00 3.170527195319991733e+02
4.963213213213212960e+00 3.171267369405907743e+02
4.973473473473473128e+00 3.172005810185935957e+02
4.983733733733733295e+00 3.172742519694549514e+02
4.993993993993993463e+00 3.173477499965103448e+02
5.004254254254253631e+00 3.174210753029806824e+02
5.014514514514514687e+00 3.174942280919713653e+02
5.024774774774774855e+00 3.175672085664694464e+02
5.035035035035035023e+00 3.176400169293420959e+02
5.045295295295295190e+00 3.177126533833352369e+02
5.055555555555555358e+00 3.177851181310707602e+02
5.065815815815815526e+00 3.178574113750455012e+02
5.076076076076075694e+00 3.179295333176289091e+02
5.086336336336335862e+00 3.180014841610614553e+02
5.096596596596596029e+00 3.180732641074527578e+02
5.106856856856856197e+00 3.181448733587795914e+02
5.117117117117117253e+00 3.182163121168845805e+02
5.127377377377377421e+00 3.182875805834739253e+02
5.137637637637637589e+00 3.183586789601158102e+02
5.147897897897897757e+00 3.184296074482388121e+02
5.158158158158157924e+00 3.185003662491298542e+02
5.168418418418418092e+00 3.185709555639329551e+02
5.178678678678678260e+00 3.186413755936466714e+02
5.188938938938938428e+00 3.187116265391233583e+02
5.199199199199198596e+00 3.187817086010666685e+02
5.209459459459459651e+00 3.188516219800306430e+02
5.219719719719719819e+00 3.189213668764170393e+02
5.229979979979979987e+00 3.189909434904746490e+02
5.240240240240240155e+00 3.190603520222971952e+02
5.250500500500500323e+00 3.191295926718214560e+02
5.260760760760760490e+00 3.191986656388260144e+02
5.271021021021020658e+00 3.192675711229297804e+02
5.281281281281280826e+00 3.193363093235896031e+02
5.291541541541540994e+00 3.194048804400995891e+02
5.301801801801801162e+00 3.194732846715888286e+02
5.312062062062062218e+00 3.195415222170204288e+02
5.322322322322322385e+00 3.196095932751890700e+02
5.332582582582582553e+00 3.196774980447206644e+02
5.342842842842842721e+00 3.197452367240694571e+02
5.353103103103102889e+00 3.198128095115176279e+02
5.363363363363363057e+00 3.198802166051731888e+02
5.373623623623623224e+00 3.199474582029685052e+02
5.383883883883883392e+00 3.200145345026587620e+02
5.394144144144143560e+00 3.200814457018209964e+02
5.404404404404403728e+00 3.201481919978518249e+02
5.414664664664664784e+00 3.202147735879663628e+02
5.424924924924924952e+00 3.202811906691969170e+02
5.435185185185185119e+00 3.203474434383913945e+02
5.445445445445445287e+00 3.204135320922115397e+02
5.455705705705705455e+00 3.204794568271321396e+02
5.465965965965965623e+00 3.205452178394390899e+02
5.476226226226225791e+00 3.206108153252281454e+02
5.486486486486485958e+00 3.206762494804036123e+02
5.496746746746746126e+00 3.207415205006769270e+02
5.507007007007007182e+00 3.208066285815650645e+02
5.517267267267267350e+00 3.208715739183895153e+02
5.527527527527527518e+00 3.209363567062745801e+02
5.537787787787787686e+00 3.210009771401464604e+02
5.548048048048047853e+00 3.210654354147314393e+02
5.558308308308308021e+00 3.211297317245548015e+02
5.568568568568568189e+00 3.211938662639395830e+02
5.578828828828828357e+00 3.212578392270050927e+02
5.589089089089088525e+00 3.213216508076658897e+02
5.599349349349348692e+00 3.213853011996300211e+02
5.609609609609609748e+00 3.214487905963981120e+02
5.619869869869869916e+00 3.215121191912621157e+02
5.630130130130130084e+00 3.215752871773040624e+02
5.640390390390390252e+00 3.216382947473941840e+02
5.650650650650650419e+00 3.217011420941907431e+02
5.660910910910910587e+00 3.217638294101381007e+02
5.671171171171170755e+00 3.218263568874655789e+02
5.681431431431430923e+00 3.218887247181864382e+02
5.691691691691691091e+00 3.219509330940963991e+02
5.701951951951951258e+00 3.220129822067727332e+02
5.712212212212212314e+00 3.220748722475729551e+02
5.722472472472472482e+00 3.221366034076336859e+02
5.732732732732732650e+00 3.221981758778696303e+02
5.742992992992992818e+00 3.222595898489717001e+02
5.753253253253252986e+00 3.223208455114072990e+02
5.763513513513513153e+00 3.223819430554175938e+02
5.773773773773773321e+00 3.224428826710172871e+02
5.784034034034033489e+00 3.225036645479936510e+02
5.794294294294293657e+00 3.225642888759047082e+02
5.804554554554554713e+00 3.226247558440787770e+02
5.814814814814814881e+00 3.226850656416130505e+02
5.825075075075075048e+00 3.227452184573726868e+02
5.835335335335335216e+00 3.228052144799892744e+02
5.845595595595595384e+00 3.228650538978607756e+02
5.855855855855855552e+00 3.229247368991493090e+02
5.866116116116115720e+00 3.229842636717805817e+02
5.876376376376375887e+00 3.230436344034434910e+02
5.886636636636636055e+00 3.231028492815879645e+02
5.896896896896896223e+00 3.231619084934245052e+02
5.907157157157157279e+00 3.232208122259235665e+02
5.917417417417417447e+00 3.232795606658135057e+02
5.927677677677677615e+00 3.233381539995807543e+02
5.937937937937937782e+00 3.233965924134678858e+02
5.948198198198197950e+00 3.234548760934733309e+02
5.958458458458458118e+00 3.235130052253498434e+02
5.968718718718718286e+00 3.235709799946039880e+02
5.978978978978978454e+00 3.236288005864946626e+02
5.989239239239238621e+00 3.236864671860329281e+02
5.999499499499498789e+00 3.237439799779801888e+02
6.009759759759759845e+00 3.238013391468479654e+02
6.020020020020020013e+00 3.238585448768963602e+02
6.030280280280280181e+00 3.239155973521337160e+02
6.040540540540540349e+00 3.239724967563151381e+02
6.050800800800800516e+00 3.240292432729421535e+02
6.061061061061060684e+00 3.240858370852612325e+02
6.071321321321320852e+00 3.241422783762633344e+02
6.081581581581581020e+00 3.241985673286829410e+02
6.091841841841841187e+00 3.242547041249969766e+02
6.102102102102102243e+00 3.243106889474238415e+02
6.112362362362362411e+00 3.243665219779231847e+02
6.122622622622622579e+00 3.244222033981941991e+02
6.132882882882882747e+00 3.244777333896753930e+02
6.143143143143142915e+00 3.245331121335433977e+02
6.153403403403403082e+00 3.245883398107124549e+02
6.163663663663663250e+00 3.246434166018327119e+02
6.173923923923923418e+00 3.246983426872907899e+02
6.184184184184183586e+00 3.247531182472077376e+02
6.194444444444443754e+00 3.248077434614385197e+02
6.204704704704704810e+00 3.248622185095719033e+02
6.214964964964964977e+00 3.249165435709284679e+02
6.225225225225225145e+00 3.249707188245606062e+02
6.235485485485485313e+00 3.250247444492515001e+02
6.245745745745745481e+00 3.250786206235143254e+02
6.256006006006005649e+00 3.251323475255914559e+02
6.266266266266265816e+00 3.251859253334534401e+02
6.276526526526525984e+00 3.252393542247986602e+02
6.286786786786786152e+00 3.252926343770524227e+02
6.297047047047046320e+00 3.253457659673655940e+02
6.307307307307307376e+00 3.253987491726148278e+02
6.317567567567567544e+00 3.254515841694008031e+02
6.327827827827827711e+00 3.255042711340481105e+02
6.338088088088087879e+00 3.255568102426043424e+02
6.348348348348348047e+00 3.256092016708390702e+02
6.358608608608608215e+00 3.256614455942434461e+02
6.368868868868868383e+00 3.257135421880291233e+02
6.379129129129128550e+00 3.257654916271278580e+02
6.389389389389388718e+00 3.258172940861901452e+02
6.399649649649649774e+00 3.258689497395852186e+02
6.409909909909909942e+00 3.259204587613999138e+02
6.420170170170170110e+00 3.259718213254375883e+02
6.430430430430430278e+00 3.260230376052181214e+02
6.440690690690690445e+00 3.260741077739767206e+02
6.450950950950950613e+00 3.261250320046630122e+02
6.461211211211210781e+00 3.261758104699406431e+02
6.471471471471470949e+00 3.262264433421865988e+02
6.481731731731731116e+00 3.262769307934898393e+02
6.491991991991991284e+00 3.263272729956513558e+02
6.502252252252252340e+00 3.263774701201829771e+02
6.512512512512512508e+00 3.264275223383066304e+02
6.522772772772772676e+00 3.264774298209537733e+02
6.533033033033032844e+00 3.265271927387647111e+02
6.543293293293293011e+00 3.265768112620873467e+02
6.553553553553553179e+00 3.266262855609770099e+02
6.563813813813813347e+00 3.266756158051957755e+02
6.574074074074073515e+00 3.267248021642109848e+02
6.584334334334333683e+00 3.267738448071951893e+02
6.594594594594593850e+00 3.268227439030252981e+02
6.604854854854854906e+00 3.268714996202815541e+02
6.615115115115115074e+00 3.269201121272469663e+02
6.625375375375375242e+00 3.269685815919067409e+02
6.635635635635635410e+00 3.270169081819470875e+02
6.645895895895895578e+00 3.270650920647548219e+02
6.656156156156155745e+00 3.271131334074166830e+02
6.666416416416415913e+00 3.271610323767180262e+02
6.676676676676676081e+00 3.272087891391426524e+02
6.686936936936936249e+00 3.272564038608718420e+02
6.697197197197197305e+00 3.273038767077835587e+02
6.707457457457457473e+00 3.273512078454514835e+02
6.717717717717717640e+00 3.273983974391445599e+02
6.727977977977977808e+00 3.274454456538263116e+02
6.738238238238237976e+00 3.274923526541534784e+02
6.748498498498498144e+00 3.275391186044757887e+02
6.758758758758758312e+00 3.275857436688349367e+02
6.769019019019018479e+00 3.276322280109637290e+02
6.779279279279278647e+00 3.276785717942855740e+02
6.789539539539538815e+00 3.277247751819132304e+02
6.799799799799799871e+00 3.277708383366482963e+02
6.810060060060060039e+00 3.278167614209804697e+02
6.820320320320320207e+00 3.278625445970865258e+02
6.830580580580580374e+00 3.279081880268293503e+02
6.840840840840840542e+00 3.279536918717576555e+02
6.851101101101100710e+00 3.279990562931043883e+02
6.861361361361360878e+00 3.280442814517865600e+02
6.871621621621621046e+00 3.280893675084039955e+02
6.881881881881881213e+00 3.281343146232384811e+02
6.892142142142141381e+00 3.281791229562533090e+02
6.902402402402402437e+00 3.282237926670917432e+02
6.912662662662662605e+00 3.282683239150766781e+02
6.922922922922922773e+00 3.283127168592093312e+02
6.933183183183182940e+00 3.283569716581689022e+02
6.943443443443443108e+00 3.284010884703110946e+02
6.953703703703703276e+00 3.284450674536674342e+02
6.963963963963963444e+00 3.284889087659443021e+02
6.974224224224223612e+00 3.285326125645221964e+02
6.984484484484483779e+00 3.285761790064543675e+02
6.994744744744744835e+00 3.286196082484664203e+02
7.005005005005005003e+00 3.286629004469548363e+02
7.015265265265265171e+00 3.287060557579862348e+02
7.025525525525525339e+00 3.287490743372964630e+02
7.035785785785785507e+00 3.287919563402894596e+02
7.046046046046045674e+00 3.288347019220365723e+02
7.056306306306305842e+00 3.288773112372748528e+02
7.066566566566566010e+00 3.289197844404066018e+02
7.076826826826826178e+00 3.289621216854985164e+02
7.087087087087086346e+00 3.290043231262799850e+02
7.097347347347347402e+00 3.290463889161425755e+02
7.107607607607607569e+00 3.290883192081387278e+02
7.117867867867867737e+00 3.291301141549806175e+02
7.128128128128127905e+00 3.291717739090394161e+02
7.138388388388388073e+00 3.292132986223438138e+02
7.148648648648648241e+00 3.292546884465789958e+02
7.158908908908908408e+00 3.292959435330857900e+02
7.169169169169168576e+00 3.293370640328591890e+02
7.179429429429428744e+00 3.293780500965472129e+02
7.189689689689688912e+00 3.294189018744500572e+02
7.199949949949949968e+00 3.294596195165187282e+02
7.210210210210210136e+00 3.295002031723537925e+02
7.220470470470470303e+00 3.295406529912041265e+02
7.230730730730730471e+00 3.295809691219661772e+02
7.240990990990990639e+00 3.296211517131822575e+02
7.251251251251250807e+00 3.296612009130390675e+02
7.261511511511510975e+00 3.297011168693674676e+02
7.271771771771771142e+00 3.297408997296402049e+02
7.282032032032031310e+00 3.297805496409708326e+02
7.292292292292292366e+00 3.298200667501129715e+02
7.302552552552552534e+00 3.298594512034587183e+02
7.312812812812812702e+00 3.298987031470366560e+02
7.323073073073072869e+00 3.299378227265116266e+02
7.333333333333333037e+00 3.299768100871828551e+02
7.343593593593593205e+00 3.300156653739822445e+02
7.353853853853853373e+00 3.300543887314736935e+02
7.364114114114113541e+00 3.300929803038512205e+02
7.374374374374373708e+00 3.301314402349379407e+02
7.384634634634633876e+00 3.301697686681841901e+02
7.394894894894894932e+00 3.302079657466665026e+02
7.405155155155155100e+00 3.302460316130858473e+02
7.415415415415415268e+00 3.302839664097667196e+02
7.425675675675675436e+00 3.303217702786547534e+02
7.435935935935935603e+00 3.303594433613162096e+02
7.446196196196195771e+00 3.303969857989359298e+02
7.456456456456455939e+00 3.304343977323158583e+02
7.466716716716716107e+00 3.304716793018735075e+02
7.476976976976976275e+00 3.305088306476408206e+02
7.487237237237236442e+00 3.305458519092620691e+02
7.497497497497497498e+00 3.305827432259923739e+02
7.507757757757757666e+00 3.306195047366965127e+02
7.518018018018017834e+00 3.306561365798471002e+02
7.528278278278278002e+00 3.306926388935227692e+02
7.538538538538538170e+00 3.307290118154068068e+02
7.548798798798798337e+00 3.307652554827853351e+02
7.559059059059058505e+00 3.308013700325459467e+02
7.569319319319318673e+00 3.308373556011756023e+02
7.579579579579578841e+00 3.308732123247593790e+02
7.589839839839839897e+00 3.309089403389784820e+02
7.600100100100100065e+00 3.309445397791087657e+02
7.610360360360360232e+00 3.309800107800186879e+02
7.620620620620620400e+00 3.310153534761681726e+02
7.630880880880880568e+00 3.310505680016058818e+02
7.641141141141140736e+00 3.310856544899684764e+02
7.651401401401400904e+00 3.311206130744783991e+02
7.661661661661661071e+00 3.311554438879417717e+02
7.671921921921921239e+00 3.311901470627474282e+02
7.682182182182181407e+00 3.312247227308640163e+02
7.692442442442442463e+00 3.312591710238393148e+02
7.702702702702702631e+00 3.312934920727974486e+02
7.712962962962962798e+00 3.313276860084378086e+02
7.723223223223222966e+00 3.313617529610322094e+02
7.733483483483483134e+00 3.313956930604244349e+02
7.743743743743743302e+00 3.314295064360269976e+02
7.754004004004003470e+00 3.314631932168199455e+02
7.764264264264263637e+00 3.314967535313488725e+02
7.774524524524523805e+00 3.315301875077229283e+02
7.784784784784783973e+00 3.315634952736131140e+02
7.795045045045045029e+00 3.315966769562499508e+02
7.805305305305305197e+00 3.316297326824216043e+02
7.815565565565565365e+00 3.316626625784725206e+02
7.825825825825825532e+00 3.316954667703006976e+02
7.836086086086085700e+00 3.317281453833563774e+02
7.846346346346345868e+00 3.317606985426393180e+02
7.856606606606606036e+00 3.317931263726975430e+02
7.866866866866866204e+00 3.318254289976251243e+02
7.877127127127126371e+00 3.318576065410597948e+02
7.887387387387387427e+00 3.318896591261814706e+02
7.897647647647647595e+00 3.319215868757100338e+02
7.907907907907907763e+00 3.319533899119032867e+02
7.918168168168167931e+00 3.319850683565546774e+02
7.928428428428428099e+00 3.320166223309922202e+02
7.938688688688688266e+00 3.320480519560751418e+02
7.948948948948948434e+00 3.320793573521926874e+02
7.959209209209208602e+00 3.321105386392618470e+02
7.969469469469468770e+00 3.321415959367256505e+02
7.979729729729728938e+00 3.321725293635502112e+02
7.989989989989989994e+00 3.322033390382238736e+02
8.000250250250250161e+00 3.322340250787542573e+02
8.010510510510510329e+00 3.322645876026663245e+02
8.020770770770770497e+00 3.322950267270010727e+02
8.031031031031030665e+00 3.323253425683123510e+02
8.041291291291290833e+00 3.323555352426655531e+02
8.051551551551551000e+00 3.323856048656354005e+02
8.061811811811811168e+00 3.324155515523035547e+02
8.072072072072071336e+00 3.324453754172574236e+02
8.082332332332331504e+00 3.324750765745869785e+02
8.092592592592591672e+00 3.325046551378834465e+02
8.102852852852851839e+00 3.325341112202370937e+02
8.113113113113112007e+00 3.325634449342350081e+02
8.123373373373372175e+00 3.325926563919594514e+02
8.133633633633632343e+00 3.326217457049853579e+02
8.143893893893892511e+00 3.326507129843784583e+02
8.154154154154152678e+00 3.326795583406932906e+02
8.164414414414412846e+00 3.327082818839714378e+02
8.174674674674673014e+00 3.327368837237389698e+02
8.184934934934934958e+00 3.327653639690046816e+02
8.195195195195195126e+00 3.327937227282583876e+02
8.205455455455455294e+00 3.328219601094683640e+02
8.215715715715715461e+00 3.328500762200798135e+02
8.225975975975975629e+00 3.328780711670129335e+02
8.236236236236235797e+00 3.329059450566600731e+02
8.246496496496495965e+00 3.329336979948852786e+02
8.256756756756756133e+00 3.329613300870211106e+02
8.267017017017016300e+00 3.329888414378669950e+02
8.277277277277276468e+00 3.330162321516876887e+02
8.287537537537538412e+00 3.330435023322111192e+02
8.297797797797798580e+00 3.330706520826262818e+02
8.308058058058058748e+00 3.330976815055818747e+02
8.318318318318318916e+00 3.331245907031838556e+02
8.328578578578579084e+00 3.331513797769941334e+02
8.338838838838839251e+00 3.331780488280281247e+02
8.349099099099099419e+00 3.332045979567538438e+02
8.359359359359359587e+00 3.332310272630890040e+02
8.369619619619619755e+00 3.332573368464002783e+02
8.379879879879879923e+00 3.332835268055007987e+02
8.390140140140140090e+00 3.333095972386487347e+02
8.400400400400400258e+00 3.333355482435454746e+02
8.410660660660660426e+00 3.333613799173343750e+02
8.420920920920920594e+00 3.333870923565982025e+02
8.431181181181180762e+00 3.334126856573582813e+02
8.441441441441440929e+00 3.334381599150726174e+02
8.451701701701701097e+00 3.334635152246339658e+02
8.461961961961961265e+00 3.334887516803690346e+02
8.472222222222221433e+00 3.335138693760359843e+02
8.482482482482481601e+00 3.335388684048236883e+02
8.492742742742741768e+00 3.335637488593496300e+02
8.503003003003001936e+00 3.335885108316589935e+02
8.513263263263262104e+00 3.336131544132230147e+02
8.523523523523522272e+00 3.336376796949368781e+02
8.533783783783784216e+00 3.336620867671198880e+02
8.544044044044044384e+00 3.336863757195122844e+02
8.554304304304304551e+00 3.337105466412755277e+02
8.564564564564564719e+00 3.337345996209898544e+02
8.574824824824824887e+00 3.337585347466535950e+02
8.585085085085085055e+00 3.337823521056819231e+02
8.595345345345345223e+00 3.338060517849054918e+02
8.605605605605605390e+00 3.338296338705692392e+02
8.615865865865865558e+00 3.338530984483314796e+02
8.626126126126125726e+00 3.338764456032625958e+02
8.636386386386385894e+00 3.338996754198443568e+02
8.646646646646646062e+00 3.339227879819684404e+02
8.656906906906906229e+00 3.339457833729355798e+02
8.667167167167166397e+00 3.339686616754548254e+02
8.677427427427426565e+00 3.339914229716427485e+02
8.687687687687686733e+00 3.340140673430218499e+02
8.697947947947946901e+00 3.340365948705206165e+02
8.708208208208207068e+00 3.340590056344723280e+02
8.718468468468467236e+00 3.340812997146142607e+02
8.728728728728729180e+00 3.341034771900871760e+02
8.738988988988989348e+00 3.341255381394345250e+02
8.749249249249249516e+00 3.341474826406017655e+02
8.759509509509509684e+00 3.341693107709363630e+02
8.769769769769769852e+00 3.341910226071862553e+02
8.780030030030030019e+00 3.342126182255003641e+02
8.790290290290290187e+00 3.342340977014274586e+02
8.800550550550550355e+00 3.342554611099162685e+02
8.810810810810810523e+00 3.342767085253146888e+02
8.821071071071070691e+00 3.342978400213697228e+02
8.831331331331330858e+00 3.343188556712275386e+02
8.841591591591591026e+00 3.343397555474324463e+02
8.851851851851851194e+00 3.343605397219275233e+02
8.862112112112111362e+00 3.343812082660542728e+02
8.872372372372371530e+00 3.344017612505522834e+02
8.882632632632631697e+00 3.344221987455596832e+02
8.892892892892891865e+00 3.344425208206127991e+02
8.903153153153152033e+00 3.344627275446463841e+02
8.913413413413412201e+00 3.344828189859938448e+02
8.923673673673672369e+00 3.345027952123872410e+02
8.933933933933934313e+00 3.345226562909577979e+02
8.944194194194194480e+00 3.345424022882358486e+02
8.954454454454454648e+00 3.345620332701516872e+02
8.964714714714714816e+00 3.345815493020352847e+02
8.974974974974974984e+00 3.346009504486170840e+02
8.985235235235235152e+00 3.346202367740290242e+02
8.995495495495495319e+00 3.346394083418041987e+02
9.005755755755755487e+00 3.346584652148778218e+02
9.016016016016015655e+00 3.346774074555881384e+02
9.026276276276275823e+00 3.346962351256768784e+02
9.036536536536535991e+00 3.347149482862899958e+02
9.046796796796796158e+00 3.347335469979784648e+02
9.057057057057056326e+00 3.347520313206997002e+02
9.067317317317316494e+00 3.347704013138175014e+02
9.077577577577576662e+00 3.347886570361040981e+02
9.087837837837836830e+00 3.348067985457402074e+02
9.098098098098096997e+00 3.348248259003170233e+02
9.108358358358357165e+00 3.348427391568366147e+02
9.118618618618617333e+00 3.348605383717137443e+02
9.128878878878879277e+00 3.348782236007765505e+02
9.139139139139139445e+00 3.348957948992683100e+02
9.149399399399399613e+00 3.349132523218486313e+02
9.159659659659659781e+00 3.349305959225951597e+02
9.169919919919919948e+00 3.349478257550040894e+02
9.180180180180180116e+00 3.349649418719930623e+02
9.190440440440440284e+00 3.349819443259017930e+02
9.200700700700700452e+00 3.349988331684938885e+02
9.210960960960960620e+00 3.350156084509587799e+02
9.221221221221220787e+00 3.350322702239135992e+02
9.231481481481480955e+00 3.350488185374042018e+02
9.241741741741741123e+00 3.350652534409077816e+02
9.252002002002001291e+00 3.350815749833347468e+02
9.262262262262261459e+00 3.350977832130299703e+02
9.272522522522521626e+00 3.351138781777759164e+02
9.282782782782781794e+00 3.351298599247933794e+02
9.293043043043041962e+00 3.351457285007449514e+02
9.303303303303302130e+00 3.351614839517362157e+02
9.313563563563562298e+00 3.351771263233184754e+02
9.323823823823824242e+00 3.351926556604906295e+02
9.334084084084084409e+00 3.352080720077019578e+02
9.344344344344344577e+00 3.352233754088541673e+02
9.354604604604604745e+00 3.352385659073038937e+02
9.364864864864864913e+00 3.352536435458653159e+02
9.375125125125125081e+00 3.352686083668123729e+02
9.385385385385385248e+00 3.352834604118817765e+02
9.395645645645645416e+00 3.352981997222750010e+02
9.405905905905905584e+00 3.353128263386617505e+02
9.416166166166165752e+00 3.353273403011819482e+02
9.426426426426425920e+00 3.353417416494490908e+02
9.436686686686686087e+00 3.353560304225524078e+02
9.446946946946946255e+00 3.353702066590603295e+02
9.457207207207206423e+00 3.353842703970231014e+02
9.467467467467466591e+00 3.353982216739757973e+02
9.477727727727726759e+00 3.354120605269409339e+02
9.487987987987986926e+00 3.354257869924322222e+02
9.498248248248247094e+00 3.354394011064572396e+02
9.508508508508507262e+00 3.354529029045200446e+02
9.518768768768767430e+00 3.354662924216254964e+02
9.529029029029029374e+00 3.354795696922813022e+02
9.539289289289289542e+00 3.354927347505019384e+02
9.549549549549549710e+00 3.355057876298116071e+02
9.559809809809809877e+00 3.355187283632477033e+02
9.570070070070070045e+00 3.355315569833638847e+02
9.580330330330330213e+00 3.355442735222339934e+02
9.590590590590590381e+00 3.355568780114547849e+02
9.600850850850850549e+00 3.355693704821499637e+02
9.611111111111110716e+00 3.355817509649732528e+02
9.621371371371370884e+00 3.355940194901122027e+02
9.631631631631631052e+00 3.356061760872914306e+02
9.641891891891891220e+00 3.356182207857764297e+02
9.652152152152151388e+00 3.356301536143772637e+02
9.662412412412411555e+00 3.356419746014515226e+02
9.672672672672671723e+00 3.356536837749091546e+02
9.682932932932931891e+00 3.356652811622149670e+02
9.693193193193192059e+00 3.356767667903930601e+02
9.703453453453452227e+00 3.356881406860301240e+02
9.713713713713712394e+00 3.356994028752797590e+02
9.723973973973974338e+00 3.357105533838656584e+02
9.734234234234234506e+00 3.357215922370855878e+02
9.744494494494494674e+00 3.357325194598154781e+02
9.754754754754754842e+00 3.357433350765127216e+02
9.765015015015015010e+00 3.357540391112206066e+02
9.775275275275275177e+00 3.357646315875717846e+02
9.785535535535535345e+00 3.357751125287924765e+02
9.795795795795795513e+00 3.357854819577057128e+02
9.806056056056055681e+00 3.357957398967361655e+02
9.816316316316315849e+00 3.358058863679134447e+02
9.826576576576576016e+00 3.358159213928760778e+02
9.836836836836836184e+00 3.358258449928756590e+02
9.847097097097096352e+00 3.358356571887806581e+02
9.857357357357356520e+00 3.358453580010805126e+02
9.867617617617616688e+00 3.358549474498893801e+02
9.877877877877876855e+00 3.358644255549500599e+02
9.888138138138137023e+00 3.358737923356385409e+02
9.898398398398397191e+00 3.358830478109669571e+02
9.908658658658657359e+00 3.358921919995885332e+02
9.918918918918919303e+00 3.359012249198009386e+02
9.929179179179179471e+00 3.359101465895506067e+02
9.939439439439439639e+00 3.359189570264364875e+02
9.949699699699699806e+00 3.359276562477140260e+02
9.959959959959959974e+00 3.359362442702990279e+02
9.970220220220220142e+00 3.359447211107720364e+02
9.980480480480480310e+00 3.359530867853815721e+02
9.990740740740740478e+00 3.359613413100487378e+02
1.000100100100100065e+01 3.359694847003706286e+02
1.001126126126126081e+01 3.359775169716245955e+02
1.002152152152152098e+01 3.359854381387716558e+02
1.003178178178178115e+01 3.359932482164610406e+02
1.004204204204204132e+01 3.360009472190334350e+02
1.005230230230230148e+01 3.360085351605252413e+02
1.006256256256256165e+01 3.360160120546719895e+02
1.007282282282282182e+01 3.360233779149124871e+02
1.008308308308308199e+01 3.360306327543924567e+02
1.009334334334334216e+01 3.360377765859684018e+02
1.010360360360360232e+01 3.360448094222109034e+02
1.011386386386386249e+01 3.360517312754091108e+02
1.012412412412412444e+01 3.360585421575735268e+02
1.013438438438438460e+01 3.360652420804402141e+02
1.014464464464464477e+01 3.360718310554746608e+02
1.015490490490490494e+01 3.360783090938744522e+02
1.016516516516516511e+01 3.360846762065735334e+02
1.017542542542542527e+01 3.360909324042457342e+02
1.018568568568568544e+01 3.360970776973081229e+02
1.019594594594594561e+01 3.361031120959241321e+02
1.020620620620620578e+01 3.361090356100075951e+02
1.021646646646646595e+01 3.361148482492257017e+02
1.022672672672672611e+01 3.361205500230022380e+02
1.023698698698698628e+01 3.361261409405214522e+02
1.024724724724724645e+01 3.361316210107308393e+02
1.025750750750750662e+01 3.361369902423443818e+02
1.026776776776776678e+01 3.361422486438459032e+02
1.027802802802802695e+01 3.361473962234921373e+02
1.028828828828828712e+01 3.361524329893159120e+02
1.029854854854854729e+01 3.361573589491287635e+02
1.030880880880880746e+01 3.361621741105245178e+02
1.031906906906906940e+01 3.361668784808817350e+02
1.032932932932932957e+01 3.361714720673670058e+02
1.033958958958958974e+01 3.361759548769375670e+02
1.034984984984984990e+01 3.361803269163440291e+02
1.036011011011011007e+01 3.361845881921332193e+02
1.037037037037037024e+01 3.361887387106507390e+02
1.038063063063063041e+01 3.361927784780440334e+02
1.039089089089089057e+01 3.361967075002643242e+02
1.040115115115115074e+01 3.362005257830695655e+02
1.041141141141141091e+01 3.362042333320266039e+02
1.042167167167167108e+01 3.362078301525139636e+02
1.043193193193193125e+01 3.362113162497236090e+02
1.044219219219219141e+01 3.362146916286637861e+02
1.045245245245245158e+01 3.362179562941610698e+02
1.046271271271271175e+01 3.362211102508622389e+02
1.047297297297297192e+01 3.362241535032366642e+02
1.048323323323323208e+01 3.362270860555785248e+02
1.049349349349349225e+01 3.362299079120079455e+02
1.050375375375375242e+01 3.362326190764738953e+02
1.051401401401401436e+01 3.362352195527553249e+02
1.052427427427427453e+01 3.362377093444634397e+02
1.053453453453453470e+01 3.362400884550428941e+02
1.054479479479479487e+01 3.362423568877736102e+02
1.055505505505505504e+01 3.362445146457727105e+02
1.056531531531531520e+01 3.362465617319953139e+02
1.057557557557557537e+01 3.362484981492366387e+02
1.058583583583583554e+01 3.362503239001329689e+02
1.059609609609609571e+01 3.362520389871630186e+02
1.060635635635635587e+01 3.362536434126491827e+02
1.061661661661661604e+01 3.362551371787583889e+02
1.062687687687687621e+01 3.362565202875039176e+02
1.063713713713713638e+01 3.362577927407455149e+02
1.064739739739739655e+01 3.362589545401907571e+02
1.065765765765765671e+01 3.362600056873962444e+02
1.066791791791791688e+01 3.362609461837673734e+02
1.067817817817817705e+01 3.362617760305601564e+02
1.068843843843843722e+01 3.362624952288812779e+02
1.069869869869869738e+01 3.362631037796885494e+02
1.070895895895895755e+01 3.362636016837918191e+02
1.071921921921921950e+01 3.362639889418529151e+02
1.072947947947947966e+01 3.362642655543864407e+02
1.073973973973973983e+01 3.362644315217596613e+02
1.075000000000000000e+01 3.362644868441929020e+02
