5.000000000000000000e-01 1.997063620325961892e+03
5.102602602602602788e-01 1.997729661039506937e+03
5.205205205205205576e-01 1.998395397719770244e+03
5.307807807807807254e-01 1.999060829522367840e+03
5.410410410410410043e-01 1.999725955602656086e+03
5.513013013013012831e-01 2.000390775115736233e+03
5.615615615615615619e-01 2.001055287216453962e+03
5.718218218218218407e-01 2.001719491059404163e+03
5.820820820820821195e-01 2.002383385798932750e+03
5.923423423423423984e-01 2.003046970589138255e+03
6.026026026026025662e-01 2.003710244583875465e+03
6.128628628628628450e-01 2.004373206936758152e+03
6.231231231231231238e-01 2.005035856801159525e+03
6.333833833833834026e-01 2.005698193330217919e+03
6.436436436436436814e-01 2.006360215676836106e+03
6.539039039039038492e-01 2.007021922993685621e+03
6.641641641641641280e-01 2.007683314433209262e+03
6.744244244244244069e-01 2.008344389147621769e+03
6.846846846846846857e-01 2.009005146288915057e+03
6.949449449449449645e-01 2.009665585008858898e+03
7.052052052052051323e-01 2.010325704459003873e+03
7.154654654654655221e-01 2.010985503790684106e+03
7.257257257257256899e-01 2.011644982155018852e+03
7.359859859859859688e-01 2.012304138702915452e+03
7.462462462462462476e-01 2.012962972585073203e+03
7.565065065065064154e-01 2.013621482951984035e+03
7.667667667667668052e-01 2.014279668953935925e+03
7.770270270270269730e-01 2.014937529741014259e+03
7.872872872872872518e-01 2.015595064463106610e+03
7.975475475475475307e-01 2.016252272269902733e+03
8.078078078078078095e-01 2.016909152310898435e+03
8.180680680680680883e-01 2.017565703735398529e+03
8.283283283283282561e-01 2.018221925692517289e+03
8.385885885885886459e-01 2.018877817331183451e+03
8.488488488488488137e-01 2.019533377800142262e+03
8.591091091091090926e-01 2.020188606247955249e+03
8.693693693693693714e-01 2.020843501823006136e+03
8.796296296296295392e-01 2.021498063673501520e+03
8.898898898898899290e-01 2.022152290947474739e+03
9.001501501501500968e-01 2.022806182792786785e+03
9.104104104104103756e-01 2.023459738357129709e+03
9.206706706706706544e-01 2.024112956788028441e+03
9.309309309309309333e-01 2.024765837232845115e+03
9.411911911911912121e-01 2.025418378838779972e+03
9.514514514514513799e-01 2.026070580752872957e+03
9.617117117117117697e-01 2.026722442122009397e+03
9.719719719719719375e-01 2.027373962092919555e+03
9.822322322322322163e-01 2.028025139812181806e+03
9.924924924924924952e-01 2.028675974426226730e+03
1.002752752752752663e+00 2.029326465081338938e+03
1.013013013013012831e+00 2.029976610923656381e+03
1.023273273273273221e+00 2.030626411099178767e+03
1.033533533533533610e+00 2.031275864753765291e+03
1.043793793793793778e+00 2.031924971033139855e+03
1.054054054054053946e+00 2.032573729082891077e+03
1.064314314314314336e+00 2.033222138048477518e+03
1.074574574574574504e+00 2.033870197075229044e+03
1.084834834834834894e+00 2.034517905308348418e+03
1.095095095095095061e+00 2.035165261892916078e+03
1.105355355355355229e+00 2.035812265973889907e+03
1.115615615615615619e+00 2.036458916696110464e+03
1.125875875875876009e+00 2.037105213204300981e+03
1.136136136136136177e+00 2.037751154643071914e+03
1.146396396396396344e+00 2.038396740156922760e+03
1.156656656656656512e+00 2.039041968890244334e+03
1.166916916916916902e+00 2.039686839987321036e+03
1.177177177177177292e+00 2.040331352592335406e+03
1.187437437437437460e+00 2.040975505849366982e+03
1.197697697697697627e+00 2.041619298902398896e+03
1.207957957957957795e+00 2.042262730895316963e+03
1.218218218218218185e+00 2.042905800971914687e+03
1.228478478478478575e+00 2.043548508275894164e+03
1.238738738738738743e+00 2.044190851950870410e+03
1.248998998998998911e+00 2.044832831140371582e+03
1.259259259259259078e+00 2.045474444987843526e+03
1.269519519519519468e+00 2.046115692636651147e+03
1.279779779779779858e+00 2.046756573230081358e+03
1.290040040040040026e+00 2.047397085911345357e+03
1.300300300300300194e+00 2.048037229823582493e+03
1.310560560560560361e+00 2.048677004109860718e+03
1.320820820820820751e+00 2.049316407913179773e+03
1.331081081081081141e+00 2.049955440376474598e+03
1.341341341341341309e+00 2.050594100642618741e+03
1.351601601601601477e+00 2.051232387854422996e+03
1.361861861861861867e+00 2.051870301154642220e+03
1.372122122122122034e+00 2.052507839685975796e+03
1.382382382382382424e+00 2.053145002591070352e+03
1.392642642642642592e+00 2.053781789012522495e+03
1.402902902902902760e+00 2.054418198092881084e+03
1.413163163163163150e+00 2.055054228974650869e+03
1.423423423423423539e+00 2.055689880800293395e+03
1.433683683683683707e+00 2.056325152712230647e+03
1.443943943943943875e+00 2.056960043852847321e+03
1.454204204204204043e+00 2.057594553364494004e+03
1.464464464464464433e+00 2.058228680389488545e+03
1.474724724724724823e+00 2.058862424070118323e+03
1.484984984984984990e+00 2.059495783548645250e+03
1.495245245245245158e+00 2.060128757967305319e+03
1.505505505505505548e+00 2.060761346468313604e+03
1.515765765765765716e+00 2.061393548193866081e+03
1.526026026026025884e+00 2.062025362286139170e+03
1.536286286286286273e+00 2.062656787887298378e+03
1.546546546546546441e+00 2.063287824139495569e+03
1.556806806806806831e+00 2.063918470184874423e+03
1.567067067067066999e+00 2.064548725165569977e+03
1.577327327327327167e+00 2.065178588223716815e+03
1.587587587587587556e+00 2.065808058501443611e+03
1.597847847847847724e+00 2.066437135140883129e+03
1.608108108108108114e+00 2.067065817284170862e+03
1.618368368368368282e+00 2.067694104073448671e+03
1.628628628628628672e+00 2.068321994650865690e+03
1.638888888888888840e+00 2.068949488158584700e+03
1.649149149149149007e+00 2.069576583738780300e+03
1.659409409409409397e+00 2.070203280533644374e+03
1.669669669669669565e+00 2.070829577685388358e+03
1.679929929929929955e+00 2.071455474336242787e+03
1.690190190190190123e+00 2.072080969628464572e+03
1.700450450450450290e+00 2.072706062704337455e+03
1.710710710710710680e+00 2.073330752706171552e+03
1.720970970970970848e+00 2.073955038776311994e+03
1.731231231231231238e+00 2.074578920057136202e+03
1.741491491491491406e+00 2.075202395691058427e+03
1.751751751751751796e+00 2.075825464820533853e+03
1.762012012012011963e+00 2.076448126588058130e+03
1.772272272272272131e+00 2.077070380136172389e+03
1.782532532532532521e+00 2.077692224607464141e+03
1.792792792792792689e+00 2.078313659144570465e+03
1.803053053053053079e+00 2.078934682890181648e+03
1.813313313313313246e+00 2.079555294987042089e+03
1.823573573573573414e+00 2.080175494577953486e+03
1.833833833833833804e+00 2.080795280805777566e+03
1.844094094094093972e+00 2.081414652813438806e+03
1.854354354354354362e+00 2.082033609743925808e+03
1.864614614614614529e+00 2.082652150740295838e+03
1.874874874874874697e+00 2.083270274945676192e+03
1.885135135135135087e+00 2.083887981503266474e+03
1.895395395395395255e+00 2.084505269556340863e+03
1.905655655655655645e+00 2.085122138248253123e+03
1.915915915915915813e+00 2.085738586722436594e+03
1.926176176176176202e+00 2.086354614122407384e+03
1.936436436436436370e+00 2.086970219591766181e+03
1.946696696696696538e+00 2.087585402274204171e+03
1.956956956956956928e+00 2.088200161313502122e+03
1.967217217217217096e+00 2.088814495853533572e+03
1.977477477477477485e+00 2.089428405038267556e+03
1.987737737737737653e+00 2.090041888011773153e+03
1.997997997997997821e+00 2.090654943918218578e+03
2.008258258258257989e+00 2.091267571901876181e+03
2.018518518518518157e+00 2.091879771107125634e+03
2.028778778778778769e+00 2.092491540678452566e+03
2.039039039039038936e+00 2.093102879760456290e+03
2.049299299299299548e+00 2.093713787497848898e+03
2.059559559559559716e+00 2.094324263035457989e+03
2.069819819819819884e+00 2.094934305518232577e+03
2.080080080080080052e+00 2.095543914091239913e+03
2.090340340340340219e+00 2.096153087899673665e+03
2.100600600600600387e+00 2.096761826088853013e+03
2.110860860860860555e+00 2.097370127804226740e+03
2.121121121121120723e+00 2.097977992191375051e+03
2.131381381381381335e+00 2.098585418396012301e+03
2.141641641641641503e+00 2.099192405563990178e+03
2.151901901901902114e+00 2.099798952841299524e+03
2.162162162162162282e+00 2.100405059374073517e+03
2.172422422422422450e+00 2.101010724308589033e+03
2.182682682682682618e+00 2.101615946791270744e+03
2.192942942942942786e+00 2.102220725968692932e+03
2.203203203203202953e+00 2.102825060987582219e+03
2.213463463463463121e+00 2.103428950994818933e+03
2.223723723723723733e+00 2.104032395137442563e+03
2.233983983983983901e+00 2.104635392562652214e+03
2.244244244244244069e+00 2.105237942417807517e+03
2.254504504504504681e+00 2.105840043850435450e+03
2.264764764764764848e+00 2.106441696008230338e+03
2.275025025025025016e+00 2.107042898039054307e+03
2.285285285285285184e+00 2.107643649090945473e+03
2.295545545545545352e+00 2.108243948312116117e+03
2.305805805805805520e+00 2.108843794850954964e+03
2.316066066066065687e+00 2.109443187856034456e+03
2.326326326326326299e+00 2.110042126476104841e+03
2.336586586586586467e+00 2.110640609860107816e+03
2.346846846846847079e+00 2.111238637157169705e+03
2.357107107107107247e+00 2.111836207516607828e+03
2.367367367367367414e+00 2.112433320087933680e+03
2.377627627627627582e+00 2.113029974020854297e+03
2.387887887887887750e+00 2.113626168465274077e+03
2.398148148148147918e+00 2.114221902571300234e+03
2.408408408408408086e+00 2.114817175489242800e+03
2.418668668668668253e+00 2.115411986369616443e+03
2.428928928928928865e+00 2.116006334363146379e+03
2.439189189189189033e+00 2.116600218620768828e+03
2.449449449449449645e+00 2.117193638293632375e+03
2.459709709709709813e+00 2.117786592533102521e+03
2.469969969969969981e+00 2.118379080490764863e+03
2.480230230230230148e+00 2.118971101318424644e+03
2.490490490490490316e+00 2.119562654168112658e+03
2.500750750750750484e+00 2.120153738192085257e+03
2.511011011011011096e+00 2.120744352542827528e+03
2.521271271271271264e+00 2.121334496373057846e+03
2.531531531531531432e+00 2.121924168835727414e+03
2.541791791791791599e+00 2.122513369084025271e+03
2.552052052052051767e+00 2.123102096271378286e+03
2.562312312312312379e+00 2.123690349551456620e+03
2.572572572572572547e+00 2.124278128078174632e+03
2.582832832832832715e+00 2.124865431005693608e+03
2.593093093093092882e+00 2.125452257488423129e+03
2.603353353353353050e+00 2.126038606681027431e+03
2.613613613613613662e+00 2.126624477738424048e+03
2.623873873873873830e+00 2.127209869815786988e+03
2.634134134134133998e+00 2.127794782068551285e+03
2.644394394394394165e+00 2.128379213652414364e+03
2.654654654654654333e+00 2.128963163723336947e+03
2.664914914914914945e+00 2.129546631437550332e+03
2.675175175175175113e+00 2.130129615951551386e+03
2.685435435435435281e+00 2.130712116422113468e+03
2.695695695695695449e+00 2.131294132006283235e+03
2.705955955955956060e+00 2.131875661861386106e+03
2.716216216216216228e+00 2.132456705145025808e+03
2.726476476476476396e+00 2.133037261015090735e+03
2.736736736736736564e+00 2.133617328629753501e+03
2.746996996996996732e+00 2.134196907147475486e+03
2.757257257257257343e+00 2.134775995727007285e+03
2.767517517517517511e+00 2.135354593527393263e+03
2.777777777777777679e+00 2.135932699707973825e+03
2.788038038038037847e+00 2.136510313428385416e+03
2.798298298298298015e+00 2.137087433848567343e+03
2.808558558558558627e+00 2.137664060128761321e+03
2.818818818818818794e+00 2.138240191429514198e+03
2.829079079079078962e+00 2.138815826911681597e+03
2.839339339339339130e+00 2.139390965736429280e+03
2.849599599599599298e+00 2.139965607065237691e+03
2.859859859859859910e+00 2.140539750059901507e+03
2.870120120120120077e+00 2.141113393882535092e+03
2.880380380380380245e+00 2.141686537695572952e+03
2.890640640640640413e+00 2.142259180661773371e+03
2.900900900900900581e+00 2.142831321944221145e+03
2.911161161161161193e+00 2.143402960706328486e+03
2.921421421421421361e+00 2.143974096111840481e+03
2.931681681681681528e+00 2.144544727324834184e+03
2.941941941941941696e+00 2.145114853509723616e+03
2.952202202202201864e+00 2.145684473831260675e+03
2.962462462462462476e+00 2.146253587454541048e+03
2.972722722722722644e+00 2.146822193545000573e+03
2.982982982982982811e+00 2.147390291268424789e+03
2.993243243243242979e+00 2.147957879790945753e+03
3.003503503503503591e+00 2.148524958279047496e+03
3.013763763763763759e+00 2.149091525899569660e+03
3.024024024024023927e+00 2.149657581819705683e+03
3.034284284284284094e+00 2.150223125207010071e+03
3.044544544544544262e+00 2.150788155229397944e+03
3.054804804804804874e+00 2.151352671055148676e+03
3.065065065065065042e+00 2.151916671852908166e+03
3.075325325325325210e+00 2.152480156791691115e+03
3.085585585585585378e+00 2.153043125040885570e+03
3.095845845845845545e+00 2.153605575770251107e+03
3.106106106106106157e+00 2.154167508149926562e+03
3.116366366366366325e+00 2.154728921350427754e+03
3.126626626626626493e+00 2.155289814542653403e+03
3.136886886886886661e+00 2.155850186897887397e+03
3.147147147147146828e+00 2.156410037587798342e+03
3.157407407407407440e+00 2.156969365784446836e+03
3.167667667667667608e+00 2.157528170660282285e+03
3.177927927927927776e+00 2.158086451388151090e+03
3.188188188188187944e+00 2.158644207141294828e+03
3.198448448448448111e+00 2.159201437093355253e+03
3.208708708708708723e+00 2.159758140418375206e+03
3.218968968968968891e+00 2.160314316290804072e+03
3.229229229229229059e+00 2.160869963885495508e+03
3.239489489489489227e+00 2.161425082377715626e+03
3.249749749749749395e+00 2.161979670943138899e+03
3.260010010010010006e+00 2.162533728757857716e+03
3.270270270270270174e+00 2.163087254998378739e+03
3.280530530530530342e+00 2.163640248841630637e+03
3.290790790790790510e+00 2.164192709464962263e+03
3.301051051051051122e+00 2.164744636046148116e+03
3.311311311311311290e+00 2.165296027763389247e+03
3.321571571571571457e+00 2.165846883795316444e+03
3.331831831831831625e+00 2.166397203320991594e+03
3.342092092092091793e+00 2.166946985519913596e+03
3.352352352352352405e+00 2.167496229572016091e+03
3.362612612612612573e+00 2.168044934657672911e+03
3.372872872872872740e+00 2.168593099957700815e+03
3.383133133133132908e+00 2.169140724653360394e+03
3.393393393393393076e+00 2.169687807926359255e+03
3.403653653653653688e+00 2.170234348958855207e+03
3.413913913913913856e+00 2.170780346933457622e+03
3.424174174174174023e+00 2.171325801033230618e+03
3.434434434434434191e+00 2.171870710441695337e+03
3.444694694694694359e+00 2.172415074342832213e+03
3.454954954954954971e+00 2.172958891921085979e+03
3.465215215215215139e+00 2.173502162361362480e+03
3.475475475475475307e+00 2.174044884849036407e+03
3.485735735735735474e+00 2.174587058569952205e+03
3.495995995995995642e+00 2.175128682710426347e+03
3.506256256256256254e+00 2.175669756457249150e+03
3.516516516516516422e+00 2.176210278997688874e+03
3.526776776776776590e+00 2.176750249519491717e+03
3.537037037037036757e+00 2.177289667210888638e+03
3.547297297297296925e+00 2.177828531260591717e+03
3.557557557557557537e+00 2.178366840857802799e+03
3.567817817817817705e+00 2.178904595192212128e+03
3.578078078078077873e+00 2.179441793454001072e+03
3.588338338338338041e+00 2.179978434833846677e+03
3.598598598598598652e+00 2.180514518522922572e+03
3.608858858858858820e+00 2.181050043712901697e+03
3.619119119119118988e+00 2.181585009595957672e+03
3.629379379379379156e+00 2.182119415364770703e+03
3.639639639639639324e+00 2.182653260212525765e+03
3.649899899899899935e+00 2.183186543332918063e+03
3.660160160160160103e+00 2.183719263920155299e+03
3.670420420420420271e+00 2.184251421168957677e+03
3.680680680680680439e+00 2.184783014274562902e+03
3.690940940940940607e+00 2.185314042432728456e+03
3.701201201201201219e+00 2.185844504839732053e+03
3.711461461461461386e+00 2.186374400692376639e+03
3.721721721721721554e+00 2.186903729187991757e+03
3.731981981981981722e+00 2.187432489524434914e+03
3.742242242242241890e+00 2.187960680900096122e+03
3.752502502502502502e+00 2.188488302513898361e+03
3.762762762762762669e+00 2.189015353565302121e+03
3.773023023023022837e+00 2.189541833254305857e+03
3.783283283283283005e+00 2.190067740781450539e+03
3.793543543543543173e+00 2.190593075347818740e+03
3.803803803803803785e+00 2.191117836155041459e+03
3.814064064064063952e+00 2.191642022405296757e+03
3.824324324324324120e+00 2.192165633301314756e+03
3.834584584584584288e+00 2.192688668046379007e+03
3.844844844844844456e+00 2.193211125844328762e+03
3.855105105105105068e+00 2.193733005899562158e+03
3.865365365365365236e+00 2.194254307417038035e+03
3.875625625625625403e+00 2.194775029602278664e+03
3.885885885885885571e+00 2.195295171661371114e+03
3.896146146146146183e+00 2.195814732800973161e+03
3.906406406406406351e+00 2.196333712228309651e+03
3.916666666666666519e+00 2.196852109151182049e+03
3.926926926926926686e+00 2.197369922777965712e+03
3.937187187187186854e+00 2.197887152317613527e+03
3.947447447447447466e+00 2.198403796979660001e+03
3.957707707707707634e+00 2.198919855974221264e+03
3.967967967967967802e+00 2.199435328512000069e+03
3.978228228228227970e+00 2.199950213804285795e+03
3.988488488488488137e+00 2.200464511062958991e+03
3.998748748748748749e+00 2.200978219500491377e+03
4.009009009009009361e+00 2.201491338329950850e+03
4.019269269269269529e+00 2.202003866765001931e+03
4.029529529529529697e+00 2.202515804019909865e+03
4.039789789789789864e+00 2.203027149309541073e+03
4.050050050050050032e+00 2.203537901849367699e+03
4.060310310310310200e+00 2.204048060855468520e+03
4.070570570570570368e+00 2.204557625544531675e+03
4.080830830830830536e+00 2.205066595133856481e+03
4.091091091091090703e+00 2.205574968841358896e+03
4.101351351351350871e+00 2.206082745885569238e+03
4.111611611611611039e+00 2.206589925485638560e+03
4.121871871871871207e+00 2.207096506861338639e+03
4.132132132132131375e+00 2.207602489233064716e+03
4.142392392392391542e+00 2.208107871821840035e+03
4.152652652652652598e+00 2.208612653849315393e+03
4.162912912912912766e+00 2.209116834537773229e+03
4.173173173173172934e+00 2.209620413110128538e+03
4.183433433433433102e+00 2.210123388789934324e+03
4.193693693693694158e+00 2.210625760801380238e+03
4.203953953953954326e+00 2.211127528369297124e+03
4.214214214214214493e+00 2.211628690719160204e+03
4.224474474474474661e+00 2.212129247077087257e+03
4.234734734734734829e+00 2.212629196669847715e+03
4.244994994994994997e+00 2.213128538724858117e+03
4.255255255255255165e+00 2.213627272470189837e+03
4.265515515515515332e+00 2.214125397134568630e+03
4.275775775775775500e+00 2.214622911947377816e+03
4.286036036036035668e+00 2.215119816138660553e+03
4.296296296296295836e+00 2.215616108939121659e+03
4.306556556556556004e+00 2.216111789580131699e+03
4.316816816816816171e+00 2.216606857293727444e+03
4.327077077077076339e+00 2.217101311312615053e+03
4.337337337337336507e+00 2.217595150870172347e+03
4.347597597597597563e+00 2.218088375200453356e+03
4.357857857857857731e+00 2.218580983538183773e+03
4.368118118118117899e+00 2.219072975118773229e+03
4.378378378378378066e+00 2.219564349178309840e+03
4.388638638638638234e+00 2.220055104953565660e+03
4.398898898898899290e+00 2.220545241681999869e+03
4.409159159159159458e+00 2.221034758601757858e+03
4.419419419419419626e+00 2.221523654951677145e+03
4.429679679679679793e+00 2.222011929971288737e+03
4.439939939939939961e+00 2.222499582900816677e+03
4.450200200200200129e+00 2.222986612981185772e+03
4.460460460460460297e+00 2.223473019454018413e+03
4.470720720720720465e+00 2.223958801561640485e+03
4.480980980980980632e+00 2.224443958547082730e+03
4.491241241241240800e+00 2.224928489654082568e+03
4.501501501501500968e+00 2.225412394127087737e+03
4.511761761761761136e+00 2.225895671211256285e+03
4.522022022022022192e+00 2.226378320152461129e+03
4.532282282282282360e+00 2.226860340197292317e+03
4.542542542542542527e+00 2.227341730593057946e+03
4.552802802802802695e+00 2.227822490587787343e+03
4.563063063063062863e+00 2.228302619430233335e+03
4.573323323323323031e+00 2.228782116369874075e+03
4.583583583583583199e+00 2.229260980656917127e+03
4.593843843843843366e+00 2.229739211542299472e+03
4.604104104104103534e+00 2.230216808277691143e+03
4.614364364364364590e+00 2.230693770115496136e+03
4.624624624624624758e+00 2.231170096308858319e+03
4.634884884884884926e+00 2.231645786111660072e+03
4.645145145145145094e+00 2.232120838778524103e+03
4.655405405405405261e+00 2.232595253564820268e+03
4.665665665665665429e+00 2.233069029726663302e+03
4.675925925925925597e+00 2.233542166520916908e+03
4.686186186186185765e+00 2.234014663205198303e+03
4.696446446446445933e+00 2.234486519037875041e+03
4.706706706706706100e+00 2.234957733278072283e+03
4.716966966966967156e+00 2.235428305185674162e+03
4.727227227227227324e+00 2.235898234021322878e+03
4.737487487487487492e+00 2.236367519046426423e+03
4.747747747747747660e+00 2.236836159523155857e+03
4.758008008008007828e+00 2.237304154714449396e+03
4.768268268268267995e+00 2.237771503884015601e+03
4.778528528528528163e+00 2.238238206296336557e+03
4.788788788788788331e+00 2.238704261216665145e+03
4.799049049049048499e+00 2.239169667911033685e+03
4.809309309309308667e+00 2.239634425646252112e+03
4.819569569569569722e+00 2.240098533689911164e+03
4.829829829829829890e+00 2.240561991310386020e+03
4.840090090090090058e+00 2.241024797776836294e+03
4.850350350350350226e+00 2.241486952359210136e+03
4.860610610610610394e+00 2.241948454328246044e+03
4.870870870870870561e+00 2.242409302955474686e+03
4.881131131131130729e+00 2.242869497513221177e+03
4.891391391391390897e+00 2.243329037274608254e+03
4.901651651651651065e+00 2.243787921513557649e+03
4.911911911911912121e+00 2.244246149504791902e+03
4.922172172172172289e+00 2.244703720523838456e+03
4.932432432432432456e+00 2.245160633847029658e+03
4.942692692692692624e+00 2.245616888751507304e+03
4.952952952952952792e+00 2.246072484515223096e+03
4.963213213213212960e+00 2.246527420416940458e+03
4.973473473473473128e+00 2.246981695736239999e+03
4.983733733733733295e+00 2.247435309753518140e+03
4.993993993993993463e+00 2.247888261749991216e+03
5.004254254254253631e+00 2.248340551007696831e+03
5.014514514514514687e+00 2.248792176809497050e+03
5.024774774774774855e+00 2.249243138439079758e+03
5.035035035035035023e+00 2.249693435180961842e+03
5.045295295295295190e+00 2.250143066320491471e+03
5.055555555555555358e+00 2.250592031143846725e+03
5.065815815815815526e+00 2.251040328938044695e+03
5.076076076076075694e+00 2.251487958990937386e+03
5.086336336336335862e+00 2.251934920591217178e+03
5.096596596596596029e+00 2.252381213028417733e+03
5.106856856856856197e+00 2.252826835592917178e+03
5.117117117117117253e+00 2.253271787575939925e+03
5.127377377377377421e+00 2.253716068269558036e+03
5.137637637637637589e+00 2.254159676966696225e+03
5.147897897897897757e+00 2.254602612961129580e+03
5.158158158158157924e+00 2.255044875547489028e+03
5.168418418418418092e+00 2.255486464021264055e+03
5.178678678678678260e+00 2.255927377678800895e+03
5.188938938938938428e+00 2.256367615817310707e+03
5.199199199199198596e+00 2.256807177734867309e+03
5.209459459459459651e+00 2.257246062730407630e+03
5.219719719719719819e+00 2.257684270103741710e+03
5.229979979979979987e+00 2.258121799155546341e+03
5.240240240240240155e+00 2.258558649187372339e+03
5.250500500500500323e+00 2.258994819501645452e+03
5.260760760760760490e+00 2.259430309401668183e+03
5.271021021021020658e+00 2.259865118191621605e+03
5.281281281281280826e+00 2.260299245176569002e+03
5.291541541541540994e+00 2.260732689662455869e+03
5.301801801801801162e+00 2.261165450956114910e+03
5.312062062062062218e+00 2.261597528365266044e+03
5.322322322322322385e+00 2.262028921198518219e+03
5.332582582582582553e+00 2.262459628765373964e+03
5.342842842842842721e+00 2.262889650376229383e+03
5.353103103103102889e+00 2.263318985342376891e+03
5.363363363363363057e+00 2.263747632976008390e+03
5.373623623623623224e+00 2.264175592590215274e+03
5.383883883883883392e+00 2.264602863498992065e+03
5.394144144144143560e+00 2.265029445017240050e+03
5.404404404404403728e+00 2.265455336460765466e+03
5.414664664664664784e+00 2.265880537146285405e+03
5.424924924924924952e+00 2.266305046391426913e+03
5.435185185185185119e+00 2.266728863514733348e+03
5.445445445445445287e+00 2.267151987835660293e+03
5.455705705705705455e+00 2.267574418674584194e+03
5.465965965965965623e+00 2.267996155352799633e+03
5.476226226226225791e+00 2.268417197192524782e+03
5.486486486486485958e+00 2.268837543516901405e+03
5.496746746746746126e+00 2.269257193649997134e+03
5.507007007007007182e+00 2.269676146916808193e+03
5.517267267267267350e+00 2.270094402643262583e+03
5.527527527527527518e+00 2.270511960156219629e+03
5.537787787787787686e+00 2.270928818783474071e+03
5.548048048048047853e+00 2.271344977853758337e+03
5.558308308308308021e+00 2.271760436696742090e+03
5.568568568568568189e+00 2.272175194643038139e+03
5.578828828828828357e+00 2.272589251024200621e+03
5.589089089089088525e+00 2.273002605172730910e+03
5.599349349349348692e+00 2.273415256422076254e+03
5.609609609609609748e+00 2.273827204106634781e+03
5.619869869869869916e+00 2.274238447561754583e+03
5.630130130130130084e+00 2.274648986123739178e+03
5.640390390390390252e+00 2.275058819129847052e+03
5.650650650650650419e+00 2.275467945918293935e+03
5.660910910910910587e+00 2.275876365828255985e+03
5.671171171171170755e+00 2.276284078199872511e+03
5.681431431431430923e+00 2.276691082374245070e+03
5.691691691691691091e+00 2.277097377693441103e+03
5.701951951951951258e+00 2.277502963500500300e+03
5.712212212212212314e+00 2.277907839139426869e+03
5.722472472472472482e+00 2.278312003955201817e+03
5.732732732732732650e+00 2.278715457293777490e+03
5.742992992992992818e+00 2.279118198502084851e+03
5.753253253253252986e+00 2.279520226928032116e+03
5.763513513513513153e+00 2.279921541920508844e+03
5.773773773773773321e+00 2.280322142829386848e+03
5.784034034034033489e+00 2.280722029005522018e+03
5.794294294294293657e+00 2.281121199800757040e+03
5.804554554554554713e+00 2.281519654567925045e+03
5.814814814814814881e+00 2.281917392660847781e+03
5.825075075075075048e+00 2.282314413434339713e+03
5.835335335335335216e+00 2.282710716244212108e+03
5.845595595595595384e+00 2.283106300447271678e+03
5.855855855855855552e+00 2.283501165401322851e+03
5.866116116116115720e+00 2.283895310465173679e+03
5.876376376376375887e+00 2.284288734998632663e+03
5.886636636636636055e+00 2.284681438362514200e+03
5.896896896896896223e+00 2.285073419918640411e+03
5.907157157157157279e+00 2.285464679029840681e+03
5.917417417417417447e+00 2.285855215059955754e+03
5.927677677677677615e+00 2.286245027373840003e+03
5.937937937937937782e+00 2.286634115337362346e+03
5.948198198198197950e+00 2.287022478317408513e+03
5.958458458458458118e+00 2.287410115681883326e+03
5.968718718718718286e+00 2.287797026799711603e+03
5.978978978978978454e+00 2.288183211040842252e+03
5.989239239239238621e+00 2.288568667776248276e+03
5.999499499499498789e+00 2.288953396377930858e+03
6.009759759759759845e+00 2.289337396218918002e+03
6.020020020020020013e+00 2.289720666673269079e+03
6.030280280280280181e+00 2.290103207116077556e+03
6.040540540540540349e+00 2.290485016923470084e+03
6.050800800800800516e+00 2.290866095472609686e+03
6.061061061061060684e+00 2.291246442141700300e+03
6.071321321321320852e+00 2.291626056309984506e+03
6.081581581581581020e+00 2.292004937357748076e+03
6.091841841841841187e+00 2.292383084666321338e+03
6.102102102102102243e+00 2.292760497618080535e+03
6.112362362362362411e+00 2.293137175596451470e+03
6.122622622622622579e+00 2.293513117985908593e+03
6.132882882882882747e+00 2.293888324171980912e+03
6.143143143143142915e+00 2.294262793541249721e+03
6.153403403403403082e+00 2.294636525481353146e+03
6.163663663663663250e+00 2.295009519380987513e+03
6.173923923923923418e+00 2.295381774629909160e+03
6.184184184184183586e+00 2.295753290618936262e+03
6.194444444444443754e+00 2.296124066739951104e+03
6.204704704704704810e+00 2.296494102385901897e+03
6.214964964964964977e+00 2.296863396950803235e+03
6.225225225225225145e+00 2.297231949829741097e+03
6.235485485485485313e+00 2.297599760418871938e+03
6.245745745745745481e+00 2.297966828115426779e+03
6.256006006006005649e+00 2.298333152317709846e+03
6.266266266266265816e+00 2.298698732425104026e+03
6.276526526526525984e+00 2.299063567838072231e+03
6.286786786786786152e+00 2.299427657958156487e+03
6.297047047047046320e+00 2.299791002187982940e+03
6.307307307307307376e+00 2.300153599931261397e+03
6.317567567567567544e+00 2.300515450592790330e+03
6.327827827827827711e+00 2.300876553578454605e+03
6.338088088088087879e+00 2.301236908295230478e+03
6.348348348348348047e+00 2.301596514151186966e+03
6.358608608608608215e+00 2.301955370555486752e+03
6.368868868868868383e+00 2.302313476918387551e+03
6.379129129129128550e+00 2.302670832651247565e+03
6.389389389389388718e+00 2.303027437166522304e+03
6.399649649649649774e+00 2.303383289877770494e+03
6.409909909909909942e+00 2.303738390199652258e+03
6.420170170170170110e+00 2.304092737547935030e+03
6.430430430430430278e+00 2.304446331339494009e+03
6.440690690690690445e+00 2.304799170992310337e+03
6.450950950950950613e+00 2.305151255925478836e+03
6.461211211211210781e+00 2.305502585559206182e+03
6.471471471471470949e+00 2.305853159314812274e+03
6.481731731731731116e+00 2.306202976614735690e+03
6.491991991991991284e+00 2.306552036882531411e+03
6.502252252252252340e+00 2.306900339542874917e+03
6.512512512512512508e+00 2.307247884021564460e+03
6.522772772772772676e+00 2.307594669745519695e+03
6.533033033033032844e+00 2.307940696142788056e+03
6.543293293293293011e+00 2.308285962642542927e+03
6.553553553553553179e+00 2.308630468675086831e+03
6.563813813813813347e+00 2.308974213671853704e+03
6.574074074074073515e+00 2.309317197065409800e+03
6.584334334334333683e+00 2.309659418289455516e+03
6.594594594594593850e+00 2.310000876778828115e+03
6.604854854854854906e+00 2.310341571969502638e+03
6.615115115115115074e+00 2.310681503298593725e+03
6.625375375375375242e+00 2.311020670204357430e+03
6.635635635635635410e+00 2.311359072126194860e+03
6.645895895895895578e+00 2.311696708504649450e+03
6.656156156156155745e+00 2.312033578781414690e+03
6.666416416416415913e+00 2.312369682399329577e+03
6.676676676676676081e+00 2.312705018802386348e+03
6.686936936936936249e+00 2.313039587435727753e+03
6.697197197197197305e+00 2.313373387745651144e+03
6.707457457457457473e+00 2.313706419179609384e+03
6.717717717717717640e+00 2.314038681186213580e+03
6.727977977977977808e+00 2.314370173215232171e+03
6.738238238238237976e+00 2.314700894717597748e+03
6.748498498498498144e+00 2.315030845145401599e+03
6.758758758758758312e+00 2.315360023951903258e+03
6.769019019019018479e+00 2.315688430591525503e+03
6.779279279279278647e+00 2.316016064519861175e+03
6.789539539539538815e+00 2.316342925193671817e+03
6.799799799799799871e+00 2.316669012070889494e+03
6.810060060060060039e+00 2.316994324610620879e+03
6.820320320320320207e+00 2.317318862273147261e+03
6.830580580580580374e+00 2.317642624519924993e+03
6.840840840840840542e+00 2.317965610813589137e+03
6.851101101101100710e+00 2.318287820617957550e+03
6.861361361361360878e+00 2.318609253398024975e+03
6.871621621621621046e+00 2.318929908619972593e+03
6.881881881881881213e+00 2.319249785751165746e+03
6.892142142142141381e+00 2.319568884260156665e+03
6.902402402402402437e+00 2.319887203616685383e+03
6.912662662662662605e+00 2.320204743291682462e+03
6.922922922922922773e+00 2.320521502757270810e+03
6.933183183183182940e+00 2.320837481486765228e+03
6.943443443443443108e+00 2.321152678954677413e+03
6.953703703703703276e+00 2.321467094636714592e+03
6.963963963963963444e+00 2.321780728009781797e+03
6.974224224224223612e+00 2.322093578551986411e+03
6.984484484484483779e+00 2.322405645742635443e+03
6.994744744744744835e+00 2.322716929062240069e+03
7.005005005005005003e+00 2.323027427992516550e+03
7.015265265265265171e+00 2.323337142016387588e+03
7.025525525525525339e+00 2.323646070617985060e+03
7.035785785785785507e+00 2.323954213282649562e+03
7.046046046046045674e+00 2.324261569496934953e+03
7.056306306306305842e+00 2.324568138748605634e+03
7.066566566566566010e+00 2.324873920526643360e+03
7.076826826826826178e+00 2.325178914321245429e+03
7.087087087087086346e+00 2.325483119623827406e+03
7.097347347347347402e+00 2.325786535927024488e+03
7.107607607607607569e+00 2.326089162724692869e+03
7.117867867867867737e+00 2.326390999511912469e+03
7.128128128128127905e+00 2.326692045784986931e+03
7.138388388388388073e+00 2.326992301041446808e+03
7.148648648648648241e+00 2.327291764780049562e+03
7.158908908908908408e+00 2.327590436500782289e+03
7.169169169169168576e+00 2.327888315704863999e+03
7.179429429429428744e+00 2.328185401894744700e+03
7.189689689689688912e+00 2.328481694574109497e+03
7.199949949949949968e+00 2.328777193247878586e+03
7.210210210210210136e+00 2.329071897422209076e+03
7.220470470470470303e+00 2.329365806604498630e+03
7.230730730730730471e+00 2.329658920303383184e+03
7.240990990990990639e+00 2.329951238028742864e+03
7.251251251251250807e+00 2.330242759291697894e+03
7.261511511511510975e+00 2.330533483604617686e+03
7.271771771771771142e+00 2.330823410481114934e+03
7.282032032032031310e+00 2.331112539436052884e+03
7.292292292292292366e+00 2.331400869985542613e+03
7.302552552552552534e+00 2.331688401646947113e+03
7.312812812812812702e+00 2.331975133938883118e+03
7.323073073073072869e+00 2.332261066381219734e+03
7.333333333333333037e+00 2.332546198495083445e+03
7.343593593593593205e+00 2.332830529802858109e+03
7.353853853853853373e+00 2.333114059828185418e+03
7.364114114114113541e+00 2.333396788095968532e+03
7.374374374374373708e+00 2.333678714132371624e+03
7.384634634634633876e+00 2.333959837464822613e+03
7.394894894894894932e+00 2.334240157622014522e+03
7.405155155155155100e+00 2.334519674133907301e+03
7.415415415415415268e+00 2.334798386531727829e+03
7.425675675675675436e+00 2.335076294347972180e+03
7.435935935935935603e+00 2.335353397116408360e+03
7.446196196196195771e+00 2.335629694372077211e+03
7.456456456456455939e+00 2.335905185651291504e+03
7.466716716716716107e+00 2.336179870491640941e+03
7.476976976976976275e+00 2.336453748431991244e+03
7.487237237237236442e+00 2.336726819012486885e+03
7.497497497497497498e+00 2.336999081774551541e+03
7.507757757757757666e+00 2.337270536260891731e+03
7.518018018018017834e+00 2.337541182015493632e+03
7.528278278278278002e+00 2.337811018583631267e+03
7.538538538538538170e+00 2.338080045511860135e+03
7.548798798798798337e+00 2.338348262348027220e+03
7.559059059059058505e+00 2.338615668641263710e+03
7.569319319319318673e+00 2.338882263941994097e+03
7.579579579579578841e+00 2.339148047801931170e+03
7.589839839839839897e+00 2.339413019774084205e+03
7.600100100100100065e+00 2.339677179412753048e+03
7.610360360360360232e+00 2.339940526273534488e+03
7.620620620620620400e+00 2.340203059913323159e+03
7.630880880880880568e+00 2.340464779890311547e+03
7.641141141141140736e+00 2.340725685763991351e+03
7.651401401401400904e+00 2.340985777095156209e+03
7.661661661661661071e+00 2.341245053445903068e+03
7.671921921921921239e+00 2.341503514379630360e+03
7.682182182182181407e+00 2.341761159461045736e+03
7.692442442442442463e+00 2.342017988256161061e+03
7.702702702702702631e+00 2.342274000332295600e+03
7.712962962962962798e+00 2.342529195258081927e+03
7.723223223223222966e+00 2.342783572603459561e+03
7.733483483483483134e+00 2.343037131939683604e+03
7.743743743743743302e+00 2.343289872839319742e+03
7.754004004004003470e+00 2.343541794876251970e+03
7.764264264264263637e+00 2.343792897625677597e+03
7.774524524524523805e+00 2.344043180664114971e+03
7.784784784784783973e+00 2.344292643569398479e+03
7.795045045045045029e+00 2.344541285920684913e+03
7.805305305305305197e+00 2.344789107298453018e+03
7.815565565565565365e+00 2.345036107284503032e+03
7.825825825825825532e+00 2.345282285461960782e+03
7.836086086086085700e+00 2.345527641415279049e+03
7.846346346346345868e+00 2.345772174730236202e+03
7.856606606606606036e+00 2.346015884993938926e+03
7.866866866866866204e+00 2.346258771794825407e+03
7.877127127127126371e+00 2.346500834722662603e+03
7.887387387387387427e+00 2.346742073368552610e+03
7.897647647647647595e+00 2.346982487324928570e+03
7.907907907907907763e+00 2.347222076185561036e+03
7.918168168168167931e+00 2.347460839545555700e+03
7.928428428428428099e+00 2.347698777001355211e+03
7.938688688688688266e+00 2.347935888150742812e+03
7.948948948948948434e+00 2.348172172592841434e+03
7.959209209209208602e+00 2.348407629928113238e+03
7.969469469469468770e+00 2.348642259758367345e+03
7.979729729729728938e+00 2.348876061686754383e+03
7.989989989989989994e+00 2.349109035317769212e+03
8.000250250250250161e+00 2.349341180257255019e+03
8.010510510510510329e+00 2.349572496112403769e+03
8.020770770770770497e+00 2.349802982491753937e+03
8.031031031031030665e+00 2.350032639005195961e+03
8.041291291291290833e+00 2.350261465263970877e+03
8.051551551551551000e+00 2.350489460880674415e+03
8.061811811811811168e+00 2.350716625469254268e+03
8.072072072072071336e+00 2.350942958645014642e+03
8.082332332332331504e+00 2.351168460024615342e+03
8.092592592592591672e+00 2.351393129226074961e+03
8.102852852852851839e+00 2.351616965868770876e+03
8.113113113113112007e+00 2.351839969573439703e+03
8.123373373373372175e+00 2.352062139962181391e+03
8.133633633633632343e+00 2.352283476658456038e+03
8.143893893893892511e+00 2.352503979287089805e+03
8.154154154154152678e+00 2.352723647474272184e+03
8.164414414414412846e+00 2.352942480847560091e+03
8.174674674674673014e+00 2.353160479035877415e+03
8.184934934934934958e+00 2.353377641669515924e+03
8.195195195195195126e+00 2.353593968380138904e+03
8.205455455455455294e+00 2.353809458800778430e+03
8.215715715715715461e+00 2.354024112565840369e+03
8.225975975975975629e+00 2.354237929311104381e+03
8.236236236236235797e+00 2.354450908673721642e+03
8.246496496496495965e+00 2.354663050292222124e+03
8.256756756756756133e+00 2.354874353806510499e+03
8.267017017017016300e+00 2.355084818857872506e+03
8.277277277277276468e+00 2.355294445088967677e+03
8.287537537537538412e+00 2.355503232143840705e+03
8.297797797797798580e+00 2.355711179667915076e+03
8.308058058058058748e+00 2.355918287307997616e+03
8.318318318318318916e+00 2.356124554712279405e+03
8.328578578578579084e+00 2.356329981530333953e+03
8.338838838838839251e+00 2.356534567413123568e+03
8.349099099099099419e+00 2.356738312012995721e+03
8.359359359359359587e+00 2.356941214983687132e+03
8.369619619619619755e+00 2.357143275980321960e+03
8.379879879879879923e+00 2.357344494659416796e+03
8.390140140140140090e+00 2.357544870678879306e+03
8.400400400400400258e+00 2.357744403698007318e+03
8.410660660660660426e+00 2.357943093377495643e+03
8.420920920920920594e+00 2.358140939379431529e+03
8.431181181181180762e+00 2.358337941367299209e+03
8.441441441441440929e+00 2.358534099005978533e+03
8.451701701701701097e+00 2.358729411961749065e+03
8.461961961961961265e+00 2.358923879902287808e+03
8.472222222222221433e+00 2.359117502496672387e+03
8.482482482482481601e+00 2.359310279415381501e+03
8.492742742742741768e+00 2.359502210330296748e+03
8.503003003003001936e+00 2.359693294914701710e+03
8.513263263263262104e+00 2.359883532843284684e+03
8.523523523523522272e+00 2.360072923792140500e+03
8.533783783783784216e+00 2.360261467438768250e+03
8.544044044044044384e+00 2.360449163462076740e+03
8.554304304304304551e+00 2.360636011542381766e+03
8.564564564564564719e+00 2.360822011361407476e+03
8.574824824824824887e+00 2.361007162602291828e+03
8.585085085085085055e+00 2.361191464949580677e+03
8.595345345345345223e+00 2.361374918089235052e+03
8.605605605605605390e+00 2.361557521708627974e+03
8.615865865865865558e+00 2.361739275496548089e+03
8.626126126126125726e+00 2.361920179143197856e+03
8.636386386386385894e+00 2.362100232340198090e+03
8.646646646646646062e+00 2.362279434780586143e+03
8.656906906906906229e+00 2.362457786158818180e+03
8.667167167167166397e+00 2.362635286170770087e+03
8.677427427427426565e+00 2.362811934513736560e+03
8.687687687687686733e+00 2.362987730886435656e+03
8.697947947947946901e+00 2.363162674989007428e+03
8.708208208208207068e+00 2.363336766523013921e+03
8.718468468468467236e+00 2.363510005191443270e+03
8.728728728728729180e+00 2.363682390698707877e+03
8.738988988988989348e+00 2.363853922750646689e+03
8.749249249249249516e+00 2.364024601054525192e+03
8.759509509509509684e+00 2.364194425319037236e+03
8.769769769769769852e+00 2.364363395254305942e+03
8.780030030030030019e+00 2.364531510571884610e+03
8.790290290290290187e+00 2.364698770984756720e+03
8.800550550550550355e+00 2.364865176207337299e+03
8.810810810810810523e+00 2.365030725955476100e+03
8.821071071071070691e+00 2.365195419946453967e+03
8.831331331331330858e+00 2.365359257898986471e+03
8.841591591591591026e+00 2.365522239533227093e+03
8.851851851851851194e+00 2.365684364570763591e+03
8.862112112112111362e+00 2.365845632734620722e+03
8.872372372372371530e+00 2.366006043749262062e+03
8.882632632632631697e+00 2.366165597340590466e+03
8.892892892892891865e+00 2.366324293235948062e+03
8.903153153153152033e+00 2.366482131164117618e+03
8.913413413413412201e+00 2.366639110855324361e+03
8.923673673673672369e+00 2.366795232041235067e+03
8.933933933933934313e+00 2.366950494454961245e+03
8.944194194194194480e+00 2.367104897831055951e+03
8.954454454454454648e+00 2.367258441905519703e+03
8.964714714714714816e+00 2.367411126415799117e+03
8.974974974974974984e+00 2.367562951100785085e+03
8.985235235235235152e+00 2.367713915700818688e+03
8.995495495495495319e+00 2.367864019957687105e+03
9.005755755755755487e+00 2.368013263614629523e+03
9.016016016016015655e+00 2.368161646416333042e+03
9.026276276276275823e+00 2.368309168108935864e+03
9.036536536536535991e+00 2.368455828440029109e+03
9.046796796796796158e+00 2.368601627158654992e+03
9.057057057057056326e+00 2.368746564015309104e+03
9.067317317317316494e+00 2.368890638761943137e+03
9.077577577577576662e+00 2.369033851151961244e+03
9.087837837837836830e+00 2.369176200940224589e+03
9.098098098098096997e+00 2.369317687883050894e+03
9.108358358358357165e+00 2.369458311738213979e+03
9.118618618618617333e+00 2.369598072264947405e+03
9.128878878878879277e+00 2.369736969223943106e+03
9.139139139139139445e+00 2.369875002377350938e+03
9.149399399399399613e+00 2.370012171488783679e+03
9.159659659659659781e+00 2.370148476323312934e+03
9.169919919919919948e+00 2.370283916647473688e+03
9.180180180180180116e+00 2.370418492229263848e+03
9.190440440440440284e+00 2.370552202838143330e+03
9.200700700700700452e+00 2.370685048245036796e+03
9.210960960960960620e+00 2.370817028222333192e+03
9.221221221221220787e+00 2.370948142543888935e+03
9.231481481481480955e+00 2.371078390985024726e+03
9.241741741741741123e+00 2.371207773322528737e+03
9.252002002002001291e+00 2.371336289334657522e+03
9.262262262262261459e+00 2.371463938801136010e+03
9.272522522522521626e+00 2.371590721503157056e+03
9.282782782782781794e+00 2.371716637223385987e+03
9.293043043043041962e+00 2.371841685745955601e+03
9.303303303303302130e+00 2.371965866856472076e+03
9.313563563563562298e+00 2.372089180342013151e+03
9.323823823823824242e+00 2.372211625991128585e+03
9.334084084084084409e+00 2.372333203593841517e+03
9.344344344344344577e+00 2.372453912941650287e+03
9.354604604604604745e+00 2.372573753827526616e+03
9.364864864864864913e+00 2.372692726045917880e+03
9.375125125125125081e+00 2.372810829392748019e+03
9.385385385385385248e+00 2.372928063665416175e+03
9.395645645645645416e+00 2.373044428662800783e+03
9.405905905905905584e+00 2.373159924185256841e+03
9.416166166166165752e+00 2.373274550034618642e+03
9.426426426426425920e+00 2.373388306014197951e+03
9.436686686686686087e+00 2.373501191928789467e+03
9.446946946946946255e+00 2.373613207584665815e+03
9.457207207207206423e+00 2.373724352789582099e+03
9.467467467467466591e+00 2.373834627352774078e+03
9.477727727727726759e+00 2.373944031084960898e+03
9.487987987987986926e+00 2.374052563798344181e+03
9.498248248248247094e+00 2.374160225306608936e+03
9.508508508508507262e+00 2.374267015424925376e+03
9.518768768768767430e+00 2.374372933969946189e+03
9.529029029029029374e+00 2.374477980759811999e+03
9.539289289289289542e+00 2.374582155614147268e+03
9.549549549549549710e+00 2.374685458354063940e+03
9.559809809809809877e+00 2.374787888802161888e+03
9.570070070070070045e+00 2.374889446782527102e+03
9.580330330330330213e+00 2.374990132120734415e+03
9.590590590590590381e+00 2.375089944643847502e+03
9.600850850850850549e+00 2.375188884180418881e+03
9.611111111111110716e+00 2.375286950560492187e+03
9.621371371371370884e+00 2.375384143615599442e+03
9.631631631631631052e+00 2.375480463178766058e+03
9.641891891891891220e+00 2.375575909084507202e+03
9.652152152152151388e+00 2.375670481168830065e+03
9.662412412412411555e+00 2.375764179269236593e+03
9.672672672672671723e+00 2.375857003224718483e+03
9.682932932932931891e+00 2.375948952875764007e+03
9.693193193193192059e+00 2.376040028064353919e+03
9.703453453453452227e+00 2.376130228633963270e+03
9.713713713713712394e+00 2.376219554429563686e+03
9.723973973973974338e+00 2.376308005297622003e+03
9.734234234234234506e+00 2.376395581086100265e+03
9.744494494494494674e+00 2.376482281644458453e+03
9.754754754754754842e+00 2.376568106823652215e+03
9.765015015015015010e+00 2.376653056476136044e+03
9.775275275275275177e+00 2.376737130455862371e+03
9.785535535535535345e+00 2.376820328618280655e+03
9.795795795795795513e+00 2.376902650820341478e+03
9.806056056056055681e+00 2.376984096920493357e+03
9.816316316316315849e+00 2.377064666778685478e+03
9.826576576576576016e+00 2.377144360256367236e+03
9.836836836836836184e+00 2.377223177216488693e+03
9.847097097097096352e+00 2.377301117523500579e+03
9.857357357357356520e+00 2.377378181043356562e+03
9.867617617617616688e+00 2.377454367643511887e+03
9.877877877877876855e+00 2.377529677192923828e+03
9.888138138138137023e+00 2.377604109562053509e+03
9.898398398398397191e+00 2.377677664622864086e+03
9.908658658658657359e+00 2.377750342248824836e+03
9.918918918918919303e+00 2.377822142314905705e+03
9.929179179179179471e+00 2.377893064697585942e+03
9.939439439439439639e+00 2.377963109274845465e+03
9.949699699699699806e+00 2.378032275926171224e+03
9.959959959959959974e+00 2.378100564532556291e+03
9.970220220220220142e+00 2.378167974976499863e+03
9.980480480480480310e+00 2.378234507142007715e+03
9.990740740740740478e+00 2.378300160914592198e+03
1.000100100100100065e+01 2.378364936181271787e+03
1.001126126126126081e+01 2.378428832830575629e+03
1.002152152152152098e+01 2.378491850752537630e+03
1.003178178178178115e+01 2.378553989838702819e+03
1.004204204204204132e+01 2.378615249982122805e+03
1.005230230230230148e+01 2.378675631077358958e+03
1.006256256256256165e+01 2.378735133020482863e+03
1.007282282282282182e+01 2.378793755709074048e+03
1.008308308308308199e+01 2.378851499042224987e+03
1.009334334334334216e+01 2.378908362920534728e+03
1.010360360360360232e+01 2.378964347246116176e+03
1.011386386386386249e+01 2.379019451922591998e+03
1.012412412412412444e+01 2.379073676855096437e+03
1.013438438438438460e+01 2.379127021950274411e+03
1.014464464464464477e+01 2.379179487116284690e+03
1.015490490490490494e+01 2.379231072262796715e+03
1.016516516516516511e+01 2.379281777300992417e+03
1.017542542542542527e+01 2.379331602143568034e+03
1.018568568568568544e+01 2.379380546704730932e+03
1.019594594594594561e+01 2.379428610900203239e+03
1.020620620620620578e+01 2.379475794647220937e+03
1.021646646646646595e+01 2.379522097864532498e+03
1.022672672672672611e+01 2.379567520472401156e+03
1.023698698698698628e+01 2.379612062392605367e+03
1.024724724724724645e+01 2.379655723548437436e+03
1.025750750750750662e+01 2.379698503864703980e+03
1.026776776776776678e+01 2.379740403267729562e+03
1.027802802802802695e+01 2.379781421685349869e+03
1.028828828828828712e+01 2.379821559046919447e+03
1.029854854854854729e+01 2.379860815283308966e+03
1.030880880880880746e+01 2.379899190326902954e+03
1.031906906906906940e+01 2.379936684111602062e+03
1.032932932932932957e+01 2.379973296572826712e+03
1.033958958958958974e+01 2.380009027647511175e+03
1.034984984984984990e+01 2.380043877274107672e+03
1.036011011011011007e+01 2.380077845392584550e+03
1.037037037037037024e+01 2.380110931944429012e+03
1.038063063063063041e+01 2.380143136872645300e+03
1.039089089089089057e+01 2.380174460121754237e+03
1.040115115115115074e+01 2.380204901637796411e+03
1.041141141141141091e+01 2.380234461368328994e+03
1.042167167167167108e+01 2.380263139262427103e+03
1.043193193193193125e+01 2.380290935270685623e+03
1.044219219219219141e+01 2.380317849345216928e+03
1.045245245245245158e+01 2.380343881439652705e+03
1.046271271271271175e+01 2.380369031509142587e+03
1.047297297297297192e+01 2.380393299510355973e+03
1.048323323323323208e+01 2.380416685401482027e+03
1.049349349349349225e+01 2.380439189142227860e+03
1.050375375375375242e+01 2.380460810693819440e+03
1.051401401401401436e+01 2.380481550019004771e+03
1.052427427427427453e+01 2.380501407082048445e+03
1.053453453453453470e+01 2.380520381848737543e+03
1.054479479479479487e+01 2.380538474286377550e+03
1.055505505505505504e+01 2.380555684363793716e+03
1.056531531531531520e+01 2.380572012051331967e+03
1.057557557557557537e+01 2.380587457320858448e+03
1.058583583583583554e+01 2.380602020145758615e+03
1.059609609609609571e+01 2.380615700500939965e+03
1.060635635635635587e+01 2.380628498362828850e+03
1.061661661661661604e+01 2.380640413709372297e+03
1.062687687687687621e+01 2.380651446520038462e+03
1.063713713713713638e+01 2.380661596775816179e+03
1.064739739739739655e+01 2.380670864459214954e+03
1.065765765765765671e+01 2.380679249554263606e+03
1.066791791791791688e+01 2.380686752046514357e+03
1.067817817817817705e+01 2.380693371923037830e+03
1.068843843843843722e+01 2.380699109172427143e+03
1.069869869869869738e+01 2.380703963784795633e+03
1.070895895895895755e+01 2.380707935751777313e+03
1.071921921921921950e+01 2.380711025066527782e+03
1.072947947947947966e+01 2.380713231723724221e+03
1.073973973973973983e+01 2.380714555719562213e+03
1.075000000000000000e+01 2.380714997051762111e+03
