5.000000000000000000e-01 4.908158721132469964e+02
5.132632632632632141e-01 4.912620037194619727e+02
5.265265265265265393e-01 4.917088688259331093e+02
5.397897897897897534e-01 4.921564671947194256e+02
5.530530530530530786e-01 4.926047985801797040e+02
5.663163163163162928e-01 4.930538627289754459e+02
5.795795795795796179e-01 4.935036593800743958e+02
5.928428428428428321e-01 4.939541882647530429e+02
6.061061061061061572e-01 4.944054491065973025e+02
6.193693693693693714e-01 4.948574416215024030e+02
6.326326326326325855e-01 4.953101655176729992e+02
6.458958958958959107e-01 4.957636204956210122e+02
6.591591591591591248e-01 4.962178062481632423e+02
6.724224224224224500e-01 4.966727224604185267e+02
6.856856856856856641e-01 4.971283688098043285e+02
6.989489489489488783e-01 4.975847449660314510e+02
7.122122122122122034e-01 4.980418505910999443e+02
7.254754754754755286e-01 4.984996853392934781e+02
7.387387387387387427e-01 4.989582488571727481e+02
7.520020020020019569e-01 4.994175407835700184e+02
7.652652652652652820e-01 4.998775607495815620e+02
7.785285285285284962e-01 5.003383083785599865e+02
7.917917917917918214e-01 5.007997832861071856e+02
8.050550550550550355e-01 5.012619850800667791e+02
8.183183183183182496e-01 5.017249133605139377e+02
8.315815815815815748e-01 5.021885677197485620e+02
8.448448448448449000e-01 5.026529477422855052e+02
8.581081081081081141e-01 5.031180530048455353e+02
8.713713713713713283e-01 5.035838830763453302e+02
8.846346346346345424e-01 5.040504375178887813e+02
8.978978978978978676e-01 5.045177158827563062e+02
9.111611611611611927e-01 5.049857177163953565e+02
9.244244244244244069e-01 5.054544425564096173e+02
9.376876876876876210e-01 5.059238899325494572e+02
9.509509509509509462e-01 5.063940593667001622e+02
9.642142142142142713e-01 5.068649503728727268e+02
9.774774774774774855e-01 5.073365624571920307e+02
9.907407407407406996e-01 5.078088951178864363e+02
1.004004004004003914e+00 5.082819478452765907e+02
1.017267267267267350e+00 5.087557201217649663e+02
1.030530530530530564e+00 5.092302114218235829e+02
1.043793793793793778e+00 5.097054212119838894e+02
1.057057057057056992e+00 5.101813489508256225e+02
1.070320320320320207e+00 5.106579940889641875e+02
1.083583583583583643e+00 5.111353560690409950e+02
1.096846846846846857e+00 5.116134343257111254e+02
1.110110110110110071e+00 5.120922282856317906e+02
1.123373373373373507e+00 5.125717373674518740e+02
1.136636636636636499e+00 5.130519609817997662e+02
1.149899899899899935e+00 5.135328985312719396e+02
1.163163163163163150e+00 5.140145494104218642e+02
1.176426426426426364e+00 5.144969130057485245e+02
1.189689689689689800e+00 5.149799886956845967e+02
1.202952952952952792e+00 5.154637758505858756e+02
1.216216216216216228e+00 5.159482738327189963e+02
1.229479479479479442e+00 5.164334819962502934e+02
1.242742742742742657e+00 5.169193996872348862e+02
1.256006006006006093e+00 5.174060262436053108e+02
1.269269269269269085e+00 5.178933609951592416e+02
1.282532532532532521e+00 5.183814032635496005e+02
1.295795795795795735e+00 5.188701523622727336e+02
1.309059059059058949e+00 5.193596075966565877e+02
1.322322322322322385e+00 5.198497682638508195e+02
1.335585585585585600e+00 5.203406336528150860e+02
1.348848848848848814e+00 5.208322030443071071e+02
1.362112112112112028e+00 5.213244757108737986e+02
1.375375375375375242e+00 5.218174509168383111e+02
1.388638638638638678e+00 5.223111279182897988e+02
1.401901901901901892e+00 5.228055059630729602e+02
1.415165165165165106e+00 5.233005842907767828e+02
1.428428428428428543e+00 5.237963621327243118e+02
1.441691691691691535e+00 5.242928387119610534e+02
1.454954954954954971e+00 5.247900132432458804e+02
1.468218218218218185e+00 5.252878849330384128e+02
1.481481481481481399e+00 5.257864529794908321e+02
1.494744744744744835e+00 5.262857165724354900e+02
1.508008008008008050e+00 5.267856748933762674e+02
1.521271271271271264e+00 5.272863271154766380e+02
1.534534534534534478e+00 5.277876724035506868e+02
1.547797797797797692e+00 5.282897099140528780e+02
1.561061061061061128e+00 5.287924387950671417e+02
1.574324324324324342e+00 5.292958581862978917e+02
1.587587587587587556e+00 5.297999672190595675e+02
1.600850850850850771e+00 5.303047650162665150e+02
1.614114114114113985e+00 5.308102506924244608e+02
1.627377377377377421e+00 5.313164233536192569e+02
1.640640640640640635e+00 5.318232820975083541e+02
1.653903903903903849e+00 5.323308260133109115e+02
1.667167167167167063e+00 5.328390541817983603e+02
1.680430430430430278e+00 5.333479656752848541e+02
1.693693693693693714e+00 5.338575595576186288e+02
1.706956956956956928e+00 5.343678348841723391e+02
1.720220220220220142e+00 5.348787907018333954e+02
1.733483483483483356e+00 5.353904260489963463e+02
1.746746746746746792e+00 5.359027399555526472e+02
1.760010010010010006e+00 5.364157314428821337e+02
1.773273273273273221e+00 5.369293995238448360e+02
1.786536536536536435e+00 5.374437432027716568e+02
1.799799799799799649e+00 5.379587614754555034e+02
1.813063063063063085e+00 5.384744533291437847e+02
1.826326326326326299e+00 5.389908177425295435e+02
1.839589589589589513e+00 5.395078536857421341e+02
1.852852852852852727e+00 5.400255601203408560e+02
1.866116116116116164e+00 5.405439359993050630e+02
1.879379379379379378e+00 5.410629802670271147e+02
1.892642642642642592e+00 5.415826918593039636e+02
1.905905905905905806e+00 5.421030697033296519e+02
1.919169169169169020e+00 5.426241127176866712e+02
1.932432432432432456e+00 5.431458198123398233e+02
1.945695695695695671e+00 5.436681898886268982e+02
1.958958958958958885e+00 5.441912218392520799e+02
1.972222222222222099e+00 5.447149145482783297e+02
1.985485485485485313e+00 5.452392668911204510e+02
1.998748748748748749e+00 5.457642777345372451e+02
2.012012012012012185e+00 5.462899459366244628e+02
2.025275275275275177e+00 5.468162703468082100e+02
2.038538538538538170e+00 5.473432498058374449e+02
2.051801801801802050e+00 5.478708831457778388e+02
2.065065065065065042e+00 5.483991691900042724e+02
2.078328328328328034e+00 5.489281067531948111e+02
2.091591591591591470e+00 5.494576946413233145e+02
2.104854854854854906e+00 5.499879316516544350e+02
2.118118118118117899e+00 5.505188165727352043e+02
2.131381381381381335e+00 5.510503481843909412e+02
2.144644644644644771e+00 5.515825252577176343e+02
2.157907907907907763e+00 5.521153465550764849e+02
2.171171171171171199e+00 5.526488108300874273e+02
2.184434434434434635e+00 5.531829168276244673e+02
2.197697697697697627e+00 5.537176632838077239e+02
2.210960960960960620e+00 5.542530489260004742e+02
2.224224224224224056e+00 5.547890724728017631e+02
2.237487487487487492e+00 5.553257326340416284e+02
2.250750750750750484e+00 5.558630281107750761e+02
2.264014014014013920e+00 5.564009575952781006e+02
2.277277277277277356e+00 5.569395197710413186e+02
2.290540540540540349e+00 5.574787133127654215e+02
2.303803803803803785e+00 5.580185368863565145e+02
2.317067067067067221e+00 5.585589891489208867e+02
2.330330330330330213e+00 5.591000687487602363e+02
2.343593593593593205e+00 5.596417743253673507e+02
2.356856856856857085e+00 5.601841045094216724e+02
2.370120120120120077e+00 5.607270579227844109e+02
2.383383383383383070e+00 5.612706331784944496e+02
2.396646646646646506e+00 5.618148288807647077e+02
2.409909909909909942e+00 5.623596436249770250e+02
2.423173173173172934e+00 5.629050759976788640e+02
2.436436436436436370e+00 5.634511245765799003e+02
2.449699699699699806e+00 5.639977879305465649e+02
2.462962962962962798e+00 5.645450646196002253e+02
2.476226226226226235e+00 5.650929531949129796e+02
2.489489489489489671e+00 5.656414521988036768e+02
2.502752752752752663e+00 5.661905601647354160e+02
2.516016016016016099e+00 5.667402756173116813e+02
2.529279279279279091e+00 5.672905970722738402e+02
2.542542542542542527e+00 5.678415230364972786e+02
2.555805805805805520e+00 5.683930520079895814e+02
2.569069069069068956e+00 5.689451824758871226e+02
2.582332332332332392e+00 5.694979129204523360e+02
2.595595595595595384e+00 5.700512418130714423e+02
2.608858858858858820e+00 5.706051676162517197e+02
2.622122122122122256e+00 5.711596887836193446e+02
2.635385385385385248e+00 5.717148037599176860e+02
2.648648648648648685e+00 5.722705109810041222e+02
2.661911911911911677e+00 5.728268088738486767e+02
2.675175175175175113e+00 5.733836958565324267e+02
2.688438438438438549e+00 5.739411703382447740e+02
2.701701701701701541e+00 5.744992307192831049e+02
2.714964964964964977e+00 5.750578753910501746e+02
2.728228228228227970e+00 5.756171027360533117e+02
2.741491491491491406e+00 5.761769111279022582e+02
2.754754754754754842e+00 5.767372989313096241e+02
2.768018018018017834e+00 5.772982645020875907e+02
2.781281281281281270e+00 5.778598061871492746e+02
2.794544544544544262e+00 5.784219223245058856e+02
2.807807807807807698e+00 5.789846112432675227e+02
2.821071071071071135e+00 5.795478712636413547e+02
2.834334334334334127e+00 5.801117006969318481e+02
2.847597597597597563e+00 5.806760978455406530e+02
2.860860860860860555e+00 5.812410610029653526e+02
2.874124124124123991e+00 5.818065884537998045e+02
2.887387387387387427e+00 5.823726784737350499e+02
2.900650650650650419e+00 5.829393293295576086e+02
2.913913913913913856e+00 5.835065392791510703e+02
2.927177177177177292e+00 5.840743065714963222e+02
2.940440440440440284e+00 5.846426294466708669e+02
2.953703703703703720e+00 5.852115061358508683e+02
2.966966966966966712e+00 5.857809348613113798e+02
2.980230230230230148e+00 5.863509138364258888e+02
2.993493493493493585e+00 5.869214412656696140e+02
3.006756756756756577e+00 5.874925153446185959e+02
3.020020020020020013e+00 5.880641342599514019e+02
3.033283283283283005e+00 5.886362961894511727e+02
3.046546546546546441e+00 5.892089993020059637e+02
3.059809809809809877e+00 5.897822417576107910e+02
3.073073073073072869e+00 5.903560217073693366e+02
3.086336336336336306e+00 5.909303372934962226e+02
3.099599599599599298e+00 5.915051866493172383e+02
3.112862862862862734e+00 5.920805678992730918e+02
3.126126126126126170e+00 5.926564791589212291e+02
3.139389389389389162e+00 5.932329185349371983e+02
3.152652652652652598e+00 5.938098841251182876e+02
3.165915915915915591e+00 5.943873740183852306e+02
3.179179179179179027e+00 5.949653862947848211e+02
3.192442442442442463e+00 5.955439190254930963e+02
3.205705705705705455e+00 5.961229702728179518e+02
3.218968968968968891e+00 5.967025380902028928e+02
3.232232232232232327e+00 5.972826205222285125e+02
3.245495495495495319e+00 5.978632156046178352e+02
3.258758758758758756e+00 5.984443213642374531e+02
3.272022022022021748e+00 5.990259358191035517e+02
3.285285285285285184e+00 5.996080569783837291e+02
3.298548548548548620e+00 6.001906828424012019e+02
3.311811811811811612e+00 6.007738114026390122e+02
3.325075075075075048e+00 6.013574406417435512e+02
3.338338338338338041e+00 6.019415685335293347e+02
3.351601601601601477e+00 6.025261930429830954e+02
3.364864864864864913e+00 6.031113121262674213e+02
3.378128128128127905e+00 6.036969237307266667e+02
3.391391391391391341e+00 6.042830257948901362e+02
3.404654654654654333e+00 6.048696162484782235e+02
3.417917917917917769e+00 6.054566930124067312e+02
3.431181181181181206e+00 6.060442539987909640e+02
3.444444444444444198e+00 6.066322971109531181e+02
3.457707707707707634e+00 6.072208202434252371e+02
3.470970970970970626e+00 6.078098212819561468e+02
3.484234234234234062e+00 6.083992981035165712e+02
3.497497497497497498e+00 6.089892485763050445e+02
3.510760760760760490e+00 6.095796705597526852e+02
3.524024024024023927e+00 6.101705619045308140e+02
3.537287287287287363e+00 6.107619204525557279e+02
3.550550550550550355e+00 6.113537440369952947e+02
3.563813813813813791e+00 6.119460304822755461e+02
3.577077077077076783e+00 6.125387776040873860e+02
3.590340340340340219e+00 6.131319832093913647e+02
3.603603603603603656e+00 6.137256450964270016e+02
3.616866866866866648e+00 6.143197610547183558e+02
3.630130130130130084e+00 6.149143288650802788e+02
3.643393393393393076e+00 6.155093462996267135e+02
3.656656656656656512e+00 6.161048111217783116e+02
3.669919919919919948e+00 6.167007210862678903e+02
3.683183183183182940e+00 6.172970739391498682e+02
3.696446446446446377e+00 6.178938674178070869e+02
3.709709709709709369e+00 6.184910992509580865e+02
3.722972972972972805e+00 6.190887671586665419e+02
3.736236236236236241e+00 6.196868688523478568e+02
3.749499499499499233e+00 6.202854020347775759e+02
3.762762762762762669e+00 6.208843644001005941e+02
3.776026026026026106e+00 6.214837536338384325e+02
3.789289289289289098e+00 6.220835674128984465e+02
3.802552552552552534e+00 6.226838034055829212e+02
3.815815815815815526e+00 6.232844592715966883e+02
3.829079079079078962e+00 6.238855326620573578e+02
3.842342342342342398e+00 6.244870212195035037e+02
3.855605605605605390e+00 6.250889225779046683e+02
3.868868868868868827e+00 6.256912343626703432e+02
3.882132132132131819e+00 6.262939541906589511e+02
3.895395395395395255e+00 6.268970796701888730e+02
3.908658658658658691e+00 6.275006084010462928e+02
3.921921921921921683e+00 6.281045379744972479e+02
3.935185185185185119e+00 6.287088659732962697e+02
3.948448448448448111e+00 6.293135899716967288e+02
3.961711711711711548e+00 6.299187075354614080e+02
3.974974974974974984e+00 6.305242162218728481e+02
3.988238238238237976e+00 6.311301135797441475e+02
4.001501501501500968e+00 6.317363971494288535e+02
4.014764764764764848e+00 6.323430644628334676e+02
4.028028028028027840e+00 6.329501130434266543e+02
4.041291291291290833e+00 6.335575404062512916e+02
4.054554554554554713e+00 6.341653440579356129e+02
4.067817817817817705e+00 6.347735214967041202e+02
4.081081081081080697e+00 6.353820702123904312e+02
4.094344344344344577e+00 6.359909876864470561e+02
4.107607607607607569e+00 6.366002713919590406e+02
4.120870870870870561e+00 6.372099187936541966e+02
4.134134134134134442e+00 6.378199273479167459e+02
4.147397397397397434e+00 6.384302945027980059e+02
4.160660660660660426e+00 6.390410176980303731e+02
4.173923923923924306e+00 6.396520943650386926e+02
4.187187187187186410e+00 6.402635219269526488e+02
4.200450450450450290e+00 6.408752977986207497e+02
4.213713713713714171e+00 6.414874193866215819e+02
4.226976976976976275e+00 6.420998840892784756e+02
4.240240240240240155e+00 6.427126892966712148e+02
4.253503503503503147e+00 6.433258323906509304e+02
4.266766766766766139e+00 6.439393107448516957e+02
4.280030030030030019e+00 6.445531217247057612e+02
4.293293293293293011e+00 6.451672626874558318e+02
4.306556556556556004e+00 6.457817309821703020e+02
4.319819819819819884e+00 6.463965239497556468e+02
4.333083083083082876e+00 6.470116389229722245e+02
4.346346346346345868e+00 6.476270732264474645e+02
4.359609609609609748e+00 6.482428241766906467e+02
4.372872872872872740e+00 6.488588890821066570e+02
4.386136136136135732e+00 6.494752652430120179e+02
4.399399399399399613e+00 6.500919499516486439e+02
4.412662662662662605e+00 6.507089404921989626e+02
4.425925925925925597e+00 6.513262341408016027e+02
4.439189189189189477e+00 6.519438281655659466e+02
4.452452452452452469e+00 6.525617198265870229e+02
4.465715715715715461e+00 6.531799063759625597e+02
4.478978978978979342e+00 6.537983850578070815e+02
4.492242242242241446e+00 6.544171531082679394e+02
4.505505505505505326e+00 6.550362077555428186e+02
4.518768768768768318e+00 6.556555462198933810e+02
4.532032032032032198e+00 6.562751657136625454e+02
4.545295295295295190e+00 6.568950634412911995e+02
4.558558558558558182e+00 6.575152365993340027e+02
4.571821821821822063e+00 6.581356823764763249e+02
4.585085085085085055e+00 6.587563979535507315e+02
4.598348348348348047e+00 6.593773805035541500e+02
4.611611611611611039e+00 6.599986271916644682e+02
4.624874874874874919e+00 6.606201351752578148e+02
4.638138138138137911e+00 6.612419016039257258e+02
4.651401401401400904e+00 6.618639236194929936e+02
4.664664664664664784e+00 6.624861983560348335e+02
4.677927927927927776e+00 6.631087229398947329e+02
4.691191191191190768e+00 6.637314944897020723e+02
4.704454454454454648e+00 6.643545101163897471e+02
4.717717717717717640e+00 6.649777669232134940e+02
4.730980980980980632e+00 6.656012620057684899e+02
4.744244244244244513e+00 6.662249924520090190e+02
4.757507507507507505e+00 6.668489553422668905e+02
4.770770770770770497e+00 6.674731477492686054e+02
4.784034034034033489e+00 6.680975667381559333e+02
4.797297297297297369e+00 6.687222093665041029e+02
4.810560560560560361e+00 6.693470726843402190e+02
4.823823823823823354e+00 6.699721537341638395e+02
4.837087087087087234e+00 6.705974495509653934e+02
4.850350350350350226e+00 6.712229571622450521e+02
4.863613613613613218e+00 6.718486735880336482e+02
4.876876876876877098e+00 6.724745958409121158e+02
4.890140140140140090e+00 6.731007209260299078e+02
4.903403403403403082e+00 6.737270458411271647e+02
4.916666666666666075e+00 6.743535675765531323e+02
4.929929929929929955e+00 6.749802831152882163e+02
4.943193193193192947e+00 6.756071894329616043e+02
4.956456456456455939e+00 6.762342834978751398e+02
4.969719719719719819e+00 6.768615622710208299e+02
4.982982982982982811e+00 6.774890227061043788e+02
4.996246246246245803e+00 6.781166617495646278e+02
5.009509509509509684e+00 6.787444763405949288e+02
5.022772772772772676e+00 6.793724634111642899e+02
5.036036036036035668e+00 6.800006198860393170e+02
5.049299299299299548e+00 6.806289426828041087e+02
5.062562562562562540e+00 6.812574287118845859e+02
5.075825825825825532e+00 6.818860748765675908e+02
5.089089089089088525e+00 6.825148780730246472e+02
5.102352352352352405e+00 6.831438351903324246e+02
5.115615615615615397e+00 6.837729431104964988e+02
5.128878878878878389e+00 6.844021987084724969e+02
5.142142142142142269e+00 6.850315988521886084e+02
5.155405405405405261e+00 6.856611404025695720e+02
5.168668668668668253e+00 6.862908202135573674e+02
5.181931931931932134e+00 6.869206351321353168e+02
5.195195195195195126e+00 6.875505819983504807e+02
5.208458458458458118e+00 6.881806576453370781e+02
5.221721721721721110e+00 6.888108588993400190e+02
5.234984984984984990e+00 6.894411825797376423e+02
5.248248248248247982e+00 6.900716254990658172e+02
5.261511511511510975e+00 6.907021844630405667e+02
5.274774774774774855e+00 6.913328562705835338e+02
5.288038038038037847e+00 6.919636377138440366e+02
5.301301301301300839e+00 6.925945255782247614e+02
5.314564564564564719e+00 6.932255166424043864e+02
5.327827827827827711e+00 6.938566076783637300e+02
5.341091091091090703e+00 6.944877954514081466e+02
5.354354354354354584e+00 6.951190767201935614e+02
5.367617617617617576e+00 6.957504482367505716e+02
5.380880880880880568e+00 6.963819067465095713e+02
5.394144144144143560e+00 6.970134489883255355e+02
5.407407407407407440e+00 6.976450716945032582e+02
5.420670670670670432e+00 6.982767715908219088e+02
5.433933933933933424e+00 6.989085453965619763e+02
5.447197197197197305e+00 6.995403898245288019e+02
5.460460460460460297e+00 7.001723015810796369e+02
5.473723723723723289e+00 7.008042773661488809e+02
5.486986986986987169e+00 7.014363138732741163e+02
5.500250250250250161e+00 7.020684077896214603e+02
5.513513513513513153e+00 7.027005557960130773e+02
5.526776776776776146e+00 7.033327545669521896e+02
5.540040040040040026e+00 7.039650007706497945e+02
5.553303303303303018e+00 7.045972910690516073e+02
5.566566566566566010e+00 7.052296221178643236e+02
5.579829829829829890e+00 7.058619905665830174e+02
5.593093093093092882e+00 7.064943930585167209e+02
5.606356356356355874e+00 7.071268262308171870e+02
5.619619619619619755e+00 7.077592867145042419e+02
5.632882882882882747e+00 7.083917711344954569e+02
5.646146146146145739e+00 7.090242761096312734e+02
5.659409409409409619e+00 7.096567982527033109e+02
5.672672672672672611e+00 7.102893341704827890e+02
5.685935935935935603e+00 7.109218804637480389e+02
5.699199199199198596e+00 7.115544337273111068e+02
5.712462462462462476e+00 7.121869905500479945e+02
5.725725725725725468e+00 7.128195475149254889e+02
5.738988988988988460e+00 7.134521011990295847e+02
5.752252252252252340e+00 7.140846481735941325e+02
5.765515515515515332e+00 7.147171850040297159e+02
5.778778778778778324e+00 7.153497082499518456e+02
5.792042042042042205e+00 7.159822144652096085e+02
5.805305305305305197e+00 7.166147001979160223e+02
5.818568568568568189e+00 7.172471619904752060e+02
5.831831831831831181e+00 7.178795963796123942e+02
5.845095095095095061e+00 7.185119998964042907e+02
5.858358358358358053e+00 7.191443690663062398e+02
5.871621621621621046e+00 7.197767004091842864e+02
5.884884884884884926e+00 7.204089904393426878e+02
5.898148148148147918e+00 7.210412356655559734e+02
5.911411411411410910e+00 7.216734325910961161e+02
5.924674674674674790e+00 7.223055777137656150e+02
5.937937937937937782e+00 7.229376675259247804e+02
5.951201201201200774e+00 7.235696985145245890e+02
5.964464464464464655e+00 7.242016671611354468e+02
5.977727727727727647e+00 7.248335699419785669e+02
5.990990990990990639e+00 7.254654033279559826e+02
6.004254254254253631e+00 7.260971637846816975e+02
6.017517517517517511e+00 7.267288477725130633e+02
6.030780780780780503e+00 7.273604517465804520e+02
6.044044044044043495e+00 7.279919721568203386e+02
6.057307307307307376e+00 7.286234054480053146e+02
6.070570570570570368e+00 7.292547480597747835e+02
6.083833833833833360e+00 7.298859964266682709e+02
6.097097097097097240e+00 7.305171469781558926e+02
6.110360360360360232e+00 7.311481961386704143e+02
6.123623623623623224e+00 7.317791403276389701e+02
6.136886886886886217e+00 7.324099759595151227e+02
6.150150150150150097e+00 7.330406994438113770e+02
6.163413413413413089e+00 7.336713071851302175e+02
6.176676676676676081e+00 7.343017955831980998e+02
6.189939939939939961e+00 7.349321610328956922e+02
6.203203203203202953e+00 7.355623999242934588e+02
6.216466466466465945e+00 7.361925086426813323e+02
6.229729729729729826e+00 7.368224835686035021e+02
6.242992992992992818e+00 7.374523210778902467e+02
6.256256256256255810e+00 7.380820175416914708e+02
6.269519519519519690e+00 7.387115693265095615e+02
6.282782782782782682e+00 7.393409727942329255e+02
6.296046046046045674e+00 7.399702243021692993e+02
6.309309309309308667e+00 7.405993202030790599e+02
6.322572572572572547e+00 7.412282568452085343e+02
6.335835835835835539e+00 7.418570305723246747e+02
6.349099099099098531e+00 7.424856377237474589e+02
6.362362362362362411e+00 7.431140746343853607e+02
6.375625625625625403e+00 7.437423376347683188e+02
6.388888888888888395e+00 7.443704230510822981e+02
6.402152152152152276e+00 7.449983272052027132e+02
6.415415415415415268e+00 7.456260464147306948e+02
6.428678678678678260e+00 7.462535769930252627e+02
6.441941941941941252e+00 7.468809152492398198e+02
6.455205205205205132e+00 7.475080574883554618e+02
6.468468468468468124e+00 7.481350000112170164e+02
6.481731731731731116e+00 7.487617391145666943e+02
6.494994994994994997e+00 7.493882710910800142e+02
6.508258258258257989e+00 7.500145922294002503e+02
6.521521521521520981e+00 7.506406988141743568e+02
6.534784784784784861e+00 7.512665871260880976e+02
6.548048048048047853e+00 7.518922534419014028e+02
6.561311311311310845e+00 7.525176940344829291e+02
6.574574574574574726e+00 7.531429051728480317e+02
6.587837837837837718e+00 7.537678831221918472e+02
6.601101101101100710e+00 7.543926241439273781e+02
6.614364364364363702e+00 7.550171244957203953e+02
6.627627627627627582e+00 7.556413804315250218e+02
6.640890890890890574e+00 7.562653882016212492e+02
6.654154154154153566e+00 7.568891440526499537e+02
6.667417417417417447e+00 7.575126442276500711e+02
6.680680680680680439e+00 7.581358849660945225e+02
6.693943943943943431e+00 7.587588625039273893e+02
6.707207207207207311e+00 7.593815730736000660e+02
6.720470470470470303e+00 7.600040129041078671e+02
6.733733733733733295e+00 7.606261782210283400e+02
6.746996996996997176e+00 7.612480652465558251e+02
6.760260260260260168e+00 7.618696701995406784e+02
6.773523523523523160e+00 7.624909892955253099e+02
6.786786786786786152e+00 7.631120187467820415e+02
6.800050050050050032e+00 7.637327547623499413e+02
6.813313313313313024e+00 7.643531935480725679e+02
6.826576576576576016e+00 7.649733313066360552e+02
6.839839839839839897e+00 7.655931642376048103e+02
6.853103103103102889e+00 7.662126885374622134e+02
6.866366366366365881e+00 7.668319003996464289e+02
6.879629629629629761e+00 7.674507960145886045e+02
6.892892892892892753e+00 7.680693715697509560e+02
6.906156156156155745e+00 7.686876232496659895e+02
6.919419419419418738e+00 7.693055472359726537e+02
6.932682682682682618e+00 7.699231397074566985e+02
6.945945945945945610e+00 7.705403968400876238e+02
6.959209209209208602e+00 7.711573148070585830e+02
6.972472472472472482e+00 7.717738897788227632e+02
6.985735735735735474e+00 7.723901179231347669e+02
6.998998998998998466e+00 7.730059954050874467e+02
7.012262262262262347e+00 7.736215183871513545e+02
7.025525525525525339e+00 7.742366830292137365e+02
7.038788788788788331e+00 7.748514854886177545e+02
7.052052052052052211e+00 7.754659219202010263e+02
7.065315315315315203e+00 7.760799884763358705e+02
7.078578578578578195e+00 7.766936813069667096e+02
7.091841841841841187e+00 7.773069965596516795e+02
7.105105105105105068e+00 7.779199303796010554e+02
7.118368368368368060e+00 7.785324789097167013e+02
7.131631631631631052e+00 7.791446382906312920e+02
7.144894894894894932e+00 7.797564046607495811e+02
7.158158158158157924e+00 7.803677741562864867e+02
7.171421421421420916e+00 7.809787429113075632e+02
7.184684684684684797e+00 7.815893070577702701e+02
7.197947947947947789e+00 7.821994627255618298e+02
7.211211211211210781e+00 7.828092060425407226e+02
7.224474474474473773e+00 7.834185331345764780e+02
7.237737737737737653e+00 7.840274401255908288e+02
7.251001001001000645e+00 7.846359231375961372e+02
7.264264264264263637e+00 7.852439782907380277e+02
7.277527527527527518e+00 7.858516017033348362e+02
7.290790790790790510e+00 7.864587894919179689e+02
7.304054054054053502e+00 7.870655377712735117e+02
7.317317317317317382e+00 7.876718426544820204e+02
7.330580580580580374e+00 7.882777002529600168e+02
7.343843843843843366e+00 7.888831066765006881e+02
7.357107107107107247e+00 7.894880580333154967e+02
7.370370370370370239e+00 7.900925504300732882e+02
7.383633633633633231e+00 7.906965799719442884e+02
7.396896896896896223e+00 7.913001427626390978e+02
7.410160160160160103e+00 7.919032349044507555e+02
7.423423423423423095e+00 7.925058524982963490e+02
7.436686686686686087e+00 7.931079916437579413e+02
7.449949949949949968e+00 7.937096484391249760e+02
7.463213213213212960e+00 7.943108189814342950e+02
7.476476476476475952e+00 7.949114993665132261e+02
7.489739739739739832e+00 7.955116856890207373e+02
7.503003003003002824e+00 7.961113740424891603e+02
7.516266266266265816e+00 7.967105605193664815e+02
7.529529529529528808e+00 7.973092412110577243e+02
7.542792792792792689e+00 7.979074122079671270e+02
7.556056056056055681e+00 7.985050695995406613e+02
7.569319319319318673e+00 7.991022094743066191e+02
7.582582582582582553e+00 7.996988279199204044e+02
7.595845845845845545e+00 8.002949210232045516e+02
7.609109109109108537e+00 8.008904848701918127e+02
7.622372372372372418e+00 8.014855155461674485e+02
7.635635635635635410e+00 8.020800091357122028e+02
7.648898898898898402e+00 8.026739617227437975e+02
7.662162162162162282e+00 8.032673693905603614e+02
7.675425425425425274e+00 8.038602282218832897e+02
7.688688688688688266e+00 8.044525342988983994e+02
7.701951951951951258e+00 8.050442837033006072e+02
7.715215215215215139e+00 8.056354725163351986e+02
7.728478478478478131e+00 8.062260968188413699e+02
7.741741741741741123e+00 8.068161526912957697e+02
7.755005005005005003e+00 8.074056362138544500e+02
7.768268268268267995e+00 8.079945434663959531e+02
7.781531531531530987e+00 8.085828705285653086e+02
7.794794794794794868e+00 8.091706134798164385e+02
7.808058058058057860e+00 8.097577683994552444e+02
7.821321321321320852e+00 8.103443313666834911e+02
7.834584584584583844e+00 8.109302984606417795e+02
7.847847847847847724e+00 8.115156657604534303e+02
7.861111111111110716e+00 8.121004293452662068e+02
7.874374374374373708e+00 8.126845852942980173e+02
7.887637637637637589e+00 8.132681296868795471e+02
7.900900900900900581e+00 8.138510586024968916e+02
7.914164164164163573e+00 8.144333681208362350e+02
7.927427427427427453e+00 8.150150543218283019e+02
7.940690690690690445e+00 8.155961132856891709e+02
7.953953953953953437e+00 8.161765410929679092e+02
7.967217217217217318e+00 8.167563338245872728e+02
7.980480480480480310e+00 8.173354875618887263e+02
7.993743743743743302e+00 8.179139983866766670e+02
8.007007007007006294e+00 8.184918623812620808e+02
8.020270270270270174e+00 8.190690756285064253e+02
8.033533533533532278e+00 8.196456342118656266e+02
8.046796796796796158e+00 8.202215342154345308e+02
8.060060060060060039e+00 8.207967717239901049e+02
8.073323323323322143e+00 8.213713428230373665e+02
8.086586586586586023e+00 8.219452435988519028e+02
8.099849849849849903e+00 8.225184701385246626e+02
8.113113113113112007e+00 8.230910185300062949e+02
8.126376376376375887e+00 8.236628848621519410e+02
8.139639639639639768e+00 8.242340652247646631e+02
8.152902902902901872e+00 8.248045557086404642e+02
8.166166166166165752e+00 8.253743524056126262e+02
8.179429429429429632e+00 8.259434514085965020e+02
8.192692692692691736e+00 8.265118488116331719e+02
8.205955955955955616e+00 8.270795407099349177e+02
8.219219219219219497e+00 8.276465231999286516e+02
8.232482482482481601e+00 8.282127923793021864e+02
8.245745745745745481e+00 8.287783443470477778e+02
8.259009009009009361e+00 8.293431752035064619e+02
8.272272272272271465e+00 8.299072810504137578e+02
8.285535535535535345e+00 8.304706579909441189e+02
8.298798798798799226e+00 8.310333021297547020e+02
8.312062062062061329e+00 8.315952095730319797e+02
8.325325325325325210e+00 8.321563764285347133e+02
8.338588588588589090e+00 8.327167988056407921e+02
8.351851851851851194e+00 8.332764728153897522e+02
8.365115115115115074e+00 8.338353945705299566e+02
8.378378378378378954e+00 8.343935601855616824e+02
8.391641641641641058e+00 8.349509657767837325e+02
8.404904904904904939e+00 8.355076074623370914e+02
8.418168168168168819e+00 8.360634813622506272e+02
8.431431431431430923e+00 8.366185835984857704e+02
8.444694694694694803e+00 8.371729102949823300e+02
8.457957957957958683e+00 8.377264575777019218e+02
8.471221221221220787e+00 8.382792215746751481e+02
8.484484484484482891e+00 8.388311984160450265e+02
8.497747747747748548e+00 8.393823842341136015e+02
8.511011011011010652e+00 8.399327751633852586e+02
8.524274274274274532e+00 8.404823673406140188e+02
8.537537537537536636e+00 8.410311569048463980e+02
8.550800800800800516e+00 8.415791399974688147e+02
8.564064064064064397e+00 8.421263127622517004e+02
8.577327327327326500e+00 8.426726713453947468e+02
8.590590590590590381e+00 8.432182118955722672e+02
8.603853853853854261e+00 8.437629305639786708e+02
8.617117117117116365e+00 8.443068235043731420e+02
8.630380380380380245e+00 8.448498868731259108e+02
8.643643643643644126e+00 8.453921168292624770e+02
8.656906906906906229e+00 8.459335095345101081e+02
8.670170170170170110e+00 8.464740611533421770e+02
8.683433433433432214e+00 8.470137678530230687e+02
8.696696696696696094e+00 8.475526258036554736e+02
8.709959959959959974e+00 8.480906311782237026e+02
8.723223223223222078e+00 8.486277801526402982e+02
8.736486486486485958e+00 8.491640689057904865e+02
8.749749749749749839e+00 8.496994936195789023e+02
8.763013013013011943e+00 8.502340504789727902e+02
8.776276276276275823e+00 8.507677356720496391e+02
8.789539539539539703e+00 8.513005453900410657e+02
8.802802802802801807e+00 8.518324758273790849e+02
8.816066066066065687e+00 8.523635231817411295e+02
8.829329329329329568e+00 8.528936836540950708e+02
8.842592592592591672e+00 8.534229534487444653e+02
8.855855855855855552e+00 8.539513287733761899e+02
8.869119119119119432e+00 8.544788058391020513e+02
8.882382382382381536e+00 8.550053808605072163e+02
8.895645645645645416e+00 8.555310500556943225e+02
8.908908908908909297e+00 8.560558096463292941e+02
8.922172172172171400e+00 8.565796558576859070e+02
8.935435435435435281e+00 8.571025849186925143e+02
8.948698698698699161e+00 8.576245930619755882e+02
8.961961961961961265e+00 8.581456765239070137e+02
8.975225225225225145e+00 8.586658315446481993e+02
8.988488488488489025e+00 8.591850543681957788e+02
9.001751751751751129e+00 8.597033412424266317e+02
9.015015015015015010e+00 8.602206884191441532e+02
9.028278278278277114e+00 8.607370921541215694e+02
9.041541541541540994e+00 8.612525487071497992e+02
9.054804804804804874e+00 8.617670543420811100e+02
9.068068068068066978e+00 8.622806053268745927e+02
9.081331331331330858e+00 8.627931979336419772e+02
9.094594594594594739e+00 8.633048284386916293e+02
9.107857857857856843e+00 8.638154931225753899e+02
9.121121121121120723e+00 8.643251882701329123e+02
9.134384384384384603e+00 8.648339101705366829e+02
9.147647647647646707e+00 8.653416551173381777e+02
9.160910910910910587e+00 8.658484194085115178e+02
9.174174174174174468e+00 8.663541993465000814e+02
9.187437437437436571e+00 8.668589912382606144e+02
9.200700700700700452e+00 8.673627913953088182e+02
9.213963963963964332e+00 8.678655961337644840e+02
9.227227227227226436e+00 8.683674017743965123e+02
9.240490490490490316e+00 8.688682046426677061e+02
9.253753753753754197e+00 8.693680010687796766e+02
9.267017017017016300e+00 8.698667873877182046e+02
9.280280280280280181e+00 8.703645599392982604e+02
9.293543543543544061e+00 8.708613150682093647e+02
9.306806806806806165e+00 8.713570491240586762e+02
9.320070070070070045e+00 8.718517584614185125e+02
9.333333333333332149e+00 8.723454394398684144e+02
9.346596596596596029e+00 8.728380884240420983e+02
9.359859859859859910e+00 8.733297017836721352e+02
9.373123123123122014e+00 8.738202758936336068e+02
9.386386386386385894e+00 8.743098071339888975e+02
9.399649649649649774e+00 8.747982918900343066e+02
9.412912912912911878e+00 8.752857265523422257e+02
9.426176176176175758e+00 8.757721075168069547e+02
9.439439439439439639e+00 8.762574311846892670e+02
9.452702702702701743e+00 8.767416939626616568e+02
9.465965965965965623e+00 8.772248922628518812e+02
9.479229229229229503e+00 8.777070225028880941e+02
9.492492492492491607e+00 8.781880811059413645e+02
9.505755755755755487e+00 8.786680645007743351e+02
9.519019019019019368e+00 8.791469691217811260e+02
9.532282282282281471e+00 8.796247914090342874e+02
9.545545545545545352e+00 8.801015278083286830e+02
9.558808808808809232e+00 8.805771747712257138e+02
9.572072072072071336e+00 8.810517287550964056e+02
9.585335335335335216e+00 8.815251862231675659e+02
9.598598598598599096e+00 8.819975436445638479e+02
9.611861861861861200e+00 8.824687974943544759e+02
9.625125125125125081e+00 8.829389442535941726e+02
9.638388388388387185e+00 8.834079804093703387e+02
9.651651651651651065e+00 8.838759024548442085e+02
9.664914914914914945e+00 8.843427068892967782e+02
9.678178178178177049e+00 8.848083902181713256e+02
9.691441441441440929e+00 8.852729489531180889e+02
9.704704704704704810e+00 8.857363796120383768e+02
9.717967967967966914e+00 8.861986787191270878e+02
9.731231231231230794e+00 8.866598428049173890e+02
9.744494494494494674e+00 8.871198684063235760e+02
9.757757757757756778e+00 8.875787520666854107e+02
9.771021021021020658e+00 8.880364903358107540e+02
9.784284284284284539e+00 8.884930797700205858e+02
9.797547547547546642e+00 8.889485169321901594e+02
9.810810810810810523e+00 8.894027983917950451e+02
9.824074074074074403e+00 8.898559207249517158e+02
9.837337337337336507e+00 8.903078805144625676e+02
9.850600600600600387e+00 8.907586743498582109e+02
9.863863863863864268e+00 8.912082988274419222e+02
9.877127127127126371e+00 8.916567505503310258e+02
9.890390390390390252e+00 8.921040261285010047e+02
9.903653653653654132e+00 8.925501221788279054e+02
9.916916916916916236e+00 8.929950353251317665e+02
9.930180180180180116e+00 8.934387621982184555e+02
9.943443443443442220e+00 8.938812994359241202e+02
9.956706706706706100e+00 8.943226436831558885e+02
9.969969969969969981e+00 8.947627915919363204e+02
9.983233233233232085e+00 8.952017398214443347e+02
9.996496496496495965e+00 8.956394850380596608e+02
1.000975975975975985e+01 8.960760239154028568e+02
1.002302302302302195e+01 8.965113531343797604e+02
1.003628628628628583e+01 8.969454693832230987e+02
1.004954954954954971e+01 8.973783693575345524e+02
1.006281281281281181e+01 8.978100497603263648e+02
1.007607607607607569e+01 8.982405073020654527e+02
1.008933933933933957e+01 8.986697387007126281e+02
1.010260260260260168e+01 8.990977406817667088e+02
1.011586586586586556e+01 8.995245099783059004e+02
1.012912912912912944e+01 8.999500433310292919e+02
1.014239239239239154e+01 9.003743374882981243e+02
1.015565565565565542e+01 9.007973892061788774e+02
1.016891891891891930e+01 9.012191952484831745e+02
1.018218218218218141e+01 9.016397523868108692e+02
1.019544544544544529e+01 9.020590574005904045e+02
1.020870870870870917e+01 9.024771070771206496e+02
1.022197197197197127e+01 9.028938982116114857e+02
1.023523523523523515e+01 9.033094276072267803e+02
1.024849849849849726e+01 9.037236920751224716e+02
1.026176176176176114e+01 9.041366884344911341e+02
1.027502502502502502e+01 9.045484135126001775e+02
1.028828828828828712e+01 9.049588641448340240e+02
1.030155155155155100e+01 9.053680371747351501e+02
1.031481481481481488e+01 9.057759294540435349e+02
1.032807807807807698e+01 9.061825378427379292e+02
1.034134134134134086e+01 9.065878592090771235e+02
1.035460460460460475e+01 9.069918904296396249e+02
1.036786786786786685e+01 9.073946283893636746e+02
1.038113113113113073e+01 9.077960699815889711e+02
1.039439439439439461e+01 9.081962121080950965e+02
1.040765765765765671e+01 9.085950516791424434e+02
1.042092092092092059e+01 9.089925856135124604e+02
1.043418418418418447e+01 9.093888108385476698e+02
1.044744744744744658e+01 9.097837242901903210e+02
1.046071071071071046e+01 9.101773229130243408e+02
1.047397397397397434e+01 9.105696036603120547e+02
1.048723723723723644e+01 9.109605634940360233e+02
1.050050050050050032e+01 9.113501993849384917e+02
1.051376376376376420e+01 9.117385083125586789e+02
1.052702702702702631e+01 9.121254872652743870e+02
1.054029029029029019e+01 9.125111332403403139e+02
1.055355355355355229e+01 9.128954432439263655e+02
1.056681681681681617e+01 9.132784142911580147e+02
1.058008008008008005e+01 9.136600434061539318e+02
1.059334334334334216e+01 9.140403276220657744e+02
1.060660660660660604e+01 9.144192639811162735e+02
1.061986986986986992e+01 9.147968495346378859e+02
1.063313313313313202e+01 9.151730813431117895e+02
1.064639639639639590e+01 9.155479564762053997e+02
1.065965965965965978e+01 9.159214720128113640e+02
1.067292292292292188e+01 9.162936250410856474e+02
1.068618618618618576e+01 9.166644126584853893e+02
1.069944944944944965e+01 9.170338319718067623e+02
1.071271271271271175e+01 9.174018800972230565e+02
1.072597597597597563e+01 9.177685541603229922e+02
1.073923923923923951e+01 9.181338512961469860e+02
1.075250250250250161e+01 9.184977686492266002e+02
1.076576576576576549e+01 9.188603033736194448e+02
1.077902902902902937e+01 9.192214526329496493e+02
1.079229229229229148e+01 9.195812136004424246e+02
1.080555555555555536e+01 9.199395834589624883e+02
1.081881881881881924e+01 9.202965594010503310e+02
1.083208208208208134e+01 9.206521386289603015e+02
1.084534534534534522e+01 9.210063183546963046e+02
1.085860860860860733e+01 9.213590958000490900e+02
1.087187187187187121e+01 9.217104681966318367e+02
1.088513513513513509e+01 9.220604327859177829e+02
1.089839839839839719e+01 9.224089868192763788e+02
1.091166166166166107e+01 9.227561275580085294e+02
1.092492492492492495e+01 9.231018522733841110e+02
1.093818818818818706e+01 9.234461582466767595e+02
1.095145145145145094e+01 9.237890427692000230e+02
1.096471471471471482e+01 9.241305031423439686e+02
1.097797797797797692e+01 9.244705366776094024e+02
1.099124124124124080e+01 9.248091406966441355e+02
1.100450450450450468e+01 9.251463125312793636e+02
1.101776776776776678e+01 9.254820495235629778e+02
1.103103103103103066e+01 9.258163490257959438e+02
1.104429429429429455e+01 9.261492084005670904e+02
1.105755755755755665e+01 9.264806250207873290e+02
1.107082082082082053e+01 9.268105962697264886e+02
1.108408408408408441e+01 9.271391195410456021e+02
1.109734734734734651e+01 9.274661922388324911e+02
1.111061061061061039e+01 9.277918117776366671e+02
1.112387387387387427e+01 9.281159755825024149e+02
1.113713713713713638e+01 9.284386810890039214e+02
1.115040040040040026e+01 9.287599257432788136e+02
1.116366366366366236e+01 9.290797070020630599e+02
1.117692692692692624e+01 9.293980223327224621e+02
1.119019019019019012e+01 9.297148692132896031e+02
1.120345345345345223e+01 9.300302451324939739e+02
1.121671671671671611e+01 9.303441475897980126e+02
1.122997997997997999e+01 9.306565740954284820e+02
1.124324324324324209e+01 9.309675221704112573e+02
1.125650650650650597e+01 9.312769893466028179e+02
1.126976976976976985e+01 9.315849731667246942e+02
1.128303303303303196e+01 9.318914711843940495e+02
1.129629629629629584e+01 9.321964809641588090e+02
1.130955955955955972e+01 9.325000000815277872e+02
1.132282282282282182e+01 9.328020261230044525e+02
1.133608608608608570e+01 9.331025566861194420e+02
1.134934934934934958e+01 9.334015893794611429e+02
1.136261261261261168e+01 9.336991218227085483e+02
1.137587587587587556e+01 9.339951516466635439e+02
1.138913913913913944e+01 9.342896764932806946e+02
1.140240240240240155e+01 9.345826940157012359e+02
1.141566566566566543e+01 9.348742018782825198e+02
1.142892892892892931e+01 9.351641977566307560e+02
1.144219219219219141e+01 9.354526793376301157e+02
1.145545545545545529e+01 9.357396443194754738e+02
1.146871871871871740e+01 9.360250904117026494e+02
1.148198198198198128e+01 9.363090153352191010e+02
1.149524524524524516e+01 9.365914168223343950e+02
1.150850850850850726e+01 9.368722926167905598e+02
1.152177177177177114e+01 9.371516404737917583e+02
1.153503503503503502e+01 9.374294581600358924e+02
1.154829829829829713e+01 9.377057434537437075e+02
1.156156156156156101e+01 9.379804941446874409e+02
1.157482482482482489e+01 9.382537080342226545e+02
1.158808808808808699e+01 9.385253829353162018e+02
1.160135135135135087e+01 9.387955166725764684e+02
1.161461461461461475e+01 9.390641070822819074e+02
1.162787787787787686e+01 9.393311520124103708e+02
1.164114114114114074e+01 9.395966493226685543e+02
1.165440440440440462e+01 9.398605968845195093e+02
1.166766766766766672e+01 9.401229925812131114e+02
1.168093093093093060e+01 9.403838343078127764e+02
1.169419419419419448e+01 9.406431199712246780e+02
1.170745745745745658e+01 9.409008474902259422e+02
1.172072072072072046e+01 9.411570147954921595e+02
1.173398398398398434e+01 9.414116198296261473e+02
1.174724724724724645e+01 9.416646605471845533e+02
1.176051051051051033e+01 9.419161349147065039e+02
1.177377377377377243e+01 9.421660409107400938e+02
1.178703703703703631e+01 9.424143765258702388e+02
1.180030030030030019e+01 9.426611397627453925e+02
1.181356356356356230e+01 9.429063286361053997e+02
1.182682682682682618e+01 9.431499411728068480e+02
1.184009009009009006e+01 9.433919754118504670e+02
1.185335335335335216e+01 9.436324294044082990e+02
1.186661661661661604e+01 9.438713012138487102e+02
1.187987987987987992e+01 9.441085889157634483e+02
1.189314314314314203e+01 9.443442905979932220e+02
1.190640640640640591e+01 9.445784043606538489e+02
1.191966966966966979e+01 9.448109283161618350e+02
1.193293293293293189e+01 9.450418605892593860e+02
1.194619619619619577e+01 9.452711993170410096e+02
1.195945945945945965e+01 9.454989426489776179e+02
1.197272272272272176e+01 9.457250887469419922e+02
1.198598598598598564e+01 9.459496357852337951e+02
1.199924924924924952e+01 9.461725819506034441e+02
1.201251251251251162e+01 9.463939254422780323e+02
1.202577577577577550e+01 9.466136644719852029e+02
1.203903903903903938e+01 9.468317972639765685e+02
1.205230230230230148e+01 9.470483220550528358e+02
1.206556556556556536e+01 9.472632370945872253e+02
1.207882882882882747e+01 9.474765406445495728e+02
1.209209209209209135e+01 9.476882309795291803e+02
1.210535535535535523e+01 9.478983063867594865e+02
1.211861861861861733e+01 9.481067651661394393e+02
1.213188188188188121e+01 9.483136056302585075e+02
1.214514514514514509e+01 9.485188261044185083e+02
1.215840840840840720e+01 9.487224249266564584e+02
1.217167167167167108e+01 9.489244004477677663e+02
1.218493493493493496e+01 9.491247510313273779e+02
1.219819819819819706e+01 9.493234750537135369e+02
1.221146146146146094e+01 9.495205709041285900e+02
1.222472472472472482e+01 9.497160369846219510e+02
1.223798798798798693e+01 9.499098717101110196e+02
1.225125125125125081e+01 9.501020735084030093e+02
1.226451451451451469e+01 9.502926408202159791e+02
1.227777777777777679e+01 9.504815720992014576e+02
1.229104104104104067e+01 9.506688658119634283e+02
1.230430430430430455e+01 9.508545204380809537e+02
1.231756756756756666e+01 9.510385344701280701e+02
1.233083083083083054e+01 9.512209064136936831e+02
1.234409409409409442e+01 9.514016347874033954e+02
1.235735735735735652e+01 9.515807181229390608e+02
1.237062062062062040e+01 9.517581549650585657e+02
1.238388388388388250e+01 9.519339438716147015e+02
1.239714714714714638e+01 9.521080834135779014e+02
1.241041041041041026e+01 9.522805721750522707e+02
1.242367367367367237e+01 9.524514087532968460e+02
1.243693693693693625e+01 9.526205917587442400e+02
1.245020020020020013e+01 9.527881198150192859e+02
1.246346346346346223e+01 9.529539915589587054e+02
1.247672672672672611e+01 9.531182056406287302e+02
1.248998998998998999e+01 9.532807607233443150e+02
1.250325325325325210e+01 9.534416554836866453e+02
1.251651651651651598e+01 9.536008886115215546e+02
1.252977977977977986e+01 9.537584588100180554e+02
1.254304304304304196e+01 9.539143647956648238e+02
1.255630630630630584e+01 9.540686052982889578e+02
1.256956956956956972e+01 9.542211790610715525e+02
1.258283283283283183e+01 9.543720848405675952e+02
1.259609609609609571e+01 9.545213214067205172e+02
1.260935935935935959e+01 9.546688875428803840e+02
1.262262262262262169e+01 9.548147820458194701e+02
1.263588588588588557e+01 9.549590037257501081e+02
1.264914914914914945e+01 9.551015514063393539e+02
1.266241241241241156e+01 9.552424239247263813e+02
1.267567567567567544e+01 9.553816201315382841e+02
1.268893893893893932e+01 9.555191388909045145e+02
1.270220220220220142e+01 9.556549790804740496e+02
1.271546546546546530e+01 9.557891395914298300e+02
1.272872872872872740e+01 9.559216193285039935e+02
1.274199199199199128e+01 9.560524172099935640e+02
1.275525525525525516e+01 9.561815321677743214e+02
1.276851851851851727e+01 9.563089631473158079e+02
1.278178178178178115e+01 9.564347091076962215e+02
1.279504504504504503e+01 9.565587690216161718e+02
1.280830830830830713e+01 9.566811418754119813e+02
1.282157157157157101e+01 9.568018266690719429e+02
1.283483483483483489e+01 9.569208224162471197e+02
1.284809809809809700e+01 9.570381281442678301e+02
1.286136136136136088e+01 9.571537428941543340e+02
1.287462462462462476e+01 9.572676657206307027e+02
1.288788788788788686e+01 9.573798956921395984e+02
1.290115115115115074e+01 9.574904318908522782e+02
1.291441441441441462e+01 9.575992734126833739e+02
1.292767767767767673e+01 9.577064193673020327e+02
1.294094094094094061e+01 9.578118688781447645e+02
1.295420420420420449e+01 9.579156210824269237e+02
1.296746746746746659e+01 9.580176751311554426e+02
1.298073073073073047e+01 9.581180301891391764e+02
1.299399399399399435e+01 9.582166854350017502e+02
1.300725725725725646e+01 9.583136400611920180e+02
1.302052052052052034e+01 9.584088932739948632e+02
1.303378378378378244e+01 9.585024442935430216e+02
1.304704704704704632e+01 9.585942923538274272e+02
1.306031031031031020e+01 9.586844367027074441e+02
1.307357357357357230e+01 9.587728766019210980e+02
1.308683683683683618e+01 9.588596113270959904e+02
1.310010010010010006e+01 9.589446401677582799e+02
1.311336336336336217e+01 9.590279624273432546e+02
1.312662662662662605e+01 9.591095774232046551e+02
1.313988988988988993e+01 9.591894844866236554e+02
1.315315315315315203e+01 9.592676829628182986e+02
1.316641641641641591e+01 9.593441722109530474e+02
1.317967967967967979e+01 9.594189516041467414e+02
1.319294294294294190e+01 9.594920205294813513e+02
1.320620620620620578e+01 9.595633783880111878e+02
1.321946946946946966e+01 9.596330245947702906e+02
1.323273273273273176e+01 9.597009585787809556e+02
1.324599599599599564e+01 9.597671797830605556e+02
1.325925925925925952e+01 9.598316876646310902e+02
1.327252252252252163e+01 9.598944816945254388e+02
1.328578578578578551e+01 9.599555613577942950e+02
1.329904904904904939e+01 9.600149261535137839e+02
1.331231231231231149e+01 9.600725755947923972e+02
1.332557557557557537e+01 9.601285092087781550e+02
1.333883883883883748e+01 9.601827265366639494e+02
1.335210210210210136e+01 9.602352271336944796e+02
1.336536536536536524e+01 9.602860105691726176e+02
1.337862862862862734e+01 9.603350764264647523e+02
1.339189189189189122e+01 9.603824243030073831e+02
1.340515515515515510e+01 9.604280538103116669e+02
1.341841841841841720e+01 9.604719645739689895e+02
1.343168168168168108e+01 9.605141562336567631e+02
1.344494494494494496e+01 9.605546284431433151e+02
1.345820820820820707e+01 9.605933808702914121e+02
1.347147147147147095e+01 9.606304131970645130e+02
1.348473473473473483e+01 9.606657251195297249e+02
1.349799799799799693e+01 9.606993163478630322e+02
1.351126126126126081e+01 9.607311866063525940e+02
1.352452452452452469e+01 9.607613356334031778e+02
1.353778778778778680e+01 9.607897631815392288e+02
1.355105105105105068e+01 9.608164690174082807e+02
1.356431431431431456e+01 9.608414529217841391e+02
1.357757757757757666e+01 9.608647146895709739e+02
1.359084084084084054e+01 9.608862541298044562e+02
1.360410410410410442e+01 9.609060710656549418e+02
1.361736736736736653e+01 9.609241653344316774e+02
1.363063063063063041e+01 9.609405367875816637e+02
1.364389389389389251e+01 9.609551852906947715e+02
1.365715715715715639e+01 9.609681107235037416e+02
1.367042042042042027e+01 9.609793129798870268e+02
1.368368368368368237e+01 9.609887919678690196e+02
1.369694694694694626e+01 9.609965476096225530e+02
1.371021021021021014e+01 9.610025798414695828e+02
1.372347347347347224e+01 9.610068886138813014e+02
1.373673673673673612e+01 9.610094738914797290e+02
1.375000000000000000e+01 9.610103356530376004e+02
