5.000000000000000000e-01 1.246839634347846868e+02
5.132632632632632141e-01 1.247428235042151243e+02
5.265265265265265393e-01 1.248015537649889097e+02
5.397897897897897534e-01 1.248601543554702289e+02
5.530530530530530786e-01 1.249186254147636248e+02
5.663163163163162928e-01 1.249769670827071195e+02
5.795795795795796179e-01 1.250351794998656487e+02
5.928428428428428321e-01 1.250932628075242974e+02
6.061061061061061572e-01 1.251512171476815922e+02
6.193693693693693714e-01 1.252090426630428794e+02
6.326326326326325855e-01 1.252667394970137877e+02
6.458958958958959107e-01 1.253243077936935208e+02
6.591591591591591248e-01 1.253817476978683487e+02
6.724224224224224500e-01 1.254390593550051562e+02
6.856856856856856641e-01 1.254962429112448206e+02
6.989489489489488783e-01 1.255532985133958448e+02
7.122122122122122034e-01 1.256102263089277642e+02
7.254754754754755286e-01 1.256670264459650070e+02
7.387387387387387427e-01 1.257236990732801019e+02
7.520020020020019569e-01 1.257802443402877941e+02
7.652652652652652820e-01 1.258366623970384239e+02
7.785285285285284962e-01 1.258929533942115029e+02
7.917917917917918214e-01 1.259491174831098590e+02
8.050550550550550355e-01 1.260051548156530430e+02
8.183183183183182496e-01 1.260610655443713028e+02
8.315815815815815748e-01 1.261168498223991037e+02
8.448448448448449000e-01 1.261725078034695571e+02
8.581081081081081141e-01 1.262280396419075998e+02
8.713713713713713283e-01 1.262834454926244234e+02
8.846346346346345424e-01 1.263387255111110221e+02
8.978978978978978676e-01 1.263938798534325656e+02
9.111611611611611927e-01 1.264489086762218335e+02
9.244244244244244069e-01 1.265038121366737869e+02
9.376876876876876210e-01 1.265585903925392870e+02
9.509509509509509462e-01 1.266132436021190983e+02
9.642142142142142713e-01 1.266677719242582612e+02
9.774774774774774855e-01 1.267221755183400944e+02
9.907407407407406996e-01 1.267764545442801420e+02
1.004004004004003914e+00 1.268306091625207728e+02
1.017267267267267350e+00 1.268846395340249273e+02
1.030530530530530564e+00 1.269385458202706616e+02
1.043793793793793778e+00 1.269923281832453483e+02
1.057057057057056992e+00 1.270459867854399647e+02
1.070320320320320207e+00 1.270995217898432657e+02
1.083583583583583643e+00 1.271529333599362985e+02
1.096846846846846857e+00 1.272062216596868041e+02
1.110110110110110071e+00 1.272593868535434751e+02
1.123373373373373507e+00 1.273124291064304145e+02
1.136636636636636499e+00 1.273653485837417350e+02
1.149899899899899935e+00 1.274181454513357323e+02
1.163163163163163150e+00 1.274708198755298270e+02
1.176426426426426364e+00 1.275233720230947938e+02
1.189689689689689800e+00 1.275758020612492487e+02
1.202952952952952792e+00 1.276281101576546178e+02
1.216216216216216228e+00 1.276802964804094245e+02
1.229479479479479442e+00 1.277323611980439750e+02
1.242742742742742657e+00 1.277843044795152991e+02
1.256006006006006093e+00 1.278361264942014373e+02
1.269269269269269085e+00 1.278878274118964953e+02
1.282532532532532521e+00 1.279394074028051875e+02
1.295795795795795735e+00 1.279908666375378630e+02
1.309059059059058949e+00 1.280422052871050198e+02
1.322322322322322385e+00 1.280934235229123885e+02
1.335585585585585600e+00 1.281445215167556455e+02
1.348848848848848814e+00 1.281954994408152118e+02
1.362112112112112028e+00 1.282463574676515066e+02
1.375375375375375242e+00 1.282970957701994905e+02
1.388638638638638678e+00 1.283477145217639475e+02
1.401901901901901892e+00 1.283982138960142265e+02
1.415165165165165106e+00 1.284485940669794957e+02
1.428428428428428543e+00 1.284988552090435974e+02
1.441691691691691535e+00 1.285489974969401032e+02
1.454954954954954971e+00 1.285990211057476813e+02
1.468218218218218185e+00 1.286489262108849232e+02
1.481481481481481399e+00 1.286987129881055409e+02
1.494744744744744835e+00 1.287483816134937058e+02
1.508008008008008050e+00 1.287979322634592165e+02
1.521271271271271264e+00 1.288473651147324119e+02
1.534534534534534478e+00 1.288966803443598792e+02
1.547797797797797692e+00 1.289458781296994800e+02
1.561061061061061128e+00 1.289949586484155475e+02
1.574324324324324342e+00 1.290439220784745658e+02
1.587587587587587556e+00 1.290927685981401396e+02
1.600850850850850771e+00 1.291414983859686743e+02
1.614114114114113985e+00 1.291901116208045437e+02
1.627377377377377421e+00 1.292386084817757137e+02
1.640640640640640635e+00 1.292869891482890239e+02
1.653903903903903849e+00 1.293352538000258960e+02
1.667167167167167063e+00 1.293834026169375875e+02
1.680430430430430278e+00 1.294314357792407577e+02
1.693693693693693714e+00 1.294793534674133468e+02
1.706956956956956928e+00 1.295271558621896020e+02
1.720220220220220142e+00 1.295748431445562971e+02
1.733483483483483356e+00 1.296224154957476742e+02
1.746746746746746792e+00 1.296698730972418332e+02
1.760010010010010006e+00 1.297172161307557872e+02
1.773273273273273221e+00 1.297644447782415682e+02
1.786536536536536435e+00 1.298115592218817085e+02
1.799799799799799649e+00 1.298585596440851191e+02
1.813063063063063085e+00 1.299054462274828552e+02
1.826326326326326299e+00 1.299522191549239665e+02
1.839589589589589513e+00 1.299988786094710349e+02
1.852852852852852727e+00 1.300454247743964231e+02
1.866116116116116164e+00 1.300918578331779827e+02
1.879379379379379378e+00 1.301381779694946488e+02
1.892642642642642592e+00 1.301843853672229443e+02
1.905905905905905806e+00 1.302304802104324040e+02
1.919169169169169020e+00 1.302764626833819079e+02
1.932432432432432456e+00 1.303223329705153049e+02
1.945695695695695671e+00 1.303680912564578591e+02
1.958958958958958885e+00 1.304137377260118171e+02
1.972222222222222099e+00 1.304592725641528830e+02
1.985485485485485313e+00 1.305046959560260404e+02
1.998748748748748749e+00 1.305500080869418298e+02
2.012012012012012185e+00 1.305952091423721697e+02
2.025275275275275177e+00 1.306402993079469752e+02
2.038538538538538170e+00 1.306852787694499511e+02
2.051801801801802050e+00 1.307301477128149827e+02
2.065065065065065042e+00 1.307749063241222416e+02
2.078328328328328034e+00 1.308195547895944912e+02
2.091591591591591470e+00 1.308640932955933920e+02
2.104854854854854906e+00 1.309085220286156641e+02
2.118118118118117899e+00 1.309528411752895352e+02
2.131381381381381335e+00 1.309970509223709598e+02
2.144644644644644771e+00 1.310411514567402094e+02
2.157907907907907763e+00 1.310851429653977505e+02
2.171171171171171199e+00 1.311290256354612325e+02
2.184434434434434635e+00 1.311727996541615937e+02
2.197697697697697627e+00 1.312164652088393950e+02
2.210960960960960620e+00 1.312600224869416365e+02
2.224224224224224056e+00 1.313034716760179208e+02
2.237487487487487492e+00 1.313468129637172410e+02
2.250750750750750484e+00 1.313900465377842011e+02
2.264014014014013920e+00 1.314331725860558038e+02
2.277277277277277356e+00 1.314761912964580119e+02
2.290540540540540349e+00 1.315191028570021672e+02
2.303803803803803785e+00 1.315619074557818635e+02
2.317067067067067221e+00 1.316046052809693663e+02
2.330330330330330213e+00 1.316471965208123152e+02
2.343593593593593205e+00 1.316896813636305410e+02
2.356856856856857085e+00 1.317320599978127120e+02
2.370120120120120077e+00 1.317743326118128095e+02
2.383383383383383070e+00 1.318164993941472858e+02
2.396646646646646506e+00 1.318585605333915680e+02
2.409909909909909942e+00 1.319005162181768185e+02
2.423173173173172934e+00 1.319423666371869786e+02
2.436436436436436370e+00 1.319841119791553297e+02
2.449699699699699806e+00 1.320257524328614522e+02
2.462962962962962798e+00 1.320672881871281277e+02
2.476226226226226235e+00 1.321087194308182120e+02
2.489489489489489671e+00 1.321500463528314242e+02
2.502752752752752663e+00 1.321912691421015609e+02
2.516016016016016099e+00 1.322323879875930288e+02
2.529279279279279091e+00 1.322734030782982302e+02
2.542542542542542527e+00 1.323143146032342941e+02
2.555805805805805520e+00 1.323551227514402058e+02
2.569069069069068956e+00 1.323958277119737375e+02
2.582332332332332392e+00 1.324364296739085489e+02
2.595595595595595384e+00 1.324769288263312887e+02
2.608858858858858820e+00 1.325173253583386099e+02
2.622122122122122256e+00 1.325576194590343562e+02
2.635385385385385248e+00 1.325978113175266344e+02
2.648648648648648685e+00 1.326379011229250011e+02
2.661911911911911677e+00 1.326778890643375348e+02
2.675175175175175113e+00 1.327177753308682213e+02
2.688438438438438549e+00 1.327575601116138841e+02
2.701701701701701541e+00 1.327972435956615413e+02
2.714964964964964977e+00 1.328368259720857907e+02
2.728228228228227970e+00 1.328763074299458538e+02
2.741491491491491406e+00 1.329156881582829328e+02
2.754754754754754842e+00 1.329549683461175107e+02
2.768018018018017834e+00 1.329941481824467076e+02
2.781281281281281270e+00 1.330332278562415240e+02
2.794544544544544262e+00 1.330722075564442832e+02
2.807807807807807698e+00 1.331110874719660160e+02
2.821071071071071135e+00 1.331498677916837039e+02
2.834334334334334127e+00 1.331885487044378351e+02
2.847597597597597563e+00 1.332271303990298463e+02
2.860860860860860555e+00 1.332656130642194228e+02
2.874124124124123991e+00 1.333039968887220823e+02
2.887387387387387427e+00 1.333422820612066175e+02
2.900650650650650419e+00 1.333804687702925662e+02
2.913913913913913856e+00 1.334185572045478239e+02
2.927177177177177292e+00 1.334565475524861426e+02
2.940440440440440284e+00 1.334944400025645166e+02
2.953703703703703720e+00 1.335322347431810215e+02
2.966966966966966712e+00 1.335699319626721717e+02
2.980230230230230148e+00 1.336075318493107318e+02
2.993493493493493585e+00 1.336450345913031583e+02
3.006756756756756577e+00 1.336824403767874117e+02
3.020020020020020013e+00 1.337197493938303126e+02
3.033283283283283005e+00 1.337569618304256096e+02
3.046546546546546441e+00 1.337940778744914212e+02
3.059809809809809877e+00 1.338310977138679903e+02
3.073073073073072869e+00 1.338680215363154105e+02
3.086336336336336306e+00 1.339048495295113810e+02
3.099599599599599298e+00 1.339415818810489611e+02
3.112862862862862734e+00 1.339782187784343250e+02
3.126126126126126170e+00 1.340147604090846585e+02
3.139389389389389162e+00 1.340512069603257714e+02
3.152652652652652598e+00 1.340875586193900517e+02
3.165915915915915591e+00 1.341238155734143334e+02
3.179179179179179027e+00 1.341599780094376229e+02
3.192442442442442463e+00 1.341960461143991949e+02
3.205705705705705455e+00 1.342320200751361483e+02
3.218968968968968891e+00 1.342679000783816718e+02
3.232232232232232327e+00 1.343036863107627426e+02
3.245495495495495319e+00 1.343393789587980507e+02
3.258758758758758756e+00 1.343749782088960387e+02
3.272022022022021748e+00 1.344104842473529402e+02
3.285285285285285184e+00 1.344458972603506197e+02
3.298548548548548620e+00 1.344812174339545550e+02
3.311811811811811612e+00 1.345164449541120462e+02
3.325075075075075048e+00 1.345515800066500844e+02
3.338338338338338041e+00 1.345866227772733339e+02
3.351601601601601477e+00 1.346215734515624263e+02
3.364864864864864913e+00 1.346564322149718578e+02
3.378128128128127905e+00 1.346911992528281985e+02
3.391391391391391341e+00 1.347258747503279608e+02
3.404654654654654333e+00 1.347604588925361213e+02
3.417917917917917769e+00 1.347949518643838189e+02
3.431181181181181206e+00 1.348293538506668483e+02
3.444444444444444198e+00 1.348636650360436420e+02
3.457707707707707634e+00 1.348978856050335651e+02
3.470970970970970626e+00 1.349320157420148973e+02
3.484234234234234062e+00 1.349660556312234405e+02
3.497497497497497498e+00 1.350000054567502730e+02
3.510760760760760490e+00 1.350338654025403287e+02
3.524024024024023927e+00 1.350676356523905497e+02
3.537287287287287363e+00 1.351013163899481242e+02
3.550550550550550355e+00 1.351349077987086957e+02
3.563813813813813791e+00 1.351684100620149138e+02
3.577077077077076783e+00 1.352018233630544728e+02
3.590340340340340219e+00 1.352351478848585771e+02
3.603603603603603656e+00 1.352683838103002074e+02
3.616866866866866648e+00 1.353015313220926146e+02
3.630130130130130084e+00 1.353345906027874435e+02
3.643393393393393076e+00 1.353675618347734542e+02
3.656656656656656512e+00 1.354004452002745325e+02
3.669919919919919948e+00 1.354332408813482971e+02
3.683183183183182940e+00 1.354659490598846219e+02
3.696446446446446377e+00 1.354985699176039020e+02
3.709709709709709369e+00 1.355311036360554340e+02
3.722972972972972805e+00 1.355635503966161934e+02
3.736236236236236241e+00 1.355959103804889594e+02
3.749499499499499233e+00 1.356281837687010352e+02
3.762762762762762669e+00 1.356603707421026002e+02
3.776026026026026106e+00 1.356924714813653168e+02
3.789289289289289098e+00 1.357244861669808813e+02
3.802552552552552534e+00 1.357564149792594321e+02
3.815815815815815526e+00 1.357882580983281855e+02
3.829079079079078962e+00 1.358200157041300145e+02
3.842342342342342398e+00 1.358516879764219993e+02
3.855605605605605390e+00 1.358832750947740635e+02
3.868868868868868827e+00 1.359147772385675808e+02
3.882132132132131819e+00 1.359461945869937551e+02
3.895395395395395255e+00 1.359775273190526264e+02
3.908658658658658691e+00 1.360087756135514212e+02
3.921921921921921683e+00 1.360399396491033883e+02
3.935185185185185119e+00 1.360710196041262918e+02
3.948448448448448111e+00 1.361020156568413029e+02
3.961711711711711548e+00 1.361329279852714649e+02
3.974974974974974984e+00 1.361637567672404430e+02
3.988238238238237976e+00 1.361945021803714724e+02
4.001501501501500968e+00 1.362251644020857384e+02
4.014764764764764848e+00 1.362557436096012964e+02
4.028028028028027840e+00 1.362862399799319633e+02
4.041291291291290833e+00 1.363166536898856691e+02
4.054554554554554713e+00 1.363469849160635761e+02
4.067817817817817705e+00 1.363772338348588562e+02
4.081081081081080697e+00 1.364074006224552136e+02
4.094344344344344577e+00 1.364374854548259748e+02
4.107607607607607569e+00 1.364674885077327815e+02
4.120870870870870561e+00 1.364974099567243968e+02
4.134134134134134442e+00 1.365272499771356536e+02
4.147397397397397434e+00 1.365570087440861755e+02
4.160660660660660426e+00 1.365866864324792687e+02
4.173923923923924306e+00 1.366162832170009267e+02
4.187187187187186410e+00 1.366457992721185519e+02
4.200450450450450290e+00 1.366752347720799605e+02
4.213713713713714171e+00 1.367045898909121320e+02
4.226976976976976275e+00 1.367338648024203565e+02
4.240240240240240155e+00 1.367630596801870411e+02
4.253503503503503147e+00 1.367921746975705730e+02
4.266766766766766139e+00 1.368212100277044101e+02
4.280030030030030019e+00 1.368501658434959438e+02
4.293293293293293011e+00 1.368790423176255615e+02
4.306556556556556004e+00 1.369078396225455094e+02
4.319819819819819884e+00 1.369365579304790401e+02
4.333083083083082876e+00 1.369651974134191335e+02
4.346346346346345868e+00 1.369937582431278997e+02
4.359609609609609748e+00 1.370222405911353576e+02
4.372872872872872740e+00 1.370506446287383824e+02
4.386136136136135732e+00 1.370789705270000240e+02
4.399399399399399613e+00 1.371072184567483703e+02
4.412662662662662605e+00 1.371353885885755801e+02
4.425925925925925597e+00 1.371634810928371451e+02
4.439189189189189477e+00 1.371914961396507806e+02
4.452452452452452469e+00 1.372194338988955735e+02
4.465715715715715461e+00 1.372472945402111577e+02
4.478978978978979342e+00 1.372750782329967194e+02
4.492242242242241446e+00 1.373027851464102866e+02
4.505505505505505326e+00 1.373304154493675924e+02
4.518768768768768318e+00 1.373579693105414776e+02
4.532032032032032198e+00 1.373854468983608967e+02
4.545295295295295190e+00 1.374128483810100931e+02
4.558558558558558182e+00 1.374401739264278035e+02
4.571821821821822063e+00 1.374674237023064904e+02
4.585085085085085055e+00 1.374945978760913476e+02
4.598348348348348047e+00 1.375216966149796747e+02
4.611611611611611039e+00 1.375487200859199959e+02
4.624874874874874919e+00 1.375756684556114067e+02
4.638138138138137911e+00 1.376025418905024935e+02
4.651401401401400904e+00 1.376293405567909076e+02
4.664664664664664784e+00 1.376560646204224838e+02
4.677927927927927776e+00 1.376827142470903027e+02
4.691191191191190768e+00 1.377092896022344064e+02
4.704454454454454648e+00 1.377357908510404343e+02
4.717717717717717640e+00 1.377622181584395094e+02
4.730980980980980632e+00 1.377885716891071013e+02
4.744244244244244513e+00 1.378148516074627139e+02
4.757507507507507505e+00 1.378410580776686913e+02
4.770770770770770497e+00 1.378671912636298771e+02
4.784034034034033489e+00 1.378932513289929318e+02
4.797297297297297369e+00 1.379192384371455660e+02
4.810560560560560361e+00 1.379451527512157725e+02
4.823823823823823354e+00 1.379709944340714287e+02
4.837087087087087234e+00 1.379967636483194724e+02
4.850350350350350226e+00 1.380224605563052762e+02
4.863613613613613218e+00 1.380480853201121363e+02
4.876876876876877098e+00 1.380736381015604195e+02
4.890140140140140090e+00 1.380991190622071940e+02
4.903403403403403082e+00 1.381245283633454619e+02
4.916666666666666075e+00 1.381498661660037328e+02
4.929929929929929955e+00 1.381751326309451997e+02
4.943193193193192947e+00 1.382003279186673126e+02
4.956456456456455939e+00 1.382254521894011532e+02
4.969719719719719819e+00 1.382505056031109518e+02
4.982982982982982811e+00 1.382754883194934052e+02
4.996246246246245803e+00 1.383004004979771651e+02
5.009509509509509684e+00 1.383252422977224114e+02
5.022772772772772676e+00 1.383500138776200856e+02
5.036036036036035668e+00 1.383747153962915206e+02
5.049299299299299548e+00 1.383993470120880147e+02
5.062562562562562540e+00 1.384239088830900073e+02
5.075825825825825532e+00 1.384484011671068515e+02
5.089089089089088525e+00 1.384728240216763027e+02
5.102352352352352405e+00 1.384971776040636939e+02
5.115615615615615397e+00 1.385214620712621070e+02
5.128878878878878389e+00 1.385456775799910645e+02
5.142142142142142269e+00 1.385698242866967291e+02
5.155405405405405261e+00 1.385939023475511647e+02
5.168668668668668253e+00 1.386179119184519095e+02
5.181931931931932134e+00 1.386418531550214368e+02
5.195195195195195126e+00 1.386657262126069838e+02
5.208458458458458118e+00 1.386895312462796994e+02
5.221721721721721110e+00 1.387132684108347007e+02
5.234984984984984990e+00 1.387369378607903059e+02
5.248248248248247982e+00 1.387605397503876077e+02
5.261511511511510975e+00 1.387840742335903030e+02
5.274774774774774855e+00 1.388075414640842098e+02
5.288038038038037847e+00 1.388309415952766415e+02
5.301301301301300839e+00 1.388542747802963504e+02
5.314564564564564719e+00 1.388775411719929593e+02
5.327827827827827711e+00 1.389007409229366203e+02
5.341091091091090703e+00 1.389238741854176169e+02
5.354354354354354584e+00 1.389469411114461082e+02
5.367617617617617576e+00 1.389699418527516457e+02
5.380880880880880568e+00 1.389928765607828609e+02
5.394144144144143560e+00 1.390157453867071240e+02
5.407407407407407440e+00 1.390385484814104302e+02
5.420670670670670432e+00 1.390612859954964620e+02
5.433933933933933424e+00 1.390839580792869867e+02
5.447197197197197305e+00 1.391065648828211181e+02
5.460460460460460297e+00 1.391291065558550315e+02
5.473723723723723289e+00 1.391515832478618222e+02
5.486986986986987169e+00 1.391739951080310220e+02
5.500250250250250161e+00 1.391963422852684005e+02
5.513513513513513153e+00 1.392186249281956805e+02
5.526776776776776146e+00 1.392408431851502542e+02
5.540040040040040026e+00 1.392629972041848134e+02
5.553303303303303018e+00 1.392850871330672078e+02
5.566566566566566010e+00 1.393071131192801602e+02
5.579829829829829890e+00 1.393290753100208690e+02
5.593093093093092882e+00 1.393509738522009798e+02
5.606356356356355874e+00 1.393728088924459882e+02
5.619619619619619755e+00 1.393945805770954394e+02
5.632882882882882747e+00 1.394162890522023872e+02
5.646146146146145739e+00 1.394379344635332529e+02
5.659409409409409619e+00 1.394595169565675974e+02
5.672672672672672611e+00 1.394810366764978085e+02
5.685935935935935603e+00 1.395024937682290727e+02
5.699199199199198596e+00 1.395238883763790341e+02
5.712462462462462476e+00 1.395452206452775386e+02
5.725725725725725468e+00 1.395664907189666053e+02
5.738988988988988460e+00 1.395876987412000858e+02
5.752252252252252340e+00 1.396088448554435217e+02
5.765515515515515332e+00 1.396299292048740028e+02
5.778778778778778324e+00 1.396509519323799395e+02
5.792042042042042205e+00 1.396719131805607219e+02
5.805305305305305197e+00 1.396928130917270607e+02
5.818568568568568189e+00 1.397136518079001632e+02
5.831831831831831181e+00 1.397344294708121026e+02
5.845095095095095061e+00 1.397551462219053917e+02
5.858358358358358053e+00 1.397758022023328977e+02
5.871621621621621046e+00 1.397963975529576430e+02
5.884884884884884926e+00 1.398169324143528058e+02
5.898148148148147918e+00 1.398374069268014921e+02
5.911411411411410910e+00 1.398578212302966222e+02
5.924674674674674790e+00 1.398781754645407318e+02
5.937937937937937782e+00 1.398984697689460006e+02
5.951201201201200774e+00 1.399187042826339109e+02
5.964464464464464655e+00 1.399388791444354752e+02
5.977727727727727647e+00 1.399589944928907528e+02
5.990990990990990639e+00 1.399790504662491060e+02
6.004254254254253631e+00 1.399990472024687733e+02
6.017517517517517511e+00 1.400189848392170404e+02
6.030780780780780503e+00 1.400388635138698703e+02
6.044044044044043495e+00 1.400586833635121593e+02
6.057307307307307376e+00 1.400784445249374244e+02
6.070570570570570368e+00 1.400981471346477463e+02
6.083833833833833360e+00 1.401177913288538548e+02
6.097097097097097240e+00 1.401373772434747877e+02
6.110360360360360232e+00 1.401569050141380899e+02
6.123623623623623224e+00 1.401763747761796139e+02
6.136886886886886217e+00 1.401957866646435775e+02
6.150150150150150097e+00 1.402151408142822788e+02
6.163413413413413089e+00 1.402344373595564093e+02
6.176676676676676081e+00 1.402536764346346558e+02
6.189939939939939961e+00 1.402728581733938995e+02
6.203203203203202953e+00 1.402919827094191021e+02
6.216466466466465945e+00 1.403110501760032776e+02
6.229729729729729826e+00 1.403300607061474068e+02
6.242992992992992818e+00 1.403490144325605513e+02
6.256256256256255810e+00 1.403679114876597680e+02
6.269519519519519690e+00 1.403867520035699670e+02
6.282782782782782682e+00 1.404055361121241674e+02
6.296046046046045674e+00 1.404242639448633270e+02
6.309309309309308667e+00 1.404429356330362850e+02
6.322572572572572547e+00 1.404615513075999331e+02
6.335835835835835539e+00 1.404801110992189592e+02
6.349099099099098531e+00 1.404986151382662172e+02
6.362362362362362411e+00 1.405170635548224425e+02
6.375625625625625403e+00 1.405354564786764229e+02
6.388888888888888395e+00 1.405537940393249414e+02
6.402152152152152276e+00 1.405720763659728050e+02
6.415415415415415268e+00 1.405903035875329579e+02
6.428678678678678260e+00 1.406084758326264250e+02
6.441941941941941252e+00 1.406265932295822552e+02
6.455205205205205132e+00 1.406446559064379471e+02
6.468468468468468124e+00 1.406626639909389382e+02
6.481731731731731116e+00 1.406806176105391160e+02
6.494994994994994997e+00 1.406985168924005336e+02
6.508258258258257989e+00 1.407163619633937799e+02
6.521521521521520981e+00 1.407341529500976947e+02
6.534784784784784861e+00 1.407518899787997384e+02
6.548048048048047853e+00 1.407695731754958786e+02
6.561311311311310845e+00 1.407872026658905611e+02
6.574574574574574726e+00 1.408047785753971368e+02
6.587837837837837718e+00 1.408223010291374919e+02
6.601101101101100710e+00 1.408397701519425027e+02
6.614364364364363702e+00 1.408571860683518082e+02
6.627627627627627582e+00 1.408745489026142081e+02
6.640890890890890574e+00 1.408918587786873502e+02
6.654154154154153566e+00 1.409091158202382132e+02
6.667417417417417447e+00 1.409263201506429937e+02
6.680680680680680439e+00 1.409434718929871906e+02
6.693943943943943431e+00 1.409605711700657480e+02
6.707207207207207311e+00 1.409776181043831400e+02
6.720470470470470303e+00 1.409946128181535983e+02
6.733733733733733295e+00 1.410115554333009129e+02
6.746996996996997176e+00 1.410284460714590011e+02
6.760260260260260168e+00 1.410452848539714523e+02
6.773523523523523160e+00 1.410620719018921818e+02
6.786786786786786152e+00 1.410788073359852319e+02
6.800050050050050032e+00 1.410954912767249425e+02
6.813313313313313024e+00 1.411121238442962067e+02
6.826576576576576016e+00 1.411287051585943857e+02
6.839839839839839897e+00 1.411452353392255930e+02
6.853103103103102889e+00 1.411617145055068931e+02
6.866366366366365881e+00 1.411781427764661885e+02
6.879629629629629761e+00 1.411945202708425313e+02
6.892892892892892753e+00 1.412108471070862663e+02
6.906156156156155745e+00 1.412271234033592577e+02
6.919419419419418738e+00 1.412433492775346622e+02
6.932682682682682618e+00 1.412595248471975822e+02
6.945945945945945610e+00 1.412756502296449241e+02
6.959209209209208602e+00 1.412917255418855120e+02
6.972472472472472482e+00 1.413077509006404000e+02
6.985735735735735474e+00 1.413237264223430145e+02
6.998998998998998466e+00 1.413396522231391828e+02
7.012262262262262347e+00 1.413555284188874737e+02
7.025525525525525339e+00 1.413713551251592833e+02
7.038788788788788331e+00 1.413871324572389199e+02
7.052052052052052211e+00 1.414028605301239736e+02
7.065315315315315203e+00 1.414185394585253448e+02
7.078578578578578195e+00 1.414341693568673861e+02
7.091841841841841187e+00 1.414497503392883004e+02
7.105105105105105068e+00 1.414652825196399988e+02
7.118368368368368060e+00 1.414807660114887256e+02
7.131631631631631052e+00 1.414962009281147459e+02
7.144894894894894932e+00 1.415115873825129711e+02
7.158158158158157924e+00 1.415269254873927878e+02
7.171421421421420916e+00 1.415422153551785698e+02
7.184684684684684797e+00 1.415574570980096496e+02
7.197947947947947789e+00 1.415726508277407447e+02
7.211211211211210781e+00 1.415877966559418155e+02
7.224474474474473773e+00 1.416028946938986621e+02
7.237737737737737653e+00 1.416179450526128392e+02
7.251001001001000645e+00 1.416329478428019968e+02
7.264264264264263637e+00 1.416479031749001081e+02
7.277527527527527518e+00 1.416628111590576395e+02
7.290790790790790510e+00 1.416776719051417501e+02
7.304054054054053502e+00 1.416924855227364901e+02
7.317317317317317382e+00 1.417072521211432274e+02
7.330580580580580374e+00 1.417219718093805056e+02
7.343843843843843366e+00 1.417366446961846123e+02
7.357107107107107247e+00 1.417512708900097209e+02
7.370370370370370239e+00 1.417658504990278630e+02
7.383633633633633231e+00 1.417803836311295527e+02
7.396896896896896223e+00 1.417948703939238158e+02
7.410160160160160103e+00 1.418093108947383882e+02
7.423423423423423095e+00 1.418237052406200007e+02
7.436686686686686087e+00 1.418380535383346626e+02
7.449949949949949968e+00 1.418523558943679745e+02
7.463213213213212960e+00 1.418666124149251289e+02
7.476476476476475952e+00 1.418808232059313923e+02
7.489739739739739832e+00 1.418949883730322199e+02
7.503003003003002824e+00 1.419091080215936245e+02
7.516266266266265816e+00 1.419231822567022050e+02
7.529529529529528808e+00 1.419372111831658003e+02
7.542792792792792689e+00 1.419511949055132334e+02
7.556056056056055681e+00 1.419651335279950501e+02
7.569319319319318673e+00 1.419790271545834628e+02
7.582582582582582553e+00 1.419928758889727476e+02
7.595845845845845545e+00 1.420066798345794723e+02
7.609109109109108537e+00 1.420204390945428088e+02
7.622372372372372418e+00 1.420341537717247036e+02
7.635635635635635410e+00 1.420478239687103326e+02
7.648898898898898402e+00 1.420614497878081011e+02
7.662162162162162282e+00 1.420750313310501269e+02
7.675425425425425274e+00 1.420885687001925533e+02
7.688688688688688266e+00 1.421020619967156620e+02
7.701951951951951258e+00 1.421155113218241581e+02
7.715215215215215139e+00 1.421289167764476531e+02
7.728478478478478131e+00 1.421422784612407213e+02
7.741741741741741123e+00 1.421555964765832982e+02
7.755005005005005003e+00 1.421688709225810214e+02
7.768268268268267995e+00 1.421821018990654011e+02
7.781531531531530987e+00 1.421952895055940189e+02
7.794794794794794868e+00 1.422084338414512672e+02
7.808058058058057860e+00 1.422215350056480361e+02
7.821321321321320852e+00 1.422345930969224526e+02
7.834584584584583844e+00 1.422476082137400510e+02
7.847847847847847724e+00 1.422605804542940007e+02
7.861111111111110716e+00 1.422735099165054748e+02
7.874374374374373708e+00 1.422863966980239070e+02
7.887637637637637589e+00 1.422992408962274453e+02
7.900900900900900581e+00 1.423120426082230097e+02
7.914164164164163573e+00 1.423248019308467747e+02
7.927427427427427453e+00 1.423375189606644255e+02
7.940690690690690445e+00 1.423501937939714992e+02
7.953953953953953437e+00 1.423628265267936683e+02
7.967217217217217318e+00 1.423754172548870827e+02
7.980480480480480310e+00 1.423879660737385109e+02
7.993743743743743302e+00 1.424004730785659660e+02
8.007007007007006294e+00 1.424129383643188476e+02
8.020270270270270174e+00 1.424253620256781971e+02
8.033533533533532278e+00 1.424377441570571818e+02
8.046796796796796158e+00 1.424500848526012646e+02
8.060060060060060039e+00 1.424623842061885171e+02
8.073323323323322143e+00 1.424746423114302161e+02
8.086586586586586023e+00 1.424868592616707872e+02
8.099849849849849903e+00 1.424990351499884582e+02
8.113113113113112007e+00 1.425111700691953160e+02
8.126376376376375887e+00 1.425232641118378467e+02
8.139639639639639768e+00 1.425353173701971627e+02
8.152902902902901872e+00 1.425473299362892590e+02
8.166166166166165752e+00 1.425593019018656094e+02
8.179429429429429632e+00 1.425712333584132239e+02
8.192692692692691736e+00 1.425831243971550748e+02
8.205955955955955616e+00 1.425949751090505231e+02
8.219219219219219497e+00 1.426067855847954888e+02
8.232482482482481601e+00 1.426185559148230197e+02
8.245745745745745481e+00 1.426302861893032627e+02
8.259009009009009361e+00 1.426419764981442597e+02
8.272272272272271465e+00 1.426536269309918907e+02
8.285535535535535345e+00 1.426652375772305277e+02
8.298798798798799226e+00 1.426768085259830912e+02
8.312062062062061329e+00 1.426883398661116757e+02
8.325325325325325210e+00 1.426998316862175216e+02
8.338588588588589090e+00 1.427112840746418954e+02
8.351851851851851194e+00 1.427226971194659200e+02
8.365115115115115074e+00 1.427340709085111996e+02
8.378378378378378954e+00 1.427454055293400472e+02
8.391641641641641058e+00 1.427567010692559109e+02
8.404904904904904939e+00 1.427679576153037146e+02
8.418168168168168819e+00 1.427791752542702284e+02
8.431431431431430923e+00 1.427903540726842380e+02
8.444694694694694803e+00 1.428014941568171423e+02
8.457957957957958683e+00 1.428125955926831239e+02
8.471221221221220787e+00 1.428236584660395749e+02
8.484484484484482891e+00 1.428346828623875240e+02
8.497747747747748548e+00 1.428456688669718062e+02
8.511011011011010652e+00 1.428566165647815183e+02
8.524274274274274532e+00 1.428675260405504162e+02
8.537537537537536636e+00 1.428783973787571426e+02
8.550800800800800516e+00 1.428892306636256819e+02
8.564064064064064397e+00 1.429000259791256724e+02
8.577327327327326500e+00 1.429107834089728044e+02
8.590590590590590381e+00 1.429215030366291614e+02
8.603853853853854261e+00 1.429321849453033906e+02
8.617117117117116365e+00 1.429428292179512425e+02
8.630380380380380245e+00 1.429534359372760832e+02
8.643643643643644126e+00 1.429640051857288370e+02
8.656906906906906229e+00 1.429745370455086118e+02
8.670170170170170110e+00 1.429850315985630687e+02
8.683433433433432214e+00 1.429954889265885924e+02
8.696696696696696094e+00 1.430059091110307747e+02
8.709959959959959974e+00 1.430162922330846982e+02
8.723223223223222078e+00 1.430266383736954765e+02
8.736486486486485958e+00 1.430369476135582261e+02
8.749749749749749839e+00 1.430472200331188048e+02
8.763013013013011943e+00 1.430574557125739261e+02
8.776276276276275823e+00 1.430676547318715848e+02
8.789539539539539703e+00 1.430778171707113700e+02
8.802802802802801807e+00 1.430879431085448630e+02
8.816066066066065687e+00 1.430980326245759500e+02
8.829329329329329568e+00 1.431080857977612197e+02
8.842592592592591672e+00 1.431181027068100491e+02
8.855855855855855552e+00 1.431280834301854270e+02
8.869119119119119432e+00 1.431380280461038694e+02
8.882382382382381536e+00 1.431479366325359308e+02
8.895645645645645416e+00 1.431578092672065168e+02
8.908908908908909297e+00 1.431676460275952252e+02
8.922172172172171400e+00 1.431774469909368008e+02
8.935435435435435281e+00 1.431872122342211640e+02
8.948698698698699161e+00 1.431969418341940070e+02
8.961961961961961265e+00 1.432066358673571642e+02
8.975225225225225145e+00 1.432162944099686968e+02
8.988488488488489025e+00 1.432259175380434613e+02
9.001751751751751129e+00 1.432355053273531666e+02
9.015015015015015010e+00 1.432450578534271131e+02
9.028278278278277114e+00 1.432545751915520782e+02
9.041541541541540994e+00 1.432640574167728857e+02
9.054804804804804874e+00 1.432735046038926896e+02
9.068068068068066978e+00 1.432829168274732581e+02
9.081331331331330858e+00 1.432922941618353150e+02
9.094594594594594739e+00 1.433016366810588522e+02
9.107857857857856843e+00 1.433109444589833856e+02
9.121121121121120723e+00 1.433202175692082960e+02
9.134384384384384603e+00 1.433294560850932271e+02
9.147647647647646707e+00 1.433386600797583981e+02
9.160910910910910587e+00 1.433478296260845752e+02
9.174174174174174468e+00 1.433569647967137257e+02
9.187437437437436571e+00 1.433660656640493301e+02
9.200700700700700452e+00 1.433751323002563822e+02
9.213963963963964332e+00 1.433841647772619297e+02
9.227227227227226436e+00 1.433931631667553290e+02
9.240490490490490316e+00 1.434021275401883599e+02
9.253753753753754197e+00 1.434110579687757365e+02
9.267017017017016300e+00 1.434199545234951927e+02
9.280280280280280181e+00 1.434288172750879653e+02
9.293543543543544061e+00 1.434376462940589363e+02
9.306806806806806165e+00 1.434464416506768032e+02
9.320070070070070045e+00 1.434552034149746760e+02
9.333333333333332149e+00 1.434639316567498213e+02
9.346596596596596029e+00 1.434726264455644866e+02
9.359859859859859910e+00 1.434812878507457583e+02
9.373123123123122014e+00 1.434899159413860730e+02
9.386386386386385894e+00 1.434985107863432745e+02
9.399649649649649774e+00 1.435070724542408982e+02
9.412912912912911878e+00 1.435156010134684550e+02
9.426176176176175758e+00 1.435240965321817725e+02
9.439439439439439639e+00 1.435325590783029384e+02
9.452702702702701743e+00 1.435409887195208682e+02
9.465965965965965623e+00 1.435493855232913063e+02
9.479229229229229503e+00 1.435577495568371091e+02
9.492492492492491607e+00 1.435660808871484448e+02
9.505755755755755487e+00 1.435743795809830772e+02
9.519019019019019368e+00 1.435826457048664793e+02
9.532282282282281471e+00 1.435908793250920894e+02
9.545545545545545352e+00 1.435990805077215100e+02
9.558808808808809232e+00 1.436072493185847634e+02
9.572072072072071336e+00 1.436153858232802634e+02
9.585335335335335216e+00 1.436234900871752984e+02
9.598598598598599096e+00 1.436315621754060032e+02
9.611861861861861200e+00 1.436396021528775577e+02
9.625125125125125081e+00 1.436476100842644712e+02
9.638388388388387185e+00 1.436555860340106676e+02
9.651651651651651065e+00 1.436635300663296277e+02
9.664914914914914945e+00 1.436714422452046165e+02
9.678178178178177049e+00 1.436793226343886829e+02
9.691441441441440929e+00 1.436871712974050581e+02
9.704704704704704810e+00 1.436949882975470700e+02
9.717967967967966914e+00 1.437027736978784276e+02
9.731231231231230794e+00 1.437105275612332207e+02
9.744494494494494674e+00 1.437182499502161761e+02
9.757757757757756778e+00 1.437259409272026289e+02
9.771021021021020658e+00 1.437336005543388069e+02
9.784284284284284539e+00 1.437412288935418019e+02
9.797547547547546642e+00 1.437488260064997405e+02
9.810810810810810523e+00 1.437563919546719546e+02
9.824074074074074403e+00 1.437639267992888108e+02
9.837337337337336507e+00 1.437714306013521650e+02
9.850600600600600387e+00 1.437789034216350785e+02
9.863863863863864268e+00 1.437863453206822157e+02
9.877127127127126371e+00 1.437937563588097305e+02
9.890390390390390252e+00 1.438011365961053230e+02
9.903653653653654132e+00 1.438084860924283532e+02
9.916916916916916236e+00 1.438158049074099836e+02
9.930180180180180116e+00 1.438230931004529225e+02
9.943443443443442220e+00 1.438303507307319080e+02
9.956706706706706100e+00 1.438375778571933097e+02
9.969969969969969981e+00 1.438447745385554981e+02
9.983233233233232085e+00 1.438519408333086460e+02
9.996496496496495965e+00 1.438590767997148703e+02
1.000975975975975985e+01 1.438661824958081183e+02
1.002302302302302195e+01 1.438732579793943671e+02
1.003628628628628583e+01 1.438803033080514524e+02
1.004954954954954971e+01 1.438873185391291543e+02
1.006281281281281181e+01 1.438943037297490548e+02
1.007607607607607569e+01 1.439012589368047657e+02
1.008933933933933957e+01 1.439081842169617289e+02
1.010260260260260168e+01 1.439150796266571604e+02
1.011586586586586556e+01 1.439219452221000779e+02
1.012912912912912944e+01 1.439287810592712731e+02
1.014239239239239154e+01 1.439355871939233680e+02
1.015565565565565542e+01 1.439423636815805025e+02
1.016891891891891930e+01 1.439491105775384199e+02
1.018218218218218141e+01 1.439558279368645515e+02
1.019544544544544529e+01 1.439625158143976478e+02
1.020870870870870917e+01 1.439691742647479487e+02
1.022197197197197127e+01 1.439758033422969845e+02
1.023523523523523515e+01 1.439824031011975762e+02
1.024849849849849726e+01 1.439889735953735794e+02
1.026176176176176114e+01 1.439955148785199697e+02
1.027502502502502502e+01 1.440020270041027004e+02
1.028828828828828712e+01 1.440085100253585608e+02
1.030155155155155100e+01 1.440149639952950054e+02
1.031481481481481488e+01 1.440213889666902105e+02
1.032807807807807698e+01 1.440277849920926485e+02
1.034134134134134086e+01 1.440341521238214000e+02
1.035460460460460475e+01 1.440404904139656708e+02
1.036786786786786685e+01 1.440467999143847635e+02
1.038113113113113073e+01 1.440530806767078786e+02
1.039439439439439461e+01 1.440593327523341429e+02
1.040765765765765671e+01 1.440655561924322683e+02
1.042092092092092059e+01 1.440717510479404950e+02
1.043418418418418447e+01 1.440779173695663928e+02
1.044744744744744658e+01 1.440840552077867471e+02
1.046071071071071046e+01 1.440901646128473601e+02
1.047397397397397434e+01 1.440962456347628233e+02
1.048723723723723644e+01 1.441022983233163757e+02
1.050050050050050032e+01 1.441083227280597896e+02
1.051376376376376420e+01 1.441143188983132291e+02
1.052702702702702631e+01 1.441202868831648232e+02
1.054029029029029019e+01 1.441262267314706946e+02
1.055355355355355229e+01 1.441321384918546755e+02
1.056681681681681617e+01 1.441380222127081652e+02
1.058008008008008005e+01 1.441438779421898175e+02
1.059334334334334216e+01 1.441497057282255128e+02
1.060660660660660604e+01 1.441555056185079877e+02
1.061986986986986992e+01 1.441612776604968076e+02
1.063313313313313202e+01 1.441670219014178542e+02
1.064639639639639590e+01 1.441727383882634115e+02
1.065965965965965978e+01 1.441784271677918241e+02
1.067292292292292188e+01 1.441840882865273272e+02
1.068618618618618576e+01 1.441897217907597621e+02
1.069944944944944965e+01 1.441953277265443774e+02
1.071271271271271175e+01 1.442009061397016012e+02
1.072597597597597563e+01 1.442064570758168998e+02
1.073923923923923951e+01 1.442119805802403789e+02
1.075250250250250161e+01 1.442174766980868128e+02
1.076576576576576549e+01 1.442229454742350470e+02
1.077902902902902937e+01 1.442283869533282541e+02
1.079229229229229148e+01 1.442338011797732236e+02
1.080555555555555536e+01 1.442391881977404466e+02
1.081881881881881924e+01 1.442445480511638038e+02
1.083208208208208134e+01 1.442498807837403092e+02
1.084534534534534522e+01 1.442551864389299112e+02
1.085860860860860733e+01 1.442604650599551519e+02
1.087187187187187121e+01 1.442657166898013088e+02
1.088513513513513509e+01 1.442709413712155424e+02
1.089839839839839719e+01 1.442761391467073224e+02
1.091166166166166107e+01 1.442813100585477741e+02
1.092492492492492495e+01 1.442864541487696499e+02
1.093818818818818706e+01 1.442915714591670451e+02
1.095145145145145094e+01 1.442966620312952273e+02
1.096471471471471482e+01 1.443017259064702671e+02
1.097797797797797692e+01 1.443067631257691517e+02
1.099124124124124080e+01 1.443117737300292163e+02
1.100450450450450468e+01 1.443167577598480591e+02
1.101776776776776678e+01 1.443217152555835412e+02
1.103103103103103066e+01 1.443266462573532749e+02
1.104429429429429455e+01 1.443315508050346239e+02
1.105755755755755665e+01 1.443364289382643904e+02
1.107082082082082053e+01 1.443412806964387585e+02
1.108408408408408441e+01 1.443461061187130952e+02
1.109734734734734651e+01 1.443509052440016092e+02
1.111061061061061039e+01 1.443556781109772942e+02
1.112387387387387427e+01 1.443604247580718152e+02
1.113713713713713638e+01 1.443651452234751673e+02
1.115040040040040026e+01 1.443698395451358181e+02
1.116366366366366236e+01 1.443745077607601104e+02
1.117692692692692624e+01 1.443791499078126321e+02
1.119019019019019012e+01 1.443837660235155909e+02
1.120345345345345223e+01 1.443883561448490411e+02
1.121671671671671611e+01 1.443929203085505435e+02
1.122997997997997999e+01 1.443974585511151361e+02
1.124324324324324209e+01 1.444019709087952492e+02
1.125650650650650597e+01 1.444064574176004214e+02
1.126976976976976985e+01 1.444109181132974982e+02
1.128303303303303196e+01 1.444153530314102625e+02
1.129629629629629584e+01 1.444197622072194349e+02
1.130955955955955972e+01 1.444241456757627020e+02
1.132282282282282182e+01 1.444285034718345742e+02
1.133608608608608570e+01 1.444328356299862719e+02
1.134934934934934958e+01 1.444371421845258112e+02
1.136261261261261168e+01 1.444414231695177762e+02
1.137587587587587556e+01 1.444456786187835746e+02
1.138913913913913944e+01 1.444499085659010404e+02
1.140240240240240155e+01 1.444541130442048029e+02
1.141566566566566543e+01 1.444582920867859741e+02
1.142892892892892931e+01 1.444624457264924615e+02
1.144219219219219141e+01 1.444665739959286270e+02
1.145545545545545529e+01 1.444706769274557132e+02
1.146871871871871740e+01 1.444747545531915591e+02
1.148198198198198128e+01 1.444788069050107993e+02
1.149524524524524516e+01 1.444828340145450341e+02
1.150850850850850726e+01 1.444868359131826310e+02
1.152177177177177114e+01 1.444908126320691224e+02
1.153503503503503502e+01 1.444947642021070067e+02
1.154829829829829713e+01 1.444986906539561176e+02
1.156156156156156101e+01 1.445025920180336243e+02
1.157482482482482489e+01 1.445064683245141453e+02
1.158808808808808699e+01 1.445103196033299184e+02
1.160135135135135087e+01 1.445141458841710858e+02
1.161461461461461475e+01 1.445179471964856930e+02
1.162787787787787686e+01 1.445217235694800024e+02
1.164114114114114074e+01 1.445254750321185782e+02
1.165440440440440462e+01 1.445292016131245703e+02
1.166766766766766672e+01 1.445329033409800843e+02
1.168093093093093060e+01 1.445365802439260676e+02
1.169419419419419448e+01 1.445402323499629631e+02
1.170745745745745658e+01 1.445438596868506238e+02
1.172072072072072046e+01 1.445474622821089383e+02
1.173398398398398434e+01 1.445510401630178876e+02
1.174724724724724645e+01 1.445545933566178860e+02
1.176051051051051033e+01 1.445581218897102929e+02
1.177377377377377243e+01 1.445616257888573841e+02
1.178703703703703631e+01 1.445651050803832049e+02
1.180030030030030019e+01 1.445685597903733992e+02
1.181356356356356230e+01 1.445719899446761474e+02
1.182682682682682618e+01 1.445753955689020245e+02
1.184009009009009006e+01 1.445787766884248811e+02
1.185335335335335216e+01 1.445821333283819854e+02
1.186661661661661604e+01 1.445854655136745350e+02
1.187987987987987992e+01 1.445887732689681684e+02
1.189314314314314203e+01 1.445920566186933343e+02
1.190640640640640591e+01 1.445953155870459454e+02
1.191966966966966979e+01 1.445985501979877483e+02
1.193293293293293189e+01 1.446017604752468628e+02
1.194619619619619577e+01 1.446049464423183792e+02
1.195945945945945965e+01 1.446081081224647562e+02
1.197272272272272176e+01 1.446112455387166733e+02
1.198598598598598564e+01 1.446143587138731732e+02
1.199924924924924952e+01 1.446174476705028269e+02
1.201251251251251162e+01 1.446205124309437053e+02
1.202577577577577550e+01 1.446235530173045447e+02
1.203903903903903938e+01 1.446265694514651159e+02
1.205230230230230148e+01 1.446295617550768213e+02
1.206556556556556536e+01 1.446325299495636045e+02
1.207882882882882747e+01 1.446354740561224332e+02
1.209209209209209135e+01 1.446383940957239815e+02
1.210535535535535523e+01 1.446412900891135678e+02
1.211861861861861733e+01 1.446441620568116662e+02
1.213188188188188121e+01 1.446470100191145889e+02
1.214514514514514509e+01 1.446498339960955661e+02
1.215840840840840720e+01 1.446526340076051156e+02
1.217167167167167108e+01 1.446554100732721793e+02
1.218493493493493496e+01 1.446581622125046636e+02
1.219819819819819706e+01 1.446608904444902919e+02
1.221146146146146094e+01 1.446635947881975710e+02
1.222472472472472482e+01 1.446662752623764447e+02
1.223798798798798693e+01 1.446689318855592887e+02
1.225125125125125081e+01 1.446715646760617062e+02
1.226451451451451469e+01 1.446741736519832955e+02
1.227777777777777679e+01 1.446767588312087014e+02
1.229104104104104067e+01 1.446793202314085534e+02
1.230430430430430455e+01 1.446818578700401190e+02
1.231756756756756666e+01 1.446843717643484410e+02
1.233083083083083054e+01 1.446868619313672184e+02
1.234409409409409442e+01 1.446893283879197156e+02
1.235735735735735652e+01 1.446917711506197008e+02
1.237062062062062040e+01 1.446941902358725542e+02
1.238388388388388250e+01 1.446965856598760638e+02
1.239714714714714638e+01 1.446989574386215338e+02
1.241041041041041026e+01 1.447013055878946375e+02
1.242367367367367237e+01 1.447036301232766391e+02
1.243693693693693625e+01 1.447059310601452751e+02
1.245020020020020013e+01 1.447082084136756635e+02
1.246346346346346223e+01 1.447104621988416397e+02
1.247672672672672611e+01 1.447126924304165243e+02
1.248998998998998999e+01 1.447148991229742592e+02
1.250325325325325210e+01 1.447170822908905166e+02
1.251651651651651598e+01 1.447192419483437789e+02
1.252977977977977986e+01 1.447213781093162197e+02
1.254304304304304196e+01 1.447234907875950398e+02
1.255630630630630584e+01 1.447255799967732912e+02
1.256956956956956972e+01 1.447276457502512415e+02
1.258283283283283183e+01 1.447296880612373400e+02
1.259609609609609571e+01 1.447317069427490992e+02
1.260935935935935959e+01 1.447337024076147145e+02
1.262262262262262169e+01 1.447356744684736611e+02
1.263588588588588557e+01 1.447376231377780584e+02
1.264914914914914945e+01 1.447395484277938351e+02
1.266241241241241156e+01 1.447414503506016672e+02
1.267567567567567544e+01 1.447433289180982570e+02
1.268893893893893932e+01 1.447451841419974130e+02
1.270220220220220142e+01 1.447470160338311018e+02
1.271546546546546530e+01 1.447488246049507836e+02
1.272872872872872740e+01 1.447506098665282650e+02
1.274199199199199128e+01 1.447523718295570632e+02
1.275525525525525516e+01 1.447541105048534291e+02
1.276851851851851727e+01 1.447558259030575698e+02
1.278178178178178115e+01 1.447575180346345860e+02
1.279504504504504503e+01 1.447591869098758082e+02
1.280830830830830713e+01 1.447608325388999333e+02
1.282157157157157101e+01 1.447624549316539344e+02
1.283483483483483489e+01 1.447640540979144248e+02
1.284809809809809700e+01 1.447656300472887381e+02
1.286136136136136088e+01 1.447671827892158092e+02
1.287462462462462476e+01 1.447687123329676808e+02
1.288788788788788686e+01 1.447702186876503276e+02
1.290115115115115074e+01 1.447717018622048784e+02
1.291441441441441462e+01 1.447731618654087242e+02
1.292767767767767673e+01 1.447745987058765706e+02
1.294094094094094061e+01 1.447760123920615456e+02
1.295420420420420449e+01 1.447774029322563649e+02
1.296746746746746659e+01 1.447787703345942418e+02
1.298073073073073047e+01 1.447801146070502512e+02
1.299399399399399435e+01 1.447814357574419546e+02
1.300725725725725646e+01 1.447827337934309071e+02
1.302052052052052034e+01 1.447840087225235663e+02
1.303378378378378244e+01 1.447852605520720886e+02
1.304704704704704632e+01 1.447864892892757780e+02
1.306031031031031020e+01 1.447876949411817122e+02
1.307357357357357230e+01 1.447888775146860780e+02
1.308683683683683618e+01 1.447900370165349386e+02
1.310010010010010006e+01 1.447911734533253707e+02
1.311336336336336217e+01 1.447922868315063454e+02
1.312662662662662605e+01 1.447933771573798936e+02
1.313988988988988993e+01 1.447944444371016743e+02
1.315315315315315203e+01 1.447954886766823961e+02
1.316641641641641591e+01 1.447965098819883849e+02
1.317967967967967979e+01 1.447975080587426078e+02
1.319294294294294190e+01 1.447984832125257526e+02
1.320620620620620578e+01 1.447994353487767398e+02
1.321946946946946966e+01 1.448003644727940582e+02
1.323273273273273176e+01 1.448012705897361059e+02
1.324599599599599564e+01 1.448021537046226683e+02
1.325925925925925952e+01 1.448030138223351457e+02
1.327252252252252163e+01 1.448038509476176046e+02
1.328578578578578551e+01 1.448046650850777439e+02
1.329904904904904939e+01 1.448054562391874924e+02
1.331231231231231149e+01 1.448062244142836335e+02
1.332557557557557537e+01 1.448069696145688852e+02
1.333883883883883748e+01 1.448076918441124405e+02
1.335210210210210136e+01 1.448083911068505643e+02
1.336536536536536524e+01 1.448090674065875874e+02
1.337862862862862734e+01 1.448097207469963053e+02
1.339189189189189122e+01 1.448103511316187735e+02
1.340515515515515510e+01 1.448109585638668477e+02
1.341841841841841720e+01 1.448115430470228944e+02
1.343168168168168108e+01 1.448121045842403589e+02
1.344494494494494496e+01 1.448126431785442207e+02
1.345820820820820707e+01 1.448131588328318458e+02
1.347147147147147095e+01 1.448136515498731569e+02
1.348473473473473483e+01 1.448141213323112879e+02
1.349799799799799693e+01 1.448145681826633222e+02
1.351126126126126081e+01 1.448149921033202645e+02
1.352452452452452469e+01 1.448153930965480356e+02
1.353778778778778680e+01 1.448157711644873871e+02
1.355105105105105068e+01 1.448161263091547255e+02
1.356431431431431456e+01 1.448164585324422262e+02
1.357757757757757666e+01 1.448167678361183164e+02
1.359084084084084054e+01 1.448170542218280161e+02
1.360410410410410442e+01 1.448173176910931090e+02
1.361736736736736653e+01 1.448175582453127106e+02
1.363063063063063041e+01 1.448177758857632966e+02
1.364389389389389251e+01 1.448179706135989591e+02
1.365715715715715639e+01 1.448181424298518323e+02
1.367042042042042027e+01 1.448182913354320078e+02
1.368368368368368237e+01 1.448184173311280176e+02
1.369694694694694626e+01 1.448185204176066918e+02
1.371021021021021014e+01 1.448186005954134998e+02
1.372347347347347224e+01 1.448186578649726641e+02
1.373673673673673612e+01 1.448186922265870180e+02
1.375000000000000000e+01 1.448187036804382899e+02
