5.000000000000000000e-01 1.454929527950490353e+02
5.157657657657657158e-01 1.456190245437539090e+02
5.315315315315315425e-01 1.457453236520343864e+02
5.472972972972972583e-01 1.458718504078716762e+02
5.630630630630630851e-01 1.459986050948692480e+02
5.788288288288288008e-01 1.461255879953863541e+02
5.945945945945946276e-01 1.462527993899735179e+02
6.103603603603603434e-01 1.463802395550046640e+02
6.261261261261261701e-01 1.465079087674915854e+02
6.418918918918918859e-01 1.466358072992321695e+02
6.576576576576576016e-01 1.467639354219685401e+02
6.734234234234234284e-01 1.468922934042336692e+02
6.891891891891891442e-01 1.470208815119257793e+02
7.049549549549549710e-01 1.471497000103219079e+02
7.207207207207206867e-01 1.472787491599613929e+02
7.364864864864864025e-01 1.474080292217337842e+02
7.522522522522522292e-01 1.475375404521266205e+02
7.680180180180180560e-01 1.476672831056179405e+02
7.837837837837837718e-01 1.477972574362256353e+02
7.995495495495494875e-01 1.479274636937857679e+02
8.153153153153153143e-01 1.480579021266036932e+02
8.310810810810810301e-01 1.481885729801505533e+02
8.468468468468468568e-01 1.483194764988456313e+02
8.626126126126125726e-01 1.484506129232117928e+02
8.783783783783782884e-01 1.485819824921708516e+02
8.941441441441441151e-01 1.487135854424986690e+02
9.099099099099099419e-01 1.488454220093105107e+02
9.256756756756756577e-01 1.489774924238495828e+02
9.414414414414413734e-01 1.491097969153459530e+02
9.572072072072070892e-01 1.492423357114825819e+02
9.729729729729729160e-01 1.493751090376993034e+02
9.887387387387387427e-01 1.495081171163502916e+02
1.004504504504504458e+00 1.496413601671609968e+02
1.020270270270270174e+00 1.497748384085901137e+02
1.036036036036036112e+00 1.499085520566050036e+02
1.051801801801801606e+00 1.500425013233128197e+02
1.067567567567567544e+00 1.501766864198419853e+02
1.083333333333333259e+00 1.503111075547939777e+02
1.099099099099098975e+00 1.504457649341878778e+02
1.114864864864864913e+00 1.505806587608082054e+02
1.130630630630630629e+00 1.507157892363380256e+02
1.146396396396396344e+00 1.508511565603449753e+02
1.162162162162162060e+00 1.509867609277179952e+02
1.177927927927927776e+00 1.511226025335673455e+02
1.193693693693693714e+00 1.512586815677521486e+02
1.209459459459459429e+00 1.513949982199256397e+02
1.225225225225225145e+00 1.515315526772877490e+02
1.240990990990991083e+00 1.516683451235103917e+02
1.256756756756756577e+00 1.518053757399464132e+02
1.272522522522522515e+00 1.519426447052670994e+02
1.288288288288288230e+00 1.520801521962188190e+02
1.304054054054053946e+00 1.522178983872079243e+02
1.319819819819819884e+00 1.523558834497864325e+02
1.335585585585585378e+00 1.524941075523904885e+02
1.351351351351351315e+00 1.526325708626172002e+02
1.367117117117117031e+00 1.527712735427897712e+02
1.382882882882882747e+00 1.529102157569496114e+02
1.398648648648648685e+00 1.530493976608267133e+02
1.414414414414414178e+00 1.531888194123488915e+02
1.430180180180180116e+00 1.533284811662748268e+02
1.445945945945945832e+00 1.534683830722016182e+02
1.461711711711711548e+00 1.536085252783922215e+02
1.477477477477477485e+00 1.537489079323086116e+02
1.493243243243243201e+00 1.538895311758930404e+02
1.509009009009008917e+00 1.540303951505520104e+02
1.524774774774774633e+00 1.541714999946672435e+02
1.540540540540540349e+00 1.543128458434808010e+02
1.556306306306306286e+00 1.544544328294940385e+02
1.572072072072072002e+00 1.545962610834592112e+02
1.587837837837837718e+00 1.547383307327151556e+02
1.603603603603603434e+00 1.548806419013401978e+02
1.619369369369369371e+00 1.550231947121690439e+02
1.635135135135135087e+00 1.551659892852185294e+02
1.650900900900900803e+00 1.553090257364039530e+02
1.666666666666666519e+00 1.554523041802333978e+02
1.682432432432432234e+00 1.555958247278358613e+02
1.698198198198198172e+00 1.557395874881732141e+02
1.713963963963963888e+00 1.558835925665986224e+02
1.729729729729729604e+00 1.560278400665061440e+02
1.745495495495495319e+00 1.561723300881732825e+02
1.761261261261261257e+00 1.563170627290641903e+02
1.777027027027026973e+00 1.564620380851963546e+02
1.792792792792792689e+00 1.566072562470313301e+02
1.808558558558558405e+00 1.567527173043152970e+02
1.824324324324324120e+00 1.568984213437873052e+02
1.840090090090090058e+00 1.570443684491449119e+02
1.855855855855855774e+00 1.571905587011694934e+02
1.871621621621621490e+00 1.573369921772676321e+02
1.887387387387387205e+00 1.574836689529416276e+02
1.903153153153152921e+00 1.576305891008396429e+02
1.918918918918918859e+00 1.577777526901467127e+02
1.934684684684684575e+00 1.579251597868548060e+02
1.950450450450450290e+00 1.580728104554515880e+02
1.966216216216216006e+00 1.582207047557190265e+02
1.981981981981981944e+00 1.583688427464151971e+02
1.997747747747747660e+00 1.585172244834047603e+02
2.013513513513513153e+00 1.586658500162697862e+02
2.029279279279279091e+00 1.588147193953104477e+02
2.045045045045045029e+00 1.589638326668635671e+02
2.060810810810810523e+00 1.591131898743417992e+02
2.076576576576576461e+00 1.592627910568861580e+02
2.092342342342342398e+00 1.594126362536463262e+02
2.108108108108107892e+00 1.595627254973047116e+02
2.123873873873873830e+00 1.597130588204722699e+02
2.139639639639639768e+00 1.598636362494651166e+02
2.155405405405405261e+00 1.600144578108806854e+02
2.171171171171170755e+00 1.601655235273966298e+02
2.186936936936936693e+00 1.603168334171622575e+02
2.202702702702702631e+00 1.604683874980881058e+02
2.218468468468468124e+00 1.606201857812067715e+02
2.234234234234234062e+00 1.607722282779988632e+02
2.250000000000000000e+00 1.609245149947089715e+02
2.265765765765765494e+00 1.610770459362257441e+02
2.281531531531531432e+00 1.612298211029296624e+02
2.297297297297297369e+00 1.613828404910150880e+02
2.313063063063062863e+00 1.615361040985174270e+02
2.328828828828828357e+00 1.616896119135876972e+02
2.344594594594594739e+00 1.618433639277545808e+02
2.360360360360360232e+00 1.619973601241072174e+02
2.376126126126125726e+00 1.621516004845406655e+02
2.391891891891891664e+00 1.623060849890313477e+02
2.407657657657657602e+00 1.624608136134768017e+02
2.423423423423423095e+00 1.626157863299360997e+02
2.439189189189189033e+00 1.627710031071347032e+02
2.454954954954954971e+00 1.629264639134291315e+02
2.470720720720720465e+00 1.630821687104477462e+02
2.486486486486486402e+00 1.632381174580561094e+02
2.502252252252251896e+00 1.633943101126752424e+02
2.518018018018017834e+00 1.635507466276555988e+02
2.533783783783783772e+00 1.637074269543980449e+02
2.549549549549549265e+00 1.638643510385175830e+02
2.565315315315315203e+00 1.640215188237600614e+02
2.581081081081080697e+00 1.641789302493525327e+02
2.596846846846846635e+00 1.643365852550899433e+02
2.612612612612612573e+00 1.644944837714510015e+02
2.628378378378378066e+00 1.646526257323353377e+02
2.644144144144144004e+00 1.648110110613764618e+02
2.659909909909909498e+00 1.649696396855391072e+02
2.675675675675675436e+00 1.651285115224282265e+02
2.691441441441441373e+00 1.652876264915397826e+02
2.707207207207206867e+00 1.654469845045785803e+02
2.722972972972972805e+00 1.656065854731781428e+02
2.738738738738738743e+00 1.657664293040741086e+02
2.754504504504504236e+00 1.659265159012025492e+02
2.770270270270270174e+00 1.660868451653286115e+02
2.786036036036035668e+00 1.662474169918984899e+02
2.801801801801801606e+00 1.664082312750094843e+02
2.817567567567567544e+00 1.665692879056799995e+02
2.833333333333333037e+00 1.667305867692334402e+02
2.849099099099098975e+00 1.668921277491575097e+02
2.864864864864864469e+00 1.670539107251910593e+02
2.880630630630630407e+00 1.672159355736819464e+02
2.896396396396396344e+00 1.673782021685643713e+02
2.912162162162161838e+00 1.675407103766347632e+02
2.927927927927927776e+00 1.677034600660217336e+02
2.943693693693693270e+00 1.678664510990240046e+02
2.959459459459459207e+00 1.680296833325848809e+02
2.975225225225225145e+00 1.681931566241416647e+02
2.990990990990990639e+00 1.683568708244505103e+02
3.006756756756756577e+00 1.685208257821900872e+02
3.022522522522522515e+00 1.686850213415544317e+02
3.038288288288288008e+00 1.688494573448350309e+02
3.054054054054053946e+00 1.690141336286720559e+02
3.069819819819819440e+00 1.691790500288531121e+02
3.085585585585585378e+00 1.693442063733336909e+02
3.101351351351351315e+00 1.695096024913117390e+02
3.117117117117116809e+00 1.696752382049622270e+02
3.132882882882882747e+00 1.698411133346534996e+02
3.148648648648648241e+00 1.700072276952149650e+02
3.164414414414414178e+00 1.701735811008705355e+02
3.180180180180180116e+00 1.703401733599331180e+02
3.195945945945945610e+00 1.705070042772818795e+02
3.211711711711711548e+00 1.706740736556110960e+02
3.227477477477477041e+00 1.708413812918663268e+02
3.243243243243242979e+00 1.710089269799843805e+02
3.259009009009008917e+00 1.711767105123953741e+02
3.274774774774774411e+00 1.713447316735075105e+02
3.290540540540540349e+00 1.715129902495625061e+02
3.306306306306305842e+00 1.716814860178083961e+02
3.322072072072071780e+00 1.718502187549304097e+02
3.337837837837837718e+00 1.720191882333353703e+02
3.353603603603603212e+00 1.721883942205318476e+02
3.369369369369369149e+00 1.723578364831305976e+02
3.385135135135135087e+00 1.725275147796633632e+02
3.400900900900900581e+00 1.726974288694256359e+02
3.416666666666666519e+00 1.728675785044727036e+02
3.432432432432432012e+00 1.730379634352434550e+02
3.448198198198197950e+00 1.732085834085803526e+02
3.463963963963963888e+00 1.733794381642382234e+02
3.479729729729729382e+00 1.735505274410268726e+02
3.495495495495495319e+00 1.737218509761014502e+02
3.511261261261260813e+00 1.738934084970567824e+02
3.527027027027026751e+00 1.740651997343683490e+02
3.542792792792792689e+00 1.742372244069755141e+02
3.558558558558558182e+00 1.744094822374638341e+02
3.574324324324324120e+00 1.745819729401222844e+02
3.590090090090089614e+00 1.747546962250500826e+02
3.605855855855855552e+00 1.749276518023317806e+02
3.621621621621621490e+00 1.751008393760028241e+02
3.637387387387386983e+00 1.752742586443608843e+02
3.653153153153152921e+00 1.754479093044871547e+02
3.668918918918918415e+00 1.756217910479971351e+02
3.684684684684684353e+00 1.757959035650124520e+02
3.700450450450450290e+00 1.759702465375393388e+02
3.716216216216215784e+00 1.761448196484340372e+02
3.731981981981981722e+00 1.763196225729896867e+02
3.747747747747747660e+00 1.764946549844935362e+02
3.763513513513513153e+00 1.766699165515080097e+02
3.779279279279279091e+00 1.768454069394987584e+02
3.795045045045044585e+00 1.770211258085770964e+02
3.810810810810810523e+00 1.771970728167199809e+02
3.826576576576576461e+00 1.773732476158737086e+02
3.842342342342341954e+00 1.775496498549655939e+02
3.858108108108107892e+00 1.777262791813127194e+02
3.873873873873873386e+00 1.779031352329572258e+02
3.889639639639639324e+00 1.780802176490777811e+02
3.905405405405405261e+00 1.782575260622904807e+02
3.921171171171170755e+00 1.784350601018982729e+02
3.936936936936936693e+00 1.786128193937461788e+02
3.952702702702702187e+00 1.787908035568651712e+02
3.968468468468468124e+00 1.789690122097410381e+02
3.984234234234234062e+00 1.791474449655686385e+02
3.999999999999999556e+00 1.793261014328841156e+02
4.015765765765765494e+00 1.795049812167871721e+02
4.031531531531530987e+00 1.796840839197993489e+02
4.047297297297296481e+00 1.798634091360605112e+02
4.063063063063062863e+00 1.800429564596130092e+02
4.078828828828828357e+00 1.802227254799058187e+02
4.094594594594594739e+00 1.804027157803019747e+02
4.110360360360360232e+00 1.805829269426831729e+02
4.126126126126125726e+00 1.807633585437496322e+02
4.141891891891891220e+00 1.809440101548036353e+02
4.157657657657656713e+00 1.811248813454765241e+02
4.173423423423423095e+00 1.813059716785237185e+02
4.189189189189189477e+00 1.814872807150539984e+02
4.204954954954954971e+00 1.816688080103313894e+02
4.220720720720720465e+00 1.818505531172506835e+02
4.236486486486485958e+00 1.820325155826981529e+02
4.252252252252251452e+00 1.822146949513332856e+02
4.268018018018017834e+00 1.823970907616664192e+02
4.283783783783783328e+00 1.825797025490843737e+02
4.299549549549549710e+00 1.827625298459591079e+02
4.315315315315315203e+00 1.829455721772276320e+02
4.331081081081080697e+00 1.831288290687439826e+02
4.346846846846846191e+00 1.833123000361014476e+02
4.362612612612611684e+00 1.834959845959008362e+02
4.378378378378378066e+00 1.836798822575008501e+02
4.394144144144144448e+00 1.838639925278086764e+02
4.409909909909909942e+00 1.840483149085765149e+02
4.425675675675675436e+00 1.842328488979826489e+02
4.441441441441440929e+00 1.844175939886640663e+02
4.457207207207206423e+00 1.846025496699054997e+02
4.472972972972972805e+00 1.847877154268742572e+02
4.488738738738738299e+00 1.849730907427305056e+02
4.504504504504503792e+00 1.851586750927392018e+02
4.520270270270270174e+00 1.853444679498577727e+02
4.536036036036035668e+00 1.855304687798999055e+02
4.551801801801801162e+00 1.857166770494093555e+02
4.567567567567567544e+00 1.859030922189791681e+02
4.583333333333333037e+00 1.860897137420524814e+02
4.599099099099098531e+00 1.862765410705328861e+02
4.614864864864864913e+00 1.864635736533596173e+02
4.630630630630630407e+00 1.866508109313917601e+02
4.646396396396395900e+00 1.868382523443073637e+02
4.662162162162161394e+00 1.870258973248457721e+02
4.677927927927927776e+00 1.872137453037412058e+02
4.693693693693693270e+00 1.874017957073418188e+02
4.709459459459458763e+00 1.875900479578288014e+02
4.725225225225225145e+00 1.877785014706233255e+02
4.740990990990990639e+00 1.879671556609523577e+02
4.756756756756756133e+00 1.881560099350471660e+02
4.772522522522522515e+00 1.883450636995903267e+02
4.788288288288288008e+00 1.885343163510937927e+02
4.804054054054053502e+00 1.887237672890489364e+02
4.819819819819818996e+00 1.889134159044079126e+02
4.835585585585585378e+00 1.891032615812813731e+02
4.851351351351350871e+00 1.892933037069844033e+02
4.867117117117116365e+00 1.894835416554880680e+02
4.882882882882882747e+00 1.896739748057824215e+02
4.898648648648648241e+00 1.898646025228038638e+02
4.914414414414413734e+00 1.900554241779738334e+02
4.930180180180180116e+00 1.902464391264982737e+02
4.945945945945945610e+00 1.904376467289976915e+02
4.961711711711711104e+00 1.906290463368758026e+02
4.977477477477477485e+00 1.908206372997341589e+02
4.993243243243242979e+00 1.910124189596855615e+02
5.009009009009008473e+00 1.912043906575169956e+02
5.024774774774773967e+00 1.913965517263679885e+02
5.040540540540540349e+00 1.915889015019946839e+02
5.056306306306305842e+00 1.917814393055851383e+02
5.072072072072071336e+00 1.919741644634479201e+02
5.087837837837837718e+00 1.921670762909054133e+02
5.103603603603603212e+00 1.923601741008918395e+02
5.119369369369368705e+00 1.925534572058519416e+02
5.135135135135135087e+00 1.927469249080002953e+02
5.150900900900900581e+00 1.929405765085746225e+02
5.166666666666666075e+00 1.931344113042364654e+02
5.182432432432431568e+00 1.933284285850392905e+02
5.198198198198197950e+00 1.935226276394589888e+02
5.213963963963963444e+00 1.937170077516081221e+02
5.229729729729728938e+00 1.939115681981659236e+02
5.245495495495495319e+00 1.941063082535362980e+02
5.261261261261260813e+00 1.943012271899365544e+02
5.277027027027026307e+00 1.944963242714691489e+02
5.292792792792792689e+00 1.946915987576039697e+02
5.308558558558558182e+00 1.948870499069539903e+02
5.324324324324323676e+00 1.950826769716652223e+02
5.340090090090090058e+00 1.952784791996554361e+02
5.355855855855855552e+00 1.954744558349366059e+02
5.371621621621621046e+00 1.956706061159453043e+02
5.387387387387386539e+00 1.958669292779873388e+02
5.403153153153152921e+00 1.960634245535087530e+02
5.418918918918918415e+00 1.962600911652335753e+02
5.434684684684683909e+00 1.964569283365363219e+02
5.450450450450450290e+00 1.966539352837629906e+02
5.466216216216215784e+00 1.968511112218920402e+02
5.481981981981981278e+00 1.970484553592860379e+02
5.497747747747747660e+00 1.972459668972826137e+02
5.513513513513513153e+00 1.974436450383877002e+02
5.529279279279278647e+00 1.976414889789612346e+02
5.545045045045045029e+00 1.978394979087568117e+02
5.560810810810810523e+00 1.980376710133283495e+02
5.576576576576576016e+00 1.982360074762748354e+02
5.592342342342341510e+00 1.984345064753145209e+02
5.608108108108107892e+00 1.986331671852584577e+02
5.623873873873873386e+00 1.988319887719542010e+02
5.639639639639638879e+00 1.990309704034423817e+02
5.655405405405405261e+00 1.992301112388846605e+02
5.671171171171170755e+00 1.994294104350330485e+02
5.686936936936936249e+00 1.996288671408414928e+02
5.702702702702702631e+00 1.998284805076534383e+02
5.718468468468468124e+00 2.000282496752933241e+02
5.734234234234233618e+00 2.002281737847611396e+02
5.749999999999999112e+00 2.004282519674824243e+02
5.765765765765765494e+00 2.006284833556171918e+02
5.781531531531530987e+00 2.008288670735171308e+02
5.797297297297296481e+00 2.010294022418040925e+02
5.813063063063062863e+00 2.012300879769596520e+02
5.828828828828828357e+00 2.014309233946345898e+02
5.844594594594593850e+00 2.016319075976650765e+02
5.860360360360360232e+00 2.018330396935264730e+02
5.876126126126125726e+00 2.020343187788404862e+02
5.891891891891891220e+00 2.022357439498835845e+02
5.907657657657657602e+00 2.024373142969564583e+02
5.923423423423423095e+00 2.026390289075501698e+02
5.939189189189188589e+00 2.028408868609701585e+02
5.954954954954954083e+00 2.030428872356851286e+02
5.970720720720720465e+00 2.032450291070244646e+02
5.986486486486485958e+00 2.034473115386603297e+02
6.002252252252251452e+00 2.036497336001158089e+02
6.018018018018017834e+00 2.038522943490575017e+02
6.033783783783783328e+00 2.040549928405096693e+02
6.049549549549548821e+00 2.042578281280148076e+02
6.065315315315315203e+00 2.044607992565141785e+02
6.081081081081080697e+00 2.046639052700304262e+02
6.096846846846846191e+00 2.048671452075147101e+02
6.112612612612611684e+00 2.050705181002102506e+02
6.128378378378378066e+00 2.052740229819211208e+02
6.144144144144143560e+00 2.054776588748409551e+02
6.159909909909909054e+00 2.056814248027914687e+02
6.175675675675675436e+00 2.058853197808345783e+02
6.191441441441440929e+00 2.060893428218235499e+02
6.207207207207206423e+00 2.062934929331555054e+02
6.222972972972972805e+00 2.064977691205122312e+02
6.238738738738738299e+00 2.067021703832364494e+02
6.254504504504503792e+00 2.069066957151750898e+02
6.270270270270270174e+00 2.071113441082852660e+02
6.286036036036035668e+00 2.073161145499568363e+02
6.301801801801801162e+00 2.075210060227167617e+02
6.317567567567566655e+00 2.077260175031691176e+02
6.333333333333333037e+00 2.079311479656301174e+02
6.349099099099098531e+00 2.081363963818629372e+02
6.364864864864864025e+00 2.083417617166991533e+02
6.380630630630630407e+00 2.085472429289525564e+02
6.396396396396395900e+00 2.087528389780909492e+02
6.412162162162161394e+00 2.089585488158983253e+02
6.427927927927927776e+00 2.091643713896139900e+02
6.443693693693693270e+00 2.093703056475951030e+02
6.459459459459458763e+00 2.095763505252710956e+02
6.475225225225224257e+00 2.097825049614367288e+02
6.490990990990990639e+00 2.099887678862037603e+02
6.506756756756756133e+00 2.101951382267873782e+02
6.522522522522521626e+00 2.104016149060033456e+02
6.538288288288288008e+00 2.106081968445553230e+02
6.554054054054053502e+00 2.108148829562683488e+02
6.569819819819818996e+00 2.110216721518874010e+02
6.585585585585585378e+00 2.112285633374698079e+02
6.601351351351350871e+00 2.114355554146188751e+02
6.617117117117116365e+00 2.116426472813361670e+02
6.632882882882882747e+00 2.118498378341060118e+02
6.648648648648648241e+00 2.120571259599805671e+02
6.664414414414413734e+00 2.122645105453588599e+02
6.680180180180179228e+00 2.124719904726481161e+02
6.695945945945945610e+00 2.126795646160502429e+02
6.711711711711711104e+00 2.128872318525917819e+02
6.727477477477476597e+00 2.130949910499516591e+02
6.743243243243242979e+00 2.133028410715606356e+02
6.759009009009008473e+00 2.135107807805819959e+02
6.774774774774773967e+00 2.137188090328329508e+02
6.790540540540540349e+00 2.139269246790461239e+02
6.806306306306305842e+00 2.141351265693876940e+02
6.822072072072071336e+00 2.143434135498659998e+02
6.837837837837836830e+00 2.145517844588845264e+02
6.853603603603603212e+00 2.147602381355913224e+02
6.869369369369368705e+00 2.149687734041690135e+02
6.885135135135134199e+00 2.151773891033010386e+02
6.900900900900900581e+00 2.153860840525271101e+02
6.916666666666666075e+00 2.155948570694824582e+02
6.932432432432431568e+00 2.158037069730424662e+02
6.948198198198197950e+00 2.160126325764834974e+02
6.963963963963963444e+00 2.162216326860304605e+02
6.979729729729728938e+00 2.164307061063600770e+02
6.995495495495495319e+00 2.166398516382867570e+02
7.011261261261260813e+00 2.168490680766365983e+02
7.027027027027026307e+00 2.170583542132280854e+02
7.042792792792791801e+00 2.172677088390277902e+02
7.058558558558558182e+00 2.174771307349514018e+02
7.074324324324323676e+00 2.176866186822319946e+02
7.090090090090089170e+00 2.178961714598969479e+02
7.105855855855855552e+00 2.181057878359356721e+02
7.121621621621621046e+00 2.183154665837778907e+02
7.137387387387386539e+00 2.185252064660952271e+02
7.153153153153152921e+00 2.187350062418159951e+02
7.168918918918918415e+00 2.189448646683719915e+02
7.184684684684683909e+00 2.191547804999375160e+02
7.200450450450449402e+00 2.193647524853710706e+02
7.216216216216215784e+00 2.195747793708941344e+02
7.231981981981981278e+00 2.197848598966291149e+02
7.247747747747746772e+00 2.199949927992189771e+02
7.263513513513513153e+00 2.202051768113422554e+02
7.279279279279278647e+00 2.204154106681828864e+02
7.295045045045044141e+00 2.206256930912533107e+02
7.310810810810810523e+00 2.208360228071172457e+02
7.326576576576576016e+00 2.210463985272718048e+02
7.342342342342341510e+00 2.212568189734218436e+02
7.358108108108107892e+00 2.214672828525052921e+02
7.373873873873873386e+00 2.216777888721292413e+02
7.389639639639638879e+00 2.218883357377185064e+02
7.405405405405404373e+00 2.220989221506971205e+02
7.421171171171170755e+00 2.223095468027790673e+02
7.436936936936936249e+00 2.225202083852087469e+02
7.452702702702701743e+00 2.227309055938683287e+02
7.468468468468468124e+00 2.229416371082044748e+02
7.484234234234233618e+00 2.231524016094706155e+02
7.499999999999999112e+00 2.233631977768879722e+02
7.515765765765765494e+00 2.235740242849107347e+02
7.531531531531530987e+00 2.237848798022689323e+02
7.547297297297296481e+00 2.239957629979107878e+02
7.563063063063061975e+00 2.242066725311132984e+02
7.578828828828828357e+00 2.244176070663589826e+02
7.594594594594593850e+00 2.246285652562954169e+02
7.610360360360359344e+00 2.248395457536634581e+02
7.626126126126125726e+00 2.250505472093462060e+02
7.641891891891891220e+00 2.252615682653193971e+02
7.657657657657656713e+00 2.254726075648311223e+02
7.673423423423423095e+00 2.256836637466048217e+02
7.689189189189188589e+00 2.258947354448443150e+02
7.704954954954954083e+00 2.261058212898923614e+02
7.720720720720720465e+00 2.263169199130599623e+02
7.736486486486485958e+00 2.265280299350152404e+02
7.752252252252251452e+00 2.267391499760128681e+02
7.768018018018016946e+00 2.269502786562923689e+02
7.783783783783783328e+00 2.271614145874357575e+02
7.799549549549548821e+00 2.273725563803321563e+02
7.815315315315314315e+00 2.275837026438979365e+02
7.831081081081080697e+00 2.277948519782153198e+02
7.846846846846846191e+00 2.280060029897230152e+02
7.862612612612611684e+00 2.282171542683575183e+02
7.878378378378378066e+00 2.284283044131036320e+02
7.894144144144143560e+00 2.286394520116293450e+02
7.909909909909909054e+00 2.288505956491626137e+02
7.925675675675675436e+00 2.290617339139284638e+02
7.941441441441440929e+00 2.292728653816841415e+02
7.957207207207206423e+00 2.294839886359668242e+02
7.972972972972971917e+00 2.296951022423049551e+02
7.988738738738738299e+00 2.299062047776615998e+02
8.004504504504502904e+00 2.301172948065062656e+02
8.020270270270270174e+00 2.303283708945814681e+02
8.036036036036035668e+00 2.305394316010638818e+02
8.051801801801801162e+00 2.307504754880083624e+02
8.067567567567566655e+00 2.309615011032571203e+02
8.083333333333332149e+00 2.311725070028288940e+02
8.099099099099099419e+00 2.313834917338284640e+02
8.114864864864863137e+00 2.315944538405294679e+02
8.130630630630630407e+00 2.318053918675504406e+02
8.146396396396395900e+00 2.320163043540313481e+02
8.162162162162161394e+00 2.322271898335835658e+02
8.177927927927926888e+00 2.324380468381833111e+02
8.193693693693692381e+00 2.326488739005516209e+02
8.209459459459459651e+00 2.328596695443962403e+02
8.225225225225223369e+00 2.330704323001303351e+02
8.240990990990990639e+00 2.332811606822619694e+02
8.256756756756756133e+00 2.334918532077117561e+02
8.272522522522521626e+00 2.337025083980447278e+02
8.288288288288288896e+00 2.339131247580482125e+02
8.304054054054052614e+00 2.341237008019768666e+02
8.319819819819819884e+00 2.343342350344785814e+02
8.335585585585583601e+00 2.345447259560953057e+02
8.351351351351350871e+00 2.347551720715624697e+02
8.367117117117116365e+00 2.349655718750197479e+02
8.382882882882881859e+00 2.351759238609095917e+02
8.398648648648649129e+00 2.353862265242369460e+02
8.414414414414412846e+00 2.355964783504414868e+02
8.430180180180180116e+00 2.358066778282523899e+02
8.445945945945945610e+00 2.360168234406321517e+02
8.461711711711711104e+00 2.362269136692922586e+02
8.477477477477476597e+00 2.364369469894820952e+02
8.493243243243242091e+00 2.366469218764368634e+02
8.509009009009007585e+00 2.368568368085254860e+02
8.524774774774774855e+00 2.370666902471115236e+02
8.540540540540540349e+00 2.372764806676811986e+02
8.556306306306305842e+00 2.374862065275254963e+02
8.572072072072071336e+00 2.376958662928753370e+02
8.587837837837836830e+00 2.379054584246515276e+02
8.603603603603602323e+00 2.381149813743268169e+02
8.619369369369367817e+00 2.383244335988124476e+02
8.635135135135135087e+00 2.385338135510458812e+02
8.650900900900900581e+00 2.387431196772762121e+02
8.666666666666666075e+00 2.389523504281660564e+02
8.682432432432431568e+00 2.391615042450529813e+02
8.698198198198197062e+00 2.393705795703026808e+02
8.713963963963962556e+00 2.395795748412350008e+02
8.729729729729729826e+00 2.397884884961295313e+02
8.745495495495495319e+00 2.399973189721220592e+02
8.761261261261260813e+00 2.402060646954671483e+02
8.777027027027026307e+00 2.404147240989420879e+02
8.792792792792791801e+00 2.406232956104676930e+02
8.808558558558557294e+00 2.408317776551661495e+02
8.824324324324322788e+00 2.410401686505329053e+02
8.840090090090090058e+00 2.412484670220613623e+02
8.855855855855855552e+00 2.414566711876613567e+02
8.871621621621621046e+00 2.416647795597012873e+02
8.887387387387386539e+00 2.418727905559406963e+02
8.903153153153152033e+00 2.420807025849848628e+02
8.918918918918917527e+00 2.422885140553749466e+02
8.934684684684684797e+00 2.424962233714347803e+02
8.950450450450450290e+00 2.427038289478571187e+02
8.966216216216215784e+00 2.429113291737540408e+02
8.981981981981981278e+00 2.431187224619941389e+02
8.997747747747746772e+00 2.433260072014225557e+02
9.013513513513512265e+00 2.435331817975518902e+02
9.029279279279277759e+00 2.437402446333325372e+02
9.045045045045045029e+00 2.439471941088383176e+02
9.060810810810810523e+00 2.441540286123549492e+02
9.076576576576576016e+00 2.443607465342330158e+02
9.092342342342341510e+00 2.445673462578511703e+02
9.108108108108107004e+00 2.447738261673576119e+02
9.123873873873872498e+00 2.449801846452513701e+02
9.139639639639637991e+00 2.451864200742438129e+02
9.155405405405405261e+00 2.453925308296877574e+02
9.171171171171170755e+00 2.455985152926897968e+02
9.186936936936936249e+00 2.458043718342701425e+02
9.202702702702701743e+00 2.460100988278957743e+02
9.218468468468467236e+00 2.462156946461183509e+02
9.234234234234232730e+00 2.464211576600136766e+02
9.250000000000000000e+00 2.466264862318072062e+02
9.265765765765765494e+00 2.468316787345712555e+02
9.281531531531530987e+00 2.470367335263323412e+02
9.297297297297296481e+00 2.472416489737856580e+02
9.313063063063061975e+00 2.474464234342287625e+02
9.328828828828827469e+00 2.476510552715853350e+02
9.344594594594592962e+00 2.478555428405444729e+02
9.360360360360360232e+00 2.480598844984706943e+02
9.376126126126125726e+00 2.482640785968969226e+02
9.391891891891891220e+00 2.484681234919990800e+02
9.407657657657656713e+00 2.486720175355536355e+02
9.423423423423422207e+00 2.488757590715854633e+02
9.439189189189187701e+00 2.490793464577048724e+02
9.454954954954954971e+00 2.492827780378727880e+02
9.470720720720720465e+00 2.494860521519335066e+02
9.486486486486485958e+00 2.496891671499918175e+02
9.502252252252251452e+00 2.498921213721478409e+02
9.518018018018016946e+00 2.500949131607779634e+02
9.533783783783782440e+00 2.502975408578521979e+02
9.549549549549547933e+00 2.505000027979873778e+02
9.565315315315315203e+00 2.507022973232916456e+02
9.581081081081080697e+00 2.509044227619451988e+02
9.596846846846846191e+00 2.511063774573539149e+02
9.612612612612611684e+00 2.513081597383370820e+02
9.628378378378377178e+00 2.515097679451528734e+02
9.644144144144142672e+00 2.517112003943557852e+02
9.659909909909909942e+00 2.519124554292324376e+02
9.675675675675675436e+00 2.521135313761967893e+02
9.691441441441440929e+00 2.523144265574927374e+02
9.707207207207206423e+00 2.525151393043660732e+02
9.722972972972971917e+00 2.527156679407192996e+02
9.738738738738737410e+00 2.529160107930271408e+02
9.754504504504502904e+00 2.531161661842726573e+02
9.770270270270270174e+00 2.533161324375113566e+02
9.786036036036035668e+00 2.535159078725928055e+02
9.801801801801801162e+00 2.537154908155569046e+02
9.817567567567566655e+00 2.539148795822140983e+02
9.833333333333332149e+00 2.541140724872536225e+02
9.849099099099097643e+00 2.543130678560926867e+02
9.864864864864863137e+00 2.545118640026858543e+02
9.880630630630630407e+00 2.547104592497188094e+02
9.896396396396395900e+00 2.549088519024477364e+02
9.912162162162161394e+00 2.551070402825337737e+02
9.927927927927926888e+00 2.553050227025262586e+02
9.943693693693692381e+00 2.555027974747848987e+02
9.959459459459457875e+00 2.557003629158946012e+02
9.975225225225225145e+00 2.558977173306950306e+02
9.990990990990990639e+00 2.560948590421340327e+02
1.000675675675675613e+01 2.562917863490343962e+02
1.002252252252252163e+01 2.564884975714722373e+02
1.003828828828828712e+01 2.566849910084363273e+02
1.005405405405405261e+01 2.568812649810058133e+02
1.006981981981981811e+01 2.570773177912146821e+02
1.008558558558558538e+01 2.572731477451101796e+02
1.010135135135135087e+01 2.574687531591540051e+02
1.011711711711711636e+01 2.576641323324191717e+02
1.013288288288288186e+01 2.578592835735395852e+02
1.014864864864864735e+01 2.580542051902890535e+02
1.016441441441441285e+01 2.582488954888817148e+02
1.018018018018018012e+01 2.584433527724137889e+02
1.019594594594594561e+01 2.586375753527912593e+02
1.021171171171171110e+01 2.588315615303947652e+02
1.022747747747747660e+01 2.590253096095959791e+02
1.024324324324324209e+01 2.592188178969138335e+02
1.025900900900900758e+01 2.594120846954768353e+02
1.027477477477477308e+01 2.596051083135373574e+02
1.029054054054054035e+01 2.597978870513048832e+02
1.030630630630630584e+01 2.599904192129832268e+02
1.032207207207207134e+01 2.601827031031302226e+02
1.033783783783783683e+01 2.603747370280888163e+02
1.035360360360360232e+01 2.605665192875226239e+02
1.036936936936936782e+01 2.607580481872436167e+02
1.038513513513513509e+01 2.609493220312259609e+02
1.040090090090090058e+01 2.611403391244647310e+02
1.041666666666666607e+01 2.613310977703187632e+02
1.043243243243243157e+01 2.615215962699057854e+02
1.044819819819819706e+01 2.617118329328702657e+02
1.046396396396396256e+01 2.619018060573865228e+02
1.047972972972972805e+01 2.620915139536882634e+02
1.049549549549549532e+01 2.622809549195446266e+02
1.051126126126126081e+01 2.624701272643224570e+02
1.052702702702702631e+01 2.626590292978467573e+02
1.054279279279279180e+01 2.628476593163541679e+02
1.055855855855855729e+01 2.630360156263059821e+02
1.057432432432432279e+01 2.632240965426252615e+02
1.059009009009009006e+01 2.634119003645346879e+02
1.060585585585585555e+01 2.635994253947870902e+02
1.062162162162162105e+01 2.637866699520740781e+02
1.063738738738738654e+01 2.639736323339188857e+02
1.065315315315315203e+01 2.641603108525018229e+02
1.066891891891891753e+01 2.643467038170931573e+02
1.068468468468468302e+01 2.645328095360401335e+02
1.070045045045045029e+01 2.647186263144079135e+02
1.071621621621621578e+01 2.649041524682393174e+02
1.073198198198198128e+01 2.650893863088182911e+02
1.074774774774774677e+01 2.652743261385060691e+02
1.076351351351351227e+01 2.654589702822644313e+02
1.077927927927927776e+01 2.656433170437042577e+02
1.079504504504504325e+01 2.658273647381752767e+02
1.081081081081081052e+01 2.660111116813023386e+02
1.082657657657657602e+01 2.661945561848044690e+02
1.084234234234234151e+01 2.663776965675223778e+02
1.085810810810810700e+01 2.665605311460220150e+02
1.087387387387387250e+01 2.667430582319609016e+02
1.088963963963963799e+01 2.669252761568373558e+02
1.090540540540540526e+01 2.671071832246955182e+02
1.092117117117117076e+01 2.672887777610168314e+02
1.093693693693693625e+01 2.674700580886425882e+02
1.095270270270270174e+01 2.676510225290842300e+02
1.096846846846846724e+01 2.678316694053289666e+02
1.098423423423423273e+01 2.680119970361541846e+02
1.099999999999999822e+01 2.681920037526621741e+02
1.101576576576576549e+01 2.683716878797210939e+02
1.103153153153153099e+01 2.685510477449003020e+02
1.104729729729729648e+01 2.687300816770347751e+02
1.106306306306306197e+01 2.689087880034740579e+02
1.107882882882882747e+01 2.690871650570337010e+02
1.109459459459459296e+01 2.692652111627672298e+02
1.111036036036036023e+01 2.694429246646819820e+02
1.112612612612612573e+01 2.696203038897398869e+02
1.114189189189189122e+01 2.697973471775499092e+02
1.115765765765765671e+01 2.699740528674907409e+02
1.117342342342342221e+01 2.701504192886893634e+02
1.118918918918918770e+01 2.703264447900037908e+02
1.120495495495495319e+01 2.705021277128503812e+02
1.122072072072072046e+01 2.706774663917146881e+02
1.123648648648648596e+01 2.708524591815225335e+02
1.125225225225225145e+01 2.710271044158567406e+02
1.126801801801801695e+01 2.712014004545326316e+02
1.128378378378378244e+01 2.713753456390303427e+02
1.129954954954954793e+01 2.715489383204412661e+02
1.131531531531531520e+01 2.717221768519532930e+02
1.133108108108108070e+01 2.718950595853464165e+02
1.134684684684684619e+01 2.720675848808164119e+02
1.136261261261261168e+01 2.722397510942673193e+02
1.137837837837837718e+01 2.724115565808156703e+02
1.139414414414414267e+01 2.725829997045624395e+02
1.140990990990990817e+01 2.727540788227857433e+02
1.142567567567567544e+01 2.729247923082067473e+02
1.144144144144144093e+01 2.730951385153780393e+02
1.145720720720720642e+01 2.732651158221052015e+02
1.147297297297297192e+01 2.734347225950472193e+02
1.148873873873873741e+01 2.736039572076535364e+02
1.150450450450450290e+01 2.737728180260133968e+02
1.152027027027026840e+01 2.739413034345946016e+02
1.153603603603603567e+01 2.741094118037379417e+02
1.155180180180180116e+01 2.742771415203987431e+02
1.156756756756756666e+01 2.744444909623720719e+02
1.158333333333333215e+01 2.746114585110334474e+02
1.159909909909909764e+01 2.747780425600960825e+02
1.161486486486486314e+01 2.749442414904618772e+02
1.163063063063063041e+01 2.751100536940935513e+02
1.164639639639639590e+01 2.752754775663673854e+02
1.166216216216216139e+01 2.754405114966691031e+02
1.167792792792792689e+01 2.756051538870879085e+02
1.169369369369369238e+01 2.757694031331726023e+02
1.170945945945945788e+01 2.759332576387170093e+02
1.172522522522522337e+01 2.760967158064104296e+02
1.174099099099099064e+01 2.762597760414986396e+02
1.175675675675675613e+01 2.764224367553862294e+02
1.177252252252252163e+01 2.765846963540579964e+02
1.178828828828828712e+01 2.767465532624539151e+02
1.180405405405405261e+01 2.769080058786488507e+02
1.181981981981981811e+01 2.770690526391171034e+02
1.183558558558558538e+01 2.772296919541726083e+02
1.185135135135135087e+01 2.773899222492250942e+02
1.186711711711711636e+01 2.775497419473192622e+02
1.188288288288288186e+01 2.777091494933380318e+02
1.189864864864864735e+01 2.778681432983195805e+02
1.191441441441441285e+01 2.780267218054713112e+02
1.193018018018017834e+01 2.781848834537964308e+02
1.194594594594594561e+01 2.783426266731604528e+02
1.196171171171171110e+01 2.784999499181724332e+02
1.197747747747747660e+01 2.786568516258150794e+02
1.199324324324324209e+01 2.788133302511905072e+02
1.200900900900900758e+01 2.789693842343360188e+02
1.202477477477477308e+01 2.791250120386447975e+02
1.204054054054054035e+01 2.792802121127904798e+02
1.205630630630630584e+01 2.794349829237829113e+02
1.207207207207207134e+01 2.795893229254536436e+02
1.208783783783783683e+01 2.797432305935822683e+02
1.210360360360360232e+01 2.798967043880543315e+02
1.211936936936936782e+01 2.800497427853644012e+02
1.213513513513513331e+01 2.802023442532274089e+02
1.215090090090090058e+01 2.803545072732658809e+02
1.216666666666666607e+01 2.805062303291724675e+02
1.218243243243243157e+01 2.806575118993304727e+02
1.219819819819819706e+01 2.808083504733919540e+02
1.221396396396396256e+01 2.809587445407379960e+02
1.222972972972972805e+01 2.811086925949318243e+02
1.224549549549549354e+01 2.812581931312948882e+02
1.226126126126126081e+01 2.814072446530070124e+02
1.227702702702702631e+01 2.815558456582466533e+02
1.229279279279279180e+01 2.817039946612978270e+02
1.230855855855855729e+01 2.818516901615858501e+02
1.232432432432432279e+01 2.819989306773328508e+02
1.234009009009008828e+01 2.821457147275177135e+02
1.235585585585585555e+01 2.822920408280481865e+02
1.237162162162162105e+01 2.824379075036817426e+02
1.238738738738738654e+01 2.825833132841161159e+02
1.240315315315315203e+01 2.827282566978072964e+02
1.241891891891891753e+01 2.828727362764285544e+02
1.243468468468468302e+01 2.830167505578855298e+02
1.245045045045044851e+01 2.831602980905082063e+02
1.246621621621621578e+01 2.833033774070599975e+02
1.248198198198198128e+01 2.834459870647490334e+02
1.249774774774774677e+01 2.835881256145023031e+02
1.251351351351351227e+01 2.837297916088696752e+02
1.252927927927927776e+01 2.838709836092781416e+02
1.254504504504504325e+01 2.840117001814165292e+02
1.256081081081081052e+01 2.841519398916130399e+02
1.257657657657657602e+01 2.842917013055559892e+02
1.259234234234234151e+01 2.844309830004185642e+02
1.260810810810810700e+01 2.845697835581817685e+02
1.262387387387387250e+01 2.847081015599182479e+02
1.263963963963963799e+01 2.848459355915720721e+02
1.265540540540540349e+01 2.849832842366972727e+02
1.267117117117117076e+01 2.851201461002331143e+02
1.268693693693693625e+01 2.852565197739328937e+02
1.270270270270270174e+01 2.853924038615438690e+02
1.271846846846846724e+01 2.855277969699531013e+02
1.273423423423423273e+01 2.856626977092164452e+02
1.274999999999999822e+01 2.857971046926791132e+02
1.276576576576576549e+01 2.859310165397604351e+02
1.278153153153153099e+01 2.860644318690880255e+02
1.279729729729729648e+01 2.861973493181834556e+02
1.281306306306306197e+01 2.863297675098573336e+02
1.282882882882882747e+01 2.864616850754265442e+02
1.284459459459459296e+01 2.865931006624671795e+02
1.286036036036035846e+01 2.867240129129426123e+02
1.287612612612612573e+01 2.868544204685466639e+02
1.289189189189189122e+01 2.869843219929107931e+02
1.290765765765765671e+01 2.871137161323431428e+02
1.292342342342342221e+01 2.872426015531364101e+02
1.293918918918918770e+01 2.873709769199841730e+02
1.295495495495495319e+01 2.874988408987001662e+02
1.297072072072072046e+01 2.876261921681389708e+02
1.298648648648648596e+01 2.877530294052435806e+02
1.300225225225225145e+01 2.878793512944698705e+02
1.301801801801801695e+01 2.880051565267156661e+02
1.303378378378378244e+01 2.881304437860197822e+02
1.304954954954954793e+01 2.882552117689882607e+02
1.306531531531531343e+01 2.883794591871735520e+02
1.308108108108108070e+01 2.885031847408477574e+02
1.309684684684684619e+01 2.886263871366782041e+02
1.311261261261261168e+01 2.887490650969492094e+02
1.312837837837837718e+01 2.888712173373317000e+02
1.314414414414414267e+01 2.889928425842957154e+02
1.315990990990990817e+01 2.891139395665951497e+02
1.317567567567567366e+01 2.892345070173153090e+02
1.319144144144144093e+01 2.893545436770257311e+02
1.320720720720720642e+01 2.894740482884658377e+02
1.322297297297297192e+01 2.895930196016982450e+02
1.323873873873873741e+01 2.897114563654985773e+02
1.325450450450450290e+01 2.898293573436828865e+02
1.327027027027026840e+01 2.899467212981654711e+02
1.328603603603603567e+01 2.900635469955854546e+02
1.330180180180180116e+01 2.901798332131734810e+02
1.331756756756756666e+01 2.902955787185485406e+02
1.333333333333333215e+01 2.904107823040602625e+02
1.334909909909909764e+01 2.905254427570592952e+02
1.336486486486486314e+01 2.906395588649992874e+02
1.338063063063062863e+01 2.907531294337993018e+02
1.339639639639639590e+01 2.908661532630960096e+02
1.341216216216216139e+01 2.909786291545837571e+02
1.342792792792792689e+01 2.910905559293693727e+02
1.344369369369369238e+01 2.912019324011705521e+02
1.345945945945945788e+01 2.913127574029271045e+02
1.347522522522522337e+01 2.914230297538296668e+02
1.349099099099099064e+01 2.915327482899396614e+02
1.350675675675675613e+01 2.916419118534504378e+02
1.352252252252252163e+01 2.917505192864526862e+02
1.353828828828828712e+01 2.918585694406928610e+02
1.355405405405405261e+01 2.919660611681587170e+02
1.356981981981981811e+01 2.920729933338669184e+02
1.358558558558558360e+01 2.921793648010384459e+02
1.360135135135135087e+01 2.922851744386013593e+02
1.361711711711711636e+01 2.923904211271453732e+02
1.363288288288288186e+01 2.924951037423394382e+02
1.364864864864864735e+01 2.925992211847035378e+02
1.366441441441441285e+01 2.927027723338418355e+02
1.368018018018017834e+01 2.928057560918478543e+02
1.369594594594594561e+01 2.929081713648968730e+02
1.371171171171171110e+01 2.930100170578160146e+02
1.372747747747747660e+01 2.931112920958553900e+02
1.374324324324324209e+01 2.932119953904774547e+02
1.375900900900900758e+01 2.933121258643402598e+02
1.377477477477477308e+01 2.934116824559565657e+02
1.379054054054053857e+01 2.935106641044409344e+02
1.380630630630630584e+01 2.936090697445634419e+02
1.382207207207207134e+01 2.937068983313524200e+02
1.383783783783783683e+01 2.938041488129721870e+02
1.385360360360360232e+01 2.939008201564075193e+02
1.386936936936936782e+01 2.939969113264060070e+02
1.388513513513513331e+01 2.940924212890687954e+02
1.390090090090089880e+01 2.941873490220467033e+02
1.391666666666666607e+01 2.942816935128476530e+02
1.393243243243243157e+01 2.943754537496918715e+02
1.394819819819819706e+01 2.944686287201477626e+02
1.396396396396396256e+01 2.945612174318741268e+02
1.397972972972972805e+01 2.946532188896050002e+02
1.399549549549549354e+01 2.947446321019975812e+02
1.401126126126126081e+01 2.948354560918425022e+02
1.402702702702702631e+01 2.949256898768113615e+02
1.404279279279279180e+01 2.950153324940841912e+02
1.405855855855855729e+01 2.951043829779835050e+02
1.407432432432432279e+01 2.951928403632509230e+02
1.409009009009008828e+01 2.952807037029598405e+02
1.410585585585585378e+01 2.953679720484034306e+02
1.412162162162162105e+01 2.954546444650209764e+02
1.413738738738738654e+01 2.955407200103865648e+02
1.415315315315315203e+01 2.956261977635716676e+02
1.416891891891891753e+01 2.957110767987501276e+02
1.418468468468468302e+01 2.957953561962073650e+02
1.420045045045044851e+01 2.958790350556072326e+02
1.421621621621621578e+01 2.959621124652034041e+02
1.423198198198198128e+01 2.960445875307843266e+02
1.424774774774774677e+01 2.961264593576338484e+02
1.426351351351351227e+01 2.962077270650669334e+02
1.427927927927927776e+01 2.962883897723206701e+02
1.429504504504504325e+01 2.963684466026231803e+02
1.431081081081080875e+01 2.964478966959679838e+02
1.432657657657657602e+01 2.965267391852374885e+02
1.434234234234234151e+01 2.966049732239545165e+02
1.435810810810810700e+01 2.966825979542110190e+02
1.437387387387387250e+01 2.967596125467301249e+02
1.438963963963963799e+01 2.968360161563181805e+02
1.440540540540540349e+01 2.969118079578975085e+02
1.442117117117117076e+01 2.969869871316861349e+02
1.443693693693693625e+01 2.970615528548061093e+02
1.445270270270270174e+01 2.971355043212411715e+02
1.446846846846846724e+01 2.972088407285946232e+02
1.448423423423423273e+01 2.972815612739236713e+02
1.449999999999999822e+01 2.973536651750171700e+02
1.451576576576576372e+01 2.974251516457256344e+02
1.453153153153153099e+01 2.974960199051714653e+02
1.454729729729729648e+01 2.975662691860929954e+02
1.456306306306306197e+01 2.976358987141690591e+02
1.457882882882882747e+01 2.977049077481005384e+02
1.459459459459459296e+01 2.977732955247117275e+02
1.461036036036035846e+01 2.978410612934382016e+02
1.462612612612612395e+01 2.979082043323465996e+02
1.464189189189189122e+01 2.979747238941544083e+02
1.465765765765765671e+01 2.980406192615771488e+02
1.467342342342342221e+01 2.981058897107319012e+02
1.468918918918918770e+01 2.981705345333184027e+02
1.470495495495495319e+01 2.982345530253419952e+02
1.472072072072071869e+01 2.982979444839551775e+02
1.473648648648648596e+01 2.983607082114519358e+02
1.475225225225225145e+01 2.984228435332955769e+02
1.476801801801801695e+01 2.984843497641825252e+02
1.478378378378378244e+01 2.985452262357909490e+02
1.479954954954954793e+01 2.986054722786939806e+02
1.481531531531531343e+01 2.986650872321493466e+02
1.483108108108107892e+01 2.987240704524211310e+02
1.484684684684684619e+01 2.987824212864251763e+02
1.486261261261261168e+01 2.988401390911049589e+02
1.487837837837837718e+01 2.988972232507868512e+02
1.489414414414414267e+01 2.989536731206966920e+02
1.490990990990990817e+01 2.990094880969069209e+02
1.492567567567567366e+01 2.990646675597898820e+02
1.494144144144144093e+01 2.991192109103216126e+02
1.495720720720720642e+01 2.991731175425144329e+02
1.497297297297297192e+01 2.992263868781842007e+02
1.498873873873873741e+01 2.992790183247374785e+02
1.500450450450450290e+01 2.993310113000455885e+02
1.502027027027026840e+01 2.993823652430274365e+02
1.503603603603603389e+01 2.994330795837362871e+02
1.505180180180180116e+01 2.994831537693654013e+02
1.506756756756756666e+01 2.995325872481766396e+02
1.508333333333333215e+01 2.995813794762536872e+02
1.509909909909909764e+01 2.996295299171121655e+02
1.511486486486486314e+01 2.996770380459965395e+02
1.513063063063062863e+01 2.997239033362195073e+02
1.514639639639639590e+01 2.997701252743339637e+02
1.516216216216216139e+01 2.998157033534366747e+02
1.517792792792792689e+01 2.998606370662415657e+02
1.519369369369369238e+01 2.999049259307374768e+02
1.520945945945945788e+01 2.999485694454959344e+02
1.522522522522522337e+01 2.999915671350772186e+02
1.524099099099098886e+01 3.000339185346647355e+02
1.525675675675675613e+01 3.000756231640860960e+02
1.527252252252252163e+01 3.001166805782149254e+02
1.528828828828828712e+01 3.001570903127540078e+02
1.530405405405405261e+01 3.001968519285579760e+02
1.531981981981981811e+01 3.002359649909011523e+02
1.533558558558558360e+01 3.002744290576000594e+02
1.535135135135135087e+01 3.003122437191505583e+02
1.536711711711711636e+01 3.003494085456382550e+02
1.538288288288288186e+01 3.003859231360123090e+02
1.539864864864864735e+01 3.004217870794428222e+02
1.541441441441441285e+01 3.004569999904165343e+02
1.543018018018017834e+01 3.004915614762028326e+02
1.544594594594594383e+01 3.005254711534101375e+02
1.546171171171171110e+01 3.005587286513646745e+02
1.547747747747747660e+01 3.005913335996290243e+02
1.549324324324324209e+01 3.006232856434440350e+02
1.550900900900900758e+01 3.006545844219779724e+02
1.552477477477477308e+01 3.006852295995726649e+02
1.554054054054053857e+01 3.007152208245580027e+02
1.555630630630630407e+01 3.007445577797823262e+02
1.557207207207207134e+01 3.007732401349156248e+02
1.558783783783783683e+01 3.008012675738276016e+02
1.560360360360360232e+01 3.008286397889894488e+02
1.561936936936936782e+01 3.008553564708871590e+02
1.563513513513513331e+01 3.008814173306923863e+02
1.565090090090089880e+01 3.009068220820894908e+02
1.566666666666666607e+01 3.009315704346525422e+02
1.568243243243243157e+01 3.009556621296119374e+02
1.569819819819819706e+01 3.009790968842092980e+02
1.571396396396396256e+01 3.010018744553815395e+02
1.572972972972972805e+01 3.010239945778097308e+02
1.574549549549549354e+01 3.010454570141792487e+02
1.576126126126125904e+01 3.010662615227969923e+02
1.577702702702702631e+01 3.010864078795921159e+02
1.579279279279279180e+01 3.011058958578950069e+02
1.580855855855855729e+01 3.011247252377779091e+02
1.582432432432432279e+01 3.011428958214074214e+02
1.584009009009008828e+01 3.011604074028251148e+02
1.585585585585585378e+01 3.011772597841732022e+02
1.587162162162162105e+01 3.011934527800460728e+02
1.588738738738738654e+01 3.012089862171424102e+02
1.590315315315315203e+01 3.012238599220356150e+02
1.591891891891891753e+01 3.012380737263489436e+02
1.593468468468468302e+01 3.012516274670239227e+02
1.595045045045044851e+01 3.012645210092902062e+02
1.596621621621621401e+01 3.012767541993106306e+02
1.598198198198198128e+01 3.012883269052758806e+02
1.599774774774774677e+01 3.012992389961069080e+02
1.601351351351351227e+01 3.013094903600791099e+02
1.602927927927927954e+01 3.013190808748602763e+02
1.604504504504504325e+01 3.013280104356269931e+02
1.606081081081080697e+01 3.013362789401903115e+02
1.607657657657657779e+01 3.013438863074312053e+02
1.609234234234234151e+01 3.013508324427319280e+02
1.610810810810810523e+01 3.013571172758217926e+02
1.612387387387387250e+01 3.013627407360306734e+02
1.613963963963963977e+01 3.013677027547853413e+02
1.615540540540540349e+01 3.013720032848374331e+02
1.617117117117116720e+01 3.013756422722987054e+02
1.618693693693693803e+01 3.013786196798255332e+02
1.620270270270270174e+01 3.013809354798509048e+02
1.621846846846846546e+01 3.013825896393066159e+02
1.623423423423423273e+01 3.013835821438562448e+02
1.625000000000000000e+01 3.013839129778082793e+02
