5.000000000000000000e-01 3.223918372086811246e+02
5.070070070070069601e-01 3.226774387436315124e+02
5.140140140140140312e-01 3.229627138902877732e+02
5.210210210210209913e-01 3.232476624182498881e+02
5.280280280280280625e-01 3.235322840993402451e+02
5.350350350350350226e-01 3.238165787075959656e+02
5.420420420420419827e-01 3.241005460192633336e+02
5.490490490490490538e-01 3.243841858127906903e+02
5.560560560560560139e-01 3.246674978688209308e+02
5.630630630630630851e-01 3.249504819701872975e+02
5.700700700700700452e-01 3.252331379019044562e+02
5.770770770770771163e-01 3.255154654511622425e+02
5.840840840840840764e-01 3.257974644073210584e+02
5.910910910910911475e-01 3.260791345619025492e+02
5.980980980980981077e-01 3.263604757085847154e+02
6.051051051051050678e-01 3.266414876431945800e+02
6.121121121121121389e-01 3.269221701637019919e+02
6.191191191191190990e-01 3.272025230702134309e+02
6.261261261261261701e-01 3.274825461649633667e+02
6.331331331331331302e-01 3.277622392523106214e+02
6.401401401401400904e-01 3.280416021387295586e+02
6.471471471471471615e-01 3.283206346328040013e+02
6.541541541541541216e-01 3.285993365452215471e+02
6.611611611611611927e-01 3.288777076887656676e+02
6.681681681681681528e-01 3.291557478783097963e+02
6.751751751751751129e-01 3.294334569308103369e+02
6.821821821821821841e-01 3.297108346653009789e+02
6.891891891891892552e-01 3.299878809028850810e+02
6.961961961961962153e-01 3.302645954667293040e+02
7.032032032032031754e-01 3.305409781820574722e+02
7.102102102102102466e-01 3.308170288761431266e+02
7.172172172172172067e-01 3.310927473783044661e+02
7.242242242242242778e-01 3.313681335198957072e+02
7.312312312312312379e-01 3.316431871343022522e+02
7.382382382382381980e-01 3.319179080569330722e+02
7.452452452452452691e-01 3.321922961252143409e+02
7.522522522522522292e-01 3.324663511785832952e+02
7.592592592592593004e-01 3.327400730584811868e+02
7.662662662662662605e-01 3.330134616083466312e+02
7.732732732732732206e-01 3.332865166736094693e+02
7.802802802802802917e-01 3.335592381016836612e+02
7.872872872872873629e-01 3.338316257419613180e+02
7.942942942942943230e-01 3.341036794458062218e+02
8.013013013013012831e-01 3.343753990665452420e+02
8.083083083083082432e-01 3.346467844594652092e+02
8.153153153153153143e-01 3.349178354818034791e+02
8.223223223223223854e-01 3.351885519927428732e+02
8.293293293293293456e-01 3.354589338534042895e+02
8.363363363363363057e-01 3.357289809268409613e+02
8.433433433433432658e-01 3.359986930780310672e+02
8.503503503503503369e-01 3.362680701738715356e+02
8.573573573573574080e-01 3.365371120831721328e+02
8.643643643643643681e-01 3.368058186766478457e+02
8.713713713713713283e-01 3.370741898269129706e+02
8.783783783783783994e-01 3.373422254084742349e+02
8.853853853853853595e-01 3.376099252977251695e+02
8.923923923923924306e-01 3.378772893729380371e+02
8.993993993993993907e-01 3.381443175142587165e+02
9.064064064064063508e-01 3.384110096036994264e+02
9.134134134134134220e-01 3.386773655251324726e+02
9.204204204204204931e-01 3.389433851642839954e+02
9.274274274274274532e-01 3.392090684087267505e+02
9.344344344344344133e-01 3.394744151478739695e+02
9.414414414414413734e-01 3.397394252729730511e+02
9.484484484484484446e-01 3.400040986770995914e+02
9.554554554554555157e-01 3.402684352551488018e+02
9.624624624624624758e-01 3.405324349038322111e+02
9.694694694694694359e-01 3.407960975216680026e+02
9.764764764764763960e-01 3.410594230089764096e+02
9.834834834834834671e-01 3.413224112678733491e+02
9.904904904904905383e-01 3.415850622022628045e+02
9.974974974974974984e-01 3.418473757178311416e+02
1.004504504504504458e+00 3.421093517220407989e+02
1.011511511511511419e+00 3.423709901241230114e+02
1.018518518518518601e+00 3.426322908350726379e+02
1.025525525525525561e+00 3.428932537676401466e+02
1.032532532532532521e+00 3.431538788363268395e+02
1.039539539539539481e+00 3.434141659573769516e+02
1.046546546546546441e+00 3.436741150487724781e+02
1.053553553553553623e+00 3.439337260302259551e+02
1.060560560560560583e+00 3.441929988231738093e+02
1.067567567567567544e+00 3.444519333507712417e+02
1.074574574574574726e+00 3.447105295378843266e+02
1.081581581581581464e+00 3.449687873110848386e+02
1.088588588588588646e+00 3.452267065986429202e+02
1.095595595595595606e+00 3.454842873305213402e+02
1.102602602602602566e+00 3.457415294383687296e+02
1.109609609609609748e+00 3.459984328555140110e+02
1.116616616616616486e+00 3.462549975169582126e+02
1.123623623623623669e+00 3.465112233593704900e+02
1.130630630630630629e+00 3.467671103210797696e+02
1.137637637637637589e+00 3.470226583420698034e+02
1.144644644644644771e+00 3.472778673639718932e+02
1.151651651651651509e+00 3.475327373300593194e+02
1.158658658658658691e+00 3.477872681852407482e+02
1.165665665665665651e+00 3.480414598760526701e+02
1.172672672672672611e+00 3.482953123506557631e+02
1.179679679679679793e+00 3.485488255588261950e+02
1.186686686686686532e+00 3.488019994519501097e+02
1.193693693693693714e+00 3.490548339830180566e+02
1.200700700700700674e+00 3.493073291066176580e+02
1.207707707707707634e+00 3.495594847789278106e+02
1.214714714714714816e+00 3.498113009577122625e+02
1.221721721721721554e+00 3.500627776023137585e+02
1.228728728728728736e+00 3.503139146736473322e+02
1.235735735735735696e+00 3.505647121341942238e+02
1.242742742742742657e+00 3.508151699479956847e+02
1.249749749749749839e+00 3.510652880806470080e+02
1.256756756756756799e+00 3.513150664992902534e+02
1.263763763763763759e+00 3.515645051726095858e+02
1.270770770770770719e+00 3.518136040708237715e+02
1.277777777777777679e+00 3.520623631656809494e+02
1.284784784784784861e+00 3.523107824304512974e+02
1.291791791791791821e+00 3.525588618399222582e+02
1.298798798798798781e+00 3.528066013703915473e+02
1.305805805805805964e+00 3.530540009996603885e+02
1.312812812812812702e+00 3.533010607070287392e+02
1.319819819819819884e+00 3.535477804732883556e+02
1.326826826826826844e+00 3.537941602807167101e+02
1.333833833833833804e+00 3.540402001130706253e+02
1.340840840840840986e+00 3.542858999555808168e+02
1.347847847847847724e+00 3.545312597949451856e+02
1.354854854854854906e+00 3.547762796193225086e+02
1.361861861861861867e+00 3.550209594183276067e+02
1.368868868868868827e+00 3.552652991830236147e+02
1.375875875875876009e+00 3.555092989059172055e+02
1.382882882882882747e+00 3.557529585809516561e+02
1.389889889889889929e+00 3.559962782035009354e+02
1.396896896896896889e+00 3.562392577703641336e+02
1.403903903903903849e+00 3.564818972797586412e+02
1.410910910910911031e+00 3.567241967313152600e+02
1.417917917917917769e+00 3.569661561260712119e+02
1.424924924924924952e+00 3.572077754664638860e+02
1.431931931931931912e+00 3.574490547563257792e+02
1.438938938938938872e+00 3.576899940008777321e+02
1.445945945945946054e+00 3.579305932067236427e+02
1.452952952952952792e+00 3.581708523818437016e+02
1.459959959959959974e+00 3.584107715355883101e+02
1.466966966966966934e+00 3.586503506786742719e+02
1.473973973973973894e+00 3.588895898231743331e+02
1.480980980980981077e+00 3.591284889825171831e+02
1.487987987987987815e+00 3.593670481714761422e+02
1.494994994994994997e+00 3.596052674061654102e+02
1.502002002002001957e+00 3.598431467040361440e+02
1.509009009009008917e+00 3.600806860838662260e+02
1.516016016016016099e+00 3.603178855657586155e+02
1.523023023023023059e+00 3.605547451711317422e+02
1.530030030030030019e+00 3.607912649227175166e+02
1.537037037037036979e+00 3.610274448445509847e+02
1.544044044044043940e+00 3.612632849619694184e+02
1.551051051051051122e+00 3.614987853016010035e+02
1.558058058058058082e+00 3.617339458913640442e+02
1.565065065065065042e+00 3.619687667604590047e+02
1.572072072072072002e+00 3.622032479393601534e+02
1.579079079079078962e+00 3.624373894598155630e+02
1.586086086086086144e+00 3.626711913548351163e+02
1.593093093093093104e+00 3.629046536586897105e+02
1.600100100100100065e+00 3.631377764069014233e+02
1.607107107107107025e+00 3.633705596362403867e+02
1.614114114114114207e+00 3.636030033847193863e+02
1.621121121121121167e+00 3.638351076915853355e+02
1.628128128128128127e+00 3.640668725973146707e+02
1.635135135135135087e+00 3.642982981436099408e+02
1.642142142142142047e+00 3.645293843733915651e+02
1.649149149149149229e+00 3.647601313307914666e+02
1.656156156156156189e+00 3.649905390611509119e+02
1.663163163163163150e+00 3.652206076110107915e+02
1.670170170170170110e+00 3.654503370281074695e+02
1.677177177177177070e+00 3.656797273613694301e+02
1.684184184184184252e+00 3.659087786609073873e+02
1.691191191191191212e+00 3.661374909780121811e+02
1.698198198198198172e+00 3.663658643651447164e+02
1.705205205205205132e+00 3.665938988759380095e+02
1.712212212212212092e+00 3.668215945651836023e+02
1.719219219219219275e+00 3.670489514888297435e+02
1.726226226226226235e+00 3.672759697039737716e+02
1.733233233233233195e+00 3.675026492688626831e+02
1.740240240240240155e+00 3.677289902428774440e+02
1.747247247247247337e+00 3.679549926865367411e+02
1.754254254254254297e+00 3.681806566614887402e+02
1.761261261261261257e+00 3.684059822304908494e+02
1.768268268268268217e+00 3.686309694574369473e+02
1.775275275275275177e+00 3.688556184073224244e+02
1.782282282282282360e+00 3.690799291462486167e+02
1.789289289289289320e+00 3.693039017414201339e+02
1.796296296296296280e+00 3.695275362611329797e+02
1.803303303303303240e+00 3.697508327747718795e+02
1.810310310310310200e+00 3.699737913528167041e+02
1.817317317317317382e+00 3.701964120668098417e+02
1.824324324324324342e+00 3.704186949893805263e+02
1.831331331331331302e+00 3.706406401942148250e+02
1.838338338338338263e+00 3.708622477560707580e+02
1.845345345345345223e+00 3.710835177507512981e+02
1.852352352352352405e+00 3.713044502551250048e+02
1.859359359359359365e+00 3.715250453470980005e+02
1.866366366366366325e+00 3.717453031056173245e+02
1.873373373373373285e+00 3.719652236106617238e+02
1.880380380380380467e+00 3.721848069432529655e+02
1.887387387387387427e+00 3.724040531854232654e+02
1.894394394394394388e+00 3.726229624202284754e+02
1.901401401401401348e+00 3.728415347317296664e+02
1.908408408408408308e+00 3.730597702050230851e+02
1.915415415415415490e+00 3.732776689261797287e+02
1.922422422422422450e+00 3.734952309822817824e+02
1.929429429429429410e+00 3.737124564614026099e+02
1.936436436436436370e+00 3.739293454526050482e+02
1.943443443443443330e+00 3.741458980459146915e+02
1.950450450450450512e+00 3.743621143323629781e+02
1.957457457457457473e+00 3.745779944039311999e+02
1.964464464464464433e+00 3.747935383535913729e+02
1.971471471471471393e+00 3.750087462752303509e+02
1.978478478478478575e+00 3.752236182637395814e+02
1.985485485485485535e+00 3.754381544149644583e+02
1.992492492492492495e+00 3.756523548256213871e+02
1.999499499499499455e+00 3.758662195934417127e+02
2.006506506506506415e+00 3.760797488170764495e+02
2.013513513513513598e+00 3.762929425960837762e+02
2.020520520520520336e+00 3.765058010309962810e+02
2.027527527527527518e+00 3.767183242231550366e+02
2.034534534534534700e+00 3.769305122749757970e+02
2.041541541541541438e+00 3.771423652896459657e+02
2.048548548548548620e+00 3.773538833713358827e+02
2.055555555555555358e+00 3.775650666250654695e+02
2.062562562562562540e+00 3.777759151567875051e+02
2.069569569569569722e+00 3.779864290733262351e+02
2.076576576576576461e+00 3.781966084823655478e+02
2.083583583583583643e+00 3.784064534925540215e+02
2.090590590590590381e+00 3.786159642132927274e+02
2.097597597597597563e+00 3.788251407549437886e+02
2.104604604604604745e+00 3.790339832287021977e+02
2.111611611611611927e+00 3.792424917465865519e+02
2.118618618618618665e+00 3.794506664215493856e+02
2.125625625625625403e+00 3.796585073673422812e+02
2.132632632632632586e+00 3.798660146985321262e+02
2.139639639639639768e+00 3.800731885305609126e+02
2.146646646646646950e+00 3.802800289797175424e+02
2.153653653653653688e+00 3.804865361630593270e+02
2.160660660660660426e+00 3.806927101985834838e+02
2.167667667667667608e+00 3.808985512050085163e+02
2.174674674674674790e+00 3.811040593018429945e+02
2.181681681681681972e+00 3.813092346095050971e+02
2.188688688688688710e+00 3.815140772491525922e+02
2.195695695695695449e+00 3.817185873427772549e+02
2.202702702702702631e+00 3.819227650130147822e+02
2.209709709709709813e+00 3.821266103836387060e+02
2.216716716716716995e+00 3.823301235787910741e+02
2.223723723723723733e+00 3.825333047236611606e+02
2.230730730730730471e+00 3.827361539442364347e+02
2.237737737737737653e+00 3.829386713670331233e+02
2.244744744744744835e+00 3.831408571195281070e+02
2.251751751751752018e+00 3.833427113299840698e+02
2.258758758758758756e+00 3.835442341271943860e+02
2.265765765765765494e+00 3.837454256411080564e+02
2.272772772772772676e+00 3.839462860019402228e+02
2.279779779779779858e+00 3.841468153409171009e+02
2.286786786786787040e+00 3.843470137899319639e+02
2.293793793793793778e+00 3.845468814818422061e+02
2.300800800800800516e+00 3.847464185498509437e+02
2.307807807807807698e+00 3.849456251281209234e+02
2.314814814814814881e+00 3.851445013514558013e+02
2.321821821821822063e+00 3.853430473553466413e+02
2.328828828828828801e+00 3.855412632762030398e+02
2.335835835835835539e+00 3.857391492507756539e+02
2.342842842842842721e+00 3.859367054169291009e+02
2.349849849849849903e+00 3.861339319128164220e+02
2.356856856856857085e+00 3.863308288774788934e+02
2.363863863863863823e+00 3.865273964508584754e+02
2.370870870870870561e+00 3.867236347731247292e+02
2.377877877877877744e+00 3.869195439856002849e+02
2.384884884884884926e+00 3.871151242295599104e+02
2.391891891891892108e+00 3.873103756480089146e+02
2.398898898898898846e+00 3.875052983837420584e+02
2.405905905905905584e+00 3.876998925806403804e+02
2.412912912912912766e+00 3.878941583829894739e+02
2.419919919919919948e+00 3.880880959354578295e+02
2.426926926926927131e+00 3.882817053843831445e+02
2.433933933933933869e+00 3.884749868757384661e+02
2.440940940940940607e+00 3.886679405568292509e+02
2.447947947947947789e+00 3.888605665746333671e+02
2.454954954954954971e+00 3.890528650782852651e+02
2.461961961961962153e+00 3.892448362153347148e+02
2.468968968968968891e+00 3.894364801366220945e+02
2.475975975975975629e+00 3.896277969916153552e+02
2.482982982982982811e+00 3.898187869307714664e+02
2.489989989989989994e+00 3.900094501059616050e+02
2.496996996996997176e+00 3.901997866684151290e+02
2.504004004004003914e+00 3.903897967711778847e+02
2.511011011011011096e+00 3.905794805670907408e+02
2.518018018018017834e+00 3.907688382095352040e+02
2.525025025025025016e+00 3.909578698533217676e+02
2.532032032032032198e+00 3.911465756531379725e+02
2.539039039039038936e+00 3.913349557643613821e+02
2.546046046046046119e+00 3.915230103422754837e+02
2.553053053053052857e+00 3.917107395451409388e+02
2.560060060060060039e+00 3.918981435279276866e+02
2.567067067067067221e+00 3.920852224502218064e+02
2.574074074074073959e+00 3.922719764691498767e+02
2.581081081081081141e+00 3.924584057434942110e+02
2.588088088088087879e+00 3.926445104329054061e+02
2.595095095095095061e+00 3.928302906976425675e+02
2.602102102102102243e+00 3.930157466967402229e+02
2.609109109109108982e+00 3.932008785922860170e+02
2.616116116116116164e+00 3.933856865454754370e+02
2.623123123123122902e+00 3.935701707181406732e+02
2.630130130130130084e+00 3.937543312730843468e+02
2.637137137137137266e+00 3.939381683725173389e+02
2.644144144144144004e+00 3.941216821811808586e+02
2.651151151151151186e+00 3.943048728619323811e+02
2.658158158158157924e+00 3.944877405801737495e+02
2.665165165165165106e+00 3.946702855005927404e+02
2.672172172172172289e+00 3.948525077882007963e+02
2.679179179179179027e+00 3.950344076099110566e+02
2.686186186186186209e+00 3.952159851320588473e+02
2.693193193193193391e+00 3.953972405213125967e+02
2.700200200200200129e+00 3.955781739438047566e+02
2.707207207207207311e+00 3.957587855703973219e+02
2.714214214214214049e+00 3.959390755679012273e+02
2.721221221221221231e+00 3.961190441054459939e+02
2.728228228228228414e+00 3.962986913509873261e+02
2.735235235235235152e+00 3.964780174782764561e+02
2.742242242242242334e+00 3.966570226518780942e+02
2.749249249249249072e+00 3.968357070457325904e+02
2.756256256256256254e+00 3.970140708327803054e+02
2.763263263263263436e+00 3.971921141814541443e+02
2.770270270270270174e+00 3.973698372643396510e+02
2.777277277277277356e+00 3.975472402551732785e+02
2.784284284284284094e+00 3.977243233255539963e+02
2.791291291291291277e+00 3.979010866491539105e+02
2.798298298298298459e+00 3.980775304009691808e+02
2.805305305305305197e+00 3.982536547524232446e+02
2.812312312312312379e+00 3.984294598834338217e+02
2.819319319319319117e+00 3.986049459634129448e+02
2.826326326326326299e+00 3.987801131664209038e+02
2.833333333333333481e+00 3.989549616747855225e+02
2.840340340340340219e+00 3.991294916620881850e+02
2.847347347347347402e+00 3.993037033013229120e+02
2.854354354354354140e+00 3.994775967761241873e+02
2.861361361361361322e+00 3.996511722582652624e+02
2.868368368368368504e+00 3.998244299274759328e+02
2.875375375375375242e+00 3.999973699625595032e+02
2.882382382382382424e+00 4.001699925431972247e+02
2.889389389389389162e+00 4.003422978412385191e+02
2.896396396396396344e+00 4.005142860458043401e+02
2.903403403403403527e+00 4.006859573329062414e+02
2.910410410410410265e+00 4.008573118772358157e+02
2.917417417417417447e+00 4.010283498646494991e+02
2.924424424424424185e+00 4.011990714768152770e+02
2.931431431431431367e+00 4.013694768928205576e+02
2.938438438438438549e+00 4.015395662921322355e+02
2.945445445445445287e+00 4.017093398577964649e+02
2.952452452452452469e+00 4.018787977739046937e+02
2.959459459459459651e+00 4.020479402209277850e+02
2.966466466466466390e+00 4.022167673855346379e+02
2.973473473473473572e+00 4.023852794423463024e+02
2.980480480480480310e+00 4.025534765791653626e+02
2.987487487487487492e+00 4.027213589884877933e+02
2.994494494494494674e+00 4.028889268348271457e+02
3.001501501501501412e+00 4.030561803191260424e+02
3.008508508508508594e+00 4.032231196258324530e+02
3.015515515515515332e+00 4.033897449288588746e+02
3.022522522522522515e+00 4.035560564218824879e+02
3.029529529529529697e+00 4.037220542915609940e+02
3.036536536536536435e+00 4.038877387071894987e+02
3.043543543543543617e+00 4.040531098832096859e+02
3.050550550550550355e+00 4.042181679909842842e+02
3.057557557557557537e+00 4.043829132143188758e+02
3.064564564564564719e+00 4.045473457397954462e+02
3.071571571571571457e+00 4.047114657672535714e+02
3.078578578578578639e+00 4.048752734666279594e+02
3.085585585585585378e+00 4.050387690421381421e+02
3.092592592592592560e+00 4.052019526750015643e+02
3.099599599599599742e+00 4.053648245499171026e+02
3.106606606606606480e+00 4.055273848428890346e+02
3.113613613613613662e+00 4.056896337742508649e+02
3.120620620620620400e+00 4.058515715311897907e+02
3.127627627627627582e+00 4.060131982658574543e+02
3.134634634634634764e+00 4.061745142041199301e+02
3.141641641641641503e+00 4.063355195194125145e+02
3.148648648648648685e+00 4.064962143956879004e+02
3.155655655655655423e+00 4.066565990483165365e+02
3.162662662662662605e+00 4.068166736669417674e+02
3.169669669669669787e+00 4.069764384114957352e+02
3.176676676676676525e+00 4.071358934834335059e+02
3.183683683683683707e+00 4.072950390880851046e+02
3.190690690690690445e+00 4.074538754064604973e+02
3.197697697697697627e+00 4.076124026694897680e+02
3.204704704704704810e+00 4.077706210005824232e+02
3.211711711711711548e+00 4.079285306163145037e+02
3.218718718718718730e+00 4.080861317093380762e+02
3.225725725725725912e+00 4.082434245284538861e+02
3.232732732732732650e+00 4.084004091860171002e+02
3.239739739739739832e+00 4.085570859225242657e+02
3.246746746746746570e+00 4.087134549019212386e+02
3.253753753753753752e+00 4.088695163426663157e+02
3.260760760760760935e+00 4.090252704284985725e+02
3.267767767767767673e+00 4.091807173620588287e+02
3.274774774774774855e+00 4.093358573170519890e+02
3.281781781781781593e+00 4.094906904623496757e+02
3.288788788788788775e+00 4.096452170827221835e+02
3.295795795795795957e+00 4.097994373109286244e+02
3.302802802802802695e+00 4.099533513365944373e+02
3.309809809809809877e+00 4.101069593603857015e+02
3.316816816816816615e+00 4.102602615912093711e+02
3.323823823823823798e+00 4.104132582400978322e+02
3.330830830830830980e+00 4.105659494459101211e+02
3.337837837837837718e+00 4.107183354615841608e+02
3.344844844844844900e+00 4.108704164601639945e+02
3.351851851851851638e+00 4.110221926197002631e+02
3.358858858858858820e+00 4.111736641849564649e+02
3.365865865865866002e+00 4.113248312373970634e+02
3.372872872872872740e+00 4.114756941574848383e+02
3.379879879879879923e+00 4.116262529839285094e+02
3.386886886886886661e+00 4.117765080105818924e+02
3.393893893893893843e+00 4.119264593459795947e+02
3.400900900900901025e+00 4.120761072552839437e+02
3.407907907907907763e+00 4.122254519143002085e+02
3.414914914914914945e+00 4.123744935081858216e+02
3.421921921921921683e+00 4.125232322760052170e+02
3.428928928928928865e+00 4.126716684001360136e+02
3.435935935935936048e+00 4.128198019836049184e+02
3.442942942942942786e+00 4.129676333154654913e+02
3.449949949949949968e+00 4.131151626917034037e+02
3.456956956956957150e+00 4.132623901086730598e+02
3.463963963963963888e+00 4.134093158697003787e+02
3.470970970970971070e+00 4.135559401743495869e+02
3.477977977977977808e+00 4.137022631885513988e+02
3.484984984984984990e+00 4.138482851000299547e+02
3.491991991991992172e+00 4.139940062039718214e+02
3.498998998998998911e+00 4.141394265003636974e+02
3.506006006006006093e+00 4.142845464626108196e+02
3.513013013013012831e+00 4.144293659889278842e+02
3.520020020020020013e+00 4.145738855967564405e+02
3.527027027027027195e+00 4.147181052622192396e+02
3.534034034034033933e+00 4.148620251969640549e+02
3.541041041041041115e+00 4.150056456420595055e+02
3.548048048048047853e+00 4.151489669044636344e+02
3.555055055055055035e+00 4.152919887891195003e+02
3.562062062062062218e+00 4.154347121663299731e+02
3.569069069069068956e+00 4.155771366045941591e+02
3.576076076076076138e+00 4.157192626272675398e+02
3.583083083083082876e+00 4.158610903709006266e+02
3.590090090090090058e+00 4.160026199335352999e+02
3.597097097097097240e+00 4.161438517480974610e+02
3.604104104104103978e+00 4.162847856527517934e+02
3.611111111111111160e+00 4.164254222611091905e+02
3.618118118118117899e+00 4.165657615113290149e+02
3.625125125125125081e+00 4.167058035269464540e+02
3.632132132132132263e+00 4.168455487423663612e+02
3.639139139139139001e+00 4.169849973288013985e+02
3.646146146146146183e+00 4.171241494396283542e+02
3.653153153153152921e+00 4.172630050978308418e+02
3.660160160160160103e+00 4.174015647721049618e+02
3.667167167167167285e+00 4.175398284644649038e+02
3.674174174174174023e+00 4.176777964322252501e+02
3.681181181181181206e+00 4.178154688532500245e+02
3.688188188188187944e+00 4.179528462309563110e+02
3.695195195195195126e+00 4.180899284275743639e+02
3.702202202202202308e+00 4.182267155299213641e+02
3.709209209209209046e+00 4.183632080981080321e+02
3.716216216216216228e+00 4.184994061674291856e+02
3.723223223223223410e+00 4.186353096696672083e+02
3.730230230230230148e+00 4.187709193825907050e+02
3.737237237237237331e+00 4.189062352318431977e+02
3.744244244244244069e+00 4.190412572064746541e+02
3.751251251251251251e+00 4.191759857378270340e+02
3.758258258258258433e+00 4.193104209017574817e+02
3.765265265265265171e+00 4.194445629590182421e+02
3.772272272272272353e+00 4.195784120752355193e+02
3.779279279279279091e+00 4.197119686944710679e+02
3.786286286286286273e+00 4.198452322418957010e+02
3.793293293293293456e+00 4.199782041140308024e+02
3.800300300300300194e+00 4.201108837085349137e+02
3.807307307307307376e+00 4.202432715616822634e+02
3.814314314314314114e+00 4.203753672210456784e+02
3.821321321321321296e+00 4.205071717810088785e+02
3.828328328328328478e+00 4.206386852280400603e+02
3.835335335335335216e+00 4.207699067950768494e+02
3.842342342342342398e+00 4.209008381855753100e+02
3.849349349349349136e+00 4.210314782992005007e+02
3.856356356356356319e+00 4.211618282854381050e+02
3.863363363363363501e+00 4.212918877109477762e+02
3.870370370370370239e+00 4.214216577166027378e+02
3.877377377377377421e+00 4.215511371117219710e+02
3.884384384384384159e+00 4.216803262855816001e+02
3.891391391391391341e+00 4.218092272364511928e+02
3.898398398398398523e+00 4.219378375396734668e+02
3.905405405405405261e+00 4.220661599053044029e+02
3.912412412412412444e+00 4.221941932807276316e+02
3.919419419419419182e+00 4.223219372793954562e+02
3.926426426426426364e+00 4.224493933826119019e+02
3.933433433433433546e+00 4.225765611258667036e+02
3.940440440440440284e+00 4.227034388992098570e+02
3.947447447447447466e+00 4.228300314532295374e+02
3.954454454454454204e+00 4.229563341039493594e+02
3.961461461461461386e+00 4.230823505270770397e+02
3.968468468468468568e+00 4.232080786836505126e+02
3.975475475475475307e+00 4.233335211550466397e+02
3.982482482482482489e+00 4.234586760732431117e+02
3.989489489489489671e+00 4.235835439015211250e+02
3.996496496496496409e+00 4.237081250937961840e+02
4.003503503503504035e+00 4.238324197527129513e+02
4.010510510510510329e+00 4.239564288228338569e+02
4.017517517517517511e+00 4.240801526758592672e+02
4.024524524524524693e+00 4.242035898886025507e+02
4.031531531531530987e+00 4.243267418857871007e+02
4.038538538538539058e+00 4.244496067702885966e+02
4.045545545545545352e+00 4.245721878966774057e+02
4.052552552552552534e+00 4.246944848558434273e+02
4.059559559559559716e+00 4.248164967637479208e+02
4.066566566566566010e+00 4.249382238887187100e+02
4.073573573573574080e+00 4.250596663990784805e+02
4.080580580580580374e+00 4.251808238253188961e+02
4.087587587587587556e+00 4.253016998034578364e+02
4.094594594594594739e+00 4.254222908514839219e+02
4.101601601601601033e+00 4.255425968435372965e+02
4.108608608608609103e+00 4.256626201737898896e+02
4.115615615615615397e+00 4.257823610585773508e+02
4.122622622622622579e+00 4.259018181943791888e+02
4.129629629629629761e+00 4.260209938116057060e+02
4.136636636636636055e+00 4.261398862204055149e+02
4.143643643643644126e+00 4.262584945178782618e+02
4.150650650650650419e+00 4.263768231704356140e+02
4.157657657657657602e+00 4.264948677099454812e+02
4.164664664664664784e+00 4.266126318628041645e+02
4.171671671671671078e+00 4.267301144311736039e+02
4.178678678678679148e+00 4.268473150078232266e+02
4.185685685685685442e+00 4.269642343509593729e+02
4.192692692692692624e+00 4.270808748242284310e+02
4.199699699699699806e+00 4.271972328008411637e+02
4.206706706706706100e+00 4.273133073664959056e+02
4.213713713713714171e+00 4.274291048911824191e+02
4.220720720720720465e+00 4.275446203046785172e+02
4.227727727727727647e+00 4.276598580930258322e+02
4.234734734734734829e+00 4.277748140481161272e+02
4.241741741741741123e+00 4.278894905786482354e+02
4.248748748748749193e+00 4.280038868172291018e+02
4.255755755755755487e+00 4.281180056561818787e+02
4.262762762762762669e+00 4.282318446050354623e+02
4.269769769769769852e+00 4.283454020681209613e+02
4.276776776776776146e+00 4.284586839287323983e+02
4.283783783783784216e+00 4.285716864226654934e+02
4.290790790790790510e+00 4.286844099812822151e+02
4.297797797797797692e+00 4.287968569319987751e+02
4.304804804804804874e+00 4.289090260042067939e+02
4.311811811811811168e+00 4.290209177400890326e+02
4.318818818818819238e+00 4.291325305771151193e+02
4.325825825825825532e+00 4.292438660469577485e+02
4.332832832832832715e+00 4.293549247156402089e+02
4.339839839839839897e+00 4.294657030485724931e+02
4.346846846846846191e+00 4.295762086291156834e+02
4.353853853853854261e+00 4.296864368972540547e+02
4.360860860860860555e+00 4.297963860277112644e+02
4.367867867867867737e+00 4.299060657105817995e+02
4.374874874874874919e+00 4.300154632695495138e+02
4.381881881881881213e+00 4.301245884121068457e+02
4.388888888888889284e+00 4.302334409146701546e+02
4.395895895895895578e+00 4.303420104019286327e+02
4.402902902902902760e+00 4.304503089824510198e+02
4.409909909909909942e+00 4.305583285122325492e+02
4.416916916916916236e+00 4.306660761182055239e+02
4.423923923923924306e+00 4.307735469812678275e+02
4.430930930930930600e+00 4.308807458895754507e+02
4.437937937937937782e+00 4.309876744807127693e+02
4.444944944944944965e+00 4.310943194220047303e+02
4.451951951951951258e+00 4.312006990008447929e+02
4.458958958958959329e+00 4.313068008173862040e+02
4.465965965965965623e+00 4.314126335765405429e+02
4.472972972972972805e+00 4.315181820210247565e+02
4.479979979979979987e+00 4.316234623709028142e+02
4.486986986986987169e+00 4.317284716059866128e+02
4.493993993993994351e+00 4.318332080519547844e+02
4.501001001001000645e+00 4.319376685045149316e+02
4.508008008008007828e+00 4.320418605228431943e+02
4.515015015015015010e+00 4.321457847609366922e+02
4.522022022022022192e+00 4.322494274622833927e+02
4.529029029029029374e+00 4.323528019547583199e+02
4.536036036036035668e+00 4.324559135941311183e+02
4.543043043043042850e+00 4.325587494250337386e+02
4.550050050050050032e+00 4.326613034522588919e+02
4.557057057057057214e+00 4.327635872265067292e+02
4.564064064064064397e+00 4.328656033889901664e+02
4.571071071071070691e+00 4.329673557704019800e+02
4.578078078078077873e+00 4.330688342175645857e+02
4.585085085085085055e+00 4.331700423660054753e+02
4.592092092092092237e+00 4.332709793948096717e+02
4.599099099099099419e+00 4.333716403585090120e+02
4.606106106106105713e+00 4.334720394696387302e+02
4.613113113113112895e+00 4.335721586917397303e+02
4.620120120120120077e+00 4.336720340648845422e+02
4.627127127127127260e+00 4.337716082849336772e+02
4.634134134134134442e+00 4.338709289822912751e+02
4.641141141141140736e+00 4.339699740029492432e+02
4.648148148148147918e+00 4.340687605253056063e+02
4.655155155155155100e+00 4.341672776905570004e+02
4.662162162162162282e+00 4.342655203710208980e+02
4.669169169169169464e+00 4.343635026707447082e+02
4.676176176176175758e+00 4.344612091195455719e+02
4.683183183183182940e+00 4.345586435730095332e+02
4.690190190190190123e+00 4.346558076304600604e+02
4.697197197197197305e+00 4.347527175750634569e+02
4.704204204204204487e+00 4.348493548532572959e+02
4.711211211211210781e+00 4.349457308716493458e+02
4.718218218218217963e+00 4.350418419429865367e+02
4.725225225225225145e+00 4.351376645933293617e+02
4.732232232232232327e+00 4.352332554520959889e+02
4.739239239239239510e+00 4.353285507753772663e+02
4.746246246246245803e+00 4.354235733501780032e+02
4.753253253253252986e+00 4.355183544012453467e+02
4.760260260260260168e+00 4.356128632877768609e+02
4.767267267267267350e+00 4.357070890377238470e+02
4.774274274274274532e+00 4.358010772632431440e+02
4.781281281281280826e+00 4.358947805642295634e+02
4.788288288288288008e+00 4.359882337128091194e+02
4.795295295295295190e+00 4.360814027451440325e+02
4.802302302302302373e+00 4.361743264786705367e+02
4.809309309309309555e+00 4.362669929003820926e+02
4.816316316316315849e+00 4.363593628049242170e+02
4.823323323323323031e+00 4.364514967802991237e+02
4.830330330330330213e+00 4.365433355302307064e+02
4.837337337337337395e+00 4.366349440580429473e+02
4.844344344344344577e+00 4.367262683353806096e+02
4.851351351351350871e+00 4.368173312915998281e+02
4.858358358358358053e+00 4.369081259369077088e+02
4.865365365365365236e+00 4.369987004772279420e+02
4.872372372372372418e+00 4.370889374103473415e+02
4.879379379379379600e+00 4.371789653878735180e+02
4.886386386386386782e+00 4.372687154771659834e+02
4.893393393393393076e+00 4.373581975674043747e+02
4.900400400400400258e+00 4.374474171468577879e+02
4.907407407407407440e+00 4.375363998433507504e+02
4.914414414414414622e+00 4.376250979880873047e+02
4.921421421421421805e+00 4.377135463630531262e+02
4.928428428428428099e+00 4.378016907767786279e+02
4.935435435435435281e+00 4.378896213953488541e+02
4.942442442442442463e+00 4.379772886152341584e+02
4.949449449449449645e+00 4.380646888240300427e+02
4.956456456456456827e+00 4.381518147422442553e+02
4.963463463463463121e+00 4.382386864755981719e+02
4.970470470470470303e+00 4.383253081684429731e+02
4.977477477477477485e+00 4.384116340686285866e+02
4.984484484484484668e+00 4.384977347698177255e+02
4.991491491491491850e+00 4.385835538750868636e+02
4.998498498498498144e+00 4.386691501199406389e+02
5.005505505505505326e+00 4.387544848969750433e+02
5.012512512512512508e+00 4.388395035545924543e+02
5.019519519519519690e+00 4.389242867833854120e+02
5.026526526526526872e+00 4.390088309020350721e+02
5.033533533533533166e+00 4.390931209941333577e+02
5.040540540540540349e+00 4.391771308018921900e+02
5.047547547547547531e+00 4.392608998274322971e+02
5.054554554554554713e+00 4.393443921247725257e+02
5.061561561561561895e+00 4.394275936272206309e+02
5.068568568568568189e+00 4.395105776046614778e+02
5.075575575575575371e+00 4.395932989368748167e+02
5.082582582582582553e+00 4.396757622813174180e+02
5.089589589589589735e+00 4.397579926277285836e+02
5.096596596596596918e+00 4.398399409734448113e+02
5.103603603603603212e+00 4.399216477789402120e+02
5.110610610610610394e+00 4.400030653733286954e+02
5.117617617617617576e+00 4.400842809924645849e+02
5.124624624624624758e+00 4.401651555963298961e+02
5.131631631631631940e+00 4.402458351192193504e+02
5.138638638638638234e+00 4.403261956736555476e+02
5.145645645645645416e+00 4.404063789508942932e+02
5.152652652652652598e+00 4.404862660016478344e+02
5.159659659659659781e+00 4.405659027334093594e+02
5.166666666666666963e+00 4.406453022043726833e+02
5.173673673673673257e+00 4.407244209782572284e+02
5.180680680680680439e+00 4.408032968972927961e+02
5.187687687687687621e+00 4.408819108590430460e+02
5.194694694694694803e+00 4.409602359939831331e+02
5.201701701701701985e+00 4.410383254549603862e+02
5.208708708708708279e+00 4.411162282148260942e+02
5.215715715715715461e+00 4.411938145193101377e+02
5.222722722722722644e+00 4.412711679777298741e+02
5.229729729729729826e+00 4.413482599558549282e+02
5.236736736736737008e+00 4.414251136733197427e+02
5.243743743743743302e+00 4.415016193023296296e+02
5.250750750750750484e+00 4.415780203906223846e+02
5.257757757757757666e+00 4.416540309276032872e+02
5.264764764764764848e+00 4.417298121629297611e+02
5.271771771771772030e+00 4.418053714623233645e+02
5.278778778778778324e+00 4.418807022951473868e+02
5.285785785785785507e+00 4.419557725322524107e+02
5.292792792792792689e+00 4.420305462554698011e+02
5.299799799799799871e+00 4.421051942213864550e+02
5.306806806806807053e+00 4.421794046770525597e+02
5.313813813813813347e+00 4.422534934079920390e+02
5.320820820820820529e+00 4.423273434117321017e+02
5.327827827827827711e+00 4.424008202793860391e+02
5.334834834834834894e+00 4.424740261196014899e+02
5.341841841841842076e+00 4.425471176081364888e+02
5.348848848848848370e+00 4.426198673610064702e+02
5.355855855855855552e+00 4.426924484419545252e+02
5.362862862862862734e+00 4.427647370387022079e+02
5.369869869869869916e+00 4.428367521837126901e+02
5.376876876876877098e+00 4.429085383885533247e+02
5.383883883883884280e+00 4.429800622395329128e+02
5.390890890890890574e+00 4.430513589397092460e+02
5.397897897897897757e+00 4.431223095622058850e+02
5.404904904904904939e+00 4.431931039679466267e+02
5.411911911911912121e+00 4.432635638959021094e+02
5.418918918918919303e+00 4.433340375838976115e+02
5.425925925925925597e+00 4.434039393252916739e+02
5.432932932932932779e+00 4.434736320636542928e+02
5.439939939939939961e+00 4.435432426068140330e+02
5.446946946946947143e+00 4.436124588974667518e+02
5.453953953953954326e+00 4.436815197475025343e+02
5.460960960960960620e+00 4.437503048288033369e+02
5.467967967967967802e+00 4.438187979395274283e+02
5.474974974974974984e+00 4.438870700128685485e+02
5.481981981981982166e+00 4.439550783222344421e+02
5.488988988988989348e+00 4.440229906330207541e+02
5.495995995995995642e+00 4.440904699832643701e+02
5.503003003003002824e+00 4.441577159567629565e+02
5.510010010010010006e+00 4.442246656848229804e+02
5.517017017017017189e+00 4.442915752181614266e+02
5.524024024024024371e+00 4.443579758608652241e+02
5.531031031031030665e+00 4.444243591088061294e+02
5.538038038038037847e+00 4.444904132443090248e+02
5.545045045045045029e+00 4.445561846811713735e+02
5.552052052052052211e+00 4.446215693735315426e+02
5.559059059059059393e+00 4.446868776820184053e+02
5.566066066066065687e+00 4.447520109998606017e+02
5.573073073073072869e+00 4.448168093229961073e+02
5.580080080080080052e+00 4.448813605735384158e+02
5.587087087087087234e+00 4.449456648962839154e+02
5.594094094094094416e+00 4.450097224289434621e+02
5.601101101101100710e+00 4.450735136168869985e+02
5.608108108108107892e+00 4.451370380701840190e+02
5.615115115115115074e+00 4.452003351824576498e+02
5.622122122122122256e+00 4.452633855346783776e+02
5.629129129129129439e+00 4.453262095362733817e+02
5.636136136136135732e+00 4.453889361349660589e+02
5.643143143143142915e+00 4.454512707647550087e+02
5.650150150150150097e+00 4.455134511445647831e+02
5.657157157157157279e+00 4.455752031618342244e+02
5.664164164164164461e+00 4.456367322141240379e+02
5.671171171171170755e+00 4.456980153183239963e+02
5.678178178178177937e+00 4.457590080437011011e+02
5.685185185185185119e+00 4.458199347878506273e+02
5.692192192192192302e+00 4.458807670721025147e+02
5.699199199199199484e+00 4.459411406022121014e+02
5.706206206206205778e+00 4.460009733753435057e+02
5.713213213213212960e+00 4.460609504289462279e+02
5.720220220220220142e+00 4.461206892678973190e+02
5.727227227227227324e+00 4.461801903198690979e+02
5.734234234234234506e+00 4.462392607216442570e+02
5.741241241241240800e+00 4.462980334134343252e+02
5.748248248248247982e+00 4.463566149719110854e+02
5.755255255255255165e+00 4.464151114700221683e+02
5.762262262262262347e+00 4.464732851019970212e+02
5.769269269269269529e+00 4.465312153084441888e+02
5.776276276276275823e+00 4.465887900186759225e+02
5.783283283283283005e+00 4.466463459674686760e+02
5.790290290290290187e+00 4.467035761726080523e+02
5.797297297297297369e+00 4.467606565325878591e+02
5.804304304304304551e+00 4.468172806049238375e+02
5.811311311311310845e+00 4.468739131436041134e+02
5.818318318318318028e+00 4.469301464581539562e+02
5.825325325325325210e+00 4.469859092666075071e+02
5.832332332332332392e+00 4.470417853857675254e+02
5.839339339339339574e+00 4.470972904865838018e+02
5.846346346346345868e+00 4.471523526494959810e+02
5.853353353353353050e+00 4.472074041787963097e+02
5.860360360360360232e+00 4.472622496331712796e+02
5.867367367367367414e+00 4.473168211499898916e+02
5.874374374374374597e+00 4.473711524977659906e+02
5.881381381381380891e+00 4.474254321623739088e+02
5.888388388388388073e+00 4.474789832183309954e+02
5.895395395395395255e+00 4.475321933307792506e+02
5.902402402402402437e+00 4.475858098214710594e+02
5.909409409409409619e+00 4.476391321987704828e+02
5.916416416416416801e+00 4.476916315468911876e+02
5.923423423423423095e+00 4.477442755124882865e+02
5.930430430430430278e+00 4.477965631065667935e+02
5.937437437437437460e+00 4.478488463289124297e+02
5.944444444444444642e+00 4.479007734816030961e+02
5.951451451451451824e+00 4.479524620129619734e+02
5.958458458458458118e+00 4.480036999586906177e+02
5.965465465465465300e+00 4.480553033505149187e+02
5.972472472472472482e+00 4.481058757138808915e+02
5.979479479479479664e+00 4.481564310509525626e+02
5.986486486486486847e+00 4.482069198793542455e+02
5.993493493493493141e+00 4.482571258843379951e+02
6.000500500500500323e+00 4.483071381815097425e+02
6.007507507507507505e+00 4.483568662940805893e+02
6.014514514514514687e+00 4.484060338282026805e+02
6.021521521521521869e+00 4.484556532847344670e+02
6.028528528528528163e+00 4.485046650952725145e+02
6.035535535535535345e+00 4.485530531295777905e+02
6.042542542542542527e+00 4.486016295441662010e+02
6.049549549549549710e+00 4.486501170975137711e+02
6.056556556556556892e+00 4.486979240794210000e+02
6.063563563563563186e+00 4.487459893862396143e+02
6.070570570570570368e+00 4.487933630045047266e+02
6.077577577577577550e+00 4.488406497147719847e+02
6.084584584584584732e+00 4.488876463254163127e+02
6.091591591591591914e+00 4.489345059529410946e+02
6.098598598598598208e+00 4.489811277593435079e+02
6.105605605605605390e+00 4.490274590457616455e+02
6.112612612612612573e+00 4.490738213622198600e+02
6.119619619619619755e+00 4.491195672992922709e+02
6.126626626626626937e+00 4.491650749848096780e+02
6.133633633633633231e+00 4.492109006765732602e+02
6.140640640640640413e+00 4.492554292652837944e+02
6.147647647647647595e+00 4.493010642318548662e+02
6.154654654654654777e+00 4.493452108955715403e+02
6.161661661661661959e+00 4.493902800637600308e+02
6.168668668668668253e+00 4.494342891767758488e+02
6.175675675675675436e+00 4.494781215424207517e+02
6.182682682682682618e+00 4.495222025603432598e+02
6.189689689689689800e+00 4.495660674471029097e+02
6.196696696696696982e+00 4.496095797331835229e+02
6.203703703703703276e+00 4.496523831236382307e+02
6.210710710710710458e+00 4.496945007023786047e+02
6.217717717717717640e+00 4.497374814875147990e+02
6.224724724724724823e+00 4.497795761243012862e+02
6.231731731731732005e+00 4.498223137210138134e+02
6.238738738738738299e+00 4.498636491998497604e+02
6.245745745745745481e+00 4.499057920968308508e+02
6.252752752752752663e+00 4.499465761851750472e+02
6.259759759759759845e+00 4.499876159353061666e+02
6.266766766766767027e+00 4.500282165235973935e+02
6.273773773773773321e+00 4.500693314192884600e+02
6.280780780780780503e+00 4.501098020739091226e+02
6.287787787787787686e+00 4.501500376262965801e+02
6.294794794794794868e+00 4.501903365780774493e+02
6.301801801801802050e+00 4.502295830718492198e+02
6.308808808808808344e+00 4.502696409822074770e+02
6.315815815815815526e+00 4.503090201547356060e+02
6.322822822822822708e+00 4.503473875879345201e+02
6.329829829829829890e+00 4.503865195570825222e+02
6.336836836836837072e+00 4.504248766874769103e+02
6.343843843843843366e+00 4.504629221435652084e+02
6.350850850850850549e+00 4.505005858606236870e+02
6.357857857857857731e+00 4.505390005555208859e+02
6.364864864864864913e+00 4.505766502386699699e+02
6.371871871871872095e+00 4.506148189161437472e+02
6.378878878878878389e+00 4.506512476086223842e+02
6.385885885885885571e+00 4.506881128670820544e+02
6.392892892892892753e+00 4.507249938963569207e+02
6.399899899899899935e+00 4.507608101940551819e+02
6.406906906906907118e+00 4.507978104175990666e+02
6.413913913913914300e+00 4.508335634106275620e+02
6.420920920920920594e+00 4.508696979970699772e+02
6.427927927927927776e+00 4.509044525857141252e+02
6.434934934934934958e+00 4.509399337074056007e+02
6.441941941941942140e+00 4.509750987297178995e+02
6.448948948948949322e+00 4.510104988774191384e+02
6.455955955955955616e+00 4.510450208584284724e+02
6.462962962962962798e+00 4.510786556327340691e+02
6.469969969969969981e+00 4.511124350286955291e+02
6.476976976976977163e+00 4.511468935583316124e+02
6.483983983983984345e+00 4.511801952173230461e+02
6.490990990990990639e+00 4.512131756680755075e+02
6.497997997997997821e+00 4.512466563768991250e+02
6.505005005005005003e+00 4.512799176095624034e+02
6.512012012012012185e+00 4.513125647374592404e+02
6.519019019019019368e+00 4.513442190265907357e+02
6.526026026026025662e+00 4.513774551084355267e+02
6.533033033033032844e+00 4.514095031491116856e+02
6.540040040040040026e+00 4.514419500639564262e+02
6.547047047047047208e+00 4.514731126064598925e+02
6.554054054054054390e+00 4.515033390188434055e+02
6.561061061061060684e+00 4.515349553448368169e+02
6.568068068068067866e+00 4.515655285850159544e+02
6.575075075075075048e+00 4.515960734813237423e+02
6.582082082082082231e+00 4.516276790373323706e+02
6.589089089089089413e+00 4.516576497164726334e+02
6.596096096096095707e+00 4.516863083207321665e+02
6.603103103103102889e+00 4.517166696918441176e+02
6.610110110110110071e+00 4.517455099180612024e+02
6.617117117117117253e+00 4.517748714090734552e+02
6.624124124124124435e+00 4.518043397467392310e+02
6.631131131131130729e+00 4.518332515910429947e+02
6.638138138138137911e+00 4.518613605973459926e+02
6.645145145145145094e+00 4.518891314647879085e+02
6.652152152152152276e+00 4.519170044915080666e+02
6.659159159159159458e+00 4.519455445122565607e+02
6.666166166166165752e+00 4.519731813324662539e+02
6.673173173173172934e+00 4.520010684022290661e+02
6.680180180180180116e+00 4.520266082842792343e+02
6.687187187187187298e+00 4.520548283416858339e+02
6.694194194194194480e+00 4.520819177501633135e+02
6.701201201201200774e+00 4.521068259161870628e+02
6.708208208208207957e+00 4.521342815713415462e+02
6.715215215215215139e+00 4.521599266455567658e+02
6.722222222222222321e+00 4.521854652403301884e+02
6.729229229229229503e+00 4.522112737675585095e+02
6.736236236236235797e+00 4.522359698437723523e+02
6.743243243243242979e+00 4.522608118277352673e+02
6.750250250250250161e+00 4.522865669554487908e+02
6.757257257257257343e+00 4.523108097536817809e+02
6.764264264264264526e+00 4.523348228827541107e+02
6.771271271271270820e+00 4.523596531854296927e+02
6.778278278278278002e+00 4.523833283604102462e+02
6.785285285285285184e+00 4.524065066942882254e+02
6.792292292292292366e+00 4.524289511683685419e+02
6.799299299299299548e+00 4.524546271734012066e+02
6.806306306306305842e+00 4.524761133605833834e+02
6.813313313313313024e+00 4.524983628302641705e+02
6.820320320320320207e+00 4.525213189241503073e+02
6.827327327327327389e+00 4.525431003813446864e+02
6.834334334334334571e+00 4.525661628882105560e+02
6.841341341341340865e+00 4.525877471614692240e+02
6.848348348348348047e+00 4.526095289634117762e+02
6.855355355355355229e+00 4.526300824154309907e+02
6.862362362362362411e+00 4.526513954441719534e+02
6.869369369369369593e+00 4.526726280772899713e+02
6.876376376376375887e+00 4.526926232099248750e+02
6.883383383383383070e+00 4.527124013523335861e+02
6.890390390390390252e+00 4.527330676373855454e+02
6.897397397397397434e+00 4.527535228293301088e+02
6.904404404404404616e+00 4.527727312490056875e+02
6.911411411411411798e+00 4.527914359473989521e+02
6.918418418418418092e+00 4.528116196547871937e+02
6.925425425425425274e+00 4.528295672341662339e+02
6.932432432432432456e+00 4.528505115139960822e+02
6.939439439439439639e+00 4.528690048962243395e+02
6.946446446446446821e+00 4.528860440882899638e+02
6.953453453453453115e+00 4.529046767539281859e+02
6.960460460460460297e+00 4.529217227801019021e+02
6.967467467467467479e+00 4.529401994155139732e+02
6.974474474474474661e+00 4.529567753519326061e+02
6.981481481481481843e+00 4.529746452492624371e+02
6.988488488488488137e+00 4.529913667481571338e+02
6.995495495495495319e+00 4.530074015576207671e+02
7.002502502502502502e+00 4.530230757779219175e+02
7.009509509509509684e+00 4.530420626002322138e+02
7.016516516516516866e+00 4.530570404375956173e+02
7.023523523523523160e+00 4.530722909556815239e+02
7.030530530530530342e+00 4.530877842889505587e+02
7.037537537537537524e+00 4.531035229110438536e+02
7.044544544544544706e+00 4.531193747604455666e+02
7.051551551551551889e+00 4.531330396349908938e+02
7.058558558558558182e+00 4.531469859945879080e+02
7.065565565565565365e+00 4.531624358463934641e+02
7.072572572572572547e+00 4.531768762780608313e+02
7.079579579579579729e+00 4.531901059726405947e+02
7.086586586586586911e+00 4.532042454838789922e+02
7.093593593593593205e+00 4.532163869953781727e+02
7.100600600600600387e+00 4.532300483204721786e+02
7.107607607607607569e+00 4.532444911121426117e+02
7.114614614614614752e+00 4.532557384478179756e+02
7.121621621621621934e+00 4.532682383703861433e+02
7.128628628628628228e+00 4.532816571684015798e+02
7.135635635635635410e+00 4.532940383246994998e+02
7.142642642642642592e+00 4.533058498565933974e+02
7.149649649649649774e+00 4.533177772857943637e+02
7.156656656656656956e+00 4.533286116567001045e+02
7.163663663663663250e+00 4.533399043278857334e+02
7.170670670670670432e+00 4.533520336420622812e+02
7.177677677677677615e+00 4.533625154222780793e+02
7.184684684684684797e+00 4.533713770841505379e+02
7.191691691691691979e+00 4.533822640807582047e+02
7.198698698698698273e+00 4.533944235065835642e+02
7.205705705705705455e+00 4.534016319820311196e+02
7.212712712712712637e+00 4.534108027029036521e+02
7.219719719719719819e+00 4.534216624343665103e+02
7.226726726726727001e+00 4.534307156699857728e+02
7.233733733733733295e+00 4.534379587996348846e+02
7.240740740740740478e+00 4.534483150664750610e+02
7.247747747747747660e+00 4.534564964442857331e+02
7.254754754754754842e+00 4.534639134613758529e+02
7.261761761761762024e+00 4.534719946449766326e+02
7.268768768768768318e+00 4.534793152586955216e+02
7.275775775775775500e+00 4.534872921560876762e+02
7.282782782782782682e+00 4.534948689734679306e+02
7.289789789789789864e+00 4.535009591153471433e+02
7.296796796796797047e+00 4.535075393022652861e+02
7.303803803803803341e+00 4.535135471981692490e+02
7.310810810810810523e+00 4.535203608110379037e+02
7.317817817817817705e+00 4.535274990162188260e+02
7.324824824824824887e+00 4.535333360679460384e+02
7.331831831831832069e+00 4.535378711380387813e+02
7.338838838838838363e+00 4.535429018258037672e+02
7.345845845845845545e+00 4.535489271047307511e+02
7.352852852852852727e+00 4.535549430079457238e+02
7.359859859859859910e+00 4.535580043082238149e+02
7.366866866866867092e+00 4.535629941970775576e+02
7.373873873873873386e+00 4.535672241297367577e+02
7.380880880880880568e+00 4.535710463987144863e+02
7.387887887887887750e+00 4.535751749465149487e+02
7.394894894894894932e+00 4.535780065190566006e+02
7.401901901901902114e+00 4.535813184616609419e+02
7.408908908908908408e+00 4.535860281815719759e+02
7.415915915915915591e+00 4.535883263152124414e+02
7.422922922922922773e+00 4.535905868984846165e+02
7.429929929929929955e+00 4.535944647329085910e+02
7.436936936936937137e+00 4.535956911929154671e+02
7.443943943943944319e+00 4.535961977409882024e+02
7.450950950950950613e+00 4.535998892575576065e+02
7.457957957957957795e+00 4.536006241035097446e+02
7.464964964964964977e+00 4.536024238365028509e+02
7.471971971971972160e+00 4.536034405977430310e+02
7.478978978978979342e+00 4.536029573133757822e+02
7.485985985985985636e+00 4.536029917183272460e+02
7.492992992992992818e+00 4.536038449297338389e+02
7.500000000000000000e+00 4.536037688037461066e+02
