5.000000000000000000e-01 1.546251306119262381e+03
5.082582582582582109e-01 1.547434994825137210e+03
5.165165165165165329e-01 1.548620036270537639e+03
5.247747747747747438e-01 1.549806429424380212e+03
5.330330330330330657e-01 1.550994173239838801e+03
5.412912912912912766e-01 1.552183266654316640e+03
5.495495495495494875e-01 1.553373708589425632e+03
5.578078078078078095e-01 1.554565497950960662e+03
5.660660660660660204e-01 1.555758633628877760e+03
5.743243243243243423e-01 1.556953114497271145e+03
5.825825825825825532e-01 1.558148939414349343e+03
5.908408408408408752e-01 1.559346107222412911e+03
5.990990990990990861e-01 1.560544616747830105e+03
6.073573573573574080e-01 1.561744466801017097e+03
6.156156156156156189e-01 1.562945656176412740e+03
6.238738738738738299e-01 1.564148183652457647e+03
6.321321321321321518e-01 1.565352047991572817e+03
6.403903903903903627e-01 1.566557247940134857e+03
6.486486486486486847e-01 1.567763782228457103e+03
6.569069069069068956e-01 1.568971649570765067e+03
6.651651651651651065e-01 1.570180848665176427e+03
6.734234234234234284e-01 1.571391378193680339e+03
6.816816816816816393e-01 1.572603236822114241e+03
6.899399399399399613e-01 1.573816423200143163e+03
6.981981981981981722e-01 1.575030935961238811e+03
7.064564564564563831e-01 1.576246773722658872e+03
7.147147147147147050e-01 1.577463935085425646e+03
7.229729729729730270e-01 1.578682418634307396e+03
7.312312312312312379e-01 1.579902222937794704e+03
7.394894894894894488e-01 1.581123346548082054e+03
7.477477477477477708e-01 1.582345788001047367e+03
7.560060060060059817e-01 1.583569545816231539e+03
7.642642642642643036e-01 1.584794618496818657e+03
7.725225225225225145e-01 1.586021004529618949e+03
7.807807807807807254e-01 1.587248702385043543e+03
7.890390390390390474e-01 1.588477710517090145e+03
7.972972972972972583e-01 1.589708027363320525e+03
8.055555555555555802e-01 1.590939651344843924e+03
8.138138138138137911e-01 1.592172580866294993e+03
8.220720720720720021e-01 1.593406814315819929e+03
8.303303303303303240e-01 1.594642350065051232e+03
8.385885885885886459e-01 1.595879186469095430e+03
8.468468468468468568e-01 1.597117321866509428e+03
8.551051051051050678e-01 1.598356754579285735e+03
8.633633633633632787e-01 1.599597482912835403e+03
8.716216216216216006e-01 1.600839505155965981e+03
8.798798798798799226e-01 1.602082819580865362e+03
8.881381381381381335e-01 1.603327424443086784e+03
8.963963963963963444e-01 1.604573317981528817e+03
9.046546546546545553e-01 1.605820498418417856e+03
9.129129129129128772e-01 1.607068963959293342e+03
9.211711711711711992e-01 1.608318712792988663e+03
9.294294294294294101e-01 1.609569743091615692e+03
9.376876876876876210e-01 1.610822053010546597e+03
9.459459459459459429e-01 1.612075640688399517e+03
9.542042042042041539e-01 1.613330504247019462e+03
9.624624624624624758e-01 1.614586641791467400e+03
9.707207207207206867e-01 1.615844051409996837e+03
9.789789789789788976e-01 1.617102731174045402e+03
9.872372372372372196e-01 1.618362679138213480e+03
9.954954954954955415e-01 1.619623893340252380e+03
1.003753753753753752e+00 1.620886371801047062e+03
1.012012012012011963e+00 1.622150112524603628e+03
1.020270270270270174e+00 1.623415113498029996e+03
1.028528528528528607e+00 1.624681372691525894e+03
1.036786786786786596e+00 1.625948888058364901e+03
1.045045045045045029e+00 1.627217657534880800e+03
1.053303303303303240e+00 1.628487679040455305e+03
1.061561561561561451e+00 1.629758950477501003e+03
1.069819819819819884e+00 1.631031469731449533e+03
1.078078078078078095e+00 1.632305234670736581e+03
1.086336336336336306e+00 1.633580243146788916e+03
1.094594594594594517e+00 1.634856492994011433e+03
1.102852852852852727e+00 1.636133982029772824e+03
1.111111111111111160e+00 1.637412708054394443e+03
1.119369369369369371e+00 1.638692668851134158e+03
1.127627627627627582e+00 1.639973862186177485e+03
1.135885885885885793e+00 1.641256285808622351e+03
1.144144144144144004e+00 1.642539937450466596e+03
1.152402402402402437e+00 1.643824814826600914e+03
1.160660660660660648e+00 1.645110915634787943e+03
1.168918918918918859e+00 1.646398237555657943e+03
1.177177177177177292e+00 1.647686778252694694e+03
1.185435435435435281e+00 1.648976535372223225e+03
1.193693693693693714e+00 1.650267506543399577e+03
1.201951951951951925e+00 1.651559689378200801e+03
1.210210210210210136e+00 1.652853081471410633e+03
1.218468468468468568e+00 1.654147680400612444e+03
1.226726726726726557e+00 1.655443483726176737e+03
1.234984984984984990e+00 1.656740488991250913e+03
1.243243243243243201e+00 1.658038693721750860e+03
1.251501501501501412e+00 1.659338095426348900e+03
1.259759759759759845e+00 1.660638691596463559e+03
1.268018018018017834e+00 1.661940479706253427e+03
1.276276276276276267e+00 1.663243457212603516e+03
1.284534534534534478e+00 1.664547621555118894e+03
1.292792792792792689e+00 1.665852970156116044e+03
1.301051051051051122e+00 1.667159500420611721e+03
1.309309309309309111e+00 1.668467209736314544e+03
1.317567567567567544e+00 1.669776095473618170e+03
1.325825825825825754e+00 1.671086154985593112e+03
1.334084084084083965e+00 1.672397385607976275e+03
1.342342342342342398e+00 1.673709784659166417e+03
1.350600600600600387e+00 1.675023349440213451e+03
1.358858858858858820e+00 1.676338077234812317e+03
1.367117117117117031e+00 1.677653965309296382e+03
1.375375375375375242e+00 1.678971010912627435e+03
1.383633633633633675e+00 1.680289211276392507e+03
1.391891891891891886e+00 1.681608563614796367e+03
1.400150150150150097e+00 1.682929065124652425e+03
1.408408408408408308e+00 1.684250712985378414e+03
1.416666666666666519e+00 1.685573504358990249e+03
1.424924924924924952e+00 1.686897436390095208e+03
1.433183183183183163e+00 1.688222506205889204e+03
1.441441441441441373e+00 1.689548710916145410e+03
1.449699699699699806e+00 1.690876047613214268e+03
1.457957957957957795e+00 1.692204513372017118e+03
1.466216216216216228e+00 1.693534105250038010e+03
1.474474474474474439e+00 1.694864820287324164e+03
1.482732732732732650e+00 1.696196655506478464e+03
1.490990990990991083e+00 1.697529607912653773e+03
1.499249249249249072e+00 1.698863674493552708e+03
1.507507507507507505e+00 1.700198852219419450e+03
1.515765765765765716e+00 1.701535138043039524e+03
1.524024024024023927e+00 1.702872528899735244e+03
1.532282282282282138e+00 1.704211021707359805e+03
1.540540540540540571e+00 1.705550613366299331e+03
1.548798798798798781e+00 1.706891300759463775e+03
1.557057057057056992e+00 1.708233080752290334e+03
1.565315315315315203e+00 1.709575950192736855e+03
1.573573573573573414e+00 1.710919905911280694e+03
1.581831831831831847e+00 1.712264944720916446e+03
1.590090090090090058e+00 1.713611063417155037e+03
1.598348348348348269e+00 1.714958258778020991e+03
1.606606606606606480e+00 1.716306527564050612e+03
1.614864864864864691e+00 1.717655866518292896e+03
1.623123123123123124e+00 1.719006272366305893e+03
1.631381381381381335e+00 1.720357741816157613e+03
1.639639639639639546e+00 1.721710271558425120e+03
1.647897897897897757e+00 1.723063858266192710e+03
1.656156156156156189e+00 1.724418498595052824e+03
1.664414414414414400e+00 1.725774189183107410e+03
1.672672672672672611e+00 1.727130926650966103e+03
1.680930930930930822e+00 1.728488707601746910e+03
1.689189189189189033e+00 1.729847528621077572e+03
1.697447447447447466e+00 1.731207386277096248e+03
1.705705705705705677e+00 1.732568277120452876e+03
1.713963963963963888e+00 1.733930197684308951e+03
1.722222222222222099e+00 1.735293144484341383e+03
1.730480480480480310e+00 1.736657114018742504e+03
1.738738738738738743e+00 1.738022102768222339e+03
1.746996996996996954e+00 1.739388107196010424e+03
1.755255255255255165e+00 1.740755123747860580e+03
1.763513513513513375e+00 1.742123148852049326e+03
1.771771771771771586e+00 1.743492178919381786e+03
1.780030030030030019e+00 1.744862210343194647e+03
1.788288288288288230e+00 1.746233239499357524e+03
1.796546546546546441e+00 1.747605262746277958e+03
1.804804804804804652e+00 1.748978276424904834e+03
1.813063063063063085e+00 1.750352276858731784e+03
1.821321321321321296e+00 1.751727260353801057e+03
1.829579579579579507e+00 1.753103223198709657e+03
1.837837837837837718e+00 1.754480161664612069e+03
1.846096096096095929e+00 1.755858072005224358e+03
1.854354354354354362e+00 1.757236950456832801e+03
1.862612612612612573e+00 1.758616793238295031e+03
1.870870870870870784e+00 1.759997596551047764e+03
1.879129129129128994e+00 1.761379356579111573e+03
1.887387387387387205e+00 1.762762069489097030e+03
1.895645645645645638e+00 1.764145731430210844e+03
1.903903903903903849e+00 1.765530338534262683e+03
1.912162162162162060e+00 1.766915886915671081e+03
1.920420420420420271e+00 1.768302372671469584e+03
1.928678678678678482e+00 1.769689791881316069e+03
1.936936936936936915e+00 1.771078140607497062e+03
1.945195195195195126e+00 1.772467414894936610e+03
1.953453453453453337e+00 1.773857610771205145e+03
1.961711711711711548e+00 1.775248724246524944e+03
1.969969969969969981e+00 1.776640751313780584e+03
1.978228228228228192e+00 1.778033687948526222e+03
1.986486486486486402e+00 1.779427530108992187e+03
1.994744744744744613e+00 1.780822273736098396e+03
2.003003003003002824e+00 1.782217914753458899e+03
2.011261261261261257e+00 1.783614449067394617e+03
2.019519519519519690e+00 1.785011872566940610e+03
2.027777777777777679e+00 1.786410181123855637e+03
2.036036036036035668e+00 1.787809370592633741e+03
2.044294294294294101e+00 1.789209436810514489e+03
2.052552552552552534e+00 1.790610375597490929e+03
2.060810810810810523e+00 1.792012182756322773e+03
2.069069069069068956e+00 1.793414854072546177e+03
2.077327327327327389e+00 1.794818385314485568e+03
2.085585585585585378e+00 1.796222772233262731e+03
2.093843843843843811e+00 1.797628010562812506e+03
2.102102102102102243e+00 1.799034096019890058e+03
2.110360360360360232e+00 1.800441024304087023e+03
2.118618618618618221e+00 1.801848791097839239e+03
2.126876876876877098e+00 1.803257392066444254e+03
2.135135135135135087e+00 1.804666822858070191e+03
2.143393393393393076e+00 1.806077079103770757e+03
2.151651651651651509e+00 1.807488156417497066e+03
2.159909909909909942e+00 1.808900050396113329e+03
2.168168168168167931e+00 1.810312756619407082e+03
2.176426426426426364e+00 1.811726270650105562e+03
2.184684684684684797e+00 1.813140588033889799e+03
2.192942942942942786e+00 1.814555704299408717e+03
2.201201201201200774e+00 1.815971614958292321e+03
2.209459459459459651e+00 1.817388315505168521e+03
2.217717717717717640e+00 1.818805801417677685e+03
2.225975975975975629e+00 1.820224068156486055e+03
2.234234234234234062e+00 1.821643111165304617e+03
2.242492492492492495e+00 1.823062925870901836e+03
2.250750750750750484e+00 1.824483507683122298e+03
2.259009009009008917e+00 1.825904851994900582e+03
2.267267267267267350e+00 1.827326954182278769e+03
2.275525525525525339e+00 1.828749809604423717e+03
2.283783783783783772e+00 1.830173413603643667e+03
2.292042042042042205e+00 1.831597761505403923e+03
2.300300300300300194e+00 1.833022848618347780e+03
2.308558558558558182e+00 1.834448670234310612e+03
2.316816816816816615e+00 1.835875221628338750e+03
2.325075075075075048e+00 1.837302498058710171e+03
2.333333333333333037e+00 1.838730494766948141e+03
2.341591591591591470e+00 1.840159206977845770e+03
2.349849849849849903e+00 1.841588629899477837e+03
2.358108108108107892e+00 1.843018758723227620e+03
2.366366366366366325e+00 1.844449588623798945e+03
2.374624624624624758e+00 1.845881114759241882e+03
2.382882882882882747e+00 1.847313332270967294e+03
2.391141141141140736e+00 1.848746236283771850e+03
2.399399399399399613e+00 1.850179821905854624e+03
2.407657657657657602e+00 1.851614084228838692e+03
2.415915915915915591e+00 1.853049018327792965e+03
2.424174174174174023e+00 1.854484619261252192e+03
2.432432432432432456e+00 1.855920882071237884e+03
2.440690690690690445e+00 1.857357801783282412e+03
2.448948948948948878e+00 1.858795373406444924e+03
2.457207207207207311e+00 1.860233591933340904e+03
2.465465465465465300e+00 1.861672452340158088e+03
2.473723723723723289e+00 1.863111949586682840e+03
2.481981981981982166e+00 1.864552078616321523e+03
2.490240240240240155e+00 1.865992834356123240e+03
2.498498498498498144e+00 1.867434211716801201e+03
2.506756756756756577e+00 1.868876205592761380e+03
2.515015015015015010e+00 1.870318810862121609e+03
2.523273273273272999e+00 1.871762022386735907e+03
2.531531531531531432e+00 1.873205835012220632e+03
2.539789789789789864e+00 1.874650243567977896e+03
2.548048048048047853e+00 1.876095242867220350e+03
2.556306306306306286e+00 1.877540827706993696e+03
2.564564564564564275e+00 1.878986992868206926e+03
2.572822822822822708e+00 1.880433733115652558e+03
2.581081081081081141e+00 1.881881043198036423e+03
2.589339339339339130e+00 1.883328917848000401e+03
2.597597597597597563e+00 1.884777351782148571e+03
2.605855855855855552e+00 1.886226339701076313e+03
2.614114114114113985e+00 1.887675876289394637e+03
2.622372372372372418e+00 1.889125956215757924e+03
2.630630630630630407e+00 1.890576574132890073e+03
2.638888888888888840e+00 1.892027724677611786e+03
2.647147147147146828e+00 1.893479402470870355e+03
2.655405405405405261e+00 1.894931602117764669e+03
2.663663663663663694e+00 1.896384318207575006e+03
2.671921921921921683e+00 1.897837545313790088e+03
2.680180180180180116e+00 1.899291277994136635e+03
2.688438438438438105e+00 1.900745510790607568e+03
2.696696696696696538e+00 1.902200238229490651e+03
2.704954954954954971e+00 1.903655454821400326e+03
2.713213213213212960e+00 1.905111155061301815e+03
2.721471471471471393e+00 1.906567333428547045e+03
2.729729729729729382e+00 1.908023984386901247e+03
2.737987987987987815e+00 1.909481102384572296e+03
2.746246246246246248e+00 1.910938681854243441e+03
2.754504504504504236e+00 1.912396717213104239e+03
2.762762762762762669e+00 1.913855202862878286e+03
2.771021021021021102e+00 1.915314133189858921e+03
2.779279279279279091e+00 1.916773502564936734e+03
2.787537537537537524e+00 1.918233305343632765e+03
2.795795795795795513e+00 1.919693535866131242e+03
2.804054054054053946e+00 1.921154188457310511e+03
2.812312312312312379e+00 1.922615257426777134e+03
2.820570570570570368e+00 1.924076737068895000e+03
2.828828828828828801e+00 1.925538621662822834e+03
2.837087087087086790e+00 1.927000905472543991e+03
2.845345345345345223e+00 1.928463582746901466e+03
2.853603603603603656e+00 1.929926647719629727e+03
2.861861861861861644e+00 1.931390094609391326e+03
2.870120120120120077e+00 1.932853917619809181e+03
2.878378378378378066e+00 1.934318110939500684e+03
2.886636636636636499e+00 1.935782668742112946e+03
2.894894894894894932e+00 1.937247585186358720e+03
2.903153153153152921e+00 1.938712854416048231e+03
2.911411411411411354e+00 1.940178470560128517e+03
2.919669669669669343e+00 1.941644427732716395e+03
2.927927927927927776e+00 1.943110720033134839e+03
2.936186186186186209e+00 1.944577341545948457e+03
2.944444444444444198e+00 1.946044286341001452e+03
2.952702702702702631e+00 1.947511548473452876e+03
2.960960960960960620e+00 1.948979121983814821e+03
2.969219219219219053e+00 1.950447000897985617e+03
2.977477477477477485e+00 1.951915179227290992e+03
2.985735735735735474e+00 1.953383650968520897e+03
2.993993993993993907e+00 1.954852410103967486e+03
3.002252252252251896e+00 1.956321450601459219e+03
3.010510510510510329e+00 1.957790766414405198e+03
3.018768768768768762e+00 1.959260351481829503e+03
3.027027027027026751e+00 1.960730199728409843e+03
3.035285285285285184e+00 1.962200305064518716e+03
3.043543543543543173e+00 1.963670661386261372e+03
3.051801801801801606e+00 1.965141262575516066e+03
3.060060060060060039e+00 1.966612102499970661e+03
3.068318318318318028e+00 1.968083175013167647e+03
3.076576576576576461e+00 1.969554473954538935e+03
3.084834834834834894e+00 1.971025993149450642e+03
3.093093093093092882e+00 1.972497726409240613e+03
3.101351351351351315e+00 1.973969667531261621e+03
3.109609609609609304e+00 1.975441810298919336e+03
3.117867867867867737e+00 1.976914148481718257e+03
3.126126126126126170e+00 1.978386675835298774e+03
3.134384384384384159e+00 1.979859386101481277e+03
3.142642642642642592e+00 1.981332273008307084e+03
3.150900900900900581e+00 1.982805330270084141e+03
3.159159159159159014e+00 1.984278551587422953e+03
3.167417417417417447e+00 1.985751930647285917e+03
3.175675675675675436e+00 1.987225461123025980e+03
3.183933933933933869e+00 1.988699136674433703e+03
3.192192192192191857e+00 1.990172950947775234e+03
3.200450450450450290e+00 1.991646897575841649e+03
3.208708708708708723e+00 1.993120970177990557e+03
3.216966966966966712e+00 1.994595162360187715e+03
3.225225225225225145e+00 1.996069467715057726e+03
3.233483483483483134e+00 1.997543879821921109e+03
3.241741741741741567e+00 1.999018392246845679e+03
3.250000000000000000e+00 2.000492998542687474e+03
3.258258258258257989e+00 2.001967692249137599e+03
3.266516516516516422e+00 2.003442466892768380e+03
3.274774774774774411e+00 2.004917315987079064e+03
3.283033033033032844e+00 2.006392233032538797e+03
3.291291291291291277e+00 2.007867211516638008e+03
3.299549549549549265e+00 2.009342244913932063e+03
3.307807807807807698e+00 2.010817326686087199e+03
3.316066066066065687e+00 2.012292450281928041e+03
3.324324324324324120e+00 2.013767609137487852e+03
3.332582582582582553e+00 2.015242796676050830e+03
3.340840840840840542e+00 2.016718006308204622e+03
3.349099099099098975e+00 2.018193231431884669e+03
3.357357357357356964e+00 2.019668465432423318e+03
3.365615615615615397e+00 2.021143701682600067e+03
3.373873873873873830e+00 2.022618933542686591e+03
3.382132132132131819e+00 2.024094154360499942e+03
3.390390390390390252e+00 2.025569357471447802e+03
3.398648648648648685e+00 2.027044536198579408e+03
3.406906906906906674e+00 2.028519683852634444e+03
3.415165165165165106e+00 2.029994793732093967e+03
3.423423423423423095e+00 2.031469859123228844e+03
3.431681681681681528e+00 2.032944873300151812e+03
3.439939939939939961e+00 2.034419829524866145e+03
3.448198198198197950e+00 2.035894721047316125e+03
3.456456456456456383e+00 2.037369541105438657e+03
3.464714714714714372e+00 2.038844282925216476e+03
3.472972972972972805e+00 2.040318939720725211e+03
3.481231231231231238e+00 2.041793504694188641e+03
3.489489489489489227e+00 2.043267971036026438e+03
3.497747747747747660e+00 2.044742331924911696e+03
3.506006006006005649e+00 2.046216580527817314e+03
3.514264264264264082e+00 2.047690710000073977e+03
3.522522522522522515e+00 2.049164713485416996e+03
3.530780780780780503e+00 2.050638584116045877e+03
3.539039039039038936e+00 2.052112315012669114e+03
3.547297297297296925e+00 2.053585899284566494e+03
3.555555555555555358e+00 2.055059330029636840e+03
3.563813813813813791e+00 2.056532600334451217e+03
3.572072072072071780e+00 2.058005703274310690e+03
3.580330330330330213e+00 2.059478631913300887e+03
3.588588588588588202e+00 2.060951379304340207e+03
3.596846846846846635e+00 2.062423938489240754e+03
3.605105105105105068e+00 2.063896302498761543e+03
3.613363363363363057e+00 2.065368464352661704e+03
3.621621621621621490e+00 2.066840417059758238e+03
3.629879879879879478e+00 2.068312153617979675e+03
3.638138138138137911e+00 2.069783667014423372e+03
3.646396396396396344e+00 2.071254950225408265e+03
3.654654654654654333e+00 2.072725996216538078e+03
3.662912912912912766e+00 2.074196797942747708e+03
3.671171171171170755e+00 2.075667348348368705e+03
3.679429429429429188e+00 2.077137640367181575e+03
3.687687687687687621e+00 2.078607666922473072e+03
3.695945945945945610e+00 2.080077420927093954e+03
3.704204204204204043e+00 2.081546895283518552e+03
3.712462462462462476e+00 2.083016082883897525e+03
3.720720720720720465e+00 2.084484976610121066e+03
3.728978978978978898e+00 2.085953569333873020e+03
3.737237237237236887e+00 2.087421853916691362e+03
3.745495495495495319e+00 2.088889823210026407e+03
3.753753753753753752e+00 2.090357470055298108e+03
3.762012012012011741e+00 2.091824787283955175e+03
3.770270270270270174e+00 2.093291767717538278e+03
3.778528528528528163e+00 2.094758404167732351e+03
3.786786786786786596e+00 2.096224689436432527e+03
3.795045045045045029e+00 2.097690616315800071e+03
3.803303303303303018e+00 2.099156177588323317e+03
3.811561561561561451e+00 2.100621366026878604e+03
3.819819819819819440e+00 2.102086174394789396e+03
3.828078078078077873e+00 2.103550595445887211e+03
3.836336336336336306e+00 2.105014621924573930e+03
3.844594594594594295e+00 2.106478246565879999e+03
3.852852852852852727e+00 2.107941462095527640e+03
3.861111111111110716e+00 2.109404261229992244e+03
3.869369369369369149e+00 2.110866636676561939e+03
3.877627627627627582e+00 2.112328581133402167e+03
3.885885885885885571e+00 2.113790087289613894e+03
3.894144144144144004e+00 2.115251147825300905e+03
3.902402402402401993e+00 2.116711755411628019e+03
3.910660660660660426e+00 2.118171902710884751e+03
3.918918918918918859e+00 2.119631582376548977e+03
3.927177177177176848e+00 2.121090787053348777e+03
3.935435435435435281e+00 2.122549509377326103e+03
3.943693693693693270e+00 2.124007741975899989e+03
3.951951951951951703e+00 2.125465477467930214e+03
3.960210210210210136e+00 2.126922708463781419e+03
3.968468468468468124e+00 2.128379427565385413e+03
3.976726726726726557e+00 2.129835627366307563e+03
3.984984984984984990e+00 2.131291300451809548e+03
3.993243243243242979e+00 2.132746439398914845e+03
4.001501501501500968e+00 2.134201036776472392e+03
4.009759759759759845e+00 2.135655085145222074e+03
4.018018018018017834e+00 2.137108577057859293e+03
4.026276276276275823e+00 2.138561505059101364e+03
4.034534534534534700e+00 2.140013861685751635e+03
4.042792792792792689e+00 2.141465639466766333e+03
4.051051051051050678e+00 2.142916830923319594e+03
4.059309309309309555e+00 2.144367428568868945e+03
4.067567567567567544e+00 2.145817424909223064e+03
4.075825825825825532e+00 2.147266812442606351e+03
4.084084084084084409e+00 2.148715583659727599e+03
4.092342342342341510e+00 2.150163731043844564e+03
4.100600600600600387e+00 2.151611247070832633e+03
4.108858858858859264e+00 2.153058124209250764e+03
4.117117117117116365e+00 2.154504354920408332e+03
4.125375375375375242e+00 2.155949931658435162e+03
4.133633633633633231e+00 2.157394846870345646e+03
4.141891891891891220e+00 2.158839092996110139e+03
4.150150150150150097e+00 2.160282662468719536e+03
4.158408408408408086e+00 2.161725547714256209e+03
4.166666666666666075e+00 2.163167741151959945e+03
4.174924924924924952e+00 2.164609235194299799e+03
4.183183183183182940e+00 2.166050022247038669e+03
4.191441441441440929e+00 2.167490094709305140e+03
4.199699699699699806e+00 2.168929444973661703e+03
4.207957957957957795e+00 2.170368065426173416e+03
4.216216216216215784e+00 2.171805948446477487e+03
4.224474474474474661e+00 2.173243086407855117e+03
4.232732732732732650e+00 2.174679471677296533e+03
4.240990990990990639e+00 2.176115096615574657e+03
4.249249249249249516e+00 2.177549953577316046e+03
4.257507507507506617e+00 2.178984034911064555e+03
4.265765765765765494e+00 2.180417332959360465e+03
4.274024024024024371e+00 2.181849840058805057e+03
4.282282282282281471e+00 2.183281548540133372e+03
4.290540540540540349e+00 2.184712450728286058e+03
4.298798798798799226e+00 2.186142538942477586e+03
4.307057057057056326e+00 2.187571805496269462e+03
4.315315315315315203e+00 2.189000242697642079e+03
4.323573573573573192e+00 2.190427842849064291e+03
4.331831831831831181e+00 2.191854598247568447e+03
4.340090090090090058e+00 2.193280501184817695e+03
4.348348348348348047e+00 2.194705543947181013e+03
4.356606606606606036e+00 2.196129718815805063e+03
4.364864864864864913e+00 2.197553018066686491e+03
4.373123123123122902e+00 2.198975433970743325e+03
4.381381381381380891e+00 2.200396958793889098e+03
4.389639639639639768e+00 2.201817584797104246e+03
4.397897897897897757e+00 2.203237304236510681e+03
4.406156156156155745e+00 2.204656109363440919e+03
4.414414414414414622e+00 2.206073992424519929e+03
4.422672672672672611e+00 2.207490945661726983e+03
4.430930930930930600e+00 2.208906961312478415e+03
4.439189189189189477e+00 2.210322031609698570e+03
4.447447447447446578e+00 2.211736148781889369e+03
4.455705705705705455e+00 2.213149305053212629e+03
4.463963963963964332e+00 2.214561492643556448e+03
4.472222222222221433e+00 2.215972703768613428e+03
4.480480480480480310e+00 2.217382930639954793e+03
4.488738738738738299e+00 2.218792165465103608e+03
4.496996996996996288e+00 2.220200400447610264e+03
4.505255255255255165e+00 2.221607627787127967e+03
4.513513513513513153e+00 2.223013839679486409e+03
4.521771771771771142e+00 2.224419028316769072e+03
4.530030030030030019e+00 2.225823185887384625e+03
4.538288288288288008e+00 2.227226304576146049e+03
4.546546546546545997e+00 2.228628376564343853e+03
4.554804804804804874e+00 2.230029394029824289e+03
4.563063063063062863e+00 2.231429349147063022e+03
4.571321321321320852e+00 2.232828234087239252e+03
4.579579579579579729e+00 2.234226041018317574e+03
4.587837837837837718e+00 2.235622762105117999e+03
4.596096096096095707e+00 2.237018389509396002e+03
4.604354354354353696e+00 2.238412915389917998e+03
4.612612612612612573e+00 2.239806331902537750e+03
4.620870870870870561e+00 2.241198631200273667e+03
4.629129129129128550e+00 2.242589805433383845e+03
4.637387387387387427e+00 2.243979846749445642e+03
4.645645645645645416e+00 2.245368747293429806e+03
4.653903903903903405e+00 2.246756499207781417e+03
4.662162162162162282e+00 2.248143094632494467e+03
4.670420420420420271e+00 2.249528525705189622e+03
4.678678678678678260e+00 2.250912784561191074e+03
4.686936936936936249e+00 2.252295863333607031e+03
4.695195195195195126e+00 2.253677754153405658e+03
4.703453453453453115e+00 2.255058449149492390e+03
4.711711711711711104e+00 2.256437940448788595e+03
4.719969969969969981e+00 2.257816220176311163e+03
4.728228228228227970e+00 2.259193280455248441e+03
4.736486486486485958e+00 2.260569113407039367e+03
4.744744744744744835e+00 2.261943711151453499e+03
4.753003003003002824e+00 2.263317065806666506e+03
4.761261261261260813e+00 2.264689169489343840e+03
4.769519519519519690e+00 2.266060014314712589e+03
4.777777777777777679e+00 2.267429592396648331e+03
4.786036036036035668e+00 2.268797895847746076e+03
4.794294294294293657e+00 2.270164916779406667e+03
4.802552552552552534e+00 2.271530647301912722e+03
4.810810810810810523e+00 2.272895079524506855e+03
4.819069069069068512e+00 2.274258205555472159e+03
4.827327327327327389e+00 2.275620017502213614e+03
4.835585585585585378e+00 2.276980507471334022e+03
4.843843843843843366e+00 2.278339667568718141e+03
4.852102102102102243e+00 2.279697489899609536e+03
4.860360360360360232e+00 2.281053966568691976e+03
4.868618618618618221e+00 2.282409089680167199e+03
4.876876876876876210e+00 2.283762851337836764e+03
4.885135135135135087e+00 2.285115243645184819e+03
4.893393393393393076e+00 2.286466258705452674e+03
4.901651651651651065e+00 2.287815888621725662e+03
4.909909909909909942e+00 2.289164125497007262e+03
4.918168168168167931e+00 2.290510961434304591e+03
4.926426426426425920e+00 2.291856388536707527e+03
4.934684684684684797e+00 2.293200398907468752e+03
4.942942942942942786e+00 2.294542984650085145e+03
4.951201201201200774e+00 2.295884137868379639e+03
4.959459459459458763e+00 2.297223850666579892e+03
4.967717717717717640e+00 2.298562115149403326e+03
4.975975975975975629e+00 2.299898923422133521e+03
4.984234234234233618e+00 2.301234267590705713e+03
4.992492492492492495e+00 2.302568139761785460e+03
5.000750750750750484e+00 2.303900532042851410e+03
5.009009009009008473e+00 2.305231436542277152e+03
5.017267267267267350e+00 2.306560845369410345e+03
5.025525525525525339e+00 2.307888750634657299e+03
5.033783783783783328e+00 2.309215144449563923e+03
5.042042042042042205e+00 2.310540018926898028e+03
5.050300300300300194e+00 2.311863366180728008e+03
5.058558558558558182e+00 2.313185178326507867e+03
5.066816816816816171e+00 2.314505447481160445e+03
5.075075075075075048e+00 2.315824165763156998e+03
5.083333333333333037e+00 2.317141325292597230e+03
5.091591591591591026e+00 2.318456918191299792e+03
5.099849849849849903e+00 2.319770936582874128e+03
5.108108108108107892e+00 2.321083372592810974e+03
5.116366366366365881e+00 2.322394218348559662e+03
5.124624624624624758e+00 2.323703465979614521e+03
5.132882882882882747e+00 2.325011107617594007e+03
5.141141141141140736e+00 2.326317135396326194e+03
5.149399399399398725e+00 2.327621541451929261e+03
5.157657657657657602e+00 2.328924317922896080e+03
5.165915915915915591e+00 2.330225456950173793e+03
5.174174174174173579e+00 2.331524950677250672e+03
5.182432432432432456e+00 2.332822791250237970e+03
5.190690690690690445e+00 2.334118970817949958e+03
5.198948948948948434e+00 2.335413481531990328e+03
5.207207207207207311e+00 2.336706315546834503e+03
5.215465465465465300e+00 2.337997465019910123e+03
5.223723723723723289e+00 2.339286922111683907e+03
5.231981981981981278e+00 2.340574678985743958e+03
5.240240240240240155e+00 2.341860727808879346e+03
5.248498498498498144e+00 2.343145060751170604e+03
5.256756756756756133e+00 2.344427669986063847e+03
5.265015015015015010e+00 2.345708547690462638e+03
5.273273273273272999e+00 2.346987686044805741e+03
5.281531531531530987e+00 2.348265077233153534e+03
5.289789789789789864e+00 2.349540713443270306e+03
5.298048048048047853e+00 2.350814586866707941e+03
5.306306306306305842e+00 2.352086689698890041e+03
5.314564564564563831e+00 2.353357014139193325e+03
5.322822822822822708e+00 2.354625552391034944e+03
5.331081081081080697e+00 2.355892296661953878e+03
5.339339339339338686e+00 2.357157239163693248e+03
5.347597597597597563e+00 2.358420372112286714e+03
5.355855855855855552e+00 2.359681687728140787e+03
5.364114114114113541e+00 2.360941178236118503e+03
5.372372372372372418e+00 2.362198835865626279e+03
5.380630630630630407e+00 2.363454652850691673e+03
5.388888888888888395e+00 2.364708621430052517e+03
5.397147147147147273e+00 2.365960733847237861e+03
5.405405405405405261e+00 2.367210982350652557e+03
5.413663663663663250e+00 2.368459359193664568e+03
5.421921921921921239e+00 2.369705856634682277e+03
5.430180180180180116e+00 2.370950466937243618e+03
5.438438438438438105e+00 2.372193182370097929e+03
5.446696696696696094e+00 2.373433995207289627e+03
5.454954954954954971e+00 2.374672897728245061e+03
5.463213213213212960e+00 2.375909882217853010e+03
5.471471471471470949e+00 2.377144940966549257e+03
5.479729729729729826e+00 2.378378066270402996e+03
5.487987987987987815e+00 2.379609250431198234e+03
5.496246246246245803e+00 2.380838485756519731e+03
5.504504504504503792e+00 2.382065764559833951e+03
5.512762762762762669e+00 2.383291079160578192e+03
5.521021021021020658e+00 2.384514421884240619e+03
5.529279279279278647e+00 2.385735785062445757e+03
5.537537537537537524e+00 2.386955161033035438e+03
5.545795795795795513e+00 2.388172542140159749e+03
5.554054054054053502e+00 2.389387920734354338e+03
5.562312312312312379e+00 2.390601289172629549e+03
5.570570570570570368e+00 2.391812639818548632e+03
5.578828828828828357e+00 2.393021965042317333e+03
5.587087087087086346e+00 2.394229257220864383e+03
5.595345345345345223e+00 2.395434508737928809e+03
5.603603603603603212e+00 2.396637711984140878e+03
5.611861861861861200e+00 2.397838859357106685e+03
5.620120120120120077e+00 2.399037943261494092e+03
5.628378378378378066e+00 2.400234956109113227e+03
5.636636636636636055e+00 2.401429890319004244e+03
5.644894894894894932e+00 2.402622738317519634e+03
5.653153153153152921e+00 2.403813492538405626e+03
5.661411411411410910e+00 2.405002145422892681e+03
5.669669669669669787e+00 2.406188689419771435e+03
5.677927927927927776e+00 2.407373116985481829e+03
5.686186186186185765e+00 2.408555420584195872e+03
5.694444444444443754e+00 2.409735592687900862e+03
5.702702702702702631e+00 2.410913625776483059e+03
5.710960960960960620e+00 2.412089512337813176e+03
5.719219219219218608e+00 2.413263244867826415e+03
5.727477477477477485e+00 2.414434815870610237e+03
5.735735735735735474e+00 2.415604217858486663e+03
5.743993993993993463e+00 2.416771443352093229e+03
5.752252252252252340e+00 2.417936484880473472e+03
5.760510510510510329e+00 2.419099334981152424e+03
5.768768768768768318e+00 2.420259986200225285e+03
5.777027027027026307e+00 2.421418431092438368e+03
5.785285285285285184e+00 2.422574662221275503e+03
5.793543543543543173e+00 2.423728672159038979e+03
5.801801801801801162e+00 2.424880453486933220e+03
5.810060060060060039e+00 2.426029998795149368e+03
5.818318318318318028e+00 2.427177300682948044e+03
5.826576576576576016e+00 2.428322351758741206e+03
5.834834834834834894e+00 2.429465144640179460e+03
5.843093093093092882e+00 2.430605671954228455e+03
5.851351351351350871e+00 2.431743926337260291e+03
5.859609609609608860e+00 2.432879900435129457e+03
5.867867867867867737e+00 2.434013586903261057e+03
5.876126126126125726e+00 2.435144978406727660e+03
5.884384384384383715e+00 2.436274067620342066e+03
5.892642642642642592e+00 2.437400847228729617e+03
5.900900900900900581e+00 2.438525309926417776e+03
5.909159159159158570e+00 2.439647448417916166e+03
5.917417417417417447e+00 2.440767255417800698e+03
5.925675675675675436e+00 2.441884723650794513e+03
5.933933933933933424e+00 2.442999845851852115e+03
5.942192192192192302e+00 2.444112614766243041e+03
5.950450450450450290e+00 2.445223023149629626e+03
5.958708708708708279e+00 2.446331063768155673e+03
5.966966966966966268e+00 2.447436729398522402e+03
5.975225225225225145e+00 2.448540012828077124e+03
5.983483483483483134e+00 2.449640906854891000e+03
5.991741741741741123e+00 2.450739404287842262e+03
6.000000000000000000e+00 2.451835497946699434e+03
6.008258258258257989e+00 2.452929180662201361e+03
6.016516516516515978e+00 2.454020445276139981e+03
6.024774774774774855e+00 2.455109284641445811e+03
6.033033033033032844e+00 2.456195691622262530e+03
6.041291291291290833e+00 2.457279659094034287e+03
6.049549549549548821e+00 2.458361179943585739e+03
6.057807807807807698e+00 2.459440247069202996e+03
6.066066066066065687e+00 2.460516853380713655e+03
6.074324324324323676e+00 2.461590991799575477e+03
6.082582582582582553e+00 2.462662655258947325e+03
6.090840840840840542e+00 2.463731836703777844e+03
6.099099099099098531e+00 2.464798529090882766e+03
6.107357357357357408e+00 2.465862725389028128e+03
6.115615615615615397e+00 2.466924418579011217e+03
6.123873873873873386e+00 2.467983601653738788e+03
6.132132132132131375e+00 2.469040267618311191e+03
6.140390390390390252e+00 2.470094409490102407e+03
6.148648648648648241e+00 2.471146020298837357e+03
6.156906906906906229e+00 2.472195093086676934e+03
6.165165165165165106e+00 2.473241620908295317e+03
6.173423423423423095e+00 2.474285596830962277e+03
6.181681681681681084e+00 2.475327013934622300e+03
6.189939939939939961e+00 2.476365865311974176e+03
6.198198198198197950e+00 2.477402144068551934e+03
6.206456456456455939e+00 2.478435843322804885e+03
6.214714714714713928e+00 2.479466956206177201e+03
6.222972972972972805e+00 2.480495475863186584e+03
6.231231231231230794e+00 2.481521395451506578e+03
6.239489489489488783e+00 2.482544708142041600e+03
6.247747747747747660e+00 2.483565407119011070e+03
6.256006006006005649e+00 2.484583485580025808e+03
6.264264264264263637e+00 2.485598936736168071e+03
6.272522522522522515e+00 2.486611753812069765e+03
6.280780780780780503e+00 2.487621930045994759e+03
6.289039039039038492e+00 2.488629458689910734e+03
6.297297297297297369e+00 2.489634333009576039e+03
6.305555555555555358e+00 2.490636546284611086e+03
6.313813813813813347e+00 2.491636091808583842e+03
6.322072072072071336e+00 2.492632962889082137e+03
6.330330330330330213e+00 2.493627152847794605e+03
6.338588588588588202e+00 2.494618655020588449e+03
6.346846846846846191e+00 2.495607462757586291e+03
6.355105105105105068e+00 2.496593569423248482e+03
6.363363363363363057e+00 2.497576968396443135e+03
6.371621621621621046e+00 2.498557653070532069e+03
6.379879879879879923e+00 2.499535616853440843e+03
6.388138138138137911e+00 2.500510853167741971e+03
6.396396396396395900e+00 2.501483355450728595e+03
6.404654654654653889e+00 2.502453117154492247e+03
6.412912912912912766e+00 2.503420131746001061e+03
6.421171171171170755e+00 2.504384392707176630e+03
6.429429429429428744e+00 2.505345893534966308e+03
6.437687687687687621e+00 2.506304627741426884e+03
6.445945945945945610e+00 2.507260588853794616e+03
6.454204204204203599e+00 2.508213770414566625e+03
6.462462462462462476e+00 2.509164165981573205e+03
6.470720720720720465e+00 2.510111769128054675e+03
6.478978978978978454e+00 2.511056573442738227e+03
6.487237237237236442e+00 2.511998572529912508e+03
6.495495495495495319e+00 2.512937760009504927e+03
6.503753753753753308e+00 2.513874129517154870e+03
6.512012012012011297e+00 2.514807674704290548e+03
6.520270270270270174e+00 2.515738389238202217e+03
6.528528528528528163e+00 2.516666266802119935e+03
6.536786786786786152e+00 2.517591301095284052e+03
6.545045045045045029e+00 2.518513485833026607e+03
6.553303303303303018e+00 2.519432814746838176e+03
6.561561561561561007e+00 2.520349281584448363e+03
6.569819819819819884e+00 2.521262880109893558e+03
6.578078078078077873e+00 2.522173604103601065e+03
6.586336336336335862e+00 2.523081447362449580e+03
6.594594594594593850e+00 2.523986403699854236e+03
6.602852852852852727e+00 2.524888466945835717e+03
6.611111111111110716e+00 2.525787630947091202e+03
6.619369369369368705e+00 2.526683889567073493e+03
6.627627627627627582e+00 2.527577236686057404e+03
6.635885885885885571e+00 2.528467666201218890e+03
6.644144144144143560e+00 2.529355172026701439e+03
6.652402402402402437e+00 2.530239748093695653e+03
6.660660660660660426e+00 2.531121388350505185e+03
6.668918918918918415e+00 2.532000086762622232e+03
6.677177177177176404e+00 2.532875837312798012e+03
6.685435435435435281e+00 2.533748634001117807e+03
6.693693693693693270e+00 2.534618470845069169e+03
6.701951951951951258e+00 2.535485341879613770e+03
6.710210210210210136e+00 2.536349241157260622e+03
6.718468468468468124e+00 2.537210162748136099e+03
6.726726726726726113e+00 2.538068100740053524e+03
6.734984984984984990e+00 2.538923049238587282e+03
6.743243243243242979e+00 2.539775002367140587e+03
6.751501501501500968e+00 2.540623954267015961e+03
6.759759759759758957e+00 2.541469899097487996e+03
6.768018018018017834e+00 2.542312831035870204e+03
6.776276276276275823e+00 2.543152744277585953e+03
6.784534534534533812e+00 2.543989633036241230e+03
6.792792792792792689e+00 2.544823491543688306e+03
6.801051051051050678e+00 2.545654314050100766e+03
6.809309309309308667e+00 2.546482094824036722e+03
6.817567567567567544e+00 2.547306828152513845e+03
6.825825825825825532e+00 2.548128508341073939e+03
6.834084084084083521e+00 2.548947129713852064e+03
6.842342342342341510e+00 2.549762686613647929e+03
6.850600600600600387e+00 2.550575173401989105e+03
6.858858858858858376e+00 2.551384584459202415e+03
6.867117117117116365e+00 2.552190914184479425e+03
6.875375375375375242e+00 2.552994156995947833e+03
6.883633633633633231e+00 2.553794307330733318e+03
6.891891891891891220e+00 2.554591359645031844e+03
6.900150150150150097e+00 2.555385308414171959e+03
6.908408408408408086e+00 2.556176148132686194e+03
6.916666666666666075e+00 2.556963873314371995e+03
6.924924924924924952e+00 2.557748478492365393e+03
6.933183183183182940e+00 2.558529958219198761e+03
6.941441441441440929e+00 2.559308307066873112e+03
6.949699699699698918e+00 2.560083519626921770e+03
6.957957957957957795e+00 2.560855590510473121e+03
6.966216216216215784e+00 2.561624514348320645e+03
6.974474474474473773e+00 2.562390285790984763e+03
6.982732732732732650e+00 2.563152899508779228e+03
6.990990990990990639e+00 2.563912350191872974e+03
6.999249249249248628e+00 2.564668632550357870e+03
7.007507507507507505e+00 2.565421741314312385e+03
7.015765765765765494e+00 2.566171671233860707e+03
7.024024024024023483e+00 2.566918417079245955e+03
7.032282282282281471e+00 2.567661973640885662e+03
7.040540540540540349e+00 2.568402335729436345e+03
7.048798798798798337e+00 2.569139498175858080e+03
7.057057057057056326e+00 2.569873455831478168e+03
7.065315315315315203e+00 2.570604203568052981e+03
7.073573573573573192e+00 2.571331736277828441e+03
7.081831831831831181e+00 2.572056048873604595e+03
7.090090090090090058e+00 2.572777136288796100e+03
7.098348348348348047e+00 2.573494993477495882e+03
7.106606606606606036e+00 2.574209615414531982e+03
7.114864864864864025e+00 2.574920997095535313e+03
7.123123123123122902e+00 2.575629133536996960e+03
7.131381381381380891e+00 2.576334019776328205e+03
7.139639639639638879e+00 2.577035650871921462e+03
7.147897897897897757e+00 2.577734021903213943e+03
7.156156156156155745e+00 2.578429127970742229e+03
7.164414414414413734e+00 2.579120964196207296e+03
7.172672672672672611e+00 2.579809525722531362e+03
7.180930930930930600e+00 2.580494807713915634e+03
7.189189189189188589e+00 2.581176805355903980e+03
7.197447447447447466e+00 2.581855513855437493e+03
7.205705705705705455e+00 2.582530928440914977e+03
7.213963963963963444e+00 2.583203044362253877e+03
7.222222222222221433e+00 2.583871856890941672e+03
7.230480480480480310e+00 2.584537361320100899e+03
7.238738738738738299e+00 2.585199552964541908e+03
7.246996996996996288e+00 2.585858427160822430e+03
7.255255255255255165e+00 2.586513979267306240e+03
7.263513513513513153e+00 2.587166204664215002e+03
7.271771771771771142e+00 2.587815098753691018e+03
7.280030030030030019e+00 2.588460656959848166e+03
7.288288288288288008e+00 2.589102874728833285e+03
7.296546546546545997e+00 2.589741747528876658e+03
7.304804804804803986e+00 2.590377270850352033e+03
7.313063063063062863e+00 2.591009440205829378e+03
7.321321321321320852e+00 2.591638251130132630e+03
7.329579579579578841e+00 2.592263699180390176e+03
7.337837837837837718e+00 2.592885779936093968e+03
7.346096096096095707e+00 2.593504488999151363e+03
7.354354354354353696e+00 2.594119821993940604e+03
7.362612612612612573e+00 2.594731774567363118e+03
7.370870870870870561e+00 2.595340342388898534e+03
7.379129129129128550e+00 2.595945521150656532e+03
7.387387387387386539e+00 2.596547306567431406e+03
7.395645645645645416e+00 2.597145694376752999e+03
7.403903903903903405e+00 2.597740680338942184e+03
7.412162162162161394e+00 2.598332260237160426e+03
7.420420420420420271e+00 2.598920429877461174e+03
7.428678678678678260e+00 2.599505185088845792e+03
7.436936936936936249e+00 2.600086521723307669e+03
7.445195195195195126e+00 2.600664435655893612e+03
7.453453453453453115e+00 2.601238922784745228e+03
7.461711711711711104e+00 2.601809979031153489e+03
7.469969969969969981e+00 2.602377600339610581e+03
7.478228228228227970e+00 2.602941782677856736e+03
7.486486486486485958e+00 2.603502522036932533e+03
7.494744744744743947e+00 2.604059814431228006e+03
7.503003003003002824e+00 2.604613655898529942e+03
7.511261261261260813e+00 2.605164042500073265e+03
7.519519519519518802e+00 2.605710970320588785e+03
7.527777777777777679e+00 2.606254435468351403e+03
7.536036036036035668e+00 2.606794434075228310e+03
7.544294294294293657e+00 2.607330962296728103e+03
7.552552552552552534e+00 2.607864016312045351e+03
7.560810810810810523e+00 2.608393592324111978e+03
7.569069069069068512e+00 2.608919686559640468e+03
7.577327327327326500e+00 2.609442295269172973e+03
7.585585585585585378e+00 2.609961414727127703e+03
7.593843843843843366e+00 2.610477041231843032e+03
7.602102102102101355e+00 2.610989171105625701e+03
7.610360360360360232e+00 2.611497800694794932e+03
7.618618618618618221e+00 2.612002926369729266e+03
7.626876876876876210e+00 2.612504544524908852e+03
7.635135135135135087e+00 2.613002651578964105e+03
7.643393393393393076e+00 2.613497243974716639e+03
7.651651651651651065e+00 2.613988318179225644e+03
7.659909909909909054e+00 2.614475870683829271e+03
7.668168168168167931e+00 2.614959898004191018e+03
7.676426426426425920e+00 2.615440396680340200e+03
7.684684684684683909e+00 2.615917363276720607e+03
7.692942942942942786e+00 2.616390794382224158e+03
7.701201201201200774e+00 2.616860686610240919e+03
7.709459459459458763e+00 2.617327036598698214e+03
7.717717717717717640e+00 2.617789841010101554e+03
7.725975975975975629e+00 2.618249096531577834e+03
7.734234234234233618e+00 2.618704799874917626e+03
7.742492492492491607e+00 2.619156947776611560e+03
7.750750750750750484e+00 2.619605536997896252e+03
7.759009009009008473e+00 2.620050564324790685e+03
7.767267267267266462e+00 2.620492026568138499e+03
7.775525525525525339e+00 2.620929920563646192e+03
7.783783783783783328e+00 2.621364243171923590e+03
7.792042042042041317e+00 2.621794991278524321e+03
7.800300300300300194e+00 2.622222161793979012e+03
7.808558558558558182e+00 2.622645751653841216e+03
7.816816816816816171e+00 2.623065757818720158e+03
7.825075075075075048e+00 2.623482177274322112e+03
7.833333333333333037e+00 2.623895007031483601e+03
7.841591591591591026e+00 2.624304244126214599e+03
7.849849849849849015e+00 2.624709885619730812e+03
7.858108108108107892e+00 2.625111928598491431e+03
7.866366366366365881e+00 2.625510370174237323e+03
7.874624624624623870e+00 2.625905207484023322e+03
7.882882882882882747e+00 2.626296437690259154e+03
7.891141141141140736e+00 2.626684057980740363e+03
7.899399399399398725e+00 2.627068065568685142e+03
7.907657657657657602e+00 2.627448457692769807e+03
7.915915915915915591e+00 2.627825231617161080e+03
7.924174174174173579e+00 2.628198384631553381e+03
7.932432432432431568e+00 2.628567914051200660e+03
7.940690690690690445e+00 2.628933817216949137e+03
7.948948948948948434e+00 2.629296091495272776e+03
7.957207207207206423e+00 2.629654734278304659e+03
7.965465465465465300e+00 2.630009742983870638e+03
7.973723723723723289e+00 2.630361115055520713e+03
7.981981981981981278e+00 2.630708847962560867e+03
7.990240240240240155e+00 2.631052939200086257e+03
7.998498498498498144e+00 2.631393386289010323e+03
8.006756756756756133e+00 2.631730186776097526e+03
8.015015015015013233e+00 2.632063338233992908e+03
8.023273273273272110e+00 2.632392838261255292e+03
8.031531531531530987e+00 2.632718684482382287e+03
8.039789789789789864e+00 2.633040874547843487e+03
8.048048048048048742e+00 2.633359406134110031e+03
8.056306306306305842e+00 2.633674276943681889e+03
8.064564564564562943e+00 2.633985484705119234e+03
8.072822822822821820e+00 2.634293027173067458e+03
8.081081081081080697e+00 2.634596902128289003e+03
8.089339339339339574e+00 2.634897107377687462e+03
8.097597597597598451e+00 2.635193640754337139e+03
8.105855855855855552e+00 2.635486500117512151e+03
8.114114114114112652e+00 2.635775683352708256e+03
8.122372372372371530e+00 2.636061188371673325e+03
8.130630630630630407e+00 2.636343013112433255e+03
8.138888888888889284e+00 2.636621155539315623e+03
8.147147147147146384e+00 2.636895613642976969e+03
8.155405405405405261e+00 2.637166385440427803e+03
8.163663663663662362e+00 2.637433468975056712e+03
8.171921921921921239e+00 2.637696862316655825e+03
8.180180180180180116e+00 2.637956563561444909e+03
8.188438438438438993e+00 2.638212570832094571e+03
8.196696696696696094e+00 2.638464882277750348e+03
8.204954954954953195e+00 2.638713496074055456e+03
8.213213213213212072e+00 2.638958410423174428e+03
8.221471471471470949e+00 2.639199623553815400e+03
8.229729729729729826e+00 2.639437133721252394e+03
8.237987987987988703e+00 2.639670939207345782e+03
8.246246246246245803e+00 2.639901038320566840e+03
8.254504504504502904e+00 2.640127429396016851e+03
8.262762762762761781e+00 2.640350110795447563e+03
8.271021021021020658e+00 2.640569080907283933e+03
8.279279279279279535e+00 2.640784338146641858e+03
8.287537537537536636e+00 2.640995880955350003e+03
8.295795795795795513e+00 2.641203707801969358e+03
8.304054054054052614e+00 2.641407817181811424e+03
8.312312312312311491e+00 2.641608207616955951e+03
8.320570570570570368e+00 2.641804877656273675e+03
8.328828828828829245e+00 2.641997825875440867e+03
8.337087087087086346e+00 2.642187050876957073e+03
8.345345345345345223e+00 2.642372551290166484e+03
8.353603603603602323e+00 2.642554325771270214e+03
8.361861861861861200e+00 2.642732373003347220e+03
8.370120120120120077e+00 2.642906691696369307e+03
8.378378378378378954e+00 2.643077280587215682e+03
8.386636636636636055e+00 2.643244138439691596e+03
8.394894894894893156e+00 2.643407264044543808e+03
8.403153153153152033e+00 2.643566656219472861e+03
8.411411411411410910e+00 2.643722313809151274e+03
8.419669669669669787e+00 2.643874235685235362e+03
8.427927927927928664e+00 2.644022420746381158e+03
8.436186186186185765e+00 2.644166867918258504e+03
8.444444444444442865e+00 2.644307576153563787e+03
8.452702702702701743e+00 2.644444544432031762e+03
8.460960960960960620e+00 2.644577771760451469e+03
8.469219219219219497e+00 2.644707257172677600e+03
8.477477477477476597e+00 2.644832999729639596e+03
8.485735735735735474e+00 2.644954998519358014e+03
8.493993993993992575e+00 2.645073252656954537e+03
8.502252252252251452e+00 2.645187761284660155e+03
8.510510510510510329e+00 2.645298523571830628e+03
8.518768768768767430e+00 2.645405538714953764e+03
8.527027027027026307e+00 2.645508805937661236e+03
8.535285285285285184e+00 2.645608324490737232e+03
8.543543543543542285e+00 2.645704093652127085e+03
8.551801801801801162e+00 2.645796112726950469e+03
8.560060060060060039e+00 2.645884381047503211e+03
8.568318318318317139e+00 2.645968897973273670e+03
8.576576576576576016e+00 2.646049662890944091e+03
8.584834834834834894e+00 2.646126675214401985e+03
8.593093093093091994e+00 2.646199934384747394e+03
8.601351351351350871e+00 2.646269439870297902e+03
8.609609609609609748e+00 2.646335191166597724e+03
8.617867867867866849e+00 2.646397187796421804e+03
8.626126126126125726e+00 2.646455429309783540e+03
8.634384384384384603e+00 2.646509915283939790e+03
8.642642642642641704e+00 2.646560645323396329e+03
8.650900900900900581e+00 2.646607619059912395e+03
8.659159159159159458e+00 2.646650836152506599e+03
8.667417417417416559e+00 2.646690296287458295e+03
8.675675675675675436e+00 2.646725999178316670e+03
8.683933933933934313e+00 2.646757944565898015e+03
8.692192192192191413e+00 2.646786132218293915e+03
8.700450450450450290e+00 2.646810561930872609e+03
8.708708708708707391e+00 2.646831233526280812e+03
8.716966966966966268e+00 2.646848146854446895e+03
8.725225225225225145e+00 2.646861301792581799e+03
8.733483483483482246e+00 2.646870698245181757e+03
8.741741741741741123e+00 2.646876336144029665e+03
8.750000000000000000e+00 2.646878215448193259e+03
