5.000000000000000000e-01 2.749737308827534434e+03 1.253837541560493634e+02
9.124999999999999778e-01 2.807570301563056091e+03 1.332608081651636098e+02
1.324999999999999956e+00 2.851090547377532857e+03 1.304244546591703511e+02
1.737500000000000044e+00 2.896337627448251624e+03 1.331050974663546071e+02
2.149999999999999911e+00 2.946907119742524628e+03 1.408259943023196286e+02
2.562500000000000000e+00 2.995339928481529569e+03 1.477236581342421857e+02
2.975000000000000089e+00 3.027473372028568519e+03 1.384238568345970748e+02
3.387500000000000178e+00 3.068191859427032341e+03 1.461309662242451566e+02
3.799999999999999822e+00 3.102465035111064481e+03 1.459016268514243961e+02
4.212500000000000355e+00 3.137438901866502420e+03 1.468639475070160358e+02
4.625000000000000000e+00 3.166675088939003217e+03 1.499152983599671529e+02
5.037499999999999645e+00 3.195373115814671564e+03 1.502722493604796057e+02
5.450000000000000178e+00 3.220419228508930701e+03 1.503212551870877007e+02
5.862499999999999822e+00 3.242397115795940408e+03 1.530662586083800818e+02
6.275000000000000355e+00 3.261634241233486591e+03 1.478518416935763469e+02
6.687500000000000000e+00 3.281063208633521299e+03 1.584498314685399976e+02
7.099999999999999645e+00 3.291331462158557770e+03 1.513359028068167049e+02
7.512500000000000178e+00 3.305169328796549962e+03 1.556520407181883741e+02
7.924999999999999822e+00 3.311077857966332431e+03 1.549674163952506944e+02
8.337500000000000355e+00 3.326905523095037552e+03 1.662880680008793206e+02
8.750000000000000000e+00 3.315679597658314833e+03 1.507879021153181611e+02
