5.000000000000000000e-01 8.481065900114068654e+02
5.082582582582582109e-01 8.484759381302682186e+02
5.165165165165165329e-01 8.488452535848460911e+02
5.247747747747747438e-01 8.492145386366192952e+02
5.330330330330330657e-01 8.495837955446468186e+02
5.412912912912912766e-01 8.499530265656724168e+02
5.495495495495494875e-01 8.503222339542346617e+02
5.578078078078078095e-01 8.506914199627798325e+02
5.660660660660660204e-01 8.510605868417676447e+02
5.743243243243243423e-01 8.514297368397736818e+02
5.825825825825825532e-01 8.517988722035969431e+02
5.908408408408408752e-01 8.521679951783656861e+02
5.990990990990990861e-01 8.525371080076308772e+02
6.073573573573574080e-01 8.529062129334773772e+02
6.156156156156156189e-01 8.532753121966134131e+02
6.238738738738738299e-01 8.536444080364796037e+02
6.321321321321321518e-01 8.540135026913382035e+02
6.403903903903903627e-01 8.543825983983705328e+02
6.486486486486486847e-01 8.547516973937771354e+02
6.569069069069068956e-01 8.551208019128667956e+02
6.651651651651651065e-01 8.554899141901524899e+02
6.734234234234234284e-01 8.558590364594418816e+02
6.816816816816816393e-01 8.562281709539309986e+02
6.899399399399399613e-01 8.565973199062900676e+02
6.981981981981981722e-01 8.569664855487623072e+02
7.064564564564563831e-01 8.573356701132407807e+02
7.147147147147147050e-01 8.577048758313596863e+02
7.229729729729730270e-01 8.580741049345925830e+02
7.312312312312312379e-01 8.584433596543207159e+02
7.394894894894894488e-01 8.588126422219270353e+02
7.477477477477477708e-01 8.591819548688882833e+02
7.560060060060059817e-01 8.595512998268385445e+02
7.642642642642643036e-01 8.599206793276741791e+02
7.725225225225225145e-01 8.602900956036185107e+02
7.807807807807807254e-01 8.606595508873202789e+02
7.890390390390390474e-01 8.610290474119104829e+02
7.972972972972972583e-01 8.613985874111099292e+02
8.055555555555555802e-01 8.617681731192903953e+02
8.138138138138137911e-01 8.621378067715563702e+02
8.220720720720720021e-01 8.625074906038250901e+02
8.303303303303303240e-01 8.628772268529047551e+02
8.385885885885886459e-01 8.632470177565726317e+02
8.468468468468468568e-01 8.636168655536401957e+02
8.551051051051050678e-01 8.639867724840446499e+02
8.633633633633632787e-01 8.643567407889134984e+02
8.716216216216216006e-01 8.647267727106404891e+02
8.798798798798799226e-01 8.650968704929551905e+02
8.881381381381381335e-01 8.654670363810090521e+02
8.963963963963963444e-01 8.658372726214329305e+02
9.046546546546545553e-01 8.662075814624138275e+02
9.129129129129128772e-01 8.665779651537731070e+02
9.211711711711711992e-01 8.669484259470342522e+02
9.294294294294294101e-01 8.673189660954776627e+02
9.376876876876876210e-01 8.676895878542351284e+02
9.459459459459459429e-01 8.680602934803421249e+02
9.542042042042041539e-01 8.684310852328089823e+02
9.624624624624624758e-01 8.688019653727041032e+02
9.707207207207206867e-01 8.691729361631879556e+02
9.789789789789788976e-01 8.695439998696185739e+02
9.872372372372372196e-01 8.699151587595953288e+02
9.954954954954955415e-01 8.702864151030264566e+02
1.003753753753753752e+00 8.706577711721970445e+02
1.012012012012011963e+00 8.710292292418503166e+02
1.020270270270270174e+00 8.714007915892225355e+02
1.028528528528528607e+00 8.717724604941233792e+02
1.036786786786786596e+00 8.721442382390087005e+02
1.045045045045045029e+00 8.725161271090229320e+02
1.053303303303303240e+00 8.728881293920803728e+02
1.061561561561561451e+00 8.732602473789100941e+02
1.069819819819819884e+00 8.736324833631430238e+02
1.078078078078078095e+00 8.740048396413465071e+02
1.086336336336336306e+00 8.743773185130994534e+02
1.094594594594594517e+00 8.747499222810453148e+02
1.102852852852852727e+00 8.751226532509722347e+02
1.111111111111111160e+00 8.754955137318420384e+02
1.119369369369369371e+00 8.758685060358707233e+02
1.127627627627627582e+00 8.762416324785862116e+02
1.135885885885885793e+00 8.766148953788726885e+02
1.144144144144144004e+00 8.769882970590527975e+02
1.152402402402402437e+00 8.773618398449210645e+02
1.160660660660660648e+00 8.777355260658129055e+02
1.168918918918918859e+00 8.781093580546557860e+02
1.177177177177177292e+00 8.784833381480335674e+02
1.185435435435435281e+00 8.788574686862452836e+02
1.193693693693693714e+00 8.792317520133391326e+02
1.201951951951951925e+00 8.796061904771916033e+02
1.210210210210210136e+00 8.799807864295534046e+02
1.218468468468468568e+00 8.803555422260963041e+02
1.226726726726726557e+00 8.807304602264833875e+02
1.234984984984984990e+00 8.811055427944023677e+02
1.243243243243243201e+00 8.814807922976377768e+02
1.251501501501501412e+00 8.818562111081158719e+02
1.259759759759759845e+00 8.822318016019495417e+02
1.268018018018017834e+00 8.826075661595020847e+02
1.276276276276276267e+00 8.829835071654459853e+02
1.284534534534534478e+00 8.833596270087685980e+02
1.292792792792792689e+00 8.837359280828943611e+02
1.301051051051051122e+00 8.841124127856739960e+02
1.309309309309309111e+00 8.844890835194672718e+02
1.317567567567567544e+00 8.848659426911841592e+02
1.325825825825825754e+00 8.852429927123143898e+02
1.334084084084083965e+00 8.856202359990285231e+02
1.342342342342342398e+00 8.859976749721571423e+02
1.350600600600600387e+00 8.863753120573005617e+02
1.358858858858858820e+00 8.867531496848350798e+02
1.367117117117117031e+00 8.871311902899808501e+02
1.375375375375375242e+00 8.875094363128408759e+02
1.383633633633633675e+00 8.878878901984563754e+02
1.391891891891891886e+00 8.882665543968267912e+02
1.400150150150150097e+00 8.886454313629994886e+02
1.408408408408408308e+00 8.890245235570711202e+02
1.416666666666666519e+00 8.894038334442565201e+02
1.424924924924924952e+00 8.897833634949392945e+02
1.433183183183183163e+00 8.901631161846815985e+02
1.441441441441441373e+00 8.905430939942991699e+02
1.449699699699699806e+00 8.909232994099079406e+02
1.457957957957957795e+00 8.913037349229342681e+02
1.466216216216216228e+00 8.916844030301992916e+02
1.474474474474474439e+00 8.920653062339061989e+02
1.482732732732732650e+00 8.924464470417412940e+02
1.490990990990991083e+00 8.928278279668812729e+02
1.499249249249249072e+00 8.932094515280400628e+02
1.507507507507507505e+00 8.935913202495009955e+02
1.515765765765765716e+00 8.939734366611752421e+02
1.524024024024023927e+00 8.943558032986198896e+02
1.532282282282282138e+00 8.947384227030948978e+02
1.540540540540540571e+00 8.951212974215902705e+02
1.548798798798798781e+00 8.955044300068715302e+02
1.557057057057056992e+00 8.958878230175122326e+02
1.565315315315315203e+00 8.962714790179289821e+02
1.573573573573573414e+00 8.966554005784169021e+02
1.581831831831831847e+00 8.970395902752014763e+02
1.590090090090090058e+00 8.974240506904537824e+02
1.598348348348348269e+00 8.978087844123432433e+02
1.606606606606606480e+00 8.981937940350542249e+02
1.614864864864864691e+00 8.985790821588331028e+02
1.623123123123123124e+00 8.989646513900155469e+02
1.631381381381381335e+00 8.993505043410821145e+02
1.639639639639639546e+00 8.997366436306398327e+02
1.647897897897897757e+00 9.001230718835228117e+02
1.656156156156156189e+00 9.005097917307591615e+02
1.664414414414414400e+00 9.008968058096437517e+02
1.672672672672672611e+00 9.012841167637678836e+02
1.680930930930930822e+00 9.016717272430198591e+02
1.689189189189189033e+00 9.020596399036440971e+02
1.697447447447447466e+00 9.024478574082513660e+02
1.705705705705705677e+00 9.028363824258741488e+02
1.713963963963963888e+00 9.032252176319560704e+02
1.722222222222222099e+00 9.036143657084278402e+02
1.730480480480480310e+00 9.040038293436764434e+02
1.738738738738738743e+00 9.043936112326427974e+02
1.746996996996996954e+00 9.047837140767721849e+02
1.755255255255255165e+00 9.051741405840909920e+02
1.763513513513513375e+00 9.055648934692169405e+02
1.771771771771771586e+00 9.059559754533977411e+02
1.780030030030030019e+00 9.063473892645056367e+02
1.788288288288288230e+00 9.067391376370914031e+02
1.796546546546546441e+00 9.071312233123596798e+02
1.804804804804804652e+00 9.075236490382771990e+02
1.813063063063063085e+00 9.079164175695030963e+02
1.821321321321321296e+00 9.083095316674691730e+02
1.829579579579579507e+00 9.087029941003770546e+02
1.837837837837837718e+00 9.090968076432216094e+02
1.846096096096095929e+00 9.094909750777925410e+02
1.854354354354354362e+00 9.098854991927489664e+02
1.862612612612612573e+00 9.102803827835837183e+02
1.870870870870870784e+00 9.106756286526632493e+02
1.879129129129128994e+00 9.110712396092196741e+02
1.887387387387387205e+00 9.114672184694117050e+02
1.895645645645645638e+00 9.118635680563018013e+02
1.903903903903903849e+00 9.122602911999136950e+02
1.912162162162162060e+00 9.126573907371822543e+02
1.920420420420420271e+00 9.130548695120220373e+02
1.928678678678678482e+00 9.134527303753228580e+02
1.936936936936936915e+00 9.138509761849646793e+02
1.945195195195195126e+00 9.142496098058522875e+02
1.953453453453453337e+00 9.146486341098386674e+02
1.961711711711711548e+00 9.150480519758599485e+02
1.969969969969969981e+00 9.154478662898578705e+02
1.978228228228228192e+00 9.158480799448377638e+02
1.986486486486486402e+00 9.162486958408150031e+02
1.994744744744744613e+00 9.166497168849124364e+02
2.003003003003002824e+00 9.170511459913010412e+02
2.011261261261261257e+00 9.174529860812010611e+02
2.019519519519519690e+00 9.178552400829291855e+02
2.027777777777777679e+00 9.182579109319178770e+02
2.036036036036035668e+00 9.186610015706299919e+02
2.044294294294294101e+00 9.190645149486731498e+02
2.052552552552552534e+00 9.194684540227012803e+02
2.060810810810810523e+00 9.198728217565001160e+02
2.069069069069068956e+00 9.202776211209621806e+02
2.077327327327327389e+00 9.206828550940169862e+02
2.085585585585585378e+00 9.210885266607995163e+02
2.093843843843843811e+00 9.214946388134295603e+02
2.102102102102102243e+00 9.219011945512204420e+02
2.110360360360360232e+00 9.223081968804918915e+02
2.118618618618618221e+00 9.227156488147340951e+02
2.126876876876877098e+00 9.231235533744730901e+02
2.135135135135135087e+00 9.235319135873475034e+02
2.143393393393393076e+00 9.239407324880363603e+02
2.151651651651651509e+00 9.243500131183341182e+02
2.159909909909909942e+00 9.247597585270839318e+02
2.168168168168167931e+00 9.251699717701809504e+02
2.176426426426426364e+00 9.255806559105427596e+02
2.184684684684684797e+00 9.259918140181521267e+02
2.192942942942942786e+00 9.264034491700152785e+02
2.201201201201200774e+00 9.268155644501825918e+02
2.209459459459459651e+00 9.272281629496185360e+02
2.217717717717717640e+00 9.276412477663603795e+02
2.225975975975975629e+00 9.280548220053962041e+02
2.234234234234234062e+00 9.284688887786675195e+02
2.242492492492492495e+00 9.288834512050337935e+02
2.250750750750750484e+00 9.292985124103749968e+02
2.259009009009008917e+00 9.297140755273721879e+02
2.267267267267267350e+00 9.301301436956250654e+02
2.275525525525525339e+00 9.305467200616772061e+02
2.283783783783783772e+00 9.309638077788092687e+02
2.292042042042042205e+00 9.313814100072351039e+02
2.300300300300300194e+00 9.317995299139248573e+02
2.308558558558558182e+00 9.322181706726152015e+02
2.316816816816816615e+00 9.326373354638574256e+02
2.325075075075075048e+00 9.330570274748915836e+02
2.333333333333333037e+00 9.334772498996823060e+02
2.341591591591591470e+00 9.338980059388545669e+02
2.349849849849849903e+00 9.343192987997314276e+02
2.358108108108107892e+00 9.347411316962239880e+02
2.366366366366366325e+00 9.351635078488554882e+02
2.374624624624624758e+00 9.355864304846799087e+02
2.382882882882882747e+00 9.360099028373143710e+02
2.391141141141140736e+00 9.364339281468593299e+02
2.399399399399399613e+00 9.368585096598976634e+02
2.407657657657657602e+00 9.372836506293792809e+02
2.415915915915915591e+00 9.377093543147165065e+02
2.424174174174174023e+00 9.381356239816103653e+02
2.432432432432432456e+00 9.385624629021305054e+02
2.440690690690690445e+00 9.389898743546251580e+02
2.448948948948948878e+00 9.394178616236448534e+02
2.457207207207207311e+00 9.398464279998823940e+02
2.465465465465465300e+00 9.402755767802447053e+02
2.473723723723723289e+00 9.407053112677584750e+02
2.481981981981982166e+00 9.411356347714755657e+02
2.490240240240240155e+00 9.415665506064585770e+02
2.498498498498498144e+00 9.419980620937387812e+02
2.506756756756756577e+00 9.424301725603738760e+02
2.515015015015015010e+00 9.428628853390061977e+02
2.523273273273272999e+00 9.432962037683925018e+02
2.531531531531531432e+00 9.437301311929317080e+02
2.539789789789789864e+00 9.441646709627236760e+02
2.548048048048047853e+00 9.445998264335540853e+02
2.556306306306306286e+00 9.450356009667281114e+02
2.564564564564564275e+00 9.454719979292411836e+02
2.572822822822822708e+00 9.459090206934473599e+02
2.581081081081081141e+00 9.463466726372150788e+02
2.589339339339339130e+00 9.467849571437418490e+02
2.597597597597597563e+00 9.472238776015462918e+02
2.605855855855855552e+00 9.476634374043177331e+02
2.614114114114113985e+00 9.481036399509919192e+02
2.622372372372372418e+00 9.485444886456297127e+02
2.630630630630630407e+00 9.489859868973006769e+02
2.638888888888888840e+00 9.494281381200422629e+02
2.647147147147146828e+00 9.498709457328856161e+02
2.655405405405405261e+00 9.503144131595856834e+02
2.663663663663663694e+00 9.507585438287520674e+02
2.671921921921921683e+00 9.512033411736396147e+02
2.680180180180180116e+00 9.516488086321309083e+02
2.688438438438438105e+00 9.520949496466421351e+02
2.696696696696696538e+00 9.525417676640882974e+02
2.704954954954954971e+00 9.529892661357902170e+02
2.713213213213212960e+00 9.534374485172944560e+02
2.721471471471471393e+00 9.538863182684928006e+02
2.729729729729729382e+00 9.543358788533073493e+02
2.737987987987987815e+00 9.547861337397388297e+02
2.746246246246246248e+00 9.552370863998261257e+02
2.754504504504504236e+00 9.556887403095158788e+02
2.762762762762762669e+00 9.561410989484597849e+02
2.771021021021021102e+00 9.565941658001045198e+02
2.779279279279279091e+00 9.570479443515002913e+02
2.787537537537537524e+00 9.575024380931976111e+02
2.795795795795795513e+00 9.579576505191957949e+02
2.804054054054053946e+00 9.584135851268798660e+02
2.812312312312312379e+00 9.588702454167778342e+02
2.820570570570570368e+00 9.593276348927638537e+02
2.828828828828828801e+00 9.597857570615557279e+02
2.837087087087086790e+00 9.602446154329437604e+02
2.845345345345345223e+00 9.607042135194939192e+02
2.853603603603603656e+00 9.611645548365972900e+02
2.861861861861861644e+00 9.616256429022346310e+02
2.870120120120120077e+00 9.620874812368909943e+02
2.878378378378378066e+00 9.625500733635655024e+02
2.886636636636636499e+00 9.630134228074764451e+02
2.894894894894894932e+00 9.634775330961102782e+02
2.903153153153152921e+00 9.639424077590377919e+02
2.911411411411411354e+00 9.644080503278225933e+02
2.919669669669669343e+00 9.648744643358201074e+02
2.927927927927927776e+00 9.653416533183144566e+02
2.936186186186186209e+00 9.658096208119397943e+02
2.944444444444444198e+00 9.662783703551383496e+02
2.952702702702702631e+00 9.667479054874700068e+02
2.960960960960960620e+00 9.672182297500468167e+02
2.969219219219219053e+00 9.676893466848537173e+02
2.977477477477477485e+00 9.681612598350844792e+02
2.985735735735735474e+00 9.686339727446885490e+02
2.993993993993993907e+00 9.691074889584152743e+02
3.002252252252251896e+00 9.695818120217843443e+02
3.010510510510510329e+00 9.700569454806213798e+02
3.018768768768768762e+00 9.705328928811243259e+02
3.027027027027026751e+00 9.710096577699538329e+02
3.035285285285285184e+00 9.714872436935781934e+02
3.043543543543543173e+00 9.719656541984986688e+02
3.051801801801801606e+00 9.724448928311900318e+02
3.060060060060060039e+00 9.729249631375687386e+02
3.068318318318318028e+00 9.734058686632697572e+02
3.076576576576576461e+00 9.738876129532136474e+02
3.084834834834834894e+00 9.743701995514837790e+02
3.093093093093092882e+00 9.748536320015060710e+02
3.101351351351351315e+00 9.753379138454524764e+02
3.109609609609609304e+00 9.758230486242441657e+02
3.117867867867867737e+00 9.763090398775304948e+02
3.126126126126126170e+00 9.767958911434993752e+02
3.134384384384384159e+00 9.772836059585571320e+02
3.142642642642642592e+00 9.777721878572581318e+02
3.150900900900900581e+00 9.782616403724352949e+02
3.159159159159159014e+00 9.787519670343260714e+02
3.167417417417417447e+00 9.792431713710919894e+02
3.175675675675675436e+00 9.797352569085470577e+02
3.183933933933933869e+00 9.802282271697193892e+02
3.192192192192191857e+00 9.807220856747233029e+02
3.200450450450450290e+00 9.812168359408696006e+02
3.208708708708708723e+00 9.817124814821795553e+02
3.216966966966966712e+00 9.822090258094339106e+02
3.225225225225225145e+00 9.827064724298942338e+02
3.233483483483483134e+00 9.832048248472535761e+02
3.241741741741741567e+00 9.837040865610151741e+02
3.250000000000000000e+00 9.842042610670547447e+02
3.258258258258257989e+00 9.847053518567649917e+02
3.266516516516516422e+00 9.852073624173134476e+02
3.274774774774774411e+00 9.857102962311381589e+02
3.283033033033032844e+00 9.862141567760583030e+02
3.291291291291291277e+00 9.867189475246398160e+02
3.299549549549549265e+00 9.872246719447384748e+02
3.307807807807807698e+00 9.877313334986033624e+02
3.316066066066065687e+00 9.882389356428888050e+02
3.324324324324324120e+00 9.887474818287602147e+02
3.332582582582582553e+00 9.892569755013973918e+02
3.340840840840840542e+00 9.897674200996572154e+02
3.349099099099098975e+00 9.902788190563586568e+02
3.357357357357356964e+00 9.907911757975349474e+02
3.365615615615615397e+00 9.913044937429991705e+02
3.373873873873873830e+00 9.918187763048453007e+02
3.382132132132131819e+00 9.923340268886671538e+02
3.390390390390390252e+00 9.928502488925111038e+02
3.398648648648648685e+00 9.933674457068196944e+02
3.406906906906906674e+00 9.938856207144468726e+02
3.415165165165165106e+00 9.944047772900338487e+02
3.423423423423423095e+00 9.949249188002276014e+02
3.431681681681681528e+00 9.954460486033188999e+02
3.439939939939939961e+00 9.959681700486436284e+02
3.448198198198197950e+00 9.964912864770209353e+02
3.456456456456456383e+00 9.970154012200620173e+02
3.464714714714714372e+00 9.975405176000238043e+02
3.472972972972972805e+00 9.980666389298756940e+02
3.481231231231231238e+00 9.985937685126996257e+02
3.489489489489489227e+00 9.991219096413966554e+02
3.497747747747747660e+00 9.996510655990178975e+02
3.506006006006005649e+00 1.000181239658221898e+03
3.514264264264264082e+00 1.000712435080614000e+03
3.522522522522522515e+00 1.001244655117093885e+03
3.530780780780780503e+00 1.001777903007661052e+03
3.539039039039038936e+00 1.002312181980404944e+03
3.547297297297296925e+00 1.002847495252327121e+03
3.555555555555555358e+00 1.003383846028170638e+03
3.563813813813813791e+00 1.003921237501075097e+03
3.572072072072071780e+00 1.004459672851074629e+03
3.580330330330330213e+00 1.004999155246364921e+03
3.588588588588588202e+00 1.005539687842027320e+03
3.596846846846846635e+00 1.006081273779664798e+03
3.605105105105105068e+00 1.006623916188176395e+03
3.613363363363363057e+00 1.007167618182493356e+03
3.621621621621621490e+00 1.007712382863733410e+03
3.629879879879879478e+00 1.008258213318921662e+03
3.638138138138137911e+00 1.008805112620767545e+03
3.646396396396396344e+00 1.009353083827048522e+03
3.654654654654654333e+00 1.009902129981393841e+03
3.662912912912912766e+00 1.010452254111453044e+03
3.671171171171170755e+00 1.011003459229833084e+03
3.679429429429429188e+00 1.011555748333502834e+03
3.687687687687687621e+00 1.012109124403569126e+03
3.695945945945945610e+00 1.012663590404564616e+03
3.704204204204204043e+00 1.013219149284513378e+03
3.712462462462462476e+00 1.013775803975404301e+03
3.720720720720720465e+00 1.014333557391161435e+03
3.728978978978978898e+00 1.014892412429059277e+03
3.737237237237236887e+00 1.015452371968851594e+03
3.745495495495495319e+00 1.016013438871750168e+03
3.753753753753753752e+00 1.016575615981485839e+03
3.762012012012011741e+00 1.017138906123101037e+03
3.770270270270270174e+00 1.017703312103038456e+03
3.778528528528528163e+00 1.018268836708585695e+03
3.786786786786786596e+00 1.018835482707637311e+03
3.795045045045045029e+00 1.019403252848758598e+03
3.803303303303303018e+00 1.019972149860642958e+03
3.811561561561561451e+00 1.020542176451832461e+03
3.819819819819819440e+00 1.021113335310030266e+03
3.828078078078077873e+00 1.021685629102631424e+03
3.836336336336336306e+00 1.022259060475904107e+03
3.844594594594594295e+00 1.022833632054895361e+03
3.852852852852852727e+00 1.023409346442592323e+03
3.861111111111110716e+00 1.023986206220580812e+03
3.869369369369369149e+00 1.024564213947722237e+03
3.877627627627627582e+00 1.025143372160594708e+03
3.885885885885885571e+00 1.025723683373087624e+03
3.894144144144144004e+00 1.026305150075738538e+03
3.902402402402401993e+00 1.026887774735690527e+03
3.910660660660660426e+00 1.027471559796144902e+03
3.918918918918918859e+00 1.028056507676722049e+03
3.927177177177176848e+00 1.028642620772261807e+03
3.935435435435435281e+00 1.029229901452824151e+03
3.943693693693693270e+00 1.029818352063802195e+03
3.951951951951951703e+00 1.030407974925263034e+03
3.960210210210210136e+00 1.030998772331261989e+03
3.968468468468468124e+00 1.031590746550574977e+03
3.976726726726726557e+00 1.032183899824919536e+03
3.984984984984984990e+00 1.032778234369855909e+03
3.993243243243242979e+00 1.033373752374115611e+03
4.001501501501500968e+00 1.033970455999063006e+03
4.009759759759759845e+00 1.034568347378628005e+03
4.018018018018017834e+00 1.035167428618690565e+03
4.026276276276275823e+00 1.035767701797005884e+03
4.034534534534534700e+00 1.036369168963082302e+03
4.042792792792792689e+00 1.036971832137100364e+03
4.051051051051050678e+00 1.037575693310515362e+03
4.059309309309309555e+00 1.038180754444824970e+03
4.067567567567567544e+00 1.038787017472065827e+03
4.075825825825825532e+00 1.039394484294068207e+03
4.084084084084084409e+00 1.040003156782042197e+03
4.092342342342341510e+00 1.040613036776236868e+03
4.100600600600600387e+00 1.041224126085895023e+03
4.108858858858859264e+00 1.041836426488933057e+03
4.117117117117116365e+00 1.042449939731568747e+03
4.125375375375375242e+00 1.043064667526761014e+03
4.133633633633633231e+00 1.043680611556378608e+03
4.141891891891891220e+00 1.044297773468791775e+03
4.150150150150150097e+00 1.044916154878833595e+03
4.158408408408408086e+00 1.045535757368343639e+03
4.166666666666666075e+00 1.046156582485042009e+03
4.174924924924924952e+00 1.046778631742773541e+03
4.183183183183182940e+00 1.047401906620242244e+03
4.191441441441440929e+00 1.048026408561608378e+03
4.199699699699699806e+00 1.048652138975729713e+03
4.207957957957957795e+00 1.049279099236234288e+03
4.216216216216215784e+00 1.049907290679984044e+03
4.224474474474474661e+00 1.050536714608253760e+03
4.232732732732732650e+00 1.051167372285640113e+03
4.240990990990990639e+00 1.051799264939192653e+03
4.249249249249249516e+00 1.052432393759308525e+03
4.257507507507506617e+00 1.053066759898220198e+03
4.265765765765765494e+00 1.053702364470823113e+03
4.274024024024024371e+00 1.054339208552732316e+03
4.282282282282281471e+00 1.054977293181352252e+03
4.290540540540540349e+00 1.055616619355102330e+03
4.298798798798799226e+00 1.056257188032523118e+03
4.307057057057056326e+00 1.056899000132935953e+03
4.315315315315315203e+00 1.057542056534816084e+03
4.323573573573573192e+00 1.058186358076972510e+03
4.331831831831831181e+00 1.058831905556644870e+03
4.340090090090090058e+00 1.059478699730626431e+03
4.348348348348348047e+00 1.060126741313286175e+03
4.356606606606606036e+00 1.060776030978075823e+03
4.364864864864864913e+00 1.061426569355048059e+03
4.373123123123122902e+00 1.062078357032509302e+03
4.381381381381380891e+00 1.062731394555137285e+03
4.389639639639639768e+00 1.063385682425716141e+03
4.397897897897897757e+00 1.064041221101017300e+03
4.406156156156155745e+00 1.064698010996257153e+03
4.414414414414414622e+00 1.065356052479972050e+03
4.422672672672672611e+00 1.066015345878193784e+03
4.430930930930930600e+00 1.066675891469840735e+03
4.439189189189189477e+00 1.067337689489109607e+03
4.447447447447446578e+00 1.068000740125524089e+03
4.455705705705705455e+00 1.068665043520417157e+03
4.463963963963964332e+00 1.069330599770255731e+03
4.472222222222221433e+00 1.069997408923509283e+03
4.480480480480480310e+00 1.070665470981772614e+03
4.488738738738738299e+00 1.071334785899934104e+03
4.496996996996996288e+00 1.072005353583178703e+03
4.505255255255255165e+00 1.072677173889982441e+03
4.513513513513513153e+00 1.073350246629127696e+03
4.521771771771771142e+00 1.074024571561091761e+03
4.530030030030030019e+00 1.074700148396075519e+03
4.538288288288288008e+00 1.075376976795587780e+03
4.546546546546545997e+00 1.076055056370717693e+03
4.554804804804804874e+00 1.076734386681663636e+03
4.563063063063062863e+00 1.077414967238070858e+03
4.571321321321320852e+00 1.078096797498870501e+03
4.579579579579579729e+00 1.078779876871133411e+03
4.587837837837837718e+00 1.079464204709888008e+03
4.596096096096095707e+00 1.080149780318467265e+03
4.604354354354353696e+00 1.080836602947249503e+03
4.612612612612612573e+00 1.081524671793791867e+03
4.620870870870870561e+00 1.082213986002378306e+03
4.629129129129128550e+00 1.082904544664129844e+03
4.637387387387387427e+00 1.083596346815599418e+03
4.645645645645645416e+00 1.084289391439227529e+03
4.653903903903903405e+00 1.084983677463436607e+03
4.662162162162162282e+00 1.085679203760661039e+03
4.670420420420420271e+00 1.086375969148525655e+03
4.678678678678678260e+00 1.087073972388782522e+03
4.686936936936936249e+00 1.087773212187594481e+03
4.695195195195195126e+00 1.088473687195001958e+03
4.703453453453453115e+00 1.089175396002224034e+03
4.711711711711711104e+00 1.089878337147189768e+03
4.719969969969969981e+00 1.090582509106535781e+03
4.728228228228227970e+00 1.091287910301545026e+03
4.736486486486485958e+00 1.091994539094771881e+03
4.744744744744744835e+00 1.092702393790851374e+03
4.753003003003002824e+00 1.093411472634466691e+03
4.761261261261260813e+00 1.094121773813224081e+03
4.769519519519519690e+00 1.094833295452508537e+03
4.777777777777777679e+00 1.095546035621079000e+03
4.786036036036035668e+00 1.096259992325070016e+03
4.794294294294293657e+00 1.096975163512343443e+03
4.802552552552552534e+00 1.097691547068441196e+03
4.810810810810810523e+00 1.098409140818611377e+03
4.819069069069068512e+00 1.099127942526222569e+03
4.827327327327327389e+00 1.099847949893319992e+03
4.835585585585585378e+00 1.100569160560514547e+03
4.843843843843843366e+00 1.101291572104964644e+03
4.852102102102102243e+00 1.102015182042177457e+03
4.860360360360360232e+00 1.102739987823594902e+03
4.868618618618618221e+00 1.103465986838127492e+03
4.876876876876876210e+00 1.104193176411397872e+03
4.885135135135135087e+00 1.104921553804397263e+03
4.893393393393393076e+00 1.105651116213952264e+03
4.901651651651651065e+00 1.106381860772419259e+03
4.909909909909909942e+00 1.107113784548128251e+03
4.918168168168167931e+00 1.107846884543165515e+03
4.926426426426425920e+00 1.108581157694926333e+03
4.934684684684684797e+00 1.109316600874668666e+03
4.942942942942942786e+00 1.110053210887457681e+03
4.951201201201200774e+00 1.110790984472950186e+03
4.959459459459458763e+00 1.111529918302418082e+03
4.967717717717717640e+00 1.112270008981686033e+03
4.975975975975975629e+00 1.113011253050038249e+03
4.984234234234233618e+00 1.113753646976827440e+03
4.992492492492492495e+00 1.114497187165289461e+03
5.000750750750750484e+00 1.115241869950378941e+03
5.009009009009008473e+00 1.115987691598790661e+03
5.017267267267267350e+00 1.116734648308171018e+03
5.025525525525525339e+00 1.117482736207748303e+03
5.033783783783783328e+00 1.118231951356724267e+03
5.042042042042042205e+00 1.118982289745590151e+03
5.050300300300300194e+00 1.119733747295026205e+03
5.058558558558558182e+00 1.120486319856587215e+03
5.066816816816816171e+00 1.121240003208039980e+03
5.075075075075075048e+00 1.121994793061706105e+03
5.083333333333333037e+00 1.122750685055443000e+03
5.091591591591591026e+00 1.123507674757943960e+03
5.099849849849849903e+00 1.124265757664734338e+03
5.108108108108107892e+00 1.125024929202430258e+03
5.116366366366365881e+00 1.125785184722974918e+03
5.124624624624624758e+00 1.126546519508521442e+03
5.132882882882882747e+00 1.127308928768016585e+03
5.141141141141140736e+00 1.128072407638627965e+03
5.149399399399398725e+00 1.128836951182413713e+03
5.157657657657657602e+00 1.129602554392158027e+03
5.165915915915915591e+00 1.130369212184474918e+03
5.174174174174173579e+00 1.131136919404106493e+03
5.182432432432432456e+00 1.131905670820325668e+03
5.190690690690690445e+00 1.132675461132064811e+03
5.198948948948948434e+00 1.133446284958502702e+03
5.207207207207207311e+00 1.134218136850520750e+03
5.215465465465465300e+00 1.134991011280949579e+03
5.223723723723723289e+00 1.135764902648571933e+03
5.231981981981981278e+00 1.136539805277152482e+03
5.240240240240240155e+00 1.137315713416672679e+03
5.248498498498498144e+00 1.138092621238988158e+03
5.256756756756756133e+00 1.138870522843226809e+03
5.265015015015015010e+00 1.139649412250451178e+03
5.273273273273272999e+00 1.140429283408273932e+03
5.281531531531530987e+00 1.141210130186075958e+03
5.289789789789789864e+00 1.141991946377962449e+03
5.298048048048047853e+00 1.142774725701858188e+03
5.306306306306305842e+00 1.143558461796818165e+03
5.314564564564563831e+00 1.144343148229907683e+03
5.322822822822822708e+00 1.145128778485370503e+03
5.331081081081080697e+00 1.145915345974290403e+03
5.339339339339338686e+00 1.146702844029375228e+03
5.347597597597597563e+00 1.147491265904837292e+03
5.355855855855855552e+00 1.148280604779678697e+03
5.364114114114113541e+00 1.149070853752459016e+03
5.372372372372372418e+00 1.149862005845743852e+03
5.380630630630630407e+00 1.150654054003689680e+03
5.388888888888888395e+00 1.151446991092172539e+03
5.397147147147147273e+00 1.152240809897576582e+03
5.405405405405405261e+00 1.153035503130816096e+03
5.413663663663663250e+00 1.153831063419690508e+03
5.421921921921921239e+00 1.154627483319442035e+03
5.430180180180180116e+00 1.155424755301334699e+03
5.438438438438438105e+00 1.156222871758917108e+03
5.446696696696696094e+00 1.157021825009240274e+03
5.454954954954954971e+00 1.157821607286612107e+03
5.463213213213212960e+00 1.158622210749393844e+03
5.471471471471470949e+00 1.159423627476205183e+03
5.479729729729729826e+00 1.160225849461993221e+03
5.487987987987987815e+00 1.161028868630261513e+03
5.496246246246245803e+00 1.161832676816713501e+03
5.504504504504503792e+00 1.162637265782828990e+03
5.512762762762762669e+00 1.163442627208069780e+03
5.521021021021020658e+00 1.164248752693351662e+03
5.529279279279278647e+00 1.165055633759930743e+03
5.537537537537537524e+00 1.165863261846467367e+03
5.545795795795795513e+00 1.166671628315211365e+03
5.554054054054053502e+00 1.167480724448524370e+03
5.562312312312312379e+00 1.168290541445615418e+03
5.570570570570570368e+00 1.169101070427056584e+03
5.578828828828828357e+00 1.169912302435027641e+03
5.587087087087086346e+00 1.170724228428191282e+03
5.595345345345345223e+00 1.171536839290770558e+03
5.603603603603603212e+00 1.172350125819405548e+03
5.611861861861861200e+00 1.173164078737828049e+03
5.620120120120120077e+00 1.173978688683632299e+03
5.628378378378378066e+00 1.174793946219406052e+03
5.636636636636636055e+00 1.175609841823157694e+03
5.644894894894894932e+00 1.176426365895223171e+03
5.653153153153152921e+00 1.177243508755638686e+03
5.661411411411410910e+00 1.178061260644907861e+03
5.669669669669669787e+00 1.178879611720646380e+03
5.677927927927927776e+00 1.179698552064486421e+03
5.686186186186185765e+00 1.180518071672933274e+03
5.694444444444443754e+00 1.181338160467486659e+03
5.702702702702702631e+00 1.182158808287607826e+03
5.710960960960960620e+00 1.182980004893658361e+03
5.719219219219218608e+00 1.183801739963051659e+03
5.727477477477477485e+00 1.184624003098251023e+03
5.735735735735735474e+00 1.185446783817402320e+03
5.743993993993993463e+00 1.186270071562624480e+03
5.752252252252252340e+00 1.187093855695203274e+03
5.760510510510510329e+00 1.187918125495927370e+03
5.768768768768768318e+00 1.188742870167228602e+03
5.777027027027026307e+00 1.189568078830212016e+03
5.785285285285285184e+00 1.190393740532090078e+03
5.793543543543543173e+00 1.191219844234922675e+03
5.801801801801801162e+00 1.192046378825003103e+03
5.810060060060060039e+00 1.192873333108982024e+03
5.818318318318318028e+00 1.193700695814804703e+03
5.826576576576576016e+00 1.194528455591256488e+03
5.834834834834834894e+00 1.195356601009110364e+03
5.843093093093092882e+00 1.196185120561290205e+03
5.851351351351350871e+00 1.197014002661080895e+03
5.859609609609608860e+00 1.197843235646529138e+03
5.867867867867867737e+00 1.198672807772479246e+03
5.876126126126125726e+00 1.199502707222999106e+03
5.884384384384383715e+00 1.200332922096986977e+03
5.892642642642642592e+00 1.201163440421434871e+03
5.900900900900900581e+00 1.201994250145103479e+03
5.909159159159158570e+00 1.202825339138576282e+03
5.917417417417417447e+00 1.203656695196129931e+03
5.925675675675675436e+00 1.204488306034665356e+03
5.933933933933933424e+00 1.205320159293657525e+03
5.942192192192192302e+00 1.206152242539774079e+03
5.950450450450450290e+00 1.206984543260561395e+03
5.958708708708708279e+00 1.207817048868655775e+03
5.966966966966966268e+00 1.208649746700700916e+03
5.975225225225225145e+00 1.209482624019027753e+03
5.983483483483483134e+00 1.210315668009321826e+03
5.991741741741741123e+00 1.211148865784132340e+03
6.000000000000000000e+00 1.211982204378468623e+03
6.008258258258257989e+00 1.212815670756434201e+03
6.016516516516515978e+00 1.213649251803331254e+03
6.024774774774774855e+00 1.214482934337446068e+03
6.033033033033032844e+00 1.215316705097032582e+03
6.041291291291290833e+00 1.216150550747407351e+03
6.049549549549548821e+00 1.216984457885936308e+03
6.057807807807807698e+00 1.217818413032004173e+03
6.066066066066065687e+00 1.218652402635786302e+03
6.074324324324323676e+00 1.219486413073095264e+03
6.082582582582582553e+00 1.220320430647821695e+03
6.090840840840840542e+00 1.221154441595258049e+03
6.099099099099098531e+00 1.221988432076038180e+03
6.107357357357357408e+00 1.222822388179695963e+03
6.115615615615615397e+00 1.223656295929386260e+03
6.123873873873873386e+00 1.224490141272532810e+03
6.132132132132131375e+00 1.225323910090513436e+03
6.140390390390390252e+00 1.226157588194213304e+03
6.148648648648648241e+00 1.226991161324660425e+03
6.156906906906906229e+00 1.227824615155264382e+03
6.165165165165165106e+00 1.228657935287035116e+03
6.173423423423423095e+00 1.229491107258366128e+03
6.181681681681681084e+00 1.230324116536722158e+03
6.189939939939939961e+00 1.231156948522907896e+03
6.198198198198197950e+00 1.231989588549339942e+03
6.206456456456455939e+00 1.232822021886525590e+03
6.214714714714713928e+00 1.233654233732015427e+03
6.222972972972972805e+00 1.234486209222953903e+03
6.231231231231230794e+00 1.235317933429057348e+03
6.239489489489488783e+00 1.236149391355816761e+03
6.247747747747747660e+00 1.236980567942006701e+03
6.256006006006005649e+00 1.237811448066484672e+03
6.264264264264263637e+00 1.238642016540439727e+03
6.272522522522522515e+00 1.239472258114268016e+03
6.280780780780780503e+00 1.240302157474120577e+03
6.289039039039038492e+00 1.241131699247010147e+03
6.297297297297297369e+00 1.241960867991944497e+03
6.305555555555555358e+00 1.242789648213749615e+03
6.313813813813813347e+00 1.243618024351698068e+03
6.322072072072071336e+00 1.244445980787674443e+03
6.330330330330330213e+00 1.245273501841517827e+03
6.338588588588588202e+00 1.246100571773621823e+03
6.346846846846846191e+00 1.246927174786786281e+03
6.355105105105105068e+00 1.247753295023801229e+03
6.363363363363363057e+00 1.248578916571628952e+03
6.371621621621621046e+00 1.249404023459811242e+03
6.379879879879879923e+00 1.250228599658434405e+03
6.388138138138137911e+00 1.251052629083530064e+03
6.396396396396395900e+00 1.251876095594616800e+03
6.404654654654653889e+00 1.252698982998143947e+03
6.412912912912912766e+00 1.253521275040355249e+03
6.421171171171170755e+00 1.254342955420822818e+03
6.429429429429428744e+00 1.255164007776713788e+03
6.437687687687687621e+00 1.255984415704551338e+03
6.445945945945945610e+00 1.256804162733444855e+03
6.454204204204203599e+00 1.257623232351744264e+03
6.462462462462462476e+00 1.258441607993281195e+03
6.470720720720720465e+00 1.259259273039346454e+03
6.478978978978978454e+00 1.260076210825262251e+03
6.487237237237236442e+00 1.260892404631241789e+03
6.495495495495495319e+00 1.261707837694687214e+03
6.503753753753753308e+00 1.262522493198255006e+03
6.512012012012011297e+00 1.263336354283584342e+03
6.520270270270270174e+00 1.264149404038878856e+03
6.528528528528528163e+00 1.264961625512338742e+03
6.536786786786786152e+00 1.265773001699525139e+03
6.545045045045045029e+00 1.266583515559946136e+03
6.553303303303303018e+00 1.267393149994745045e+03
6.561561561561561007e+00 1.268201887878605476e+03
6.569819819819819884e+00 1.269009712026389252e+03
6.578078078078077873e+00 1.269816605220991505e+03
6.586336336336335862e+00 1.270622550202334196e+03
6.594594594594593850e+00 1.271427529663261112e+03
6.602852852852852727e+00 1.272231526263337173e+03
6.611111111111110716e+00 1.273034522615087326e+03
6.619369369369368705e+00 1.273836501300526152e+03
6.627627627627627582e+00 1.274637444855051172e+03
6.635885885885885571e+00 1.275437335779704881e+03
6.644144144144143560e+00 1.276236156535747341e+03
6.652402402402402437e+00 1.277033889554574444e+03
6.660660660660660426e+00 1.277830517227157998e+03
6.668918918918918415e+00 1.278626021910041572e+03
6.677177177177176404e+00 1.279420385923283447e+03
6.685435435435435281e+00 1.280213591558431290e+03
6.693693693693693270e+00 1.281005621069984727e+03
6.701951951951951258e+00 1.281796456680474421e+03
6.710210210210210136e+00 1.282586080588684581e+03
6.718468468468468124e+00 1.283374474948900797e+03
6.726726726726726113e+00 1.284161621900548198e+03
6.734984984984984990e+00 1.284947503539800209e+03
6.743243243243242979e+00 1.285732101946793136e+03
6.751501501501500968e+00 1.286515399166378756e+03
6.759759759759758957e+00 1.287297377221779698e+03
6.768018018018017834e+00 1.288078018102406986e+03
6.776276276276275823e+00 1.288857303785010345e+03
6.784534534534533812e+00 1.289635216208081829e+03
6.792792792792792689e+00 1.290411737295605690e+03
6.801051051051050678e+00 1.291186848944019403e+03
6.809309309309308667e+00 1.291960533032023932e+03
6.817567567567567544e+00 1.292732771414048784e+03
6.825825825825825532e+00 1.293503545920698798e+03
6.834084084084083521e+00 1.294272838373071181e+03
6.842342342342341510e+00 1.295040630563583363e+03
6.850600600600600387e+00 1.295806904269585175e+03
6.858858858858858376e+00 1.296571641253136704e+03
6.867117117117116365e+00 1.297334823256423988e+03
6.875375375375375242e+00 1.298096432008786451e+03
6.883633633633633231e+00 1.298856449224523885e+03
6.891891891891891220e+00 1.299614856604718398e+03
6.900150150150150097e+00 1.300371635835471579e+03
6.908408408408408086e+00 1.301126768590067286e+03
6.916666666666666075e+00 1.301880236533213065e+03
6.924924924924924952e+00 1.302632021316469491e+03
6.933183183183182940e+00 1.303382104583219416e+03
6.941441441441440929e+00 1.304130467965816251e+03
6.949699699699698918e+00 1.304877093093529311e+03
6.957957957957957795e+00 1.305621961584762175e+03
6.966216216216215784e+00 1.306365055049083367e+03
6.974474474474473773e+00 1.307106355097681444e+03
6.982732732732732650e+00 1.307845843330064554e+03
6.990990990990990639e+00 1.308583501348324944e+03
6.999249249249248628e+00 1.309319310746219571e+03
7.007507507507507505e+00 1.310053253117088389e+03
7.015765765765765494e+00 1.310785310061952487e+03
7.024024024024023483e+00 1.311515463166018662e+03
7.032282282282281471e+00 1.312243694026537241e+03
7.040540540540540349e+00 1.312969984238370671e+03
7.048798798798798337e+00 1.313694315402560051e+03
7.057057057057056326e+00 1.314416669119199241e+03
7.065315315315315203e+00 1.315137026993408881e+03
7.073573573573573192e+00 1.315855370638967997e+03
7.081831831831831181e+00 1.316571681671180613e+03
7.090090090090090058e+00 1.317285941715887247e+03
7.098348348348348047e+00 1.317998132404745775e+03
7.106606606606606036e+00 1.318708235382967814e+03
7.114864864864864025e+00 1.319416232299449803e+03
7.123123123123122902e+00 1.320122104813858869e+03
7.131381381381380891e+00 1.320825834605307591e+03
7.139639639639638879e+00 1.321527403358099946e+03
7.147897897897897757e+00 1.322226792771318287e+03
7.156156156156155745e+00 1.322923984555765401e+03
7.164414414414413734e+00 1.323618960448041889e+03
7.172672672672672611e+00 1.324311702190959295e+03
7.180930930930930600e+00 1.325002191548232304e+03
7.189189189189188589e+00 1.325690410300123403e+03
7.197447447447447466e+00 1.326376340247515373e+03
7.205705705705705455e+00 1.327059963210097521e+03
7.213963963963963444e+00 1.327741261030065061e+03
7.222222222222221433e+00 1.328420215571569543e+03
7.230480480480480310e+00 1.329096808719244791e+03
7.238738738738738299e+00 1.329771022380768500e+03
7.246996996996996288e+00 1.330442838495056321e+03
7.255255255255255165e+00 1.331112239019842718e+03
7.263513513513513153e+00 1.331779205940446673e+03
7.271771771771771142e+00 1.332443721274958307e+03
7.280030030030030019e+00 1.333105767061981624e+03
7.288288288288288008e+00 1.333765325376690498e+03
7.296546546546545997e+00 1.334422378318368146e+03
7.304804804804803986e+00 1.335076908023527494e+03
7.313063063063062863e+00 1.335728896657591804e+03
7.321321321321320852e+00 1.336378326418534698e+03
7.329579579579578841e+00 1.337025179541377383e+03
7.337837837837837718e+00 1.337669438293427902e+03
7.346096096096095707e+00 1.338311084980391115e+03
7.354354354354353696e+00 1.338950101942370793e+03
7.362612612612612573e+00 1.339586471560035079e+03
7.370870870870870561e+00 1.340220176250521035e+03
7.379129129129128550e+00 1.340851198471738826e+03
7.387387387387386539e+00 1.341479520723186624e+03
7.395645645645645416e+00 1.342105125545857845e+03
7.403903903903903405e+00 1.342727995524722019e+03
7.412162162162161394e+00 1.343348113283823977e+03
7.420420420420420271e+00 1.343965461496402895e+03
7.428678678678678260e+00 1.344580022878760929e+03
7.436936936936936249e+00 1.345191780196689251e+03
7.445195195195195126e+00 1.345800716260099307e+03
7.453453453453453115e+00 1.346406813925696724e+03
7.461711711711711104e+00 1.347010056104849809e+03
7.469969969969969981e+00 1.347610425758210567e+03
7.478228228228227970e+00 1.348207905889764561e+03
7.486486486486485958e+00 1.348802479569641037e+03
7.494744744744743947e+00 1.349394129907640945e+03
7.503003003003002824e+00 1.349982840076395178e+03
7.511261261261260813e+00 1.350568593296624840e+03
7.519519519519518802e+00 1.351151372851170436e+03
7.527777777777777679e+00 1.351731162079479873e+03
7.536036036036035668e+00 1.352307944370934820e+03
7.544294294294293657e+00 1.352881703184412117e+03
7.552552552552552534e+00 1.353452422029695072e+03
7.560810810810810523e+00 1.354020084480019250e+03
7.569069069069068512e+00 1.354584674170441758e+03
7.577327327327326500e+00 1.355146174799248229e+03
7.585585585585585378e+00 1.355704570131039645e+03
7.593843843843843366e+00 1.356259843985562384e+03
7.602102102102101355e+00 1.356811980258580888e+03
7.610360360360360232e+00 1.357360962900442701e+03
7.618618618618618221e+00 1.357906775936486838e+03
7.626876876876876210e+00 1.358449403460583198e+03
7.635135135135135087e+00 1.358988829631742647e+03
7.643393393393393076e+00 1.359525038674133384e+03
7.651651651651651065e+00 1.360058014900823991e+03
7.659909909909909054e+00 1.360587742672239074e+03
7.668168168168167931e+00 1.361114206437135863e+03
7.676426426426425920e+00 1.361637390710656064e+03
7.684684684684683909e+00 1.362157280092770179e+03
7.692942942942942786e+00 1.362673859242478784e+03
7.701201201201200774e+00 1.363187112904884998e+03
7.709459459459458763e+00 1.363697025900305334e+03
7.717717717717717640e+00 1.364203583127140291e+03
7.725975975975975629e+00 1.364706769560427347e+03
7.734234234234233618e+00 1.365206570256015993e+03
7.742492492492491607e+00 1.365702970352657758e+03
7.750750750750750484e+00 1.366195955068489866e+03
7.759009009009008473e+00 1.366685509698279702e+03
7.767267267267266462e+00 1.367171619629017187e+03
7.775525525525525339e+00 1.367654270322615275e+03
7.783783783783783328e+00 1.368133447339713712e+03
7.792042042042041317e+00 1.368609136304691447e+03
7.800300300300300194e+00 1.369081322950631829e+03
7.808558558558558182e+00 1.369549993082481478e+03
7.816816816816816171e+00 1.370015132598422042e+03
7.825075075075075048e+00 1.370476727490171470e+03
7.833333333333333037e+00 1.370934763832327690e+03
7.841591591591591026e+00 1.371389227791319172e+03
7.849849849849849015e+00 1.371840105629996742e+03
7.858108108108107892e+00 1.372287383695206472e+03
7.866366366366365881e+00 1.372731048431694717e+03
7.874624624624623870e+00 1.373171086381195437e+03
7.882882882882882747e+00 1.373607484172019440e+03
7.891141141141140736e+00 1.374040228533530581e+03
7.899399399399398725e+00 1.374469306295615525e+03
7.907657657657657602e+00 1.374894704373430386e+03
7.915915915915915591e+00 1.375316409784993084e+03
7.924174174174173579e+00 1.375734409649277268e+03
7.932432432432431568e+00 1.376148691186612496e+03
7.940690690690690445e+00 1.376559241711683626e+03
7.948948948948948434e+00 1.376966048641809493e+03
7.957207207207206423e+00 1.377369099497985871e+03
7.965465465465465300e+00 1.377768381899574933e+03
7.973723723723723289e+00 1.378163883577556817e+03
7.981981981981981278e+00 1.378555592351967334e+03
7.990240240240240155e+00 1.378943496159145525e+03
7.998498498498498144e+00 1.379327583046029304e+03
8.006756756756756133e+00 1.379707841147189811e+03
8.015015015015013233e+00 1.380084258721047036e+03
8.023273273273272110e+00 1.380456824120351939e+03
8.031531531531530987e+00 1.380825525821903057e+03
8.039789789789789864e+00 1.381190352392642581e+03
8.048048048048048742e+00 1.381551292518739274e+03
8.056306306306305842e+00 1.381908335004124865e+03
8.064564564564562943e+00 1.382261468745048887e+03
8.072822822822821820e+00 1.382610682774863790e+03
8.081081081081080697e+00 1.382955966212972726e+03
8.089339339339339574e+00 1.383297308303608133e+03
8.097597597597598451e+00 1.383634698410901365e+03
8.105855855855855552e+00 1.383968126004045644e+03
8.114114114114112652e+00 1.384297580668148612e+03
8.122372372372371530e+00 1.384623052104635462e+03
8.130630630630630407e+00 1.384944530133191620e+03
8.138888888888889284e+00 1.385262004696066015e+03
8.147147147147146384e+00 1.385575465835807336e+03
8.155405405405405261e+00 1.385884903725842605e+03
8.163663663663662362e+00 1.386190308661162135e+03
8.171921921921921239e+00 1.386491671051577441e+03
8.180180180180180116e+00 1.386788981416784054e+03
8.188438438438438993e+00 1.387082230412117497e+03
8.196696696696696094e+00 1.387371408804416433e+03
8.204954954954953195e+00 1.387656507493967865e+03
8.213213213213212072e+00 1.387937517482008161e+03
8.221471471471470949e+00 1.388214429920249586e+03
8.229729729729729826e+00 1.388487236051295440e+03
8.237987987987988703e+00 1.388755927274134137e+03
8.246246246246245803e+00 1.389020495085212588e+03
8.254504504504502904e+00 1.389280931130831050e+03
8.262762762762761781e+00 1.389537227156413110e+03
8.271021021021020658e+00 1.389789375055076334e+03
8.279279279279279535e+00 1.390037366833014630e+03
8.287537537537536636e+00 1.390281194627450077e+03
8.295795795795795513e+00 1.390520850705706152e+03
8.304054054054052614e+00 1.390756327460189141e+03
8.312312312312311491e+00 1.390987617412791224e+03
8.320570570570570368e+00 1.391214713209271622e+03
8.328828828828829245e+00 1.391437607635143650e+03
8.337087087087086346e+00 1.391656293594171984e+03
8.345345345345345223e+00 1.391870764131097076e+03
8.353603603603602323e+00 1.392081012411420033e+03
8.361861861861861200e+00 1.392287031733501863e+03
8.370120120120120077e+00 1.392488815538948757e+03
8.378378378378378954e+00 1.392686357383455061e+03
8.386636636636636055e+00 1.392879650968484839e+03
8.394894894894893156e+00 1.393068690117643428e+03
8.403153153153152033e+00 1.393253468800142173e+03
8.411411411411410910e+00 1.393433981108260468e+03
8.419669669669669787e+00 1.393610221269256044e+03
8.427927927927928664e+00 1.393782183648768068e+03
8.436186186186185765e+00 1.393949862742040978e+03
8.444444444444442865e+00 1.394113253188794033e+03
8.452702702702701743e+00 1.394272349750826379e+03
8.460960960960960620e+00 1.394427147335329664e+03
8.469219219219219497e+00 1.394577640978340924e+03
8.477477477477476597e+00 1.394723825859044155e+03
8.485735735735735474e+00 1.394865697286305476e+03
8.493993993993992575e+00 1.395003250713663419e+03
8.502252252252251452e+00 1.395136481721834571e+03
8.510510510510510329e+00 1.395265386037651297e+03
8.518768768768767430e+00 1.395389959520103957e+03
8.527027027027026307e+00 1.395510198169899923e+03
8.535285285285285184e+00 1.395626098124311056e+03
8.543543543543542285e+00 1.395737655654176251e+03
8.551801801801801162e+00 1.395844867175198715e+03
8.560060060060060039e+00 1.395947729241139086e+03
8.568318318318317139e+00 1.396046238544841117e+03
8.576576576576576016e+00 1.396140391914942938e+03
8.584834834834834894e+00 1.396230186322346981e+03
8.593093093093091994e+00 1.396315618877285942e+03
8.601351351351350871e+00 1.396396686825208690e+03
8.609609609609609748e+00 1.396473387562692324e+03
8.617867867867866849e+00 1.396545718620225443e+03
8.626126126126125726e+00 1.396613677661048541e+03
8.634384384384384603e+00 1.396677262499128346e+03
8.642642642642641704e+00 1.396736471087669088e+03
8.650900900900900581e+00 1.396791301515978830e+03
8.659159159159159458e+00 1.396841752018853867e+03
8.667417417417416559e+00 1.396887820968148844e+03
8.675675675675675436e+00 1.396929506878820348e+03
8.683933933933934313e+00 1.396966808406050632e+03
8.692192192192191413e+00 1.396999724355421449e+03
8.700450450450450290e+00 1.397028253656253128e+03
8.708708708708707391e+00 1.397052395390212723e+03
8.716966966966966268e+00 1.397072148780251837e+03
8.725225225225225145e+00 1.397087513190866957e+03
8.733483483483482246e+00 1.397098488121872151e+03
8.741741741741741123e+00 1.397105073220750228e+03
8.750000000000000000e+00 1.397107268278067295e+03
