5.000000000000000000e-01 8.658854666012295809e+00
5.132632632632632141e-01 8.698945289096570832e+00
5.265265265265265393e-01 8.739171189130466644e+00
5.397897897897897534e-01 8.779532580108270423e+00
5.530530530530530786e-01 8.820029675167585737e+00
5.663163163163162928e-01 8.860662686582214675e+00
5.795795795795796179e-01 8.901431825755025784e+00
5.928428428428428321e-01 8.942337303211036925e+00
6.061061061061061572e-01 8.983379328590242352e+00
6.193693693693693714e-01 9.024558110640477082e+00
6.326326326326325855e-01 9.065873857210446474e+00
6.458958958958959107e-01 9.107326775242530204e+00
6.591591591591591248e-01 9.148917070765676840e+00
6.724224224224224500e-01 9.190644948888282428e+00
6.856856856856856641e-01 9.232510613791079734e+00
6.989489489489488783e-01 9.274514268719919130e+00
7.122122122122122034e-01 9.316656115978705799e+00
7.254754754754755286e-01 9.358936356922182398e+00
7.387387387387387427e-01 9.401355191948745471e+00
7.520020020020019569e-01 9.443912820493320481e+00
7.652652652652652820e-01 9.486609441020123157e+00
7.785285285285284962e-01 9.529445251015456364e+00
7.917917917917918214e-01 9.572420446980538955e+00
8.050550550550550355e-01 9.615535224424315075e+00
8.183183183183182496e-01 9.658789777856137349e+00
8.315815815815815748e-01 9.702184300778622372e+00
8.448448448448449000e-01 9.745718985680396074e+00
8.581081081081081141e-01 9.789394024028856833e+00
8.713713713713713283e-01 9.833209606262867553e+00
8.846346346346345424e-01 9.877165921785548974e+00
8.978978978978978676e-01 9.921263158957051687e+00
9.111611611611611927e-01 9.965501505087180689e+00
9.244244244244244069e-01 1.000988114642821714e+01
9.376876876876876210e-01 1.005440226816757132e+01
9.509509509509509462e-01 1.009906505442048896e+01
9.642142142142142713e-01 1.014386968822282142e+01
9.774774774774774855e-01 1.018881635152366094e+01
9.907407407407406996e-01 1.023390522517803802e+01
1.004004004004003914e+00 1.027913648893960818e+01
1.017267267267267350e+00 1.032451032145339198e+01
1.030530530530530564e+00 1.037002690024831431e+01
1.043793793793793778e+00 1.041568640173002080e+01
1.057057057057056992e+00 1.046148900117348113e+01
1.070320320320320207e+00 1.050743487271558863e+01
1.083583583583583643e+00 1.055352418934792169e+01
1.096846846846846857e+00 1.059975712290933814e+01
1.110110110110110071e+00 1.064613384407859975e+01
1.123373373373373507e+00 1.069265452236706615e+01
1.136636636636636499e+00 1.073931932611130513e+01
1.149899899899899935e+00 1.078612842246570125e+01
1.163163163163163150e+00 1.083308197739513723e+01
1.176426426426426364e+00 1.088018015566761498e+01
1.189689689689689800e+00 1.092742312084680378e+01
1.202952952952952792e+00 1.097481103528475010e+01
1.216216216216216228e+00 1.102234406011447199e+01
1.229479479479479442e+00 1.107002235524251965e+01
1.242742742742742657e+00 1.111784607934165159e+01
1.256006006006006093e+00 1.116581538984343425e+01
1.269269269269269085e+00 1.121393044293079377e+01
1.282532532532532521e+00 1.126219139353068499e+01
1.295795795795795735e+00 1.131059839530669819e+01
1.309059059059058949e+00 1.135915160065153628e+01
1.322322322322322385e+00 1.140785116067979743e+01
1.335585585585585600e+00 1.145669722522045397e+01
1.348848848848848814e+00 1.150568994280944324e+01
1.362112112112112028e+00 1.155482946068233296e+01
1.375375375375375242e+00 1.160411592476688192e+01
1.388638638638638678e+00 1.165354947967557386e+01
1.401901901901901892e+00 1.170313026869832385e+01
1.415165165165165106e+00 1.175285843379496420e+01
1.428428428428428543e+00 1.180273411558792596e+01
1.441691691691691535e+00 1.185275745335476572e+01
1.454954954954954971e+00 1.190292858502076534e+01
1.468218218218218185e+00 1.195324764715154053e+01
1.481481481481481399e+00 1.200371477494565475e+01
1.494744744744744835e+00 1.205433010222717449e+01
1.508008008008008050e+00 1.210509376143830806e+01
1.521271271271271264e+00 1.215600588363189516e+01
1.534534534534534478e+00 1.220706659846414333e+01
1.547797797797797692e+00 1.225827603418717793e+01
1.561061061061061128e+00 1.230963431764156013e+01
1.574324324324324342e+00 1.236114157424901272e+01
1.587587587587587556e+00 1.241279792800495052e+01
1.600850850850850771e+00 1.246460350147107121e+01
1.614114114114113985e+00 1.251655841576804384e+01
1.627377377377377421e+00 1.256866279056806590e+01
1.640640640640640635e+00 1.262091674408742392e+01
1.653903903903903849e+00 1.267332039307923353e+01
1.667167167167167063e+00 1.272587385282598049e+01
1.680430430430430278e+00 1.277857723713211868e+01
1.693693693693693714e+00 1.283143065831677276e+01
1.706956956956956928e+00 1.288443422720635390e+01
1.720220220220220142e+00 1.293758805312708127e+01
1.733483483483483356e+00 1.299089224389780206e+01
1.746746746746746792e+00 1.304434690582253431e+01
1.760010010010010006e+00 1.309795214368304883e+01
1.773273273273273221e+00 1.315170806073167498e+01
1.786536536536536435e+00 1.320561475868386303e+01
1.799799799799799649e+00 1.325967233771081766e+01
1.813063063063063085e+00 1.331388089643226280e+01
1.826326326326326299e+00 1.336824053190906270e+01
1.839589589589589513e+00 1.342275133963582157e+01
1.852852852852852727e+00 1.347741341353375155e+01
1.866116116116116164e+00 1.353222684594321201e+01
1.879379379379379378e+00 1.358719172761642646e+01
1.892642642642642592e+00 1.364230814771025990e+01
1.905905905905905806e+00 1.369757619377888247e+01
1.919169169169169020e+00 1.375299595176642775e+01
1.932432432432432456e+00 1.380856750599986249e+01
1.945695695695695671e+00 1.386429093918157562e+01
1.958958958958958885e+00 1.392016633238219292e+01
1.972222222222222099e+00 1.397619376503328503e+01
1.985485485485485313e+00 1.403237331492021056e+01
1.998748748748748749e+00 1.408870505817476371e+01
2.012012012012012185e+00 1.414518906926797470e+01
2.025275275275275177e+00 1.420182542100297418e+01
2.038538538538538170e+00 1.425861418450767992e+01
2.051801801801802050e+00 1.431555542922762925e+01
2.065065065065065042e+00 1.437264922291883451e+01
2.078328328328328034e+00 1.442989563164054978e+01
2.091591591591591470e+00 1.448729471974805705e+01
2.104854854854854906e+00 1.454484654988562475e+01
2.118118118118117899e+00 1.460255118297921584e+01
2.131381381381381335e+00 1.466040867822946758e+01
2.144644644644644771e+00 1.471841909310447960e+01
2.157907907907907763e+00 1.477658248333273328e+01
2.171171171171171199e+00 1.483489890289590996e+01
2.184434434434434635e+00 1.489336840402192763e+01
2.197697697697697627e+00 1.495199103717767919e+01
2.210960960960960620e+00 1.501076685106212238e+01
2.224224224224224056e+00 1.506969589259909803e+01
2.237487487487487492e+00 1.512877820693035424e+01
2.250750750750750484e+00 1.518801383740841260e+01
2.264014014014013920e+00 1.524740282558964211e+01
2.277277277277277356e+00 1.530694521122720175e+01
2.290540540540540349e+00 1.536664103226398126e+01
2.303803803803803785e+00 1.542649032482573190e+01
2.317067067067067221e+00 1.548649312321399485e+01
2.330330330330330213e+00 1.554664945989913782e+01
2.343593593593593205e+00 1.560695936551346819e+01
2.356856856856857085e+00 1.566742286884427493e+01
2.370120120120120077e+00 1.572803999682686360e+01
2.383383383383383070e+00 1.578881077453769599e+01
2.396646646646646506e+00 1.584973522518749434e+01
2.409909909909909942e+00 1.591081337011433305e+01
2.423173173173172934e+00 1.597204522877684241e+01
2.436436436436436370e+00 1.603343081874729137e+01
2.449699699699699806e+00 1.609497015570474687e+01
2.462962962962962798e+00 1.615666325342835208e+01
2.476226226226226235e+00 1.621851012379049095e+01
2.489489489489489671e+00 1.628051077674988534e+01
2.502752752752752663e+00 1.634266522034501179e+01
2.516016016016016099e+00 1.640497346068726614e+01
2.529279279279279091e+00 1.646743550195416361e+01
2.542542542542542527e+00 1.653005134638277340e+01
2.555805805805805520e+00 1.659282099426285484e+01
2.569069069069068956e+00 1.665574444393034526e+01
2.582332332332332392e+00 1.671882169176053168e+01
2.595595595595595384e+00 1.678205273216152094e+01
2.608858858858858820e+00 1.684543755756756056e+01
2.622122122122122256e+00 1.690897615843244139e+01
2.635385385385385248e+00 1.697266852322293218e+01
2.648648648648648685e+00 1.703651463841216440e+01
2.661911911911911677e+00 1.710051448847307753e+01
2.675175175175175113e+00 1.716466805587194600e+01
2.688438438438438549e+00 1.722897532106179597e+01
2.701701701701701541e+00 1.729343626247597854e+01
2.714964964964964977e+00 1.735805085652161850e+01
2.728228228228227970e+00 1.742281907757325499e+01
2.741491491491491406e+00 1.748774089796629738e+01
2.754754754754754842e+00 1.755281628799072635e+01
2.768018018018017834e+00 1.761804521588459238e+01
2.781281281281281270e+00 1.768342764782773813e+01
2.794544544544544262e+00 1.774896354793541420e+01
2.807807807807807698e+00 1.781465287825194821e+01
2.821071071071071135e+00 1.788049559874441385e+01
2.834334334334334127e+00 1.794649166729640299e+01
2.847597597597597563e+00 1.801264103970175157e+01
2.860860860860860555e+00 1.807894366965820865e+01
2.874124124124123991e+00 1.814539950876138619e+01
2.887387387387387427e+00 1.821200850649847780e+01
2.900650650650650419e+00 1.827877061024198824e+01
2.913913913913913856e+00 1.834568576524379324e+01
2.927177177177177292e+00 1.841275391462887256e+01
2.940440440440440284e+00 1.847997499938921351e+01
2.953703703703703720e+00 1.854734895837786368e+01
2.966966966966966712e+00 1.861487572830273152e+01
2.980230230230230148e+00 1.868255524372058574e+01
2.993493493493493585e+00 1.875038743703115429e+01
3.006756756756756577e+00 1.881837223847108120e+01
3.020020020020020013e+00 1.888650957610792247e+01
3.033283283283283005e+00 1.895479937583431962e+01
3.046546546546546441e+00 1.902324156136207378e+01
3.059809809809809877e+00 1.909183605421618068e+01
3.073073073073072869e+00 1.916058277372912855e+01
3.086336336336336306e+00 1.922948163703502544e+01
3.099599599599599298e+00 1.929853255906370890e+01
3.112862862862862734e+00 1.936773545253509354e+01
3.126126126126126170e+00 1.943709022795345120e+01
3.139389389389389162e+00 1.950659679360153120e+01
3.152652652652652598e+00 1.957625505553506784e+01
3.165915915915915591e+00 1.964606491757706053e+01
3.179179179179179027e+00 1.971602628131204327e+01
3.192442442442442463e+00 1.978613904608061702e+01
3.205705705705705455e+00 1.985640310897381866e+01
3.218968968968968891e+00 1.992681836482761071e+01
3.232232232232232327e+00 1.999738470621728936e+01
3.245495495495495319e+00 2.006810202345210215e+01
3.258758758758758756e+00 2.013897020456967724e+01
3.272022022022021748e+00 2.020998913533070507e+01
3.285285285285285184e+00 2.028115869921350267e+01
3.298548548548548620e+00 2.035247877740864197e+01
3.311811811811811612e+00 2.042394924881355323e+01
3.325075075075075048e+00 2.049556999002735225e+01
3.338338338338338041e+00 2.056734087534542610e+01
3.351601601601601477e+00 2.063926177675429940e+01
3.364864864864864913e+00 2.071133256392635857e+01
3.378128128128127905e+00 2.078355310421471813e+01
3.391391391391391341e+00 2.085592326264796625e+01
3.404654654654654333e+00 2.092844290192518386e+01
3.417917917917917769e+00 2.100111188241082161e+01
3.431181181181181206e+00 2.107393006212951292e+01
3.444444444444444198e+00 2.114689729676126007e+01
3.457707707707707634e+00 2.122001343963635733e+01
3.470970970970970626e+00 2.129327834173032841e+01
3.484234234234234062e+00 2.136669185165919771e+01
3.497497497497497498e+00 2.144025381567449173e+01
3.510760760760760490e+00 2.151396407765834695e+01
3.524024024024023927e+00 2.158782247911880248e+01
3.537287287287287363e+00 2.166182885918496126e+01
3.550550550550550355e+00 2.173598305460215485e+01
3.563813813813813791e+00 2.181028489972738527e+01
3.577077077077076783e+00 2.188473422652459632e+01
3.590340340340340219e+00 2.195933086455981709e+01
3.603603603603603656e+00 2.203407464099690571e+01
3.616866866866866648e+00 2.210896538059275684e+01
3.630130130130130084e+00 2.218400290569269728e+01
3.643393393393393076e+00 2.225918703622616945e+01
3.656656656656656512e+00 2.233451758970220524e+01
3.669919919919919948e+00 2.240999438120483944e+01
3.683183183183182940e+00 2.248561722338894242e+01
3.696446446446446377e+00 2.256138592647576502e+01
3.709709709709709369e+00 2.263730029824850831e+01
3.722972972972972805e+00 2.271336014404822379e+01
3.736236236236236241e+00 2.278956526676947902e+01
3.749499499499499233e+00 2.286591546685611931e+01
3.762762762762762669e+00 2.294241054229714294e+01
3.776026026026026106e+00 2.301905028862259073e+01
3.789289289289289098e+00 2.309583449889934315e+01
3.802552552552552534e+00 2.317276296372719102e+01
3.815815815815815526e+00 2.324983547123481387e+01
3.829079079079078962e+00 2.332705180707561610e+01
3.842342342342342398e+00 2.340441175442404642e+01
3.855605605605605390e+00 2.348191509397151222e+01
3.868868868868868827e+00 2.355956160392267762e+01
3.882132132132131819e+00 2.363735105999142405e+01
3.895395395395395255e+00 2.371528323539730820e+01
3.908658658658658691e+00 2.379335790086160785e+01
3.921921921921921683e+00 2.387157482460382596e+01
3.935185185185185119e+00 2.394993377233790000e+01
3.948448448448448111e+00 2.402843450726866337e+01
3.961711711711711548e+00 2.410707679008812931e+01
3.974974974974974984e+00 2.418586037897215135e+01
3.988238238238237976e+00 2.426478502957675332e+01
4.001501501501500968e+00 2.434385049503482179e+01
4.014764764764764848e+00 2.442305652595264220e+01
4.028028028028027840e+00 2.450240287040649889e+01
4.041291291291290833e+00 2.458188927393932133e+01
4.054554554554554713e+00 2.466151547955760392e+01
4.067817817817817705e+00 2.474128122772786753e+01
4.081081081081080697e+00 2.482118625637368581e+01
4.094344344344344577e+00 2.490123030087249845e+01
4.107607607607607569e+00 2.498141309405247412e+01
4.120870870870870561e+00 2.506173436618931305e+01
4.134134134134134442e+00 2.514219384500352206e+01
4.147397397397397434e+00 2.522279125565714963e+01
4.160660660660660426e+00 2.530352632075103969e+01
4.173923923923924306e+00 2.538439876032184017e+01
4.187187187187186410e+00 2.546540829183922128e+01
4.200450450450450290e+00 2.554655463020305817e+01
4.213713713713714171e+00 2.562783748774064563e+01
4.226976976976976275e+00 2.570925657420398736e+01
4.240240240240240155e+00 2.579081159676721668e+01
4.253503503503503147e+00 2.587250226002392495e+01
4.266766766766766139e+00 2.595432826598452536e+01
4.280030030030030019e+00 2.603628931407389402e+01
4.293293293293293011e+00 2.611838510112864498e+01
4.306556556556556004e+00 2.620061532139501637e+01
4.319819819819819884e+00 2.628297966652613127e+01
4.333083083083082876e+00 2.636547782557996911e+01
4.346346346346345868e+00 2.644810948501688586e+01
4.359609609609609748e+00 2.653087432869746820e+01
4.372872872872872740e+00 2.661377203788022783e+01
4.386136136136135732e+00 2.669680229121955861e+01
4.399399399399399613e+00 2.677996476476359788e+01
4.412662662662662605e+00 2.686325913195213744e+01
4.425925925925925597e+00 2.694668506361470861e+01
4.439189189189189477e+00 2.703024222796855369e+01
4.452452452452452469e+00 2.711393029061664350e+01
4.465715715715715461e+00 2.719774891454606802e+01
4.478978978978979342e+00 2.728169776012587988e+01
4.492242242242241446e+00 2.736577648510562710e+01
4.505505505505505326e+00 2.744998474461355897e+01
4.518768768768768318e+00 2.753432219115486390e+01
4.532032032032032198e+00 2.761878847461010977e+01
4.545295295295295190e+00 2.770338324223380155e+01
4.558558558558558182e+00 2.778810613865264045e+01
4.571821821821822063e+00 2.787295680586424851e+01
4.585085085085085055e+00 2.795793488323574039e+01
4.598348348348348047e+00 2.804304000750222059e+01
4.611611611611611039e+00 2.812827181276560040e+01
4.624874874874874919e+00 2.821362993049334378e+01
4.638138138138137911e+00 2.829911398951713863e+01
4.651401401401400904e+00 2.838472361603184524e+01
4.664664664664664784e+00 2.847045843359441264e+01
4.677927927927927776e+00 2.855631806312273113e+01
4.691191191191190768e+00 2.864230212289463751e+01
4.704454454454454648e+00 2.872841022854705528e+01
4.717717717717717640e+00 2.881464199307499996e+01
4.730980980980980632e+00 2.890099702683075478e+01
4.744244244244244513e+00 2.898747493752313531e+01
4.757507507507507505e+00 2.907407533021670432e+01
4.770770770770770497e+00 2.916079780733100435e+01
4.784034034034033489e+00 2.924764196864007459e+01
4.797297297297297369e+00 2.933460741127179006e+01
4.810560560560560361e+00 2.942169372970721852e+01
4.823823823823823354e+00 2.950890051578040385e+01
4.837087087087087234e+00 2.959622735867777621e+01
4.850350350350350226e+00 2.968367384493767602e+01
4.863613613613613218e+00 2.977123955845030068e+01
4.876876876876877098e+00 2.985892408045729240e+01
4.890140140140140090e+00 2.994672698955142565e+01
4.903403403403403082e+00 3.003464786167674561e+01
4.916666666666666075e+00 3.012268627012817745e+01
4.929929929929929955e+00 3.021084178555169686e+01
4.943193193193192947e+00 3.029911397594415234e+01
4.956456456456455939e+00 3.038750240665349622e+01
4.969719719719719819e+00 3.047600664037878815e+01
4.982982982982982811e+00 3.056462623717047578e+01
4.996246246246245803e+00 3.065336075443054398e+01
5.009509509509509684e+00 3.074220974691284169e+01
5.022772772772772676e+00 3.083117276672337326e+01
5.036036036036035668e+00 3.092024936332078155e+01
5.049299299299299548e+00 3.100943908351672462e+01
5.062562562562562540e+00 3.109874147147642276e+01
5.075825825825825532e+00 3.118815606871925894e+01
5.089089089089088525e+00 3.127768241411935080e+01
5.102352352352352405e+00 3.136732004390616169e+01
5.115615615615615397e+00 3.145706849166545283e+01
5.128878878878878389e+00 3.154692728833982329e+01
5.142142142142142269e+00 3.163689596222973321e+01
5.155405405405405261e+00 3.172697403899435642e+01
5.168668668668668253e+00 3.181716104165258585e+01
5.181931931931932134e+00 3.190745649058388622e+01
5.195195195195195126e+00 3.199785990352961562e+01
5.208458458458458118e+00 3.208837079559395988e+01
5.221721721721721110e+00 3.217898867924527906e+01
5.234984984984984990e+00 3.226971306431728692e+01
5.248248248248247982e+00 3.236054345801030507e+01
5.261511511511510975e+00 3.245147936489270535e+01
5.274774774774774855e+00 3.254252028690238063e+01
5.288038038038037847e+00 3.263366572334805227e+01
5.301301301301300839e+00 3.272491517091100377e+01
5.314564564564564719e+00 3.281626812364660140e+01
5.327827827827827711e+00 3.290772407298595681e+01
5.341091091091090703e+00 3.299928250773756133e+01
5.354354354354354584e+00 3.309094291408923993e+01
5.367617617617617576e+00 3.318270477560980680e+01
5.380880880880880568e+00 3.327456757325111170e+01
5.394144144144143560e+00 3.336653078534982342e+01
5.407407407407407440e+00 3.345859388762970354e+01
5.420670670670670432e+00 3.355075635320330463e+01
5.433933933933933424e+00 3.364301765257444998e+01
5.447197197197197305e+00 3.373537725364026585e+01
5.460460460460460297e+00 3.382783462169340538e+01
5.473723723723723289e+00 3.392038921942440766e+01
5.486986986986987169e+00 3.401304050692413483e+01
5.500250250250250161e+00 3.410578794168598193e+01
5.513513513513513153e+00 3.419863097860868351e+01
5.526776776776776146e+00 3.429156906999855892e+01
5.540040040040040026e+00 3.438460166557229769e+01
5.553303303303303018e+00 3.447772821245958852e+01
5.566566566566566010e+00 3.457094815520581932e+01
5.579829829829829890e+00 3.466426093577498335e+01
5.593093093093092882e+00 3.475766599355223718e+01
5.606356356356355874e+00 3.485116276534726865e+01
5.619619619619619755e+00 3.494475068539679086e+01
5.632882882882882747e+00 3.503842918536794571e+01
5.646146146146145739e+00 3.513219769436116025e+01
5.659409409409409619e+00 3.522605563891344360e+01
5.672672672672672611e+00 3.532000244300152758e+01
5.685935935935935603e+00 3.541403752804513516e+01
5.699199199199198596e+00 3.550816031291032715e+01
5.712462462462462476e+00 3.560237021391303358e+01
5.725725725725725468e+00 3.569666664482222984e+01
5.738988988988988460e+00 3.579104901686381623e+01
5.752252252252252340e+00 3.588551673872379411e+01
5.765515515515515332e+00 3.598006921655230173e+01
5.778778778778778324e+00 3.607470585396701068e+01
5.792042042042042205e+00 3.616942605205706940e+01
5.805305305305305197e+00 3.626422920938694716e+01
5.818568568568568189e+00 3.635911472200017158e+01
5.831831831831831181e+00 3.645408198342336448e+01
5.845095095095095061e+00 3.654913038467033459e+01
5.858358358358358053e+00 3.664425931424592875e+01
5.871621621621621046e+00 3.673946815815049405e+01
5.884884884884884926e+00 3.683475629988375033e+01
5.898148148148147918e+00 3.693012312044935186e+01
5.911411411411410910e+00 3.702556799835880952e+01
5.924674674674674790e+00 3.712109030963635092e+01
5.937937937937937782e+00 3.721668942782299894e+01
5.951201201201200774e+00 3.731236472398128257e+01
5.964464464464464655e+00 3.740811556669967786e+01
5.977727727727727647e+00 3.750394132209742537e+01
5.990990990990990639e+00 3.759984135382889292e+01
6.004254254254253631e+00 3.769581502308871279e+01
6.017517517517517511e+00 3.779186168861638606e+01
6.030780780780780503e+00 3.788798070670114271e+01
6.044044044044043495e+00 3.798417143118702910e+01
6.057307307307307376e+00 3.808043321347784627e+01
6.070570570570570368e+00 3.817676540254204554e+01
6.083833833833833360e+00 3.827316734491817840e+01
6.097097097097097240e+00 3.836963838471991295e+01
6.110360360360360232e+00 3.846617786364122793e+01
6.123623623623623224e+00 3.856278512096184130e+01
6.136886886886886217e+00 3.865945949355260325e+01
6.150150150150150097e+00 3.875620031588086079e+01
6.163413413413413089e+00 3.885300692001592182e+01
6.176676676676676081e+00 3.894987863563485320e+01
6.189939939939939961e+00 3.904681479002775291e+01
6.203203203203202953e+00 3.914381470810381103e+01
6.216466466466465945e+00 3.924087771239681643e+01
6.229729729729729826e+00 3.933800312307112534e+01
6.242992992992992818e+00 3.943519025792734567e+01
6.256256256256255810e+00 3.953243843240851163e+01
6.269519519519519690e+00 3.962974695960588178e+01
6.282782782782782682e+00 3.972711515026520601e+01
6.296046046046045674e+00 3.982454231279268697e+01
6.309309309309308667e+00 3.992202775326132524e+01
6.322572572572572547e+00 4.001957077541695895e+01
6.335835835835835539e+00 4.011717068068477232e+01
6.349099099099098531e+00 4.021482676817564794e+01
6.362362362362362411e+00 4.031253833469254033e+01
6.375625625625625403e+00 4.041030467473696319e+01
6.388888888888888395e+00 4.050812508051575378e+01
6.402152152152152276e+00 4.060599884194732567e+01
6.415415415415415268e+00 4.070392524666883816e+01
6.428678678678678260e+00 4.080190358004247742e+01
6.441941941941941252e+00 4.089993312516265433e+01
6.455205205205205132e+00 4.099801316286265518e+01
6.468468468468468124e+00 4.109614297172168307e+01
6.481731731731731116e+00 4.119432182807176446e+01
6.494994994994994997e+00 4.129254900600495404e+01
6.508258258258257989e+00 4.139082377738029095e+01
6.521521521521520981e+00 4.148914541183114579e+01
6.534784784784784861e+00 4.158751317677241843e+01
6.548048048048047853e+00 4.168592633740784947e+01
6.561311311311310845e+00 4.178438415673723938e+01
6.574574574574574726e+00 4.188288589556427155e+01
6.587837837837837718e+00 4.198143081250348985e+01
6.601101101101100710e+00 4.208001816398837747e+01
6.614364364364363702e+00 4.217864720427856895e+01
6.627627627627627582e+00 4.227731718546786510e+01
6.640890890890890574e+00 4.237602735749162264e+01
6.654154154154153566e+00 4.247477696813492543e+01
6.667417417417417447e+00 4.257356526304017308e+01
6.680680680680680439e+00 4.267239148571515273e+01
6.693943943943943431e+00 4.277125487754103261e+01
6.707207207207207311e+00 4.287015467778034150e+01
6.720470470470470303e+00 4.296909012358507596e+01
6.733733733733733295e+00 4.306806045000496397e+01
6.746996996996997176e+00 4.316706488999575697e+01
6.760260260260260168e+00 4.326610267442718794e+01
6.773523523523523160e+00 4.336517303209178209e+01
6.786786786786786152e+00 4.346427518971294290e+01
6.800050050050050032e+00 4.356340837195362781e+01
6.813313313313313024e+00 4.366257180142470418e+01
6.826576576576576016e+00 4.376176469869378849e+01
6.839839839839839897e+00 4.386098628229361651e+01
6.853103103103102889e+00 4.396023576873104588e+01
6.866366366366365881e+00 4.405951237249571051e+01
6.879629629629629761e+00 4.415881530606880290e+01
6.892892892892892753e+00 4.425814377993209803e+01
6.906156156156155745e+00 4.435749700257683514e+01
6.919419419419418738e+00 4.445687418051276296e+01
6.932682682682682618e+00 4.455627451827725594e+01
6.945945945945945610e+00 4.465569721844437368e+01
6.959209209209208602e+00 4.475514148163422590e+01
6.972472472472472482e+00 4.485460650652197501e+01
6.985735735735735474e+00 4.495409148984744263e+01
6.998998998998998466e+00 4.505359562642428983e+01
7.012262262262262347e+00 4.515311810914950996e+01
7.025525525525525339e+00 4.525265812901301388e+01
7.038788788788788331e+00 4.535221487510710148e+01
7.052052052052052211e+00 4.545178753463598298e+01
7.065315315315315203e+00 4.555137529292576204e+01
7.078578578578578195e+00 4.565097733343378650e+01
7.091841841841841187e+00 4.575059283775870966e+01
7.105105105105105068e+00 4.585022098565035265e+01
7.118368368368368060e+00 4.594986095501944590e+01
7.131631631631631052e+00 4.604951192194756970e+01
7.144894894894894932e+00 4.614917306069753522e+01
7.158158158158157924e+00 4.624884354372299811e+01
7.171421421421420916e+00 4.634852254167898167e+01
7.184684684684684797e+00 4.644820922343183867e+01
7.197947947947947789e+00 4.654790275606964656e+01
7.211211211211210781e+00 4.664760230491243931e+01
7.224474474474473773e+00 4.674730703352260264e+01
7.237737737737737653e+00 4.684701610371538294e+01
7.251001001001000645e+00 4.694672867556917595e+01
7.264264264264263637e+00 4.704644390743631988e+01
7.277527527527527518e+00 4.714616095595350487e+01
7.290790790790790510e+00 4.724587897605255904e+01
7.304054054054053502e+00 4.734559712097103557e+01
7.317317317317317382e+00 4.744531454226307687e+01
7.330580580580580374e+00 4.754503038981022911e+01
7.343843843843843366e+00 4.764474381183230633e+01
7.357107107107107247e+00 4.774445395489830446e+01
7.370370370370370239e+00 4.784415996393738624e+01
7.383633633633633231e+00 4.794386098225008652e+01
7.396896896896896223e+00 4.804355615151916936e+01
7.410160160160160103e+00 4.814324461182093984e+01
7.423423423423423095e+00 4.824292550163642801e+01
7.436686686686686087e+00 4.834259795786269365e+01
7.449949949949949968e+00 4.844226111582413097e+01
7.463213213213212960e+00 4.854191410928366679e+01
7.476476476476475952e+00 4.864155607045461949e+01
7.489739739739739832e+00 4.874118613001160583e+01
7.503003003003002824e+00 4.884080341710262729e+01
7.516266266266265816e+00 4.894040705936036773e+01
7.529529529529528808e+00 4.903999618291393148e+01
7.542792792792792689e+00 4.913956991240038974e+01
7.556056056056055681e+00 4.923912737097684555e+01
7.569319319319318673e+00 4.933866768033187356e+01
7.582582582582582553e+00 4.943818996069767024e+01
7.595845845845845545e+00 4.953769333086187743e+01
7.609109109109108537e+00 4.963717690817946959e+01
7.622372372372372418e+00 4.973663980858478340e+01
7.635635635635635410e+00 4.983608114660373900e+01
7.648898898898898402e+00 4.993550003536574877e+01
7.662162162162162282e+00 5.003489558661607362e+01
7.675425425425425274e+00 5.013426691072790931e+01
7.688688688688688266e+00 5.023361311671479967e+01
7.701951951951951258e+00 5.033293331224271583e+01
7.715215215215215139e+00 5.043222660364278198e+01
7.728478478478478131e+00 5.053149209592333335e+01
7.741741741741741123e+00 5.063072889278273436e+01
7.755005005005005003e+00 5.072993609662162129e+01
7.768268268268267995e+00 5.082911280855577019e+01
7.781531531531530987e+00 5.092825812842836797e+01
7.794794794794794868e+00 5.102737115482301533e+01
7.808058058058057860e+00 5.112645098507616837e+01
7.821321321321320852e+00 5.122549671529022675e+01
7.834584584584583844e+00 5.132450744034609613e+01
7.847847847847847724e+00 5.142348225391626215e+01
7.861111111111110716e+00 5.152242024847734569e+01
7.874374374374373708e+00 5.162132051532361032e+01
7.887637637637637589e+00 5.172018214457963126e+01
7.900900900900900581e+00 5.181900422521328409e+01
7.914164164164163573e+00 5.191778584504909588e+01
7.927427427427427453e+00 5.201652609078139733e+01
7.940690690690690445e+00 5.211522404798722619e+01
7.953953953953953437e+00 5.221387880113995550e+01
7.967217217217217318e+00 5.231248943362238180e+01
7.980480480480480310e+00 5.241105502774004776e+01
7.993743743743743302e+00 5.250957466473474256e+01
8.007007007007006294e+00 5.260804742479791685e+01
8.020270270270270174e+00 5.270647238708415472e+01
8.033533533533532278e+00 5.280484862972456028e+01
8.046796796796796158e+00 5.290317522984062037e+01
8.060060060060060039e+00 5.300145126355746328e+01
8.073323323323322143e+00 5.309967580601787773e+01
8.086586586586586023e+00 5.319784793139580614e+01
8.099849849849849903e+00 5.329596671291014331e+01
8.113113113113112007e+00 5.339403122283837888e+01
8.126376376376375887e+00 5.349204053253080815e+01
8.139639639639639768e+00 5.358999371242394716e+01
8.152902902902901872e+00 5.368788983205487142e+01
8.166166166166165752e+00 5.378572796007490808e+01
8.179429429429429632e+00 5.388350716426376152e+01
8.192692692692691736e+00 5.398122651154343998e+01
8.205955955955955616e+00 5.407888506799256589e+01
8.219219219219219497e+00 5.417648189886018173e+01
8.232482482482481601e+00 5.427401606858035166e+01
8.245745745745745481e+00 5.437148664078598870e+01
8.259009009009009361e+00 5.446889267832328585e+01
8.272272272272271465e+00 5.456623324326594116e+01
8.285535535535535345e+00 5.466350739692962435e+01
8.298798798798799226e+00 5.476071419988614508e+01
8.312062062062061329e+00 5.485785271197811142e+01
8.325325325325325210e+00 5.495492199233309805e+01
8.338588588588589090e+00 5.505192109937846823e+01
8.351851851851851194e+00 5.514884909085552067e+01
8.365115115115115074e+00 5.524570502383447490e+01
8.378378378378378954e+00 5.534248795472863947e+01
8.391641641641641058e+00 5.543919693930947545e+01
8.404904904904904939e+00 5.553583103272094945e+01
8.418168168168168819e+00 5.563238928949454021e+01
8.431431431431430923e+00 5.572887076356365554e+01
8.444694694694694803e+00 5.582527450827875981e+01
8.457957957957958683e+00 5.592159957642186185e+01
8.471221221221220787e+00 5.601784502022177747e+01
8.484484484484482891e+00 5.611400989136869555e+01
8.497747747747748548e+00 5.621009324102928417e+01
8.511011011011010652e+00 5.630609411986154100e+01
8.524274274274274532e+00 5.640201157802993492e+01
8.537537537537536636e+00 5.649784466522031323e+01
8.550800800800800516e+00 5.659359243065506462e+01
8.564064064064064397e+00 5.668925392310818978e+01
8.577327327327326500e+00 5.678482819092047862e+01
8.590590590590590381e+00 5.688031428201461637e+01
8.603853853853854261e+00 5.697571124391041764e+01
8.617117117117116365e+00 5.707101812374000360e+01
8.630380380380380245e+00 5.716623396826324210e+01
8.643643643643644126e+00 5.726135782388285378e+01
8.656906906906906229e+00 5.735638873665993742e+01
8.670170170170170110e+00 5.745132575232911165e+01
8.683433433433432214e+00 5.754616791631404027e+01
8.696696696696696094e+00 5.764091427374293630e+01
8.709959959959959974e+00 5.773556386946371788e+01
8.723223223223222078e+00 5.783011574805989596e+01
8.736486486486485958e+00 5.792456895386580129e+01
8.749749749749749839e+00 5.801892253098221630e+01
8.763013013013011943e+00 5.811317552329190050e+01
8.776276276276275823e+00 5.820732697447527215e+01
8.789539539539539703e+00 5.830137592802593360e+01
8.802802802802801807e+00 5.839532142726648800e+01
8.816066066066065687e+00 5.848916251536402910e+01
8.829329329329329568e+00 5.858289823534603613e+01
8.842592592592591672e+00 5.867652763011587780e+01
8.855855855855855552e+00 5.877004974246877822e+01
8.869119119119119432e+00 5.886346361510749858e+01
8.882382382382381536e+00 5.895676829065828883e+01
8.895645645645645416e+00 5.904996281168653383e+01
8.908908908908909297e+00 5.914304622071275475e+01
8.922172172172171400e+00 5.923601756022844711e+01
8.935435435435435281e+00 5.932887587271191876e+01
8.948698698698699161e+00 5.942162020064439787e+01
8.961961961961961265e+00 5.951424958652587094e+01
8.975225225225225145e+00 5.960676307289109843e+01
8.988488488488489025e+00 5.969915970232563041e+01
9.001751751751751129e+00 5.979143851748180083e+01
9.015015015015015010e+00 5.988359856109478585e+01
9.028278278278277114e+00 5.997563887599867627e+01
9.041541541541540994e+00 6.006755850514259976e+01
9.054804804804804874e+00 6.015935649160685017e+01
9.068068068068066978e+00 6.025103187861890319e+01
9.081331331331330858e+00 6.034258370956980855e+01
9.094594594594594739e+00 6.043401102802999958e+01
9.107857857857856843e+00 6.052531287776578495e+01
9.121121121121120723e+00 6.061648830275549926e+01
9.134384384384384603e+00 6.070753634720568925e+01
9.147647647647646707e+00 6.079845605556740651e+01
9.160910910910910587e+00 6.088924647255240785e+01
9.174174174174174468e+00 6.097990664314952625e+01
9.187437437437436571e+00 6.107043561264078591e+01
9.200700700700700452e+00 6.116083242661802188e+01
9.213963963963964332e+00 6.125109613099900940e+01
9.227227227227226436e+00 6.134122577204384896e+01
9.240490490490490316e+00 6.143122039637137277e+01
9.253753753753754197e+00 6.152107905097543039e+01
9.267017017017016300e+00 6.161080078324135911e+01
9.280280280280280181e+00 6.170038464096243302e+01
9.293543543543544061e+00 6.178982967235631207e+01
9.306806806806806165e+00 6.187913492608127086e+01
9.320070070070070045e+00 6.196829945125288930e+01
9.333333333333332149e+00 6.205732229746035244e+01
9.346596596596596029e+00 6.214620251478305590e+01
9.359859859859859910e+00 6.223493915380697672e+01
9.373123123123122014e+00 6.232353126564132140e+01
9.386386386386385894e+00 6.241197790193487549e+01
9.399649649649649774e+00 6.250027811489270135e+01
9.412912912912911878e+00 6.258843095729242378e+01
9.426176176176175758e+00 6.267643548250109120e+01
9.439439439439439639e+00 6.276429074449137602e+01
9.452702702702701743e+00 6.285199579785855661e+01
9.465965965965965623e+00 6.293954969783667508e+01
9.479229229229229503e+00 6.302695150031542681e+01
9.492492492492491607e+00 6.311420026185655274e+01
9.505755755755755487e+00 6.320129503971059393e+01
9.519019019019019368e+00 6.328823489183322692e+01
9.532282282282281471e+00 6.337501887690229552e+01
9.545545545545545352e+00 6.346164605433406791e+01
9.558808808808809232e+00 6.354811548430011925e+01
9.572072072072071336e+00 6.363442622774359592e+01
9.585335335335335216e+00 6.372057734639630411e+01
9.598598598598599096e+00 6.380656790279502388e+01
9.611861861861861200e+00 6.389239696029832771e+01
9.625125125125125081e+00 6.397806358310311481e+01
9.638388388388387185e+00 6.406356683626133020e+01
9.651651651651651065e+00 6.414890578569671220e+01
9.664914914914914945e+00 6.423407949822116336e+01
9.678178178178177049e+00 6.431908704155164003e+01
9.691441441441440929e+00 6.440392748432692827e+01
9.704704704704704810e+00 6.448859989612394372e+01
9.717967967967966914e+00 6.457310334747477043e+01
9.731231231231230794e+00 6.465743690988307435e+01
9.744494494494494674e+00 6.474159965584094323e+01
9.757757757757756778e+00 6.482559065884532856e+01
9.771021021021020658e+00 6.490940899341495651e+01
9.784284284284284539e+00 6.499305373510696882e+01
9.797547547547546642e+00 6.507652396053339316e+01
9.810810810810810523e+00 6.515981874737805413e+01
9.824074074074074403e+00 6.524293717441295826e+01
9.837337337337336507e+00 6.532587832151520502e+01
9.850600600600600387e+00 6.540864126968357084e+01
9.863863863863864268e+00 6.549122510105509321e+01
9.877127127127126371e+00 6.557362889892182523e+01
9.890390390390390252e+00 6.565585174774739130e+01
9.903653653653654132e+00 6.573789273318357118e+01
9.916916916916916236e+00 6.581975094208718247e+01
9.930180180180180116e+00 6.590142546253642308e+01
9.943443443443442220e+00 6.598291538384781063e+01
9.956706706706706100e+00 6.606421979659239696e+01
9.969969969969969981e+00 6.614533779261280699e+01
9.983233233233232085e+00 6.622626846503955278e+01
9.996496496496495965e+00 6.630701090830767441e+01
1.000975975975975985e+01 6.638756421817340936e+01
1.002302302302302195e+01 6.646792749173084758e+01
1.003628628628628583e+01 6.654809982742821717e+01
1.004954954954954971e+01 6.662808032508489475e+01
1.006281281281281181e+01 6.670786808590740691e+01
1.007607607607607569e+01 6.678746221250651161e+01
1.008933933933933957e+01 6.686686180891321385e+01
1.010260260260260168e+01 6.694606598059593239e+01
1.011586586586586556e+01 6.702507383447625955e+01
1.012912912912912944e+01 6.710388447894615638e+01
1.014239239239239154e+01 6.718249702388391142e+01
1.015565565565565542e+01 6.726091058067106587e+01
1.016891891891891930e+01 6.733912426220834391e+01
1.018218218218218141e+01 6.741713718293262048e+01
1.019544544544544529e+01 6.749494845883317851e+01
1.020870870870870917e+01 6.757255720746795191e+01
1.022197197197197127e+01 6.764996254798015229e+01
1.023523523523523515e+01 6.772716360111463985e+01
1.024849849849849726e+01 6.780415948923403846e+01
1.026176176176176114e+01 6.788094933633556138e+01
1.027502502502502502e+01 6.795753226806692737e+01
1.028828828828828712e+01 6.803390741174304424e+01
1.030155155155155100e+01 6.811007389636199605e+01
1.031481481481481488e+01 6.818603085262137142e+01
1.032807807807807698e+01 6.826177741293490442e+01
1.034134134134134086e+01 6.833731271144831965e+01
1.035460460460460475e+01 6.841263588405578844e+01
1.036786786786786685e+01 6.848774606841601553e+01
1.038113113113113073e+01 6.856264240396855314e+01
1.039439439439439461e+01 6.863732403195001552e+01
1.040765765765765671e+01 6.871179009540989568e+01
1.042092092092092059e+01 6.878603973922726311e+01
1.043418418418418447e+01 6.886007211012646678e+01
1.044744744744744658e+01 6.893388635669329290e+01
1.046071071071071046e+01 6.900748162939120789e+01
1.047397397397397434e+01 6.908085708057716090e+01
1.048723723723723644e+01 6.915401186451784099e+01
1.050050050050050032e+01 6.922694513740543698e+01
1.051376376376376420e+01 6.929965605737403678e+01
1.052702702702702631e+01 6.937214378451506036e+01
1.054029029029029019e+01 6.944440748089357385e+01
1.055355355355355229e+01 6.951644631056390722e+01
1.056681681681681617e+01 6.958825943958586890e+01
1.058008008008008005e+01 6.965984603604029246e+01
1.059334334334334216e+01 6.973120527004500957e+01
1.060660660660660604e+01 6.980233631377068093e+01
1.061986986986986992e+01 6.987323834145657031e+01
1.063313313313313202e+01 6.994391052942607701e+01
1.064639639639639590e+01 7.001435205610272305e+01
1.065965965965965978e+01 7.008456210202568570e+01
1.067292292292292188e+01 7.015453984986559988e+01
1.068618618618618576e+01 7.022428448444003379e+01
1.069944944944944965e+01 7.029379519272919197e+01
1.071271271271271175e+01 7.036307116389140504e+01
1.072597597597597563e+01 7.043211158927871907e+01
1.073923923923923951e+01 7.050091566245242802e+01
1.075250250250250161e+01 7.056948257919857781e+01
1.076576576576576549e+01 7.063781153754331399e+01
1.077902902902902937e+01 7.070590173776835741e+01
1.079229229229229148e+01 7.077375238242633770e+01
1.080555555555555536e+01 7.084136267635624051e+01
1.081881881881881924e+01 7.090873182669861308e+01
1.083208208208208134e+01 7.097585904291098302e+01
1.084534534534534522e+01 7.104274353678290765e+01
1.085860860860860733e+01 7.110938452245139274e+01
1.087187187187187121e+01 7.117578121641595601e+01
1.088513513513513509e+01 7.124193283755377593e+01
1.089839839839839719e+01 7.130783860713476940e+01
1.091166166166166107e+01 7.137349774883678322e+01
1.092492492492492495e+01 7.143890948876055802e+01
1.093818818818818706e+01 7.150407305544463554e+01
1.095145145145145094e+01 7.156898767988062104e+01
1.096471471471471482e+01 7.163365259552747943e+01
1.097797797797797692e+01 7.169806703832729511e+01
1.099124124124124080e+01 7.176223024671921280e+01
1.100450450450450468e+01 7.182614146165506952e+01
1.101776776776776678e+01 7.188979992661343488e+01
1.103103103103103066e+01 7.195320488761498723e+01
1.104429429429429455e+01 7.201635559323662505e+01
1.105755755755755665e+01 7.207925129462638836e+01
1.107082082082082053e+01 7.214189124551816690e+01
1.108408408408408441e+01 7.220427470224612421e+01
1.109734734734734651e+01 7.226640092375909319e+01
1.111061061061061039e+01 7.232826917163549751e+01
1.112387387387387427e+01 7.238987871009712194e+01
1.113713713713713638e+01 7.245122880602400528e+01
1.115040040040040026e+01 7.251231872896872233e+01
1.116366366366366236e+01 7.257314775117059469e+01
1.117692692692692624e+01 7.263371514756997271e+01
1.119019019019019012e+01 7.269402019582240371e+01
1.120345345345345223e+01 7.275406217631287120e+01
1.121671671671671611e+01 7.281384037216994898e+01
1.122997997997997999e+01 7.287335406927979875e+01
1.124324324324324209e+01 7.293260255630023892e+01
1.125650650650650597e+01 7.299158512467475646e+01
1.126976976976976985e+01 7.305030106864650463e+01
1.128303303303303196e+01 7.310874968527195961e+01
1.129629629629629584e+01 7.316693027443506026e+01
1.130955955955955972e+01 7.322484213886072268e+01
1.132282282282282182e+01 7.328248458412893740e+01
1.133608608608608570e+01 7.333985691868812751e+01
1.134934934934934958e+01 7.339695845386907536e+01
1.136261261261261168e+01 7.345378850389819547e+01
1.137587587587587556e+01 7.351034638591146120e+01
1.138913913913913944e+01 7.356663141996759236e+01
1.140240240240240155e+01 7.362264292906186824e+01
1.141566566566566543e+01 7.367838023913894574e+01
1.142892892892892931e+01 7.373384267910698497e+01
1.144219219219219141e+01 7.378902958085021169e+01
1.145545545545545529e+01 7.384394027924258808e+01
1.146871871871871740e+01 7.389857411216084415e+01
1.148198198198198128e+01 7.395293042049770804e+01
1.149524524524524516e+01 7.400700854817505103e+01
1.150850850850850726e+01 7.406080784215662050e+01
1.152177177177177114e+01 7.411432765246129861e+01
1.153503503503503502e+01 7.416756733217603426e+01
1.154829829829829713e+01 7.422052623746846223e+01
1.156156156156156101e+01 7.427320372759999145e+01
1.157482482482482489e+01 7.432559916493842422e+01
1.158808808808808699e+01 7.437771191497067491e+01
1.160135135135135087e+01 7.442954134631536078e+01
1.161461461461461475e+01 7.448108683073560599e+01
1.162787787787787686e+01 7.453234774315134814e+01
1.164114114114114074e+01 7.458332346165181548e+01
1.165440440440440462e+01 7.463401336750821713e+01
1.166766766766766672e+01 7.468441684518568024e+01
1.168093093093093060e+01 7.473453328235598292e+01
1.169419419419419448e+01 7.478436206990954815e+01
1.170745745745745658e+01 7.483390260196759414e+01
1.172072072072072046e+01 7.488315427589446927e+01
1.173398398398398434e+01 7.493211649230947557e+01
1.174724724724724645e+01 7.498078865509913271e+01
1.176051051051051033e+01 7.502917017142894451e+01
1.177377377377377243e+01 7.507726045175532192e+01
1.178703703703703631e+01 7.512505890983733536e+01
1.180030030030030019e+01 7.517256496274872291e+01
1.181356356356356230e+01 7.521977803088941528e+01
1.182682682682682618e+01 7.526669753799703244e+01
1.184009009009009006e+01 7.531332291115880651e+01
1.185335335335335216e+01 7.535965358082283672e+01
1.186661661661661604e+01 7.540568898080958604e+01
1.187987987987987992e+01 7.545142854832334933e+01
1.189314314314314203e+01 7.549687172396373569e+01
1.190640640640640591e+01 7.554201795173629819e+01
1.191966966966966979e+01 7.558686667906457046e+01
1.193293293293293189e+01 7.563141735680065381e+01
1.194619619619619577e+01 7.567566943923637268e+01
1.195945945945945965e+01 7.571962238411445867e+01
1.197272272272272176e+01 7.576327565263926545e+01
1.198598598598598564e+01 7.580662870948792431e+01
1.199924924924924952e+01 7.584968102282071811e+01
1.201251251251251162e+01 7.589243206429226518e+01
1.202577577577577550e+01 7.593488130906199274e+01
1.203903903903903938e+01 7.597702823580478082e+01
1.205230230230230148e+01 7.601887232672135042e+01
1.206556556556556536e+01 7.606041306754909215e+01
1.207882882882882747e+01 7.610164994757208490e+01
1.209209209209209135e+01 7.614258245963162608e+01
1.210535535535535523e+01 7.618321010013656291e+01
1.211861861861861733e+01 7.622353236907332530e+01
1.213188188188188121e+01 7.626354877001615762e+01
1.214514514514514509e+01 7.630325881013719425e+01
1.215840840840840720e+01 7.634266200021635029e+01
1.217167167167167108e+01 7.638175785465151080e+01
1.218493493493493496e+01 7.642054589146795252e+01
1.219819819819819706e+01 7.645902563232843363e+01
1.221146146146146094e+01 7.649719660254291398e+01
1.222472472472472482e+01 7.653505833107810474e+01
1.223798798798798693e+01 7.657261035056701814e+01
1.225125125125125081e+01 7.660985219731854556e+01
1.226451451451451469e+01 7.664678341132672301e+01
1.227777777777777679e+01 7.668340353628036610e+01
1.229104104104104067e+01 7.671971211957212233e+01
1.230430430430430455e+01 7.675570871230779346e+01
1.231756756756756666e+01 7.679139286931538777e+01
1.233083083083083054e+01 7.682676414915421503e+01
1.234409409409409442e+01 7.686182211412396725e+01
1.235735735735735652e+01 7.689656633027350097e+01
1.237062062062062040e+01 7.693099636740976166e+01
1.238388388388388250e+01 7.696511179910660871e+01
1.239714714714714638e+01 7.699891220271328507e+01
1.241041041041041026e+01 7.703239715936339849e+01
1.242367367367367237e+01 7.706556625398300753e+01
1.243693693693693625e+01 7.709841907529970229e+01
1.245020020020020013e+01 7.713095521585023562e+01
1.246346346346346223e+01 7.716317427198968915e+01
1.247672672672672611e+01 7.719507584389889132e+01
1.248998998998998999e+01 7.722665953559325658e+01
1.250325325325325210e+01 7.725792495493060130e+01
1.251651651651651598e+01 7.728887171361888875e+01
1.252977977977977986e+01 7.731949942722479818e+01
1.254304304304304196e+01 7.734980771518102927e+01
1.255630630630630584e+01 7.737979620079435961e+01
1.256956956956956972e+01 7.740946451125330441e+01
1.258283283283283183e+01 7.743881227763569086e+01
1.259609609609609571e+01 7.746783913491626095e+01
1.260935935935935959e+01 7.749654472197423161e+01
1.262262262262262169e+01 7.752492868160051387e+01
1.263588588588588557e+01 7.755299066050513090e+01
1.264914914914914945e+01 7.758073030932446557e+01
1.266241241241241156e+01 7.760814728262838003e+01
1.267567567567567544e+01 7.763524123892737805e+01
1.268893893893893932e+01 7.766201184067953989e+01
1.270220220220220142e+01 7.768845875429748560e+01
1.271546546546546530e+01 7.771458165015512520e+01
1.272872872872872740e+01 7.774038020259456516e+01
1.274199199199199128e+01 7.776585408993271642e+01
1.275525525525525516e+01 7.779100299446787403e+01
1.276851851851851727e+01 7.781582660248623995e+01
1.278178178178178115e+01 7.784032460426854527e+01
1.279504504504504503e+01 7.786449669409621777e+01
1.280830830830830713e+01 7.788834257025753516e+01
1.282157157157157101e+01 7.791186193505431845e+01
1.283483483483483489e+01 7.793505449480741731e+01
1.284809809809809700e+01 7.795791995986340339e+01
1.286136136136136088e+01 7.798045804459991359e+01
1.287462462462462476e+01 7.800266846743193128e+01
1.288788788788788686e+01 7.802455095081748482e+01
1.290115115115115074e+01 7.804610522126333194e+01
1.291441441441441462e+01 7.806733100933048775e+01
1.292767767767767673e+01 7.808822804963990905e+01
1.294094094094094061e+01 7.810879608087799397e+01
1.295420420420420449e+01 7.812903484580182578e+01
1.296746746746746659e+01 7.814894409124451613e+01
1.298073073073073047e+01 7.816852356812049152e+01
1.299399399399399435e+01 7.818777303143055235e+01
1.300725725725725646e+01 7.820669224026687516e+01
1.302052052052052034e+01 7.822528095781808588e+01
1.303378378378378244e+01 7.824353895137416259e+01
1.304704704704704632e+01 7.826146599233096879e+01
1.306031031031031020e+01 7.827906185619548296e+01
1.307357357357357230e+01 7.829632632258979186e+01
1.308683683683683618e+01 7.831325917525614955e+01
1.310010010010010006e+01 7.832986020206108435e+01
1.311336336336336217e+01 7.834612919500007422e+01
1.312662662662662605e+01 7.836206595020166787e+01
1.313988988988988993e+01 7.837767026793164860e+01
1.315315315315315203e+01 7.839294195259725484e+01
1.316641641641641591e+01 7.840788081275124455e+01
1.317967967967967979e+01 7.842248666109574629e+01
1.319294294294294190e+01 7.843675931448608196e+01
1.320620620620620578e+01 7.845069859393484535e+01
1.321946946946946966e+01 7.846430432461525584e+01
1.323273273273273176e+01 7.847757633586486747e+01
1.324599599599599564e+01 7.849051446118920694e+01
1.325925925925925952e+01 7.850311853826514152e+01
1.327252252252252163e+01 7.851538840894420446e+01
1.328578578578578551e+01 7.852732391925587763e+01
1.329904904904904939e+01 7.853892491941073217e+01
1.331231231231231149e+01 7.855019126380369698e+01
1.332557557557557537e+01 7.856112281101684403e+01
1.333883883883883748e+01 7.857171942382238683e+01
1.335210210210210136e+01 7.858198096918569320e+01
1.336536536536536524e+01 7.859190731826777210e+01
1.337862862862862734e+01 7.860149834642795952e+01
1.339189189189189122e+01 7.861075393322678906e+01
1.340515515515515510e+01 7.861967396242816619e+01
1.341841841841841720e+01 7.862825832200181253e+01
1.343168168168168108e+01 7.863650690412586641e+01
1.344494494494494496e+01 7.864441960518868768e+01
1.345820820820820707e+01 7.865199632579128775e+01
1.347147147147147095e+01 7.865923697074940435e+01
1.348473473473473483e+01 7.866614144909519268e+01
1.349799799799799693e+01 7.867270967407952753e+01
1.351126126126126081e+01 7.867894156317326804e+01
1.352452452452452469e+01 7.868483703806947460e+01
1.353778778778778680e+01 7.869039602468488681e+01
1.355105105105105068e+01 7.869561845316117399e+01
1.356431431431431456e+01 7.870050425786664050e+01
1.357757757757757666e+01 7.870505337739760421e+01
1.359084084084084054e+01 7.870926575457957597e+01
1.360410410410410442e+01 7.871314133646852440e+01
1.361736736736736653e+01 7.871668007435177117e+01
1.363063063063063041e+01 7.871988192374924154e+01
1.364389389389389251e+01 7.872274684441421755e+01
1.365715715715715639e+01 7.872527480033431857e+01
1.367042042042042027e+01 7.872746575973209815e+01
1.368368368368368237e+01 7.872931969506579719e+01
1.369694694694694626e+01 7.873083658302992660e+01
1.371021021021021014e+01 7.873201640455562256e+01
1.372347347347347224e+01 7.873285914481117231e+01
1.373673673673673612e+01 7.873336479320229842e+01
1.375000000000000000e+01 7.873353334337228659e+01
