5.000000000000000000e-01 1.620890638073483672e+02
5.170170170170169666e-01 1.621209317980562901e+02
5.340340340340340441e-01 1.621529212002735676e+02
5.510510510510510107e-01 1.621850328612491978e+02
5.680680680680680883e-01 1.622172676295154190e+02
5.850850850850850549e-01 1.622496263548828495e+02
6.021021021021021324e-01 1.622821098884350022e+02
6.191191191191190990e-01 1.623147190825226005e+02
6.361361361361361766e-01 1.623474547907582632e+02
6.531531531531531432e-01 1.623803178680105646e+02
6.701701701701702207e-01 1.624133091703981506e+02
6.871871871871871873e-01 1.624464295552839701e+02
7.042042042042042649e-01 1.624796798812688792e+02
7.212212212212212314e-01 1.625130610081855878e+02
7.382382382382381980e-01 1.625465737970920941e+02
7.552552552552552756e-01 1.625802191102654319e+02
7.722722722722723532e-01 1.626139978111946505e+02
7.892892892892893197e-01 1.626479107645743625e+02
8.063063063063062863e-01 1.626819588362979232e+02
8.233233233233233639e-01 1.627161428934498701e+02
8.403403403403404415e-01 1.627504638042993292e+02
8.573573573573574080e-01 1.627849224382924262e+02
8.743743743743743746e-01 1.628195196660447834e+02
8.913913913913914522e-01 1.628542563593342436e+02
9.084084084084084187e-01 1.628891333910928836e+02
9.254254254254254963e-01 1.629241516353993404e+02
9.424424424424424629e-01 1.629593119674706827e+02
9.594594594594594295e-01 1.629946152636546230e+02
9.764764764764765070e-01 1.630300624014208495e+02
9.934934934934935846e-01 1.630656542593530673e+02
1.010510510510510551e+00 1.631013917171399612e+02
1.027527527527527518e+00 1.631372756555672083e+02
1.044544544544544706e+00 1.631733069565081848e+02
1.061561561561561451e+00 1.632094865029151549e+02
1.078578578578578639e+00 1.632458151788103748e+02
1.095595595595595606e+00 1.632822938692766854e+02
1.112612612612612573e+00 1.633189234604481896e+02
1.129629629629629761e+00 1.633557048395009588e+02
1.146646646646646728e+00 1.633926388946432269e+02
1.163663663663663694e+00 1.634297265151055853e+02
1.180680680680680883e+00 1.634669685911314048e+02
1.197697697697697627e+00 1.635043660139664325e+02
1.214714714714714816e+00 1.635419196758486464e+02
1.231731731731731783e+00 1.635796304699981647e+02
1.248748748748748749e+00 1.636174992906067018e+02
1.265765765765765938e+00 1.636555270328266545e+02
1.282782782782782904e+00 1.636937145927607844e+02
1.299799799799799871e+00 1.637320628674510772e+02
1.316816816816816837e+00 1.637705727548677999e+02
1.333833833833833804e+00 1.638092451538981607e+02
1.350850850850850993e+00 1.638480809643351392e+02
1.367867867867867959e+00 1.638870810868659476e+02
1.384884884884884926e+00 1.639262464230605758e+02
1.401901901901902114e+00 1.639655778753596564e+02
1.418918918918918859e+00 1.640050763470628965e+02
1.435935935935936048e+00 1.640447427423168847e+02
1.452952952952953014e+00 1.640845779661030690e+02
1.469969969969969981e+00 1.641245829242249101e+02
1.486986986986987169e+00 1.641647585232961148e+02
1.504004004004004136e+00 1.642051056707273915e+02
1.521021021021021102e+00 1.642456252747139729e+02
1.538038038038038069e+00 1.642863182442225423e+02
1.555055055055055258e+00 1.643271854889781878e+02
1.572072072072072224e+00 1.643682279194512716e+02
1.589089089089089191e+00 1.644094464468439014e+02
1.606106106106106157e+00 1.644508419830764581e+02
1.623123123123123124e+00 1.644924154407739536e+02
1.640140140140140312e+00 1.645341677332521044e+02
1.657157157157157279e+00 1.645760997745035183e+02
1.674174174174174246e+00 1.646182124791833701e+02
1.691191191191191212e+00 1.646605067625952756e+02
1.708208208208208401e+00 1.647029835406768257e+02
1.725225225225225367e+00 1.647456437299849199e+02
1.742242242242242334e+00 1.647884882476811299e+02
1.759259259259259300e+00 1.648315180115168630e+02
1.776276276276276489e+00 1.648747339398182135e+02
1.793293293293293456e+00 1.649181369514707853e+02
1.810310310310310422e+00 1.649617279659044868e+02
1.827327327327327389e+00 1.650055079030778415e+02
1.844344344344344577e+00 1.650494776834625839e+02
1.861361361361361544e+00 1.650936382280277144e+02
1.878378378378378510e+00 1.651379904582235838e+02
1.895395395395395477e+00 1.651825352959657494e+02
1.912412412412412444e+00 1.652272736636187744e+02
1.929429429429429632e+00 1.652722064839798293e+02
1.946446446446446599e+00 1.653173346802622632e+02
1.963463463463463565e+00 1.653626591760786368e+02
1.980480480480480532e+00 1.654081808954239818e+02
1.997497497497497720e+00 1.654539007626588045e+02
2.014514514514514687e+00 1.654998197024918909e+02
2.031531531531531876e+00 1.655459386399630262e+02
2.048548548548548620e+00 1.655922585004253733e+02
2.065565565565565809e+00 1.656387802095280222e+02
2.082582582582582553e+00 1.656855046931981406e+02
2.099599599599599742e+00 1.657324328776230118e+02
2.116616616616616930e+00 1.657795656892318448e+02
2.133633633633633675e+00 1.658269040546776125e+02
2.150650650650650864e+00 1.658744489008188623e+02
2.167667667667667608e+00 1.659222011547006161e+02
2.184684684684684797e+00 1.659701617435362948e+02
2.201701701701701985e+00 1.660183315946883056e+02
2.218718718718719174e+00 1.660667116356493409e+02
2.235735735735735918e+00 1.661153027940230231e+02
2.252752752752752663e+00 1.661641059975047483e+02
2.269769769769769852e+00 1.662131221738620184e+02
2.286786786786787040e+00 1.662623522509148870e+02
2.303803803803804229e+00 1.663117971565160929e+02
2.320820820820820973e+00 1.663614578185311927e+02
2.337837837837837718e+00 1.664113351648183539e+02
2.354854854854854906e+00 1.664614301232082028e+02
2.371871871871872095e+00 1.665117436214832480e+02
2.388888888888889284e+00 1.665622765873573883e+02
2.405905905905906028e+00 1.666130299484552495e+02
2.422922922922922773e+00 1.666640046322912099e+02
2.439939939939939961e+00 1.667152015662482256e+02
2.456956956956957150e+00 1.667666216775569694e+02
2.473973973973974338e+00 1.668182658932740594e+02
2.490990990990991083e+00 1.668701351402609703e+02
2.508008008008008272e+00 1.669222303451620633e+02
2.525025025025025016e+00 1.669745524343828151e+02
2.542042042042042205e+00 1.670271023340680472e+02
2.559059059059059393e+00 1.670798809700795005e+02
2.576076076076076138e+00 1.671328892679737237e+02
2.593093093093093326e+00 1.671861281529796486e+02
2.610110110110110515e+00 1.672395985499758808e+02
2.627127127127127260e+00 1.672933013834681333e+02
2.644144144144144448e+00 1.673472375775660339e+02
2.661161161161161193e+00 1.674014080559605020e+02
2.678178178178178381e+00 1.674558137419000161e+02
2.695195195195195570e+00 1.675104555581676493e+02
2.712212212212212314e+00 1.675653344270574792e+02
2.729229229229229503e+00 1.676204512703505998e+02
2.746246246246246248e+00 1.676758070092918729e+02
2.763263263263263436e+00 1.677314025645655136e+02
2.780280280280280625e+00 1.677872388562709318e+02
2.797297297297297369e+00 1.678433168038987162e+02
2.814314314314314558e+00 1.678996373263060491e+02
2.831331331331331747e+00 1.679562013416921502e+02
2.848348348348348491e+00 1.680130097675734362e+02
2.865365365365365680e+00 1.680700635207589926e+02
2.882382382382382424e+00 1.681273635173247669e+02
2.899399399399399613e+00 1.681849106725892966e+02
2.916416416416416801e+00 1.682427059010876746e+02
2.933433433433433546e+00 1.683007501165463680e+02
2.950450450450450735e+00 1.683590442318575811e+02
2.967467467467467479e+00 1.684175891590531080e+02
2.984484484484484668e+00 1.684763858092789519e+02
3.001501501501501856e+00 1.685354350927687790e+02
3.018518518518518601e+00 1.685947379188177138e+02
3.035535535535535789e+00 1.686542951957561627e+02
3.052552552552552978e+00 1.687141078309230124e+02
3.069569569569569722e+00 1.687741767306393115e+02
3.086586586586586911e+00 1.688345028001808430e+02
3.103603603603603656e+00 1.688950869437517213e+02
3.120620620620620844e+00 1.689559300644567941e+02
3.137637637637638033e+00 1.690170330642746137e+02
3.154654654654654777e+00 1.690783968440301237e+02
3.171671671671671966e+00 1.691400223033665782e+02
3.188688688688689155e+00 1.692019103407184275e+02
3.205705705705705899e+00 1.692640618532828967e+02
3.222722722722723088e+00 1.693264777369924445e+02
3.239739739739739832e+00 1.693891588864862854e+02
3.256756756756757021e+00 1.694521061950821945e+02
3.273773773773774209e+00 1.695153205547480013e+02
3.290790790790790954e+00 1.695788028560730822e+02
3.307807807807808143e+00 1.696425539882397118e+02
3.324824824824824887e+00 1.697065748389937312e+02
3.341841841841842076e+00 1.697708662946161837e+02
3.358858858858859264e+00 1.698354292398936991e+02
3.375875875875876009e+00 1.699002645580892192e+02
3.392892892892893197e+00 1.699653731309127522e+02
3.409909909909910386e+00 1.700307558384916433e+02
3.426926926926927131e+00 1.700964135593411015e+02
3.443943943943944319e+00 1.701623471703337600e+02
3.460960960960961064e+00 1.702285575466703449e+02
3.477977977977978252e+00 1.702950455618491503e+02
3.494994994994995441e+00 1.703618120876357693e+02
3.512012012012012185e+00 1.704288579940328532e+02
3.529029029029029374e+00 1.704961841492495864e+02
3.546046046046046119e+00 1.705637914196707641e+02
3.563063063063063307e+00 1.706316806698260393e+02
3.580080080080080496e+00 1.706998527623592281e+02
3.597097097097097240e+00 1.707683085579969031e+02
3.614114114114114429e+00 1.708370489155174141e+02
3.631131131131131617e+00 1.709060746917191977e+02
3.648148148148148362e+00 1.709753867413899115e+02
3.665165165165165551e+00 1.710449859172740901e+02
3.682182182182182295e+00 1.711148730700419378e+02
3.699199199199199484e+00 1.711850490482572411e+02
3.716216216216216672e+00 1.712555146983453653e+02
3.733233233233233417e+00 1.713262708645611383e+02
3.750250250250250605e+00 1.713973183889566201e+02
3.767267267267267350e+00 1.714686581113487875e+02
3.784284284284284539e+00 1.715402908692867925e+02
3.801301301301301727e+00 1.716122174980197030e+02
3.818318318318318472e+00 1.716844388304632218e+02
3.835335335335335660e+00 1.717569556971672853e+02
3.852352352352352849e+00 1.718297689262828385e+02
3.869369369369369593e+00 1.719028793435287810e+02
3.886386386386386782e+00 1.719762877721585994e+02
3.903403403403403527e+00 1.720499950329270291e+02
3.920420420420420715e+00 1.721240019440567721e+02
3.937437437437437904e+00 1.721983093212045901e+02
3.954454454454454648e+00 1.722729179774276531e+02
3.971471471471471837e+00 1.723478287231498882e+02
3.988488488488489025e+00 1.724230423661277882e+02
4.005505505505505326e+00 1.724985597114164477e+02
4.022522522522523403e+00 1.725743815613354002e+02
4.039539539539539703e+00 1.726505087154341425e+02
4.056556556556556892e+00 1.727269419704580002e+02
4.073573573573574080e+00 1.728036821203131979e+02
4.090590590590590381e+00 1.728807299560325816e+02
4.107607607607608458e+00 1.729580862657409455e+02
4.124624624624624758e+00 1.730357518346195604e+02
4.141641641641641947e+00 1.731137274448718699e+02
4.158658658658659135e+00 1.731920138756881329e+02
4.175675675675675436e+00 1.732706119032102094e+02
4.192692692692693512e+00 1.733495223004964032e+02
4.209709709709709813e+00 1.734287458374858488e+02
4.226726726726727001e+00 1.735082832809632691e+02
4.243743743743744190e+00 1.735881353945233627e+02
4.260760760760760490e+00 1.736683029385347936e+02
4.277777777777778567e+00 1.737487866701048347e+02
4.294794794794794868e+00 1.738295873430430731e+02
4.311811811811812056e+00 1.739107057078257697e+02
4.328828828828829245e+00 1.739921425115595355e+02
4.345845845845845545e+00 1.740738984979450095e+02
4.362862862862863622e+00 1.741559744072410751e+02
4.379879879879879923e+00 1.742383709762279693e+02
4.396896896896897111e+00 1.743210889381710729e+02
4.413913913913914300e+00 1.744041290227843035e+02
4.430930930930931488e+00 1.744874919561934519e+02
4.447947947947948677e+00 1.745711784608995174e+02
4.464964964964964977e+00 1.746551892557416181e+02
4.481981981981982166e+00 1.747395250558604971e+02
4.498998998998999355e+00 1.748241865726610911e+02
4.516016016016016543e+00 1.749091745137758664e+02
4.533033033033033732e+00 1.749944895830271321e+02
4.550050050050050032e+00 1.750801324803904038e+02
4.567067067067067221e+00 1.751661039019564896e+02
4.584084084084084409e+00 1.752524045398945418e+02
4.601101101101101598e+00 1.753390350824142558e+02
4.618118118118118787e+00 1.754259962137283537e+02
4.635135135135135087e+00 1.755132886140151527e+02
4.652152152152152276e+00 1.756009129593806222e+02
4.669169169169169464e+00 1.756888699218205829e+02
4.686186186186186653e+00 1.757771601691831052e+02
4.703203203203203842e+00 1.758657843651302244e+02
4.720220220220221030e+00 1.759547431691002259e+02
4.737237237237237331e+00 1.760440372362693324e+02
4.754254254254254519e+00 1.761336672175137608e+02
4.771271271271271708e+00 1.762236337593713813e+02
4.788288288288288896e+00 1.763139375040036327e+02
4.805305305305306085e+00 1.764045790891569823e+02
4.822322322322322385e+00 1.764955591481244710e+02
4.839339339339339574e+00 1.765868783097076289e+02
4.856356356356356763e+00 1.766785371981775938e+02
4.873373373373373951e+00 1.767705364332367708e+02
4.890390390390391140e+00 1.768628766299800361e+02
4.907407407407407440e+00 1.769555583988561693e+02
4.924424424424424629e+00 1.770485823456290859e+02
4.941441441441441818e+00 1.771419490713389848e+02
4.958458458458459006e+00 1.772356591722637802e+02
4.975475475475476195e+00 1.773297132398797658e+02
4.992492492492492495e+00 1.774241118608229897e+02
5.009509509509509684e+00 1.775188556168503737e+02
5.026526526526526872e+00 1.776139450848003776e+02
5.043543543543544061e+00 1.777093808365540895e+02
5.060560560560561250e+00 1.778051634389962317e+02
5.077577577577578438e+00 1.779012934539758248e+02
5.094594594594594739e+00 1.779977714382671081e+02
5.111611611611611927e+00 1.780945979435302036e+02
5.128628628628629116e+00 1.781917735162721215e+02
5.145645645645646304e+00 1.782892986978071121e+02
5.162662662662663493e+00 1.783871740242175292e+02
5.179679679679679793e+00 1.784854000263146645e+02
5.196696696696696982e+00 1.785839772295989860e+02
5.213713713713714171e+00 1.786829061542209445e+02
5.230730730730731359e+00 1.787821873149414955e+02
5.247747747747748548e+00 1.788818212210927641e+02
5.264764764764764848e+00 1.789818083765382539e+02
5.281781781781782037e+00 1.790821492796337395e+02
5.298798798798799226e+00 1.791828444231873902e+02
5.315815815815816414e+00 1.792838942944203779e+02
5.332832832832833603e+00 1.793852993749273423e+02
5.349849849849849903e+00 1.794870601406368280e+02
5.366866866866867092e+00 1.795891770617717782e+02
5.383883883883884280e+00 1.796916506028094602e+02
5.400900900900901469e+00 1.797944812224426698e+02
5.417917917917918658e+00 1.798976693735394292e+02
5.434934934934934958e+00 1.800012155031035093e+02
5.451951951951952147e+00 1.801051200522352360e+02
5.468968968968969335e+00 1.802093834560913024e+02
5.485985985985986524e+00 1.803140061438454325e+02
5.503003003003003712e+00 1.804189885386486765e+02
5.520020020020020901e+00 1.805243310575899613e+02
5.537037037037037202e+00 1.806300341116561583e+02
5.554054054054054390e+00 1.807360981056927471e+02
5.571071071071071579e+00 1.808425234383639975e+02
5.588088088088088767e+00 1.809493105021136046e+02
5.605105105105105956e+00 1.810564596831248991e+02
5.622122122122122256e+00 1.811639713612814262e+02
5.639139139139139445e+00 1.812718459101272401e+02
5.656156156156156634e+00 1.813800836968275405e+02
5.673173173173173822e+00 1.814886850821290523e+02
5.690190190190191011e+00 1.815976504203204058e+02
5.707207207207207311e+00 1.817069800591930573e+02
5.724224224224224500e+00 1.818166743400013559e+02
5.741241241241241688e+00 1.819267335974234641e+02
5.758258258258258877e+00 1.820371581595217094e+02
5.775275275275276066e+00 1.821479483477034762e+02
5.792292292292292366e+00 1.822591044766816424e+02
5.809309309309309555e+00 1.823706268544354714e+02
5.826326326326326743e+00 1.824825157821710775e+02
5.843343343343343932e+00 1.825947715542826018e+02
5.860360360360361121e+00 1.827073944583125638e+02
5.877377377377378309e+00 1.828203847749130375e+02
5.894394394394394610e+00 1.829337427778064580e+02
5.911411411411411798e+00 1.830474687337464843e+02
5.928428428428428987e+00 1.831615629024790906e+02
5.945445445445446175e+00 1.832760255367034858e+02
5.962462462462463364e+00 1.833908568820334324e+02
5.979479479479479664e+00 1.835060571769580520e+02
5.996496496496496853e+00 1.836216266528032008e+02
6.013513513513514042e+00 1.837375655336928446e+02
6.030530530530531230e+00 1.838538740365100921e+02
6.047547547547548419e+00 1.839705523708588260e+02
6.064564564564564719e+00 1.840876007390248787e+02
6.081581581581581908e+00 1.842050193359378341e+02
6.098598598598599096e+00 1.843228083491322309e+02
6.115615615615616285e+00 1.844409679587095070e+02
6.132632632632633474e+00 1.845594983372994875e+02
6.149649649649649774e+00 1.846783996500224134e+02
6.166666666666666963e+00 1.847976720544505156e+02
6.183683683683684151e+00 1.849173157005699863e+02
6.200700700700701340e+00 1.850373307307432924e+02
6.217717717717718529e+00 1.851577172796707771e+02
6.234734734734734829e+00 1.852784754743532574e+02
6.251751751751752018e+00 1.853996054340539388e+02
6.268768768768769206e+00 1.855211072702610693e+02
6.285785785785786395e+00 1.856429810866501100e+02
6.302802802802803583e+00 1.857652269790463890e+02
6.319819819819820772e+00 1.858878450353878691e+02
6.336836836836837072e+00 1.860108353356872612e+02
6.353853853853854261e+00 1.861341979519956737e+02
6.370870870870871450e+00 1.862579329483648962e+02
6.387887887887888638e+00 1.863820403808105368e+02
6.404904904904905827e+00 1.865065202972753582e+02
6.421921921921922127e+00 1.866313727375921587e+02
6.438938938938939316e+00 1.867565977334476202e+02
6.455955955955956505e+00 1.868821953083449330e+02
6.472972972972973693e+00 1.870081654775681272e+02
6.489989989989990882e+00 1.871345082481451243e+02
6.507007007007007182e+00 1.872612236188122381e+02
6.524024024024024371e+00 1.873883115799771417e+02
6.541041041041041559e+00 1.875157721136837381e+02
6.558058058058058748e+00 1.876436051935757519e+02
6.575075075075075937e+00 1.877718107848610885e+02
6.592092092092092237e+00 1.879003888442764776e+02
6.609109109109109426e+00 1.880293393200518040e+02
6.626126126126126614e+00 1.881586621518746938e+02
6.643143143143143803e+00 1.882883572708552720e+02
6.660160160160160991e+00 1.884184245994914022e+02
6.677177177177178180e+00 1.885488640516333589e+02
6.694194194194194480e+00 1.886796755324492096e+02
6.711211211211211669e+00 1.888108589383900835e+02
6.728228228228228858e+00 1.889424141571558096e+02
6.745245245245246046e+00 1.890743410676602707e+02
6.762262262262263235e+00 1.892066395399974112e+02
6.779279279279279535e+00 1.893393094354070740e+02
6.796296296296296724e+00 1.894723506062410934e+02
6.813313313313313913e+00 1.896057628959293879e+02
6.830330330330331101e+00 1.897395461389465936e+02
6.847347347347348290e+00 1.898737001607784975e+02
6.864364364364364590e+00 1.900082247778886710e+02
6.881381381381381779e+00 1.901431197976855287e+02
6.898398398398398967e+00 1.902783850184891605e+02
6.915415415415416156e+00 1.904140202294985897e+02
6.932432432432433345e+00 1.905500252107592871e+02
6.949449449449449645e+00 1.906863997331304859e+02
6.966466466466466834e+00 1.908231435582533209e+02
6.983483483483484022e+00 1.909602564385179733e+02
7.000500500500501211e+00 1.910977381170327476e+02
7.017517517517518399e+00 1.912355883275914152e+02
7.034534534534534700e+00 1.913738067946421779e+02
7.051551551551551889e+00 1.915123932332562049e+02
7.068568568568569077e+00 1.916513473490963406e+02
7.085585585585586266e+00 1.917906688383860683e+02
7.102602602602603454e+00 1.919303573878790417e+02
7.119619619619620643e+00 1.920704126748280487e+02
7.136636636636636943e+00 1.922108343669548560e+02
7.153653653653654132e+00 1.923516221224199114e+02
7.170670670670671321e+00 1.924927755897922736e+02
7.187687687687688509e+00 1.926342944080200255e+02
7.204704704704705698e+00 1.927761782064003455e+02
7.221721721721721998e+00 1.929184266045503193e+02
7.238738738738739187e+00 1.930610392123777501e+02
7.255755755755756375e+00 1.932040156300520266e+02
7.272772772772773564e+00 1.933473554479755308e+02
7.289789789789790753e+00 1.934910582467548750e+02
7.306806806806807053e+00 1.936351235971729352e+02
7.323823823823824242e+00 1.937795510601602018e+02
7.340840840840841430e+00 1.939243401867674663e+02
7.357857857857858619e+00 1.940694905181377408e+02
7.374874874874875808e+00 1.942150015854789444e+02
7.391891891891892108e+00 1.943608729100367043e+02
7.408908908908909297e+00 1.945071040030674681e+02
7.425925925925926485e+00 1.946536943658115320e+02
7.442942942942943674e+00 1.948006434894666654e+02
7.459959959959960862e+00 1.949479508551619347e+02
7.476976976976978051e+00 1.950956159339315263e+02
7.493993993993994351e+00 1.952436381866888553e+02
7.511011011011011540e+00 1.953920170642013829e+02
7.528028028028028729e+00 1.955407520070648104e+02
7.545045045045045917e+00 1.956898424456784369e+02
7.562062062062063106e+00 1.958392878002201485e+02
7.579079079079079406e+00 1.959890874806220609e+02
7.596096096096096595e+00 1.961392408865458776e+02
7.613113113113113783e+00 1.962897474073591866e+02
7.630130130130130972e+00 1.964406064221114150e+02
7.647147147147148161e+00 1.965918172995105806e+02
7.664164164164164461e+00 1.967433793978997869e+02
7.681181181181181650e+00 1.968952920652343153e+02
7.698198198198198838e+00 1.970475546390588875e+02
7.715215215215216027e+00 1.972001664464853548e+02
7.732232232232233216e+00 1.973531268041702162e+02
7.749249249249249516e+00 1.975064350182929047e+02
7.766266266266266705e+00 1.976600903845341577e+02
7.783283283283283893e+00 1.978140921880545591e+02
7.800300300300301082e+00 1.979684397034735355e+02
7.817317317317318270e+00 1.981231321948484663e+02
7.834334334334335459e+00 1.982781689156543337e+02
7.851351351351351759e+00 1.984335491087631738e+02
7.868368368368368948e+00 1.985892720064246930e+02
7.885385385385386137e+00 1.987453368302458898e+02
7.902402402402403325e+00 1.989017427911722677e+02
7.919419419419420514e+00 1.990584890894685088e+02
7.936436436436436814e+00 1.992155749146998573e+02
7.953453453453454003e+00 1.993729994457133898e+02
7.970470470470471192e+00 1.995307618506200811e+02
7.987487487487488380e+00 1.996888612867769268e+02
8.004504504504506457e+00 1.998472969007692370e+02
8.021521521521520981e+00 2.000060678283932702e+02
8.038538538538539058e+00 2.001651731946398058e+02
8.055555555555557135e+00 2.003246121136768636e+02
8.072572572572573435e+00 2.004843836888337307e+02
8.089589589589589735e+00 2.006444870125847615e+02
8.106606606606607812e+00 2.008049211665340863e+02
8.123623623623624113e+00 2.009656852213994966e+02
8.140640640640640413e+00 2.011267782369980637e+02
8.157657657657658490e+00 2.012881992622311031e+02
8.174674674674676567e+00 2.014499473350697372e+02
8.191691691691691091e+00 2.016120214825407402e+02
8.208708708708709167e+00 2.017744207207130671e+02
8.225725725725727244e+00 2.019371440546840972e+02
8.242742742742743545e+00 2.021001904785666170e+02
8.259759759759759845e+00 2.022635589754762009e+02
8.276776776776777922e+00 2.024272485175183931e+02
8.293793793793794222e+00 2.025912580657772537e+02
8.310810810810810523e+00 2.027555865703027962e+02
8.327827827827828600e+00 2.029202329701001304e+02
8.344844844844846676e+00 2.030851961931182643e+02
8.361861861861862977e+00 2.032504751562391334e+02
8.378878878878879277e+00 2.034160687652675961e+02
8.395895895895897354e+00 2.035819759149209744e+02
8.412912912912913654e+00 2.037481954888196469e+02
8.429929929929929955e+00 2.039147263594775268e+02
8.446946946946948032e+00 2.040815673882932515e+02
8.463963963963964332e+00 2.042487174255413720e+02
8.480980980980980632e+00 2.044161753103642241e+02
8.497997997997998709e+00 2.045839398707637145e+02
8.515015015015015010e+00 2.047520099235942155e+02
8.532032032032033086e+00 2.049203842745548627e+02
8.549049049049049387e+00 2.050890617181830464e+02
8.566066066066067464e+00 2.052580410378478746e+02
8.583083083083083764e+00 2.054273210057439769e+02
8.600100100100100065e+00 2.055969003828858774e+02
8.617117117117118141e+00 2.057667779191025375e+02
8.634134134134134442e+00 2.059369523530322112e+02
8.651151151151152519e+00 2.061074224121182112e+02
8.668168168168168819e+00 2.062781868126042184e+02
8.685185185185185119e+00 2.064492442595307296e+02
8.702202202202203196e+00 2.066205934467315330e+02
8.719219219219219497e+00 2.067922330568302129e+02
8.736236236236237573e+00 2.069641617612379036e+02
8.753253253253253874e+00 2.071363782201505899e+02
8.770270270270270174e+00 2.073088810825472592e+02
8.787287287287288251e+00 2.074816689861884811e+02
8.804304304304304551e+00 2.076547405576147298e+02
8.821321321321322628e+00 2.078280944121462142e+02
8.838338338338338929e+00 2.080017291538818256e+02
8.855355355355357005e+00 2.081756433756994795e+02
8.872372372372373306e+00 2.083498356592564278e+02
8.889389389389389606e+00 2.085243045749899693e+02
8.906406406406407683e+00 2.086990486821185300e+02
8.923423423423423984e+00 2.088740665286432829e+02
8.940440440440442060e+00 2.090493566513502515e+02
8.957457457457458361e+00 2.092249175758121851e+02
8.974474474474474661e+00 2.094007478163919700e+02
8.991491491491492738e+00 2.095768458762451019e+02
9.008508508508509038e+00 2.097532102473236648e+02
9.025525525525527115e+00 2.099298394103802821e+02
9.042542542542543416e+00 2.101067318349721518e+02
9.059559559559559716e+00 2.102838859794663051e+02
9.076576576576577793e+00 2.104613002910442958e+02
9.093593593593594093e+00 2.106389732057080550e+02
9.110610610610612170e+00 2.108169031482858884e+02
9.127627627627628470e+00 2.109950885324387855e+02
9.144644644644644771e+00 2.111735277606673549e+02
9.161661661661662848e+00 2.113522192243190432e+02
9.178678678678679148e+00 2.115311613035956668e+02
9.195695695695697225e+00 2.117103523675616543e+02
9.212712712712713525e+00 2.118897907741524307e+02
9.229729729729729826e+00 2.120694748701833419e+02
9.246746746746747903e+00 2.122494029913591191e+02
9.263763763763764203e+00 2.124295734622833152e+02
9.280780780780782280e+00 2.126099845964690473e+02
9.297797797797798580e+00 2.127906346963488318e+02
9.314814814814814881e+00 2.129715220532862645e+02
9.331831831831832957e+00 2.131526449475870777e+02
9.348848848848849258e+00 2.133340016485112756e+02
9.365865865865867335e+00 2.135155904142853842e+02
9.382882882882883635e+00 2.136974094921148719e+02
9.399899899899899935e+00 2.138794571181978483e+02
9.416916916916918012e+00 2.140617315177381954e+02
9.433933933933934313e+00 2.142442309049598634e+02
9.450950950950952389e+00 2.144269534831210819e+02
9.467967967967968690e+00 2.146098974445296221e+02
9.484984984984984990e+00 2.147930609705576899e+02
9.502002002002003067e+00 2.149764422316582113e+02
9.519019019019019368e+00 2.151600393873804080e+02
9.536036036036037444e+00 2.153438505863867647e+02
9.553053053053053745e+00 2.155278739664701675e+02
9.570070070070070045e+00 2.157121076545712413e+02
9.587087087087088122e+00 2.158965497667964542e+02
9.604104104104104422e+00 2.160811984084362507e+02
9.621121121121122499e+00 2.162660516739842649e+02
9.638138138138138800e+00 2.164511076471561069e+02
9.655155155155156876e+00 2.166363644009093434e+02
9.672172172172173177e+00 2.168218199974638196e+02
9.689189189189189477e+00 2.170074724883217243e+02
9.706206206206207554e+00 2.171933199142892477e+02
9.723223223223223854e+00 2.173793603054975847e+02
9.740240240240241931e+00 2.175655916814250759e+02
9.757257257257258232e+00 2.177520120509194044e+02
9.774274274274274532e+00 2.179386194122207598e+02
9.791291291291292609e+00 2.181254117529846042e+02
9.808308308308308909e+00 2.183123870503057447e+02
9.825325325325326986e+00 2.184995432707424357e+02
9.842342342342343287e+00 2.186868783703407075e+02
9.859359359359359587e+00 2.188743902946598610e+02
9.876376376376377664e+00 2.190620769787975632e+02
9.893393393393393964e+00 2.192499363474158258e+02
9.910410410410412041e+00 2.194379663147677775e+02
9.927427427427428341e+00 2.196261647847239260e+02
9.944444444444444642e+00 2.198145296508000115e+02
9.961461461461462719e+00 2.200030587961843480e+02
9.978478478478479019e+00 2.201917500937662453e+02
9.995495495495497096e+00 2.203806014061642600e+02
1.001251251251251340e+01 2.205696105857559246e+02
1.002952952952952970e+01 2.207587754747066242e+02
1.004654654654654777e+01 2.209480939050001496e+02
1.006356356356356407e+01 2.211375636984686253e+02
1.008058058058058215e+01 2.213271826668238020e+02
1.009759759759759845e+01 2.215169486116882354e+02
1.011461461461461475e+01 2.217068593246270041e+02
1.013163163163163283e+01 2.218969125871800827e+02
1.014864864864864913e+01 2.220871061708949128e+02
1.016566566566566721e+01 2.222774378373596562e+02
1.018268268268268351e+01 2.224679053382368465e+02
1.019969969969969981e+01 2.226585064152972677e+02
1.021671671671671788e+01 2.228492388004545717e+02
1.023373373373373418e+01 2.230401002157999528e+02
1.025075075075075226e+01 2.232310883736381584e+02
1.026776776776776856e+01 2.234222009765225607e+02
1.028478478478478486e+01 2.236134357172922194e+02
1.030180180180180294e+01 2.238047902791080901e+02
1.031881881881881924e+01 2.239962623354904281e+02
1.033583583583583732e+01 2.241878495503564181e+02
1.035285285285285362e+01 2.243795495780582883e+02
1.036986986986986992e+01 2.245713600634217642e+02
1.038688688688688799e+01 2.247632786417853765e+02
1.040390390390390429e+01 2.249553029390394272e+02
1.042092092092092237e+01 2.251474305716664333e+02
1.043793793793793867e+01 2.253396591467810595e+02
1.045495495495495675e+01 2.255319862621708751e+02
1.047197197197197305e+01 2.257244095063380769e+02
1.048898898898898935e+01 2.259169264585406154e+02
1.050600600600600742e+01 2.261095346888348558e+02
1.052302302302302373e+01 2.263022317581176139e+02
1.054004004004004180e+01 2.264950152181696694e+02
1.055705705705705810e+01 2.266878826116989103e+02
1.057407407407407440e+01 2.268808314723844433e+02
1.059109109109109248e+01 2.270738593249208748e+02
1.060810810810810878e+01 2.272669636850629900e+02
1.062512512512512686e+01 2.274601420596714547e+02
1.064214214214214316e+01 2.276533919467577505e+02
1.065915915915915946e+01 2.278467108355312689e+02
1.067617617617617753e+01 2.280400962064449288e+02
1.069319319319319384e+01 2.282335455312427825e+02
1.071021021021021191e+01 2.284270562730073095e+02
1.072722722722722821e+01 2.286206258862073923e+02
1.074424424424424451e+01 2.288142518167463209e+02
1.076126126126126259e+01 2.290079315020111608e+02
1.077827827827827889e+01 2.292016623709212411e+02
1.079529529529529697e+01 2.293954418439783467e+02
1.081231231231231327e+01 2.295892673333166272e+02
1.082932932932932957e+01 2.297831362427529029e+02
1.084634634634634764e+01 2.299770459678378529e+02
1.086336336336336394e+01 2.301709938959073156e+02
1.088038038038038202e+01 2.303649774061341873e+02
1.089739739739739832e+01 2.305589938695803767e+02
1.091441441441441462e+01 2.307530406492496695e+02
1.093143143143143270e+01 2.309471151001408202e+02
1.094844844844844900e+01 2.311412145693009847e+02
1.096546546546546708e+01 2.313353363958799207e+02
1.098248248248248338e+01 2.315294779111837613e+02
1.099949949949949968e+01 2.317236364387306082e+02
1.101651651651651775e+01 2.319178092943050160e+02
1.103353353353353405e+01 2.321119937860140681e+02
1.105055055055055213e+01 2.323061872143431401e+02
1.106756756756756843e+01 2.325003868722127436e+02
1.108458458458458473e+01 2.326945900450349995e+02
1.110160160160160281e+01 2.328887940107713348e+02
1.111861861861861911e+01 2.330829960399898937e+02
1.113563563563563719e+01 2.332771933959236037e+02
1.115265265265265349e+01 2.334713833345292073e+02
1.116966966966966979e+01 2.336655631045456403e+02
1.118668668668668786e+01 2.338597299475539444e+02
1.120370370370370416e+01 2.340538810980364417e+02
1.122072072072072224e+01 2.342480137834375000e+02
1.123773773773773854e+01 2.344421252242237017e+02
1.125475475475475662e+01 2.346362126339449787e+02
1.127177177177177292e+01 2.348302732192960320e+02
1.128878878878878922e+01 2.350243041801780635e+02
1.130580580580580730e+01 2.352183027097610477e+02
1.132282282282282360e+01 2.354122659945461180e+02
1.133983983983984167e+01 2.356061912144289181e+02
1.135685685685685797e+01 2.358000755427625847e+02
1.137387387387387427e+01 2.359939161464216113e+02
1.139089089089089235e+01 2.361877101858661945e+02
1.140790790790790865e+01 2.363814548152066379e+02
1.142492492492492673e+01 2.365751471822682674e+02
1.144194194194194303e+01 2.367687844286568861e+02
1.145895895895895933e+01 2.369623636898242864e+02
1.147597597597597741e+01 2.371558820951343591e+02
1.149299299299299371e+01 2.373493367679297990e+02
1.151001001001001178e+01 2.375427248255986967e+02
1.152702702702702808e+01 2.377360433796416714e+02
1.154404404404404438e+01 2.379292895357398834e+02
1.156106106106106246e+01 2.381224603938226778e+02
1.157807807807807876e+01 2.383155530481358255e+02
1.159509509509509684e+01 2.385085645873106159e+02
1.161211211211211314e+01 2.387014920944325240e+02
1.162912912912912944e+01 2.388943326471108719e+02
1.164614614614614752e+01 2.390870833175485188e+02
1.166316316316316382e+01 2.392797411726122050e+02
1.168018018018018189e+01 2.394723032739027531e+02
1.169719719719719819e+01 2.396647666778263783e+02
1.171421421421421449e+01 2.398571284356654303e+02
1.173123123123123257e+01 2.400493855936501291e+02
1.174824824824824887e+01 2.402415351930307565e+02
1.176526526526526695e+01 2.404335742701497622e+02
1.178228228228228325e+01 2.406254998565141534e+02
1.179929929929929955e+01 2.408173089788687662e+02
1.181631631631631763e+01 2.410089986592695652e+02
1.183333333333333393e+01 2.412005659151569148e+02
1.185035035035035200e+01 2.413920077594299869e+02
1.186736736736736830e+01 2.415833212005209418e+02
1.188438438438438460e+01 2.417745032424694500e+02
1.190140140140140268e+01 2.419655508849979242e+02
1.191841841841841898e+01 2.421564611235863254e+02
1.193543543543543706e+01 2.423472309495482762e+02
1.195245245245245336e+01 2.425378573501069468e+02
1.196946946946946966e+01 2.427283373084709410e+02
1.198648648648648773e+01 2.429186678039114327e+02
1.200350350350350404e+01 2.431088458118384494e+02
1.202052052052052211e+01 2.432988683038787485e+02
1.203753753753753841e+01 2.434887322479525835e+02
1.205455455455455649e+01 2.436784346083521768e+02
1.207157157157157279e+01 2.438679723458195667e+02
1.208858858858858909e+01 2.440573424176249091e+02
1.210560560560560717e+01 2.442465417776455752e+02
1.212262262262262347e+01 2.444355673764446237e+02
1.213963963963964154e+01 2.446244161613508936e+02
1.215665665665665784e+01 2.448130850765376465e+02
1.217367367367367414e+01 2.450015710631033414e+02
1.219069069069069222e+01 2.451898710591512440e+02
1.220770770770770852e+01 2.453779819998700304e+02
1.222472472472472660e+01 2.455659008176148177e+02
1.224174174174174290e+01 2.457536244419877676e+02
1.225875875875875920e+01 2.459411497999196001e+02
1.227577577577577728e+01 2.461284738157510787e+02
1.229279279279279358e+01 2.463155934113148930e+02
1.230980980980981165e+01 2.465025055060177124e+02
1.232682682682682795e+01 2.466892070169225235e+02
1.234384384384384425e+01 2.468756948588313662e+02
1.236086086086086233e+01 2.470619659443682394e+02
1.237787787787787863e+01 2.472480171840618652e+02
1.239489489489489671e+01 2.474338454864294192e+02
1.241191191191191301e+01 2.476194477580602324e+02
1.242892892892892931e+01 2.478048209036991238e+02
1.244594594594594739e+01 2.479899618263313528e+02
1.246296296296296369e+01 2.481748674272660651e+02
1.247997997997998176e+01 2.483595346062216436e+02
1.249699699699699806e+01 2.485439602614101204e+02
1.251401401401401436e+01 2.487281412896221582e+02
1.253103103103103244e+01 2.489120745863125137e+02
1.254804804804804874e+01 2.490957570456856729e+02
1.256506506506506682e+01 2.492791855607812579e+02
1.258208208208208312e+01 2.494623570235601449e+02
1.259909909909909942e+01 2.496452683249905817e+02
1.261611611611611750e+01 2.498279163551343345e+02
1.263313313313313380e+01 2.500102980032338564e+02
1.265015015015015187e+01 2.501924101577982071e+02
1.266716716716716817e+01 2.503742497066907333e+02
1.268418418418418447e+01 2.505558135372158972e+02
1.270120120120120255e+01 2.507370985362068723e+02
1.271821821821821885e+01 2.509181015901127125e+02
1.273523523523523693e+01 2.510988195850863747e+02
1.275225225225225323e+01 2.512792494070726264e+02
1.276926926926926953e+01 2.514593879418960682e+02
1.278628628628628761e+01 2.516392320753495255e+02
1.280330330330330391e+01 2.518187786932823826e+02
1.282032032032032198e+01 2.519980246816893441e+02
1.283733733733733828e+01 2.521769669267990253e+02
1.285435435435435636e+01 2.523556023151630541e+02
1.287137137137137266e+01 2.525339277337452017e+02
1.288838838838838896e+01 2.527119400700106269e+02
1.290540540540540704e+01 2.528896362120152617e+02
1.292242242242242334e+01 2.530670130484953688e+02
1.293943943943944141e+01 2.532440674689575530e+02
1.295645645645645772e+01 2.534207963637681473e+02
1.297347347347347402e+01 2.535971966242435087e+02
1.299049049049049209e+01 2.537732651427401152e+02
1.300750750750750839e+01 2.539489988127448328e+02
1.302452452452452647e+01 2.541243945289654107e+02
1.304154154154154277e+01 2.542994491874208052e+02
1.305855855855855907e+01 2.544741596855319017e+02
1.307557557557557715e+01 2.546485229222124644e+02
1.309259259259259345e+01 2.548225357979597732e+02
1.310960960960961152e+01 2.549961952149456010e+02
1.312662662662662783e+01 2.551694980771075052e+02
1.314364364364364413e+01 2.553424412902400036e+02
1.316066066066066220e+01 2.555150217620856665e+02
1.317767767767767850e+01 2.556872364024267199e+02
1.319469469469469658e+01 2.558590821231764494e+02
1.321171171171171288e+01 2.560305558384706046e+02
1.322872872872872918e+01 2.562016544647594856e+02
1.324574574574574726e+01 2.563723749208992899e+02
1.326276276276276356e+01 2.565427141282439720e+02
1.327977977977978163e+01 2.567126690107374998e+02
1.329679679679679793e+01 2.568822364950053725e+02
1.331381381381381424e+01 2.570514135104465936e+02
1.333083083083083231e+01 2.572201969893263254e+02
1.334784784784784861e+01 2.573885838668674637e+02
1.336486486486486669e+01 2.575565710813431224e+02
1.338188188188188299e+01 2.577241555741687193e+02
1.339889889889889929e+01 2.578913342899946883e+02
1.341591591591591737e+01 2.580581041767980537e+02
1.343293293293293367e+01 2.582244621859754830e+02
1.344994994994995174e+01 2.583904052724354301e+02
1.346696696696696804e+01 2.585559303946905629e+02
1.348398398398398434e+01 2.587210345149503041e+02
1.350100100100100242e+01 2.588857145992134292e+02
1.351801801801801872e+01 2.590499676173603802e+02
1.353503503503503680e+01 2.592137905432457501e+02
1.355205205205205310e+01 2.593771803547911077e+02
1.356906906906906940e+01 2.595401340340772549e+02
1.358608608608608748e+01 2.597026485674369951e+02
1.360310310310310378e+01 2.598647209455476172e+02
1.362012012012012185e+01 2.600263481635234939e+02
1.363713713713713815e+01 2.601875272210083949e+02
1.365415415415415623e+01 2.603482551222683696e+02
1.367117117117117253e+01 2.605085288762838900e+02
1.368818818818818883e+01 2.606683454968426759e+02
1.370520520520520691e+01 2.608277020026319519e+02
1.372222222222222321e+01 2.609865954173311025e+02
1.373923923923924129e+01 2.611450227697038144e+02
1.375625625625625759e+01 2.613029810936907893e+02
1.377327327327327389e+01 2.614604674285014880e+02
1.379029029029029196e+01 2.616174788187071840e+02
1.380730730730730826e+01 2.617740123143327082e+02
1.382432432432432634e+01 2.619300649709489335e+02
1.384134134134134264e+01 2.620856338497644629e+02
1.385835835835835894e+01 2.622407160177184551e+02
1.387537537537537702e+01 2.623953085475717444e+02
1.389239239239239332e+01 2.625494085179996091e+02
1.390940940940941140e+01 2.627030130136831190e+02
1.392642642642642770e+01 2.628561191254010510e+02
1.394344344344344400e+01 2.630087239501218619e+02
1.396046046046046207e+01 2.631608245910952064e+02
1.397747747747747837e+01 2.633124181579431706e+02
1.399449449449449645e+01 2.634635017667521879e+02
1.401151151151151275e+01 2.636140725401639884e+02
1.402852852852852905e+01 2.637641276074674579e+02
1.404554554554554713e+01 2.639136641046890759e+02
1.406256256256256343e+01 2.640626791746845470e+02
1.407957957957958151e+01 2.642111699672295799e+02
1.409659659659659781e+01 2.643591336391106097e+02
1.411361361361361411e+01 2.645065673542154627e+02
1.413063063063063218e+01 2.646534682836240222e+02
1.414764764764764848e+01 2.647998336056990070e+02
1.416466466466466656e+01 2.649456605061758410e+02
1.418168168168168286e+01 2.650909461782528638e+02
1.419869869869869916e+01 2.652356878226819390e+02
1.421571571571571724e+01 2.653798826478575279e+02
1.423273273273273354e+01 2.655235278699070705e+02
1.424974974974975162e+01 2.656666207127804000e+02
1.426676676676676792e+01 2.658091584083392718e+02
1.428378378378378422e+01 2.659511381964465500e+02
1.430080080080080229e+01 2.660925573250552816e+02
1.431781781781781859e+01 2.662334130502979406e+02
1.433483483483483667e+01 2.663737026365749330e+02
1.435185185185185297e+01 2.665134233566432158e+02
1.436886886886887105e+01 2.666525724917050866e+02
1.438588588588588735e+01 2.667911473314958926e+02
1.440290290290290365e+01 2.669291451743725929e+02
1.441991991991992172e+01 2.670665633274015249e+02
1.443693693693693803e+01 2.672033991064457723e+02
1.445395395395395610e+01 2.673396498362527609e+02
1.447097097097097240e+01 2.674753128505419681e+02
1.448798798798798870e+01 2.676103854920912681e+02
1.450500500500500678e+01 2.677448651128246411e+02
1.452202202202202308e+01 2.678787490738977795e+02
1.453903903903904116e+01 2.680120347457856269e+02
1.455605605605605746e+01 2.681447195083677002e+02
1.457307307307307376e+01 2.682768007510144344e+02
1.459009009009009183e+01 2.684082758726727889e+02
1.460710710710710813e+01 2.685391422819518539e+02
1.462412412412412621e+01 2.686693973972083995e+02
1.464114114114114251e+01 2.687990386466312316e+02
1.465815815815815881e+01 2.689280634683263997e+02
1.467517517517517689e+01 2.690564693104017806e+02
1.469219219219219319e+01 2.691842536310510923e+02
1.470920920920921127e+01 2.693114138986380794e+02
1.472622622622622757e+01 2.694379475917801301e+02
1.474324324324324387e+01 2.695638521994319490e+02
1.476026026026026194e+01 2.696891252209688332e+02
1.477727727727727824e+01 2.698137641662689816e+02
1.479429429429429632e+01 2.699377665557970545e+02
1.481131131131131262e+01 2.700611299206859144e+02
1.482832832832832892e+01 2.701838518028188787e+02
1.484534534534534700e+01 2.703059297549117446e+02
1.486236236236236330e+01 2.704273613405939045e+02
1.487937937937938138e+01 2.705481441344900873e+02
1.489639639639639768e+01 2.706682757223006774e+02
1.491341341341341398e+01 2.707877537008828313e+02
1.493043043043043205e+01 2.709065756783303982e+02
1.494744744744744835e+01 2.710247392740541272e+02
1.496446446446446643e+01 2.711422421188613043e+02
1.498148148148148273e+01 2.712590818550353333e+02
1.499849849849849903e+01 2.713752561364141229e+02
1.501551551551551711e+01 2.714907626284696107e+02
1.503253253253253341e+01 2.716055990083853544e+02
1.504954954954955149e+01 2.717197629651353168e+02
1.506656656656656779e+01 2.718332521995608886e+02
1.508358358358358409e+01 2.719460644244487639e+02
1.510060060060060216e+01 2.720581973646078495e+02
1.511761761761761846e+01 2.721696487569457190e+02
1.513463463463463654e+01 2.722804163505449537e+02
1.515165165165165284e+01 2.723904979067395971e+02
1.516866866866867092e+01 2.724998911991899035e+02
1.518568568568568722e+01 2.726085940139583954e+02
1.520270270270270352e+01 2.727166041495842705e+02
1.521971971971972160e+01 2.728239194171580380e+02
1.523673673673673790e+01 2.729305376403957553e+02
1.525375375375375597e+01 2.730364566557124704e+02
1.527077077077077227e+01 2.731416743122959474e+02
1.528778778778778857e+01 2.732461884721793126e+02
1.530480480480480665e+01 2.733499970103141550e+02
1.532182182182182295e+01 2.734530978146420921e+02
1.533883883883884103e+01 2.735554887861671887e+02
1.535585585585585733e+01 2.736571678390268403e+02
1.537287287287287363e+01 2.737581329005633961e+02
1.538988988988989171e+01 2.738583819113939626e+02
1.540690690690690801e+01 2.739579128254816283e+02
1.542392392392392608e+01 2.740567236102042443e+02
1.544094094094094238e+01 2.741548122464245125e+02
1.545795795795795868e+01 2.742521767285586520e+02
1.547497497497497676e+01 2.743488150646450094e+02
1.549199199199199306e+01 2.744447252764121572e+02
1.550900900900901114e+01 2.745399053993464236e+02
1.552602602602602744e+01 2.746343534827594794e+02
1.554304304304304374e+01 2.747280675898549589e+02
1.556006006006006182e+01 2.748210457977949659e+02
1.557707707707707812e+01 2.749132861977658422e+02
1.559409409409409619e+01 2.750047868950436509e+02
1.561111111111111249e+01 2.750955460090594897e+02
1.562812812812812879e+01 2.751855616734637806e+02
1.564514514514514687e+01 2.752748320361910714e+02
1.566216216216216317e+01 2.753633552595225638e+02
1.567917917917918125e+01 2.754511295201505732e+02
1.569619619619619755e+01 2.755381530092405455e+02
1.571321321321321385e+01 2.756244239324938121e+02
1.573023023023023192e+01 2.757099405102087530e+02
1.574724724724724823e+01 2.757947009773430977e+02
1.576426426426426630e+01 2.758787035835741790e+02
1.578128128128128260e+01 2.759619465933595848e+02
1.579829829829829890e+01 2.760444282859970713e+02
1.581531531531531698e+01 2.761261469556839074e+02
1.583233233233233328e+01 2.762071009115758784e+02
1.584934934934935136e+01 2.762872884778460616e+02
1.586636636636636766e+01 2.763667079937423523e+02
1.588338338338338396e+01 2.764453578136453871e+02
1.590040040040040203e+01 2.765232363071253303e+02
1.591741741741741833e+01 2.766003418589983198e+02
1.593443443443443641e+01 2.766766728693825144e+02
1.595145145145145271e+01 2.767522277537538571e+02
1.596846846846847079e+01 2.768270049430004178e+02
1.598548548548548709e+01 2.769010028834775881e+02
1.600250250250250161e+01 2.769742200370618548e+02
1.601951951951951969e+01 2.770466548812037786e+02
1.603653653653653777e+01 2.771183059089815401e+02
1.605355355355355584e+01 2.771891716291528951e+02
1.607057057057057392e+01 2.772592505662074132e+02
1.608758758758758844e+01 2.773285412604175804e+02
1.610460460460460652e+01 2.773970422678897307e+02
1.612162162162162105e+01 2.774647521606142959e+02
1.613863863863863912e+01 2.775316695265156568e+02
1.615565565565565720e+01 2.775977929695013700e+02
1.617267267267267528e+01 2.776631211095107119e+02
1.618968968968969335e+01 2.777276525825629392e+02
1.620670670670670788e+01 2.777913860408050937e+02
1.622372372372372595e+01 2.778543201525585005e+02
1.624074074074074048e+01 2.779164536023659480e+02
1.625775775775775855e+01 2.779777850910372763e+02
1.627477477477477663e+01 2.780383133356947951e+02
1.629179179179179471e+01 2.780980370698183037e+02
1.630880880880881278e+01 2.781569550432892015e+02
1.632582582582582731e+01 2.782150660224344847e+02
1.634284284284284183e+01 2.782723687900695495e+02
1.635985985985985991e+01 2.783288621455413931e+02
1.637687687687687799e+01 2.783845449047699958e+02
1.639389389389389606e+01 2.784394159002903848e+02
1.641091091091091414e+01 2.784934739812929934e+02
1.642792792792792866e+01 2.785467180136645311e+02
1.644494494494494674e+01 2.785991468800276607e+02
1.646196196196196126e+01 2.786507594797799356e+02
1.647897897897897934e+01 2.787015547291324538e+02
1.649599599599599742e+01 2.787515315611482265e+02
1.651301301301301550e+01 2.788006889257794683e+02
1.653003003003003002e+01 2.788490257899042604e+02
1.654704704704704810e+01 2.788965411373631014e+02
1.656406406406406617e+01 2.789432339689947753e+02
1.658108108108108425e+01 2.789891033026707987e+02
1.659809809809809877e+01 2.790341481733308910e+02
1.661511511511511685e+01 2.790783676330162280e+02
1.663213213213213493e+01 2.791217607509029790e+02
1.664914914914914945e+01 2.791643266133349925e+02
1.666616616616616753e+01 2.792060643238561966e+02
1.668318318318318561e+01 2.792469730032421467e+02
1.670020020020020013e+01 2.792870517895305511e+02
1.671721721721721821e+01 2.793262998380520230e+02
1.673423423423423628e+01 2.793647163214598663e+02
1.675125125125125436e+01 2.794023004297589523e+02
1.676826826826826888e+01 2.794390513703347096e+02
1.678528528528528696e+01 2.794749683679803525e+02
1.680230230230230504e+01 2.795100506649250178e+02
1.681931931931931956e+01 2.795442975208599137e+02
1.683633633633633764e+01 2.795777082129648647e+02
1.685335335335335571e+01 2.796102820359333236e+02
1.687037037037037024e+01 2.796420183019976662e+02
1.688738738738738832e+01 2.796729163409534067e+02
1.690440440440440639e+01 2.797029755001826743e+02
1.692142142142142447e+01 2.797321951446772914e+02
1.693843843843843899e+01 2.797605746570615111e+02
1.695545545545545707e+01 2.797881134376133332e+02
1.697247247247247515e+01 2.798148109042862188e+02
1.698948948948948967e+01 2.798406664927290421e+02
1.700650650650650775e+01 2.798656796563065541e+02
1.702352352352352582e+01 2.798898498661186522e+02
1.704054054054054035e+01 2.799131766110184572e+02
1.705755755755755843e+01 2.799356593976315253e+02
1.707457457457457650e+01 2.799572977503720494e+02
1.709159159159159458e+01 2.799780912114605940e+02
1.710860860860860910e+01 2.799980393409398403e+02
1.712562562562562718e+01 2.800171417166902756e+02
1.714264264264264526e+01 2.800353979344450295e+02
1.715965965965965978e+01 2.800528076078043114e+02
1.717667667667667786e+01 2.800693703682490536e+02
1.719369369369369593e+01 2.800850858651537010e+02
1.721071071071071401e+01 2.800999537657993415e+02
1.722772772772772854e+01 2.801139737553842792e+02
1.724474474474474661e+01 2.801271455370364833e+02
1.726176176176176469e+01 2.801394688318230237e+02
1.727877877877877921e+01 2.801509433787608714e+02
1.729579579579579729e+01 2.801615689348251408e+02
1.731281281281281537e+01 2.801713452749586395e+02
1.732982982982982989e+01 2.801802721920792578e+02
1.734684684684684797e+01 2.801883494970874722e+02
1.736386386386386604e+01 2.801955770188730526e+02
1.738088088088088412e+01 2.802019546043210880e+02
1.739789789789789864e+01 2.802074821183173867e+02
1.741491491491491672e+01 2.802121594437534213e+02
1.743193193193193480e+01 2.802159864815303081e+02
1.744894894894894932e+01 2.802189631505621037e+02
1.746596596596596740e+01 2.802210893877794433e+02
1.748298298298298548e+01 2.802223651481308480e+02
1.750000000000000000e+01 2.802227904045847708e+02
