5.000000000000000000e-01 9.531005742491298349e+01
5.195195195195194682e-01 9.532766249569775141e+01
5.390390390390390474e-01 9.534533329345104846e+01
5.585585585585585155e-01 9.536307033931375088e+01
5.780780780780780947e-01 9.538087415541136238e+01
5.975975975975975629e-01 9.539874526485201045e+01
6.171171171171171421e-01 9.541668419172506788e+01
6.366366366366366103e-01 9.543469146109892165e+01
6.561561561561561895e-01 9.545276759901931030e+01
6.756756756756756577e-01 9.547091313250719224e+01
6.951951951951952369e-01 9.548912858955675631e+01
7.147147147147147050e-01 9.550741449913306269e+01
7.342342342342342842e-01 9.552577139116999660e+01
7.537537537537537524e-01 9.554419979656785245e+01
7.732732732732732206e-01 9.556270024719088951e+01
7.927927927927927998e-01 9.558127327586487354e+01
8.123123123123123790e-01 9.559991941637446189e+01
8.318318318318318472e-01 9.561863920346064560e+01
8.513513513513513153e-01 9.563743317281790723e+01
8.708708708708708945e-01 9.565630186109137867e+01
8.903903903903904737e-01 9.567524580587399896e+01
9.099099099099099419e-01 9.569426554570351584e+01
9.294294294294294101e-01 9.571336162005931669e+01
9.489489489489489893e-01 9.573253456935937322e+01
9.684684684684684575e-01 9.575178493495697296e+01
9.879879879879880367e-01 9.577111325913728024e+01
1.007507507507507505e+00 9.579052008511401084e+01
1.027027027027027195e+00 9.581000595702599298e+01
1.046546546546546441e+00 9.582957141993327355e+01
1.066066066066066131e+00 9.584921701981387798e+01
1.085585585585585600e+00 9.586894330355963234e+01
1.105105105105105068e+00 9.588875081897253949e+01
1.124624624624624758e+00 9.590864011476078588e+01
1.144144144144144004e+00 9.592861174053463458e+01
1.163663663663663694e+00 9.594866624680238942e+01
1.183183183183183163e+00 9.596880418496614595e+01
1.202702702702702631e+00 9.598902610731745710e+01
1.222222222222222321e+00 9.600933256703301311e+01
1.241741741741741789e+00 9.602972411817005138e+01
1.261261261261261257e+00 9.605020131566190855e+01
1.280780780780780947e+00 9.607076471531328821e+01
1.300300300300300194e+00 9.609141487379545765e+01
1.319819819819819884e+00 9.611215234864145884e+01
1.339339339339339352e+00 9.613297769824120564e+01
1.358858858858858820e+00 9.615389148183629686e+01
1.378378378378378510e+00 9.617489425951512771e+01
1.397897897897897979e+00 9.619598659220739023e+01
1.417417417417417447e+00 9.621716904167902840e+01
1.436936936936936915e+00 9.623844217052662486e+01
1.456456456456456383e+00 9.625980654217205768e+01
1.475975975975976073e+00 9.628126272085670223e+01
1.495495495495495542e+00 9.630281127163601695e+01
1.515015015015015010e+00 9.632445276037348947e+01
1.534534534534534478e+00 9.634618775373493804e+01
1.554054054054054168e+00 9.636801681918248619e+01
1.573573573573573636e+00 9.638994052496840936e+01
1.593093093093093104e+00 9.641195944012908114e+01
1.612612612612612573e+00 9.643407413447866361e+01
1.632132132132132263e+00 9.645628517860269824e+01
1.651651651651651731e+00 9.647859314385175367e+01
1.671171171171171199e+00 9.650099860233471816e+01
1.690690690690690667e+00 9.652350212691230524e+01
1.710210210210210358e+00 9.654610429119017567e+01
1.729729729729729826e+00 9.656880566951218725e+01
1.749249249249249294e+00 9.659160683695331784e+01
1.768768768768768762e+00 9.661450836931275887e+01
1.788288288288288230e+00 9.663751084310671047e+01
1.807807807807807920e+00 9.666061483556102019e+01
1.827327327327327389e+00 9.668382092460402077e+01
1.846846846846846857e+00 9.670712968885899841e+01
1.866366366366366325e+00 9.673054170763658988e+01
1.885885885885886015e+00 9.675405756092726506e+01
1.905405405405405483e+00 9.677767782939338304e+01
1.924924924924924952e+00 9.680140309436160351e+01
1.944444444444444420e+00 9.682523393781468712e+01
1.963963963963964110e+00 9.684917094238353741e+01
1.983483483483483578e+00 9.687321469133912899e+01
2.003003003003002824e+00 9.689736576858409478e+01
2.022522522522522515e+00 9.692162475864442683e+01
2.042042042042042205e+00 9.694599224666116299e+01
2.061561561561561895e+00 9.697046881838149091e+01
2.081081081081081141e+00 9.699505506015043466e+01
2.100600600600600387e+00 9.701975155890175984e+01
2.120120120120120077e+00 9.704455890214946123e+01
2.139639639639639768e+00 9.706947767797839788e+01
2.159159159159159458e+00 9.709450847503542548e+01
2.178678678678678704e+00 9.711965188252025882e+01
2.198198198198197950e+00 9.714490849017602159e+01
2.217717717717717640e+00 9.717027888827990978e+01
2.237237237237237331e+00 9.719576366763374153e+01
2.256756756756757021e+00 9.722136341955425110e+01
2.276276276276276267e+00 9.724707873586348228e+01
2.295795795795795957e+00 9.727291020887888351e+01
2.315315315315315203e+00 9.729885843140345969e+01
2.334834834834834894e+00 9.732492399671565408e+01
2.354354354354354584e+00 9.735110749855924439e+01
2.373873873873873830e+00 9.737740953113323883e+01
2.393393393393393520e+00 9.740383068908124642e+01
2.412912912912912766e+00 9.743037156748127359e+01
2.432432432432432456e+00 9.745703276183508024e+01
2.451951951951952147e+00 9.748381486805743634e+01
2.471471471471471837e+00 9.751071848246543539e+01
2.490990990990991083e+00 9.753774420176765148e+01
2.510510510510510773e+00 9.756489262305299803e+01
2.530030030030030019e+00 9.759216434377971439e+01
2.549549549549549710e+00 9.761955996176422445e+01
2.569069069069068956e+00 9.764708007516975385e+01
2.588588588588588646e+00 9.767472528249487596e+01
2.608108108108108336e+00 9.770249618256208635e+01
2.627627627627627582e+00 9.773039337450600783e+01
2.647147147147147273e+00 9.775841745776179437e+01
2.666666666666666963e+00 9.778656903205326500e+01
2.686186186186186209e+00 9.781484869738086729e+01
2.705705705705705899e+00 9.784325705400959805e+01
2.725225225225225145e+00 9.787179470245690993e+01
2.744744744744744835e+00 9.790046224348039061e+01
2.764264264264264526e+00 9.792926027806529987e+01
2.783783783783783772e+00 9.795818940741219194e+01
2.803303303303303462e+00 9.798725023292416836e+01
2.822822822822822708e+00 9.801644335619420190e+01
2.842342342342342398e+00 9.804576937899237521e+01
2.861861861861862089e+00 9.807522890325279263e+01
2.881381381381381335e+00 9.810482253106071937e+01
2.900900900900901025e+00 9.813455086463919486e+01
2.920420420420420715e+00 9.816441450633595878e+01
2.939939939939939961e+00 9.819441405860995076e+01
2.959459459459459651e+00 9.822455012401789531e+01
2.978978978978978898e+00 9.825482330520060259e+01
2.998498498498498588e+00 9.828523420486943962e+01
3.018018018018018278e+00 9.831578342579224739e+01
3.037537537537537524e+00 9.834647157077968416e+01
3.057057057057057214e+00 9.837729924267104309e+01
3.076576576576576461e+00 9.840826704432004135e+01
3.096096096096096151e+00 9.843937557858075138e+01
3.115615615615615841e+00 9.847062544829310582e+01
3.135135135135135087e+00 9.850201725626843086e+01
3.154654654654654777e+00 9.853355160527486589e+01
3.174174174174174468e+00 9.856522909802271215e+01
3.193693693693693714e+00 9.859705033714956812e+01
3.213213213213213404e+00 9.862901592520545080e+01
3.232732732732732650e+00 9.866112646463778901e+01
3.252252252252252340e+00 9.869338255777624624e+01
3.271771771771772030e+00 9.872578480681741553e+01
3.291291291291291277e+00 9.875833381380968490e+01
3.310810810810810967e+00 9.879103018063754860e+01
3.330330330330330213e+00 9.882387450900611725e+01
3.349849849849849903e+00 9.885686740042552856e+01
3.369369369369369593e+00 9.889000945619496008e+01
3.388888888888888840e+00 9.892330127738696888e+01
3.408408408408408530e+00 9.895674346483124850e+01
3.427927927927928220e+00 9.899033661909864179e+01
3.447447447447447466e+00 9.902408134048498312e+01
3.466966966966967156e+00 9.905797822899464222e+01
3.486486486486486402e+00 9.909202788432405384e+01
3.506006006006006093e+00 9.912623090584531838e+01
3.525525525525525783e+00 9.916058789258940465e+01
3.545045045045045029e+00 9.919509944322950901e+01
3.564564564564564719e+00 9.922976615606401651e+01
3.584084084084084409e+00 9.926458862899970370e+01
3.603603603603603656e+00 9.929956745953447239e+01
3.623123123123123346e+00 9.933470324474029667e+01
3.642642642642642592e+00 9.936999658124587143e+01
3.662162162162162282e+00 9.940544806521910459e+01
3.681681681681681972e+00 9.944105829234972305e+01
3.701201201201201219e+00 9.947682785783162274e+01
3.720720720720720909e+00 9.951275735634504827e+01
3.740240240240240155e+00 9.954884738203895722e+01
3.759759759759759845e+00 9.958509852851280186e+01
3.779279279279279535e+00 9.962151138879862344e+01
3.798798798798798781e+00 9.965808655534294758e+01
3.818318318318318472e+00 9.969482461998838119e+01
3.837837837837838162e+00 9.973172617395539419e+01
3.857357357357357408e+00 9.976879180782370327e+01
3.876876876876877098e+00 9.980602211151382619e+01
3.896396396396396344e+00 9.984341767426823822e+01
3.915915915915916035e+00 9.988097908463281271e+01
3.935435435435435725e+00 9.991870693043757967e+01
3.954954954954954971e+00 9.995660179877816631e+01
3.974474474474474661e+00 9.999466427599632823e+01
3.993993993993993907e+00 1.000328949476609779e+02
4.013513513513514042e+00 1.000712943985487016e+02
4.033033033033033732e+00 1.001098632126245036e+02
4.052552552552552534e+00 1.001486019730222097e+02
4.072072072072072224e+00 1.001875112620249126e+02
4.091591591591591914e+00 1.002265916610450915e+02
4.111111111111110716e+00 1.002658437506050575e+02
4.130630630630630407e+00 1.003052681103168595e+02
4.150150150150150097e+00 1.003448653188622472e+02
4.169669669669669787e+00 1.003846359539726620e+02
4.189189189189189477e+00 1.004245805924089865e+02
4.208708708708709167e+00 1.004646998099410666e+02
4.228228228228228858e+00 1.005049941813276178e+02
4.247747747747747660e+00 1.005454642802953344e+02
4.267267267267267350e+00 1.005861106795185975e+02
4.286786786786787040e+00 1.006269339505984988e+02
4.306306306306305842e+00 1.006679346640422210e+02
4.325825825825825532e+00 1.007091133892420203e+02
4.345345345345345223e+00 1.007504706944542079e+02
4.364864864864864913e+00 1.007920071467781611e+02
4.384384384384384603e+00 1.008337233121349641e+02
4.403903903903904293e+00 1.008756197552462623e+02
4.423423423423423984e+00 1.009176970396127473e+02
4.442942942942943674e+00 1.009599557274927690e+02
4.462462462462462476e+00 1.010023963798806506e+02
4.481981981981982166e+00 1.010450195564851299e+02
4.501501501501501856e+00 1.010878258157075038e+02
4.521021021021021546e+00 1.011308157146197573e+02
4.540540540540540349e+00 1.011739898089426930e+02
4.560060060060060039e+00 1.012173486530238478e+02
4.579579579579579729e+00 1.012608927998152240e+02
4.599099099099099419e+00 1.013046228008513481e+02
4.618618618618619109e+00 1.013485392062266470e+02
4.638138138138137911e+00 1.013926425645732365e+02
4.657657657657657602e+00 1.014369334230383117e+02
4.677177177177177292e+00 1.014814123272616371e+02
4.696696696696696982e+00 1.015260798213527806e+02
4.716216216216216672e+00 1.015709364478684762e+02
4.735735735735735474e+00 1.016159827477896158e+02
4.755255255255255165e+00 1.016612192604984131e+02
4.774774774774774855e+00 1.017066465237553814e+02
4.794294294294294545e+00 1.017522650736762131e+02
4.813813813813814235e+00 1.017980754447084450e+02
4.833333333333333925e+00 1.018440781696084372e+02
4.852852852852852727e+00 1.018902737794177398e+02
4.872372372372372418e+00 1.019366628034399156e+02
4.891891891891892108e+00 1.019832457692167083e+02
4.911411411411411798e+00 1.020300232025046796e+02
4.930930930930931488e+00 1.020769956272514349e+02
4.950450450450450290e+00 1.021241635655717914e+02
4.969969969969969981e+00 1.021715275377239465e+02
4.989489489489489671e+00 1.022190880620856603e+02
5.009009009009009361e+00 1.022668456551300267e+02
5.028528528528529051e+00 1.023148008314016408e+02
5.048048048048047853e+00 1.023629541034921147e+02
5.067567567567567544e+00 1.024113059820161453e+02
5.087087087087087234e+00 1.024598569755870301e+02
5.106606606606606924e+00 1.025086075907922805e+02
5.126126126126126614e+00 1.025575583321691369e+02
5.145645645645645416e+00 1.026067097021801544e+02
5.165165165165165106e+00 1.026560622011883481e+02
5.184684684684684797e+00 1.027056163274327503e+02
5.204204204204204487e+00 1.027553725770034845e+02
5.223723723723724177e+00 1.028053314438170247e+02
5.243243243243242979e+00 1.028554934195911983e+02
5.262762762762762669e+00 1.029058589938202886e+02
5.282282282282282360e+00 1.029564286537499953e+02
5.301801801801802050e+00 1.030072028843522673e+02
5.321321321321321740e+00 1.030581821683001920e+02
5.340840840840841430e+00 1.031093669859427280e+02
5.360360360360360232e+00 1.031607578152793678e+02
5.379879879879879923e+00 1.032123551319347854e+02
5.399399399399399613e+00 1.032641594091334127e+02
5.418918918918919303e+00 1.033161711176739601e+02
5.438438438438438993e+00 1.033683907259037937e+02
5.457957957957957795e+00 1.034208186996933705e+02
5.477477477477477485e+00 1.034734555024104878e+02
5.496996996996997176e+00 1.035263015948946475e+02
5.516516516516516866e+00 1.035793574354311346e+02
5.536036036036036556e+00 1.036326234797252965e+02
5.555555555555555358e+00 1.036861001808764371e+02
5.575075075075075048e+00 1.037397879893520383e+02
5.594594594594594739e+00 1.037936873529615838e+02
5.614114114114114429e+00 1.038477987168306100e+02
5.633633633633634119e+00 1.039021225233744730e+02
5.653153153153152921e+00 1.039566592122722000e+02
5.672672672672672611e+00 1.040114092204401857e+02
5.692192192192192302e+00 1.040663729820060439e+02
5.711711711711711992e+00 1.041215509282821614e+02
5.731231231231231682e+00 1.041769434877392939e+02
5.750750750750751372e+00 1.042325510859802336e+02
5.770270270270270174e+00 1.042883741457131777e+02
5.789789789789789864e+00 1.043444130867253676e+02
5.809309309309309555e+00 1.044006683258564436e+02
5.828828828828829245e+00 1.044571402769717565e+02
5.848348348348348935e+00 1.045138293509358078e+02
5.867867867867867737e+00 1.045707359555854907e+02
5.887387387387387427e+00 1.046278604957034730e+02
5.906906906906907118e+00 1.046852033729912250e+02
5.926426426426426808e+00 1.047427649860422747e+02
5.945945945945946498e+00 1.048005457303154486e+02
5.965465465465465300e+00 1.048585459981078003e+02
5.984984984984984990e+00 1.049167661785278653e+02
6.004504504504504681e+00 1.049752066574685756e+02
6.024024024024024371e+00 1.050338678175802727e+02
6.043543543543544061e+00 1.050927500382437501e+02
6.063063063063062863e+00 1.051518536955430392e+02
6.082582582582582553e+00 1.052111791622385795e+02
6.102102102102102243e+00 1.052707268077397913e+02
6.121621621621621934e+00 1.053304969980781891e+02
6.141141141141141624e+00 1.053904900958799828e+02
6.160660660660660426e+00 1.054507064603390489e+02
6.180180180180180116e+00 1.055111464471896454e+02
6.199699699699699806e+00 1.055718104086791271e+02
6.219219219219219497e+00 1.056326986935407319e+02
6.238738738738739187e+00 1.056938116469662390e+02
6.258258258258258877e+00 1.057551496105786697e+02
6.277777777777777679e+00 1.058167129224049461e+02
6.297297297297297369e+00 1.058785019168486485e+02
6.316816816816817060e+00 1.059405169246623757e+02
6.336336336336336750e+00 1.060027582729207438e+02
6.355855855855856440e+00 1.060652262849927041e+02
6.375375375375375242e+00 1.061279212805141299e+02
6.394894894894894932e+00 1.061908435753605886e+02
6.414414414414414622e+00 1.062539934816198013e+02
6.433933933933934313e+00 1.063173713075641444e+02
6.453453453453454003e+00 1.063809773576232942e+02
6.472972972972972805e+00 1.064448119323567425e+02
6.492492492492492495e+00 1.065088753284262850e+02
6.512012012012012185e+00 1.065731678385686223e+02
6.531531531531531876e+00 1.066376897515678479e+02
6.551051051051051566e+00 1.067024413522280213e+02
6.570570570570570368e+00 1.067674229213455703e+02
6.590090090090090058e+00 1.068326347356820776e+02
6.609609609609609748e+00 1.068980770679364412e+02
6.629129129129129439e+00 1.069637501867177605e+02
6.648648648648649129e+00 1.070296543565176108e+02
6.668168168168168819e+00 1.070957898376827444e+02
6.687687687687687621e+00 1.071621568863876064e+02
6.707207207207207311e+00 1.072287557546067944e+02
6.726726726726727001e+00 1.072955866900877879e+02
6.746246246246246692e+00 1.073626499363233933e+02
6.765765765765766382e+00 1.074299457325243594e+02
6.785285285285285184e+00 1.074974743135920363e+02
6.804804804804804874e+00 1.075652359100909621e+02
6.824324324324324564e+00 1.076332307482214219e+02
6.843843843843844255e+00 1.077014590497922057e+02
6.863363363363363945e+00 1.077699210321932810e+02
6.882882882882882747e+00 1.078386169083683512e+02
6.902402402402402437e+00 1.079075468867877845e+02
6.921921921921922127e+00 1.079767111714210159e+02
6.941441441441441818e+00 1.080461099617097318e+02
6.960960960960961508e+00 1.081157434525402721e+02
6.980480480480480310e+00 1.081856118342166724e+02
7.000000000000000000e+00 1.082557152924333934e+02
7.019519519519519690e+00 1.083260540082482493e+02
7.039039039039039380e+00 1.083966281580552788e+02
7.058558558558559071e+00 1.084674379135576601e+02
7.078078078078077873e+00 1.085384834417407802e+02
7.097597597597597563e+00 1.086097649048450791e+02
7.117117117117117253e+00 1.086812824603391903e+02
7.136636636636636943e+00 1.087530362608929977e+02
7.156156156156156634e+00 1.088250264543507768e+02
7.175675675675676324e+00 1.088972531837043221e+02
7.195195195195195126e+00 1.089697165870661024e+02
7.214714714714714816e+00 1.090424167976426304e+02
7.234234234234234506e+00 1.091153539437076176e+02
7.253753753753754197e+00 1.091885281485754717e+02
7.273273273273273887e+00 1.092619395305744376e+02
7.292792792792792689e+00 1.093355882030203077e+02
7.312312312312312379e+00 1.094094742741896766e+02
7.331831831831832069e+00 1.094835978472937086e+02
7.351351351351351759e+00 1.095579590204514915e+02
7.370870870870871450e+00 1.096325578866638182e+02
7.390390390390390252e+00 1.097073945337869674e+02
7.409909909909909942e+00 1.097824690445062714e+02
7.429429429429429632e+00 1.098577814963100820e+02
7.448948948948949322e+00 1.099333319614636224e+02
7.468468468468469013e+00 1.100091205069829812e+02
7.487987987987987815e+00 1.100851471946089220e+02
7.507507507507507505e+00 1.101614120807813748e+02
7.527027027027027195e+00 1.102379152166131462e+02
7.546546546546546885e+00 1.103146566478643820e+02
7.566066066066066576e+00 1.103916364149168032e+02
7.585585585585586266e+00 1.104688545527480272e+02
7.605105105105105068e+00 1.105463110909060589e+02
7.624624624624624758e+00 1.106240060534838108e+02
7.644144144144144448e+00 1.107019394590936088e+02
7.663663663663664138e+00 1.107801113208418542e+02
7.683183183183183829e+00 1.108585216463040126e+02
7.702702702702702631e+00 1.109371704374989918e+02
7.722222222222222321e+00 1.110160576908644572e+02
7.741741741741742011e+00 1.110951833972316791e+02
7.761261261261261701e+00 1.111745475418004929e+02
7.780780780780781392e+00 1.112541501041146716e+02
7.800300300300300194e+00 1.113339910580370713e+02
7.819819819819819884e+00 1.114140703717249181e+02
7.839339339339339574e+00 1.114943880076054512e+02
7.858858858858859264e+00 1.115749439223512240e+02
7.878378378378378954e+00 1.116557380668558324e+02
7.897897897897897757e+00 1.117367703862097272e+02
7.917417417417417447e+00 1.118180408196758719e+02
7.936936936936937137e+00 1.118995493006657540e+02
7.956456456456456827e+00 1.119812957567154115e+02
7.975975975975976517e+00 1.120632801094615587e+02
7.995495495495495319e+00 1.121455022746178116e+02
8.015015015015015010e+00 1.122279621619509840e+02
8.034534534534534700e+00 1.123106596752576536e+02
8.054054054054054390e+00 1.123935947123405867e+02
8.073573573573574080e+00 1.124767671649854321e+02
8.093093093093093771e+00 1.125601769189376142e+02
8.112612612612611684e+00 1.126438238538790699e+02
8.132132132132131375e+00 1.127277078434053834e+02
8.151651651651651065e+00 1.128118287550028072e+02
8.171171171171170755e+00 1.128961864500256240e+02
8.190690690690690445e+00 1.129807807836734099e+02
8.210210210210210136e+00 1.130656116049685949e+02
8.229729729729729826e+00 1.131506787567340240e+02
8.249249249249249516e+00 1.132359820755707460e+02
8.268768768768769206e+00 1.133215213918358160e+02
8.288288288288288896e+00 1.134072965296204529e+02
8.307807807807808587e+00 1.134933073067278428e+02
8.327327327327328277e+00 1.135795535346517227e+02
8.346846846846847967e+00 1.136660350185546235e+02
8.366366366366367657e+00 1.137527515572463557e+02
8.385885885885887348e+00 1.138397029431628056e+02
8.405405405405405261e+00 1.139268889623445205e+02
8.424924924924924952e+00 1.140143093944159318e+02
8.444444444444444642e+00 1.141019640125641672e+02
8.463963963963964332e+00 1.141898525835184444e+02
8.483483483483484022e+00 1.142779748675293661e+02
8.503003003003003712e+00 1.143663306183483712e+02
8.522522522522523403e+00 1.144549195832075412e+02
8.542042042042043093e+00 1.145437415027993779e+02
8.561561561561561007e+00 1.146327961112566101e+02
8.581081081081080697e+00 1.147220831361324969e+02
8.600600600600600387e+00 1.148116022983809899e+02
8.620120120120120077e+00 1.149013533123371786e+02
8.639639639639639768e+00 1.149913358856978789e+02
8.659159159159159458e+00 1.150815497195023767e+02
8.678678678678679148e+00 1.151719945081132295e+02
8.698198198198198838e+00 1.152626699391975365e+02
8.717717717717718529e+00 1.153535756937079384e+02
8.737237237237238219e+00 1.154447114458641295e+02
8.756756756756757909e+00 1.155360768631343831e+02
8.776276276276275823e+00 1.156276716062172341e+02
8.795795795795795513e+00 1.157194953290234878e+02
8.815315315315315203e+00 1.158115476786581297e+02
8.834834834834834894e+00 1.159038282954027324e+02
8.854354354354354584e+00 1.159963368126976206e+02
8.873873873873874274e+00 1.160890728571247621e+02
8.893393393393393964e+00 1.161820360483902874e+02
8.912912912912913654e+00 1.162752259993075654e+02
8.932432432432433345e+00 1.163686423157802636e+02
8.951951951951953035e+00 1.164622845967856790e+02
8.971471471471470949e+00 1.165561524343581681e+02
8.990990990990990639e+00 1.166502454135730318e+02
9.010510510510510329e+00 1.167445631125300736e+02
9.030030030030030019e+00 1.168391051023378395e+02
9.049549549549549710e+00 1.169338709470978586e+02
9.069069069069069400e+00 1.170288602038889394e+02
9.088588588588589090e+00 1.171240724227519365e+02
9.108108108108108780e+00 1.172195071466745446e+02
9.127627627627628470e+00 1.173151639115762350e+02
9.147147147147148161e+00 1.174110422462935333e+02
9.166666666666667851e+00 1.175071416725654103e+02
9.186186186186185765e+00 1.176034617050188587e+02
9.205705705705705455e+00 1.177000018511548092e+02
9.225225225225225145e+00 1.177967616113340057e+02
9.244744744744744835e+00 1.178937404787633199e+02
9.264264264264264526e+00 1.179909379394821656e+02
9.283783783783784216e+00 1.180883534723490840e+02
9.303303303303303906e+00 1.181859865490286978e+02
9.322822822822823596e+00 1.182838366339785949e+02
9.342342342342343287e+00 1.183819031844367657e+02
9.361861861861862977e+00 1.184801856504089841e+02
9.381381381381380891e+00 1.185786834746565148e+02
9.400900900900900581e+00 1.186773960926840488e+02
9.420420420420420271e+00 1.187763229327278651e+02
9.439939939939939961e+00 1.188754634157440790e+02
9.459459459459459651e+00 1.189748169553973014e+02
9.478978978978979342e+00 1.190743829580494264e+02
9.498498498498499032e+00 1.191741608227486040e+02
9.518018018018018722e+00 1.192741499412184396e+02
9.537537537537538412e+00 1.193743496978476770e+02
9.557057057057058103e+00 1.194747594696796114e+02
9.576576576576576016e+00 1.195753786264021983e+02
9.596096096096095707e+00 1.196762065303381632e+02
9.615615615615615397e+00 1.197772425364353808e+02
9.635135135135135087e+00 1.198784859922575521e+02
9.654654654654654777e+00 1.199799362379748828e+02
9.674174174174174468e+00 1.200815926063554713e+02
9.693693693693694158e+00 1.201834544227563555e+02
9.713213213213213848e+00 1.202855210051152710e+02
9.732732732732733538e+00 1.203877916639423518e+02
9.752252252252253228e+00 1.204902657023122430e+02
9.771771771771772919e+00 1.205929424158563847e+02
9.791291291291290833e+00 1.206958210927555228e+02
9.810810810810810523e+00 1.207989010137325749e+02
9.830330330330330213e+00 1.209021814520454825e+02
9.849849849849849903e+00 1.210056616734807164e+02
9.869369369369369593e+00 1.211093409363466833e+02
9.888888888888889284e+00 1.212132184914674582e+02
9.908408408408408974e+00 1.213172935821769869e+02
9.927927927927928664e+00 1.214215654443131456e+02
9.947447447447448354e+00 1.215260333062124687e+02
9.966966966966968045e+00 1.216306963887048624e+02
9.986486486486485958e+00 1.217355539051086737e+02
1.000600600600600565e+01 1.218406050612260003e+02
1.002552552552552534e+01 1.219458490553382859e+02
1.004504504504504503e+01 1.220512850782020138e+02
1.006456456456456472e+01 1.221569123130450549e+02
1.008408408408408441e+01 1.222627299355628026e+02
1.010360360360360410e+01 1.223687371139148468e+02
1.012312312312312379e+01 1.224749330087219477e+02
1.014264264264264348e+01 1.225813167730630227e+02
1.016216216216216317e+01 1.226878875524728016e+02
1.018168168168168286e+01 1.227946444849392549e+02
1.020120120120120077e+01 1.229015867009017597e+02
1.022072072072072046e+01 1.230087133232491965e+02
1.024024024024024015e+01 1.231160234673184846e+02
1.025975975975975985e+01 1.232235162408934883e+02
1.027927927927927954e+01 1.233311907442037807e+02
1.029879879879879923e+01 1.234390460699243164e+02
1.031831831831831892e+01 1.235470813031747213e+02
1.033783783783783861e+01 1.236552955215194061e+02
1.035735735735735830e+01 1.237636877949675238e+02
1.037687687687687799e+01 1.238722571859736235e+02
1.039639639639639590e+01 1.239810027494381899e+02
1.041591591591591559e+01 1.240899235327087240e+02
1.043543543543543528e+01 1.241990185755810359e+02
1.045495495495495497e+01 1.243082869103007653e+02
1.047447447447447466e+01 1.244177275615653144e+02
1.049399399399399435e+01 1.245273395465258091e+02
1.051351351351351404e+01 1.246371218747897842e+02
1.053303303303303373e+01 1.247470735484236712e+02
1.055255255255255342e+01 1.248571935619558957e+02
1.057207207207207311e+01 1.249674809023802595e+02
1.059159159159159280e+01 1.250779345491592096e+02
1.061111111111111072e+01 1.251885534742281152e+02
1.063063063063063041e+01 1.252993366419991901e+02
1.065015015015015010e+01 1.254102830093659691e+02
1.066966966966966979e+01 1.255213915257080828e+02
1.068918918918918948e+01 1.256326611328963452e+02
1.070870870870870917e+01 1.257440907652980115e+02
1.072822822822822886e+01 1.258556793497825623e+02
1.074774774774774855e+01 1.259674258057274301e+02
1.076726726726726824e+01 1.260793290450244371e+02
1.078678678678678793e+01 1.261913879720861758e+02
1.080630630630630584e+01 1.263036014838529582e+02
1.082582582582582553e+01 1.264159684697999211e+02
1.084534534534534522e+01 1.265284878119443590e+02
1.086486486486486491e+01 1.266411583848535969e+02
1.088438438438438460e+01 1.267539790556529908e+02
1.090390390390390429e+01 1.268669486840341563e+02
1.092342342342342398e+01 1.269800661222638780e+02
1.094294294294294367e+01 1.270933302151926938e+02
1.096246246246246336e+01 1.272067398002645717e+02
1.098198198198198305e+01 1.273202937075261048e+02
1.100150150150150274e+01 1.274339907596366288e+02
1.102102102102102066e+01 1.275478297718782414e+02
1.104054054054054035e+01 1.276618095521663605e+02
1.106006006006006004e+01 1.277759289010606096e+02
1.107957957957957973e+01 1.278901866117756470e+02
1.109909909909909942e+01 1.280045814701930169e+02
1.111861861861861911e+01 1.281191122548723058e+02
1.113813813813813880e+01 1.282337777370638037e+02
1.115765765765765849e+01 1.283485766807202708e+02
1.117717717717717818e+01 1.284635078425100119e+02
1.119669669669669787e+01 1.285785699718296939e+02
1.121621621621621578e+01 1.286937618108175911e+02
1.123573573573573547e+01 1.288090820943671986e+02
1.125525525525525516e+01 1.289245295501412443e+02
1.127477477477477485e+01 1.290401028985857863e+02
1.129429429429429455e+01 1.291558008529448216e+02
1.131381381381381424e+01 1.292716221192752073e+02
1.133333333333333393e+01 1.293875653964616390e+02
1.135285285285285362e+01 1.295036293762323112e+02
1.137237237237237331e+01 1.296198127431746911e+02
1.139189189189189300e+01 1.297361141747515489e+02
1.141141141141141269e+01 1.298525323413175272e+02
1.143093093093093060e+01 1.299690659061357678e+02
1.145045045045045029e+01 1.300857135253951355e+02
1.146996996996996998e+01 1.302024738482274131e+02
1.148948948948948967e+01 1.303193455167252353e+02
1.150900900900900936e+01 1.304363271659598809e+02
1.152852852852852905e+01 1.305534174239998038e+02
1.154804804804804874e+01 1.306706149119292490e+02
1.156756756756756843e+01 1.307879182438672103e+02
1.158708708708708812e+01 1.309053260269866996e+02
1.160660660660660781e+01 1.310228368615344721e+02
1.162612612612612573e+01 1.311404493408508642e+02
1.164564564564564542e+01 1.312581620513901157e+02
1.166516516516516511e+01 1.313759735727410884e+02
1.168468468468468480e+01 1.314938824776477588e+02
1.170420420420420449e+01 1.316118873320309035e+02
1.172372372372372418e+01 1.317299866950094724e+02
1.174324324324324387e+01 1.318481791189222463e+02
1.176276276276276356e+01 1.319664631493503748e+02
1.178228228228228325e+01 1.320848373251395742e+02
1.180180180180180294e+01 1.322033001784232624e+02
1.182132132132132085e+01 1.323218502346453818e+02
1.184084084084084054e+01 1.324404860125841026e+02
1.186036036036036023e+01 1.325592060243754702e+02
1.187987987987987992e+01 1.326780087755375632e+02
1.189939939939939961e+01 1.327968927649950217e+02
1.191891891891891930e+01 1.329158564851036033e+02
1.193843843843843899e+01 1.330348984216753365e+02
1.195795795795795868e+01 1.331540170540040435e+02
1.197747747747747837e+01 1.332732108548907490e+02
1.199699699699699806e+01 1.333924782906699988e+02
1.201651651651651775e+01 1.335118178212360931e+02
1.203603603603603567e+01 1.336312279000696890e+02
1.205555555555555536e+01 1.337507069742648582e+02
1.207507507507507505e+01 1.338702534845564855e+02
1.209459459459459474e+01 1.339898658653476105e+02
1.211411411411411443e+01 1.341095425447377067e+02
1.213363363363363412e+01 1.342292819445506495e+02
1.215315315315315381e+01 1.343490824803635348e+02
1.217267267267267350e+01 1.344689425615353571e+02
1.219219219219219319e+01 1.345888605912364824e+02
1.221171171171171288e+01 1.347088349664779230e+02
1.223123123123123079e+01 1.348288640781411800e+02
1.225075075075075048e+01 1.349489463110087115e+02
1.227027027027027017e+01 1.350690800437941448e+02
1.228978978978978986e+01 1.351892636491730002e+02
1.230930930930930955e+01 1.353094954938141541e+02
1.232882882882882924e+01 1.354297739384107899e+02
1.234834834834834894e+01 1.355500973377126002e+02
1.236786786786786863e+01 1.356704640405575049e+02
1.238738738738738832e+01 1.357908723899041377e+02
1.240690690690690801e+01 1.359113207228645024e+02
1.242642642642642770e+01 1.360318073707369990e+02
1.244594594594594561e+01 1.361523306590395919e+02
1.246546546546546530e+01 1.362728889075436882e+02
1.248498498498498499e+01 1.363934804303077613e+02
1.250450450450450468e+01 1.365141035357116834e+02
1.252402402402402437e+01 1.366347565264913726e+02
1.254354354354354406e+01 1.367554376997734380e+02
1.256306306306306375e+01 1.368761453471105369e+02
1.258258258258258344e+01 1.369968777545166745e+02
1.260210210210210313e+01 1.371176332025030433e+02
1.262162162162162282e+01 1.372384099661140908e+02
1.264114114114114074e+01 1.373592063149639557e+02
1.266066066066066043e+01 1.374800205132729616e+02
1.268018018018018012e+01 1.376008508199047355e+02
1.269969969969969981e+01 1.377216954884036397e+02
1.271921921921921950e+01 1.378425527670319752e+02
1.273873873873873919e+01 1.379634208988082378e+02
1.275825825825825888e+01 1.380842981215451175e+02
1.277777777777777857e+01 1.382051826678880388e+02
1.279729729729729826e+01 1.383260727653538993e+02
1.281681681681681795e+01 1.384469666363702061e+02
1.283633633633633764e+01 1.385678624983145255e+02
1.285585585585585555e+01 1.386887585635539040e+02
1.287537537537537524e+01 1.388096530394850845e+02
1.289489489489489493e+01 1.389305441285747520e+02
1.291441441441441462e+01 1.390514300283998921e+02
1.293393393393393431e+01 1.391723089316888320e+02
1.295345345345345400e+01 1.392931790263623668e+02
1.297297297297297369e+01 1.394140384955749710e+02
1.299249249249249338e+01 1.395348855177568339e+02
1.301201201201201307e+01 1.396557182666556685e+02
1.303153153153153276e+01 1.397765349113788886e+02
1.305105105105105068e+01 1.398973336164364412e+02
1.307057057057057037e+01 1.400181125417836085e+02
1.309009009009009006e+01 1.401388698428638975e+02
1.310960960960960975e+01 1.402596036706528082e+02
1.312912912912912944e+01 1.403803121717011777e+02
1.314864864864864913e+01 1.405009934881796312e+02
1.316816816816816882e+01 1.406216457579222663e+02
1.318768768768768851e+01 1.407422671144717015e+02
1.320720720720720820e+01 1.408628556871234991e+02
1.322672672672672789e+01 1.409834096009716120e+02
1.324624624624624758e+01 1.411039269769532893e+02
1.326576576576576549e+01 1.412244059318951486e+02
1.328528528528528518e+01 1.413448445785588774e+02
1.330480480480480487e+01 1.414652410256873338e+02
1.332432432432432456e+01 1.415855933780511009e+02
1.334384384384384425e+01 1.417058997364951267e+02
1.336336336336336394e+01 1.418261581979856771e+02
1.338288288288288364e+01 1.419463668556576863e+02
1.340240240240240333e+01 1.420665237988620504e+02
1.342192192192192302e+01 1.421866271132135466e+02
1.344144144144144271e+01 1.423066748806387523e+02
1.346096096096096062e+01 1.424266651794243899e+02
1.348048048048048031e+01 1.425465960842657012e+02
1.350000000000000000e+01 1.426664656663154460e+02
1.351951951951951969e+01 1.427862719932327025e+02
1.353903903903903938e+01 1.429060131292322922e+02
1.355855855855855907e+01 1.430256871351343193e+02
1.357807807807807876e+01 1.431452920684138519e+02
1.359759759759759845e+01 1.432648259832510291e+02
1.361711711711711814e+01 1.433842869305813110e+02
1.363663663663663783e+01 1.435036729581459554e+02
1.365615615615615575e+01 1.436229821105428925e+02
1.367567567567567544e+01 1.437422124292774583e+02
1.369519519519519513e+01 1.438613619528140077e+02
1.371471471471471482e+01 1.439804287166270456e+02
1.373423423423423451e+01 1.440994107532531245e+02
1.375375375375375420e+01 1.442183060923426865e+02
1.377327327327327389e+01 1.443371127607122730e+02
1.379279279279279358e+01 1.444558287823970204e+02
1.381231231231231327e+01 1.445744521787030408e+02
1.383183183183183296e+01 1.446929809682605139e+02
1.385135135135135265e+01 1.448114131670766085e+02
1.387087087087087056e+01 1.449297467885888864e+02
1.389039039039039025e+01 1.450479798437188492e+02
1.390990990990990994e+01 1.451661103409254281e+02
1.392942942942942963e+01 1.452841362862592121e+02
1.394894894894894932e+01 1.454020556834165632e+02
1.396846846846846901e+01 1.455198665337938735e+02
1.398798798798798870e+01 1.456375668365422484e+02
1.400750750750750839e+01 1.457551545886223607e+02
1.402702702702702808e+01 1.458726277848593043e+02
1.404654654654654777e+01 1.459899844179979596e+02
1.406606606606606569e+01 1.461072224787582741e+02
1.408558558558558538e+01 1.462243399558910824e+02
1.410510510510510507e+01 1.463413348362336706e+02
1.412462462462462476e+01 1.464582051047659661e+02
1.414414414414414445e+01 1.465749487446666421e+02
1.416366366366366414e+01 1.466915637373696200e+02
1.418318318318318383e+01 1.468080480626205713e+02
1.420270270270270352e+01 1.469243996985337333e+02
1.422222222222222321e+01 1.470406166216488657e+02
1.424174174174174290e+01 1.471566968069883785e+02
1.426126126126126259e+01 1.472726382281147721e+02
1.428078078078078050e+01 1.473884388571880208e+02
1.430030030030030019e+01 1.475040966650233258e+02
1.431981981981981988e+01 1.476196096211488680e+02
1.433933933933933957e+01 1.477349756938641008e+02
1.435885885885885926e+01 1.478501928502977307e+02
1.437837837837837895e+01 1.479652590564661239e+02
1.439789789789789864e+01 1.480801722773319966e+02
1.441741741741741833e+01 1.481949304768628792e+02
1.443693693693693803e+01 1.483095316180903467e+02
1.445645645645645772e+01 1.484239736631686242e+02
1.447597597597597563e+01 1.485382545734341875e+02
1.449549549549549532e+01 1.486523723094646812e+02
1.451501501501501501e+01 1.487663248311388884e+02
1.453453453453453470e+01 1.488801100976960186e+02
1.455405405405405439e+01 1.489937260677956772e+02
1.457357357357357408e+01 1.491071706995776367e+02
1.459309309309309377e+01 1.492204419507222610e+02
1.461261261261261346e+01 1.493335377785102764e+02
1.463213213213213315e+01 1.494464561398835940e+02
1.465165165165165284e+01 1.495591949915054784e+02
1.467117117117117253e+01 1.496717522898213133e+02
1.469069069069069045e+01 1.497841259911193958e+02
1.471021021021021014e+01 1.498963140515918440e+02
1.472972972972972983e+01 1.500083144273953906e+02
1.474924924924924952e+01 1.501201250747130018e+02
1.476876876876876921e+01 1.502317439498146427e+02
1.478828828828828890e+01 1.503431690091189523e+02
1.480780780780780859e+01 1.504543982092546628e+02
1.482732732732732828e+01 1.505654295071223885e+02
1.484684684684684797e+01 1.506762608599559883e+02
1.486636636636636766e+01 1.507868902253847807e+02
1.488588588588588557e+01 1.508973155614952191e+02
1.490540540540540526e+01 1.510075348268932771e+02
1.492492492492492495e+01 1.511175459807661525e+02
1.494444444444444464e+01 1.512273469829448800e+02
1.496396396396396433e+01 1.513369357939665178e+02
1.498348348348348402e+01 1.514463103751366475e+02
1.500300300300300371e+01 1.515554686885918159e+02
1.502252252252252340e+01 1.516644086973623473e+02
1.504204204204204309e+01 1.517731283654347862e+02
1.506156156156156278e+01 1.518816256578148796e+02
1.508108108108108247e+01 1.519898985405904170e+02
1.510060060060060039e+01 1.520979449809941570e+02
1.512012012012012008e+01 1.522057629474668090e+02
1.513963963963963977e+01 1.523133504097201580e+02
1.515915915915915946e+01 1.524207053388002748e+02
1.517867867867867915e+01 1.525278257071507255e+02
1.519819819819819884e+01 1.526347094886757816e+02
1.521771771771771853e+01 1.527413546588039424e+02
1.523723723723723822e+01 1.528477591945512017e+02
1.525675675675675791e+01 1.529539210745845423e+02
1.527627627627627760e+01 1.530598382792856000e+02
1.529579579579579551e+01 1.531655087908141581e+02
1.531531531531531520e+01 1.532709305931715562e+02
1.533483483483483489e+01 1.533761016722647810e+02
1.535435435435435458e+01 1.534810200159698468e+02
1.537387387387387427e+01 1.535856836141956876e+02
1.539339339339339396e+01 1.536900904589479637e+02
1.541291291291291365e+01 1.537942385443927549e+02
1.543243243243243334e+01 1.538981258669205658e+02
1.545195195195195303e+01 1.540017504252101901e+02
1.547147147147147273e+01 1.541051102202924881e+02
1.549099099099099064e+01 1.542082032556143929e+02
1.551051051051051033e+01 1.543110275371030298e+02
1.553003003003003002e+01 1.544135810732294090e+02
1.554954954954954971e+01 1.545158618750725736e+02
1.556906906906906940e+01 1.546178679563835203e+02
1.558858858858858909e+01 1.547195973336493466e+02
1.560810810810810878e+01 1.548210480261570581e+02
1.562762762762762847e+01 1.549222180560577158e+02
1.564714714714714816e+01 1.550231054484303854e+02
1.566666666666666785e+01 1.551237082313462849e+02
1.568618618618618754e+01 1.552240244359325345e+02
1.570570570570570545e+01 1.553240520964364180e+02
1.572522522522522515e+01 1.554237892502892464e+02
1.574474474474474484e+01 1.555232339381703355e+02
1.576426426426426453e+01 1.556223842040708405e+02
1.578378378378378422e+01 1.557212380953579327e+02
1.580330330330330391e+01 1.558197936628386913e+02
1.582282282282282360e+01 1.559180489608236542e+02
1.584234234234234329e+01 1.560160020471911082e+02
1.586186186186186298e+01 1.561136509834506114e+02
1.588138138138138267e+01 1.562109938348069136e+02
1.590090090090090058e+01 1.563080286702237061e+02
1.592042042042042027e+01 1.564047535624873717e+02
1.593993993993993996e+01 1.565011665882705358e+02
1.595945945945945965e+01 1.565972658281957024e+02
1.597897897897897934e+01 1.566930493668990607e+02
1.599849849849849903e+01 1.567885152930937238e+02
1.601801801801801872e+01 1.568836616996333078e+02
1.603753753753753841e+01 1.569784866835753974e+02
1.605705705705705810e+01 1.570729883462447560e+02
1.607657657657657779e+01 1.571671647932967346e+02
1.609609609609609748e+01 1.572610141347806234e+02
1.611561561561561717e+01 1.573545344852023504e+02
1.613513513513513686e+01 1.574477239635880892e+02
1.615465465465465655e+01 1.575405806935469002e+02
1.617417417417417624e+01 1.576331028033338271e+02
1.619369369369369593e+01 1.577252884259126517e+02
1.621321321321321562e+01 1.578171356990187348e+02
1.623273273273273531e+01 1.579086427652216571e+02
1.625225225225225500e+01 1.579998077719876619e+02
1.627177177177177470e+01 1.580906288717425241e+02
1.629129129129129439e+01 1.581811042219334524e+02
1.631081081081081052e+01 1.582712319850917879e+02
1.633033033033033021e+01 1.583610103288949063e+02
1.634984984984984990e+01 1.584504374262286319e+02
1.636936936936936959e+01 1.585395114552488280e+02
1.638888888888888928e+01 1.586282305994435546e+02
1.640840840840840897e+01 1.587165930476947437e+02
1.642792792792792866e+01 1.588045969943398177e+02
1.644744744744744835e+01 1.588922406392332505e+02
1.646696696696696804e+01 1.589795221878078451e+02
1.648648648648648773e+01 1.590664398511363231e+02
1.650600600600600742e+01 1.591529918459920054e+02
1.652552552552552712e+01 1.592391763949102881e+02
1.654504504504504681e+01 1.593249917262491806e+02
1.656456456456456650e+01 1.594104360742502990e+02
1.658408408408408619e+01 1.594955076790992052e+02
1.660360360360360588e+01 1.595802047869861724e+02
1.662312312312312201e+01 1.596645256501662971e+02
1.664264264264264170e+01 1.597484685270197815e+02
1.666216216216216139e+01 1.598320316821118183e+02
1.668168168168168108e+01 1.599152133862525602e+02
1.670120120120120077e+01 1.599980119165567771e+02
1.672072072072072046e+01 1.600804255565035419e+02
1.674024024024024015e+01 1.601624525959954610e+02
1.675975975975975985e+01 1.602440913314178488e+02
1.677927927927927954e+01 1.603253400656979011e+02
1.679879879879879923e+01 1.604061971083636990e+02
1.681831831831831892e+01 1.604866607756025019e+02
1.683783783783783861e+01 1.605667293903197219e+02
1.685735735735735830e+01 1.606464012821970755e+02
1.687687687687687799e+01 1.607256747877506484e+02
1.689639639639639768e+01 1.608045482503891037e+02
1.691591591591591737e+01 1.608830200204712924e+02
1.693543543543543706e+01 1.609610884553639494e+02
1.695495495495495675e+01 1.610387519194991057e+02
1.697447447447447644e+01 1.611160087844312443e+02
1.699399399399399613e+01 1.611928574288943423e+02
1.701351351351351582e+01 1.612692962388586011e+02
1.703303303303303196e+01 1.613453236075873178e+02
1.705255255255255165e+01 1.614209379356929617e+02
1.707207207207207134e+01 1.614961376311935055e+02
1.709159159159159103e+01 1.615709211095684168e+02
1.711111111111111072e+01 1.616452867938143925e+02
1.713063063063063041e+01 1.617192331145008666e+02
1.715015015015015010e+01 1.617927585098254326e+02
1.716966966966966979e+01 1.618658614256686974e+02
1.718918918918918948e+01 1.619385403156494760e+02
1.720870870870870917e+01 1.620107936411791911e+02
1.722822822822822886e+01 1.620826198715164423e+02
1.724774774774774855e+01 1.621540174838208941e+02
1.726726726726726824e+01 1.622249849632075893e+02
1.728678678678678793e+01 1.622955208028003540e+02
1.730630630630630762e+01 1.623656235037854003e+02
1.732582582582582731e+01 1.624352915754643618e+02
1.734534534534534700e+01 1.625045235353074986e+02
1.736486486486486669e+01 1.625733179090061924e+02
1.738438438438438638e+01 1.626416732305254698e+02
1.740390390390390607e+01 1.627095880421562129e+02
1.742342342342342576e+01 1.627770608945670574e+02
1.744294294294294190e+01 1.628440903468560919e+02
1.746246246246246159e+01 1.629106749666022438e+02
1.748198198198198128e+01 1.629768133299166095e+02
1.750150150150150097e+01 1.630425040214929027e+02
1.752102102102102066e+01 1.631077456346584995e+02
1.754054054054054035e+01 1.631725367714245749e+02
1.756006006006006004e+01 1.632368760425360108e+02
1.757957957957957973e+01 1.633007620675215890e+02
1.759909909909909942e+01 1.633641934747430184e+02
1.761861861861861911e+01 1.634271689014444746e+02
1.763813813813813880e+01 1.634896869938013992e+02
1.765765765765765849e+01 1.635517464069690163e+02
1.767717717717717818e+01 1.636133458051309333e+02
1.769669669669669787e+01 1.636744838615469462e+02
1.771621621621621756e+01 1.637351592586009872e+02
1.773573573573573725e+01 1.637953706878484468e+02
1.775525525525525694e+01 1.638551168500632969e+02
1.777477477477477663e+01 1.639143964552851571e+02
1.779429429429429632e+01 1.639732082228655372e+02
1.781381381381381601e+01 1.640315508815143630e+02
1.783333333333333570e+01 1.640894231693457073e+02
1.785285285285285184e+01 1.641468238339234347e+02
1.787237237237237153e+01 1.642037516323066200e+02
1.789189189189189122e+01 1.642602053310943120e+02
1.791141141141141091e+01 1.643161837064703832e+02
1.793093093093093060e+01 1.643716855442478391e+02
1.795045045045045029e+01 1.644267096399127581e+02
1.796996996996996998e+01 1.644812547986679760e+02
1.798948948948948967e+01 1.645353198354765993e+02
1.800900900900900936e+01 1.645889035751047800e+02
1.802852852852852905e+01 1.646420048521647459e+02
1.804804804804804874e+01 1.646946225111567514e+02
1.806756756756756843e+01 1.647467554065115678e+02
1.808708708708708812e+01 1.647984024026317229e+02
1.810660660660660781e+01 1.648495623739331677e+02
1.812612612612612750e+01 1.649002342048860612e+02
1.814564564564564719e+01 1.649504167900556126e+02
1.816516516516516688e+01 1.650001090341422412e+02
1.818468468468468657e+01 1.650493098520216222e+02
1.820420420420420626e+01 1.650980181687842219e+02
1.822372372372372595e+01 1.651462329197745476e+02
1.824324324324324564e+01 1.651939530506301992e+02
1.826276276276276178e+01 1.652411775173201818e+02
1.828228228228228147e+01 1.652879052861832179e+02
1.830180180180180116e+01 1.653341353339655484e+02
1.832132132132132085e+01 1.653798666478583641e+02
1.834084084084084054e+01 1.654250982255348674e+02
1.836036036036036023e+01 1.654698290751870786e+02
1.837987987987987992e+01 1.655140582155620450e+02
1.839939939939939961e+01 1.655577846759980503e+02
1.841891891891891930e+01 1.656010074964598857e+02
1.843843843843843899e+01 1.656437257275744344e+02
1.845795795795795868e+01 1.656859384306652601e+02
1.847747747747747837e+01 1.657276446777872820e+02
1.849699699699699806e+01 1.657688435517606251e+02
1.851651651651651775e+01 1.658095341462046406e+02
1.853603603603603744e+01 1.658497155655709321e+02
1.855555555555555713e+01 1.658893869251765807e+02
1.857507507507507682e+01 1.659285473512364604e+02
1.859459459459459651e+01 1.659671959808955535e+02
1.861411411411411621e+01 1.660053319622606409e+02
1.863363363363363590e+01 1.660429544544318787e+02
1.865315315315315203e+01 1.660800626275334082e+02
1.867267267267267172e+01 1.661166556627444493e+02
1.869219219219219141e+01 1.661527327523289728e+02
1.871171171171171110e+01 1.661882930996660264e+02
1.873123123123123079e+01 1.662233359192786679e+02
1.875075075075075048e+01 1.662578604368632966e+02
1.877027027027027017e+01 1.662918658893181032e+02
1.878978978978978986e+01 1.663253515247712357e+02
1.880930930930930955e+01 1.663583166026087952e+02
1.882882882882882924e+01 1.663907603935018074e+02
1.884834834834834894e+01 1.664226821794336502e+02
1.886786786786786863e+01 1.664540812537263719e+02
1.888738738738738832e+01 1.664849569210667823e+02
1.890690690690690801e+01 1.665153084975323736e+02
1.892642642642642770e+01 1.665451353106165016e+02
1.894594594594594739e+01 1.665744366992533685e+02
1.896546546546546708e+01 1.666032120138424659e+02
1.898498498498498677e+01 1.666314606162726477e+02
1.900450450450450646e+01 1.666591818799458906e+02
1.902402402402402615e+01 1.666863751898002590e+02
1.904354354354354584e+01 1.667130399423330402e+02
1.906306306306306197e+01 1.667391755456229134e+02
1.908258258258258167e+01 1.667647814193519764e+02
1.910210210210210136e+01 1.667898569948273462e+02
1.912162162162162105e+01 1.668144017150020773e+02
1.914114114114114074e+01 1.668384150344961370e+02
1.916066066066066043e+01 1.668618964196163290e+02
1.918018018018018012e+01 1.668848453483764445e+02
1.919969969969969981e+01 1.669072613105163327e+02
1.921921921921921950e+01 1.669291438075212000e+02
1.923873873873873919e+01 1.669504923526398841e+02
1.925825825825825888e+01 1.669713064709029595e+02
1.927777777777777857e+01 1.669915856991406713e+02
1.929729729729729826e+01 1.670113295859997606e+02
1.931681681681681795e+01 1.670305376919606033e+02
1.933633633633633764e+01 1.670492095893533531e+02
1.935585585585585733e+01 1.670673448623740001e+02
1.937537537537537702e+01 1.670849431070996616e+02
1.939489489489489671e+01 1.671020039315038446e+02
1.941441441441441640e+01 1.671185269554707986e+02
1.943393393393393609e+01 1.671345118108098973e+02
1.945345345345345578e+01 1.671499581412692237e+02
1.947297297297297192e+01 1.671648656025489004e+02
1.949249249249249161e+01 1.671792338623138789e+02
1.951201201201201130e+01 1.671930626002062183e+02
1.953153153153153099e+01 1.672063515078572777e+02
1.955105105105105068e+01 1.672191002888990567e+02
1.957057057057057037e+01 1.672313086589751094e+02
1.959009009009009006e+01 1.672429763457514582e+02
1.960960960960960975e+01 1.672541030889265130e+02
1.962912912912912944e+01 1.672646886402408200e+02
1.964864864864864913e+01 1.672747327634862700e+02
1.966816816816816882e+01 1.672842352345152221e+02
1.968768768768768851e+01 1.672931958412483482e+02
1.970720720720720820e+01 1.673016143836829883e+02
1.972672672672672789e+01 1.673094906739003136e+02
1.974624624624624758e+01 1.673168245360725450e+02
1.976576576576576727e+01 1.673236158064694905e+02
1.978528528528528696e+01 1.673298643334645135e+02
1.980480480480480665e+01 1.673355699775401888e+02
1.982432432432432634e+01 1.673407326112937312e+02
1.984384384384384603e+01 1.673453521194415998e+02
1.986336336336336572e+01 1.673494283988237328e+02
1.988288288288288186e+01 1.673529613584076117e+02
1.990240240240240155e+01 1.673559509192913310e+02
1.992192192192192124e+01 1.673583970147069522e+02
1.994144144144144093e+01 1.673602995900225778e+02
1.996096096096096062e+01 1.673616586027447681e+02
1.998048048048048031e+01 1.673624740225198479e+02
2.000000000000000000e+01 1.673627458311351575e+02
