5.000000000000000000e-01 6.833106334733557787e+02
5.102602602602602788e-01 6.835731835930432680e+02
5.205205205205205576e-01 6.838356204023457394e+02
5.307807807807807254e-01 6.840979455823460285e+02
5.410410410410410043e-01 6.843601608084126156e+02
5.513013013013012831e-01 6.846222677503185423e+02
5.615615615615615619e-01 6.848842680723619196e+02
5.718218218218218407e-01 6.851461634334735891e+02
5.820820820820821195e-01 6.854079554873407005e+02
5.923423423423423984e-01 6.856696458825088030e+02
6.026026026026025662e-01 6.859312362624896195e+02
6.128628628628628450e-01 6.861927282658754166e+02
6.231231231231231238e-01 6.864541235264366605e+02
6.333833833833834026e-01 6.867154236732263826e+02
6.436436436436436814e-01 6.869766303306848840e+02
6.539039039039038492e-01 6.872377451187340966e+02
6.641641641641641280e-01 6.874987696528781953e+02
6.744244244244244069e-01 6.877597055442992087e+02
6.846846846846846857e-01 6.880205543999509246e+02
6.949449449449449645e-01 6.882813178226529089e+02
7.052052052052051323e-01 6.885419974111823649e+02
7.154654654654655221e-01 6.888025947603595114e+02
7.257257257257256899e-01 6.890631114611464909e+02
7.359859859859859688e-01 6.893235491007241080e+02
7.462462462462462476e-01 6.895839092625842568e+02
7.565065065065064154e-01 6.898441935266121163e+02
7.667667667667668052e-01 6.901044034691702791e+02
7.770270270270269730e-01 6.903645406631831065e+02
7.872872872872872518e-01 6.906246066782152866e+02
7.975475475475475307e-01 6.908846030805514147e+02
8.078078078078078095e-01 6.911445314332768248e+02
8.180680680680680883e-01 6.914043932963562611e+02
8.283283283283282561e-01 6.916641902267102751e+02
8.385885885885886459e-01 6.919239237782857117e+02
8.488488488488488137e-01 6.921835955021363134e+02
8.591091091091090926e-01 6.924432069464980941e+02
8.693693693693693714e-01 6.927027596568547096e+02
8.796296296296295392e-01 6.929622551760144233e+02
8.898898898898899290e-01 6.932216950441817289e+02
9.001501501501500968e-01 6.934810807990215835e+02
9.104104104104103756e-01 6.937404139757342136e+02
9.206706706706706544e-01 6.939996961071248052e+02
9.309309309309309333e-01 6.942589287236608016e+02
9.411911911911912121e-01 6.945181133535511435e+02
9.514514514514513799e-01 6.947772515228025441e+02
9.617117117117117697e-01 6.950363447552890648e+02
9.719719719719719375e-01 6.952953945728132794e+02
9.822322322322322163e-01 6.955544024951736901e+02
9.924924924924924952e-01 6.958133700402245267e+02
1.002752752752752663e+00 6.960722987239372515e+02
1.013013013013012831e+00 6.963311900604621769e+02
1.023273273273273221e+00 6.965900455621915626e+02
1.033533533533533610e+00 6.968488667398154348e+02
1.043793793793793778e+00 6.971076551023825232e+02
1.054054054054053946e+00 6.973664121573576722e+02
1.064314314314314336e+00 6.976251394106856196e+02
1.074574574574574504e+00 6.978838383668362439e+02
1.084834834834834894e+00 6.981425105288717532e+02
1.095095095095095061e+00 6.984011573984987535e+02
1.105355355355355229e+00 6.986597804761217958e+02
1.115615615615615619e+00 6.989183812609013557e+02
1.125875875875876009e+00 6.991769612508051068e+02
1.136136136136136177e+00 6.994355219426621488e+02
1.146396396396396344e+00 6.996940648322203060e+02
1.156656656656656512e+00 6.999525914141896692e+02
1.166916916916916902e+00 7.002111031823023950e+02
1.177177177177177292e+00 7.004696016293607954e+02
1.187437437437437460e+00 7.007280882472866779e+02
1.197697697697697627e+00 7.009865645271759149e+02
1.207957957957957795e+00 7.012450319593444874e+02
1.218218218218218185e+00 7.015034920333765740e+02
1.228478478478478575e+00 7.017619462381793483e+02
1.238738738738738743e+00 7.020203960620254975e+02
1.248998998998998911e+00 7.022788429926006302e+02
1.259259259259259078e+00 7.025372885170588688e+02
1.269519519519519468e+00 7.027957341220562739e+02
1.279779779779779858e+00 7.030541812938099611e+02
1.290040040040040026e+00 7.033126315181352766e+02
1.300300300300300194e+00 7.035710862804967292e+02
1.310560560560560361e+00 7.038295470660492583e+02
1.320820820820820751e+00 7.040880153596848459e+02
1.331081081081081141e+00 7.043464926460753759e+02
1.341341341341341309e+00 7.046049804097173137e+02
1.351601601601601477e+00 7.048634801349758163e+02
1.361861861861861867e+00 7.051219933061236134e+02
1.372122122122122034e+00 7.053805214073901197e+02
1.382382382382382424e+00 7.056390659229963376e+02
1.392642642642642592e+00 7.058976283372007856e+02
1.402902902902902760e+00 7.061562101343374707e+02
1.413163163163163150e+00 7.064148127988654551e+02
1.423423423423423539e+00 7.066734378153945499e+02
1.433683683683683707e+00 7.069320866687378384e+02
1.443943943943943875e+00 7.071907608439469186e+02
1.454204204204204043e+00 7.074494618263502161e+02
1.464464464464464433e+00 7.077081911015935702e+02
1.474724724724724823e+00 7.079669501556780915e+02
1.484984984984984990e+00 7.082257404749969965e+02
1.495245245245245158e+00 7.084845635463785811e+02
1.505505505505505548e+00 7.087434208571135059e+02
1.515765765765765716e+00 7.090023138950044768e+02
1.526026026026025884e+00 7.092612441483946668e+02
1.536286286286286273e+00 7.095202131062034141e+02
1.546546546546546441e+00 7.097792222579685131e+02
1.556806806806806831e+00 7.100382730938757732e+02
1.567067067067066999e+00 7.102973671048013102e+02
1.577327327327327167e+00 7.105565057823333746e+02
1.587587587587587556e+00 7.108156906188241919e+02
1.597847847847847724e+00 7.110749231074111094e+02
1.608108108108108114e+00 7.113342047420578638e+02
1.618368368368368282e+00 7.115935370175818662e+02
1.628628628628628672e+00 7.118529214296953569e+02
1.638888888888888840e+00 7.121123594750293933e+02
1.649149149149149007e+00 7.123718526511773916e+02
1.659409409409409397e+00 7.126314024567112710e+02
1.669669669669669565e+00 7.128910103912351133e+02
1.679929929929929955e+00 7.131506779553971000e+02
1.690190190190190123e+00 7.134104066509269160e+02
1.700450450450450290e+00 7.136701979806761074e+02
1.710710710710710680e+00 7.139300534486359311e+02
1.720970970970970848e+00 7.141899745599728249e+02
1.731231231231231238e+00 7.144499628210584206e+02
1.741491491491491406e+00 7.147100197394992165e+02
1.751751751751751796e+00 7.149701468241698876e+02
1.762012012012011963e+00 7.152303455852307934e+02
1.772272272272272131e+00 7.154906175341689050e+02
1.782532532532532521e+00 7.157509641838217931e+02
1.792792792792792689e+00 7.160113870484046856e+02
1.803053053053053079e+00 7.162718876435343418e+02
1.813313313313313246e+00 7.165324674862672509e+02
1.823573573573573414e+00 7.167931280951152075e+02
1.833833833833833804e+00 7.170538709900843060e+02
1.844094094094093972e+00 7.173146976926875595e+02
1.854354354354354362e+00 7.175756097259776425e+02
1.864614614614614529e+00 7.178366086145796316e+02
1.874874874874874697e+00 7.180976958847052174e+02
1.885135135135135087e+00 7.183588730641827169e+02
1.895395395395395255e+00 7.186201416824798116e+02
1.905655655655655645e+00 7.188815032707351520e+02
1.915915915915915813e+00 7.191429593617760929e+02
1.926176176176176202e+00 7.194045114901375655e+02
1.936436436436436370e+00 7.196661611921032318e+02
1.946696696696696538e+00 7.199279100057057121e+02
1.956956956956956928e+00 7.201897594707702410e+02
1.967217217217217096e+00 7.204517111289238755e+02
1.977477477477477485e+00 7.207137665236285784e+02
1.987737737737737653e+00 7.209759272001831505e+02
1.997997997997997821e+00 7.212381947057722300e+02
2.008258258258257989e+00 7.215005705894700441e+02
2.018518518518518157e+00 7.217630564022625776e+02
2.028778778778778769e+00 7.220256536970764500e+02
2.039039039039038936e+00 7.222883640287858498e+02
2.049299299299299548e+00 7.225511889542450490e+02
2.059559559559559716e+00 7.228141300323055702e+02
2.069819819819819884e+00 7.230771888238286920e+02
2.080080080080080052e+00 7.233403668917137566e+02
2.090340340340340219e+00 7.236036658009041957e+02
2.100600600600600387e+00 7.238670871184269799e+02
2.110860860860860555e+00 7.241306324133778389e+02
2.121121121121120723e+00 7.243943032569811749e+02
2.131381381381381335e+00 7.246581012225711902e+02
2.141641641641641503e+00 7.249220278856211053e+02
2.151901901901902114e+00 7.251860848237657819e+02
2.162162162162162282e+00 7.254502736168101364e+02
2.172422422422422450e+00 7.257145958467475566e+02
2.182682682682682618e+00 7.259790530977821845e+02
2.192942942942942786e+00 7.262436469563266428e+02
2.203203203203202953e+00 7.265083790110370501e+02
2.213463463463463121e+00 7.267732508528163180e+02
2.223723723723723733e+00 7.270382640748229051e+02
2.233983983983983901e+00 7.273034202725048090e+02
2.244244244244244069e+00 7.275687210435856969e+02
2.254504504504504681e+00 7.278341679881064010e+02
2.264764764764764848e+00 7.280997627084124133e+02
2.275025025025025016e+00 7.283655068091818521e+02
2.285285285285285184e+00 7.286314018974313740e+02
2.295545545545545352e+00 7.288974495825298163e+02
2.305805805805805520e+00 7.291636514762067236e+02
2.316066066066065687e+00 7.294300091925655352e+02
2.326326326326326299e+00 7.296965243480966592e+02
2.336586586586586467e+00 7.299631985616771317e+02
2.346846846846847079e+00 7.302300334545996066e+02
2.357107107107107247e+00 7.304970306505426834e+02
2.367367367367367414e+00 7.307641917756412795e+02
2.377627627627627582e+00 7.310315184584370627e+02
2.387887887887887750e+00 7.312990123299097149e+02
2.398148148148147918e+00 7.315666750234980782e+02
2.408408408408408086e+00 7.318345081750766212e+02
2.418668668668668253e+00 7.321025134229945479e+02
2.428928928928928865e+00 7.323706924080537419e+02
2.439189189189189033e+00 7.326390467735357106e+02
2.449449449449449645e+00 7.329075781651987427e+02
2.459709709709709813e+00 7.331762882312840475e+02
2.469969969969969981e+00 7.334451786225140495e+02
2.480230230230230148e+00 7.337142509921059172e+02
2.490490490490490316e+00 7.339835069957780433e+02
2.500750750750750484e+00 7.342529482917441328e+02
2.511011011011011096e+00 7.345225765407097924e+02
2.521271271271271264e+00 7.347923934059086832e+02
2.531531531531531432e+00 7.350624005530498835e+02
2.541791791791791599e+00 7.353325996503875785e+02
2.552052052052051767e+00 7.356029923686514849e+02
2.562312312312312379e+00 7.358735803811016467e+02
2.572572572572572547e+00 7.361443653635112696e+02
2.582832832832832715e+00 7.364153489941508042e+02
2.593093093093092882e+00 7.366865329538119340e+02
2.603353353353353050e+00 7.369579189257960934e+02
2.613613613613613662e+00 7.372295085958971868e+02
2.623873873873873830e+00 7.375013036524435392e+02
2.634134134134133998e+00 7.377733057862400301e+02
2.644394394394394165e+00 7.380455166906152726e+02
2.654654654654654333e+00 7.383179380613739795e+02
2.664914914914914945e+00 7.385905715968373215e+02
2.675175175175175113e+00 7.388634189977897222e+02
2.685435435435435281e+00 7.391364819675264926e+02
2.695695695695695449e+00 7.394097622118131312e+02
2.705955955955956060e+00 7.396832614388838465e+02
2.716216216216216228e+00 7.399569813594414427e+02
2.726476476476476396e+00 7.402309236866551601e+02
2.736736736736736564e+00 7.405050901361531714e+02
2.746996996996996732e+00 7.407794824259934785e+02
2.757257257257257343e+00 7.410541022766886954e+02
2.767517517517517511e+00 7.413289514111615972e+02
2.777777777777777679e+00 7.416040315547745649e+02
2.788038038038037847e+00 7.418793444352963888e+02
2.798298298298298015e+00 7.421548917828712320e+02
2.808558558558558627e+00 7.424306753300771788e+02
2.818818818818818794e+00 7.427066968118263048e+02
2.829079079079078962e+00 7.429829579654177678e+02
2.839339339339339130e+00 7.432594605305062032e+02
2.849599599599599298e+00 7.435362062490715971e+02
2.859859859859859910e+00 7.438131968654323600e+02
2.870120120120120077e+00 7.440904341262208845e+02
2.880380380380380245e+00 7.443679197803576244e+02
2.890640640640640413e+00 7.446456555790455241e+02
2.900900900900900581e+00 7.449236432757752482e+02
2.911161161161161193e+00 7.452018846262690204e+02
2.921421421421421361e+00 7.454803813884716419e+02
2.931681681681681528e+00 7.457591353225731154e+02
2.941941941941941696e+00 7.460381481909417971e+02
2.952202202202201864e+00 7.463174217581323546e+02
2.962462462462462476e+00 7.465969577908624615e+02
2.972722722722722644e+00 7.468767580579789183e+02
2.982982982982982811e+00 7.471568243304625412e+02
2.993243243243242979e+00 7.474371583813801863e+02
3.003503503503503591e+00 7.477177619858998696e+02
3.013763763763763759e+00 7.479986369212102773e+02
3.024024024024023927e+00 7.482797849665605554e+02
3.034284284284284094e+00 7.485612079031953954e+02
3.044544544544544262e+00 7.488429075143557156e+02
3.054804804804804874e+00 7.491248855852395536e+02
3.065065065065065042e+00 7.494071439029537487e+02
3.075325325325325210e+00 7.496896842565682846e+02
3.085585585585585378e+00 7.499725084369968044e+02
3.095845845845845545e+00 7.502556182370166198e+02
3.106106106106106157e+00 7.505390154512342633e+02
3.116366366366366325e+00 7.508227018760600231e+02
3.126626626626626493e+00 7.511066793096712217e+02
3.136886886886886661e+00 7.513909495519992561e+02
3.147147147147146828e+00 7.516755144046574060e+02
3.157407407407407440e+00 7.519603756709623212e+02
3.167667667667667608e+00 7.522455351558786560e+02
3.177927927927927776e+00 7.525309946659785965e+02
3.188188188188187944e+00 7.528167560094199189e+02
3.198448448448448111e+00 7.531028209958936941e+02
3.208708708708708723e+00 7.533891914366487299e+02
3.218968968968968891e+00 7.536758691443760654e+02
3.229229229229229059e+00 7.539628559332144278e+02
3.239489489489489227e+00 7.542501536187205602e+02
3.249749749749749395e+00 7.545377640178268166e+02
3.260010010010010006e+00 7.548256889487822718e+02
3.270270270270270174e+00 7.551139302311432857e+02
3.280530530530530342e+00 7.554024896857193880e+02
3.290790790790790510e+00 7.556913691345229154e+02
3.301051051051051122e+00 7.559805704007690110e+02
3.311311311311311290e+00 7.562700953087880862e+02
3.321571571571571457e+00 7.565599456839858021e+02
3.331831831831831625e+00 7.568501233528497778e+02
3.342092092092091793e+00 7.571406301428617098e+02
3.352352352352352405e+00 7.574314678824563316e+02
3.362612612612612573e+00 7.577226384009924232e+02
3.372872872872872740e+00 7.580141435286897149e+02
3.383133133133132908e+00 7.583059850966144495e+02
3.393393393393393076e+00 7.585981649366045758e+02
3.403653653653653688e+00 7.588906848811914188e+02
3.413913913913913856e+00 7.591835467636468593e+02
3.424174174174174023e+00 7.594767524178151916e+02
3.434434434434434191e+00 7.597703036781575747e+02
3.444694694694694359e+00 7.600642023796956437e+02
3.454954954954954971e+00 7.603584503578566682e+02
3.465215215215215139e+00 7.606530494485554073e+02
3.475475475475475307e+00 7.609480014880457475e+02
3.485735735735735474e+00 7.612433083128930775e+02
3.495995995995995642e+00 7.615389717600038466e+02
3.506256256256256254e+00 7.618349936663970539e+02
3.516516516516516422e+00 7.621313758693120235e+02
3.526776776776776590e+00 7.624281202060349187e+02
3.537037037037036757e+00 7.627252285139136347e+02
3.547297297297296925e+00 7.630227026303290359e+02
3.557557557557557537e+00 7.633205443924990732e+02
3.567817817817817705e+00 7.636187556375343775e+02
3.578078078078077873e+00 7.639173382023340082e+02
3.588338338338338041e+00 7.642162939235838621e+02
3.598598598598598652e+00 7.645156246375717046e+02
3.608858858858858820e+00 7.648153321802695928e+02
3.619119119119118988e+00 7.651154183871509531e+02
3.629379379379379156e+00 7.654158850931587494e+02
3.639639639639639324e+00 7.657167341327188979e+02
3.649899899899899935e+00 7.660179673395570035e+02
3.660160160160160103e+00 7.663195865466773284e+02
3.670420420420420271e+00 7.666215935862967399e+02
3.680680680680680439e+00 7.669239902898318633e+02
3.690940940940940607e+00 7.672267784877140002e+02
3.701201201201201219e+00 7.675299600093779873e+02
3.711461461461461386e+00 7.678335366832808404e+02
3.721721721721721554e+00 7.681375103366189023e+02
3.731981981981981722e+00 7.684418827954331164e+02
3.742242242242241890e+00 7.687466558845027294e+02
3.752502502502502502e+00 7.690518314271754434e+02
3.762762762762762669e+00 7.693574112454585929e+02
3.773023023023022837e+00 7.696633971597614163e+02
3.783283283283283005e+00 7.699697909889035827e+02
3.793543543543543173e+00 7.702765945501015494e+02
3.803803803803803785e+00 7.705838096587452810e+02
3.814064064064063952e+00 7.708914381284515684e+02
3.824324324324324120e+00 7.711994817709212384e+02
3.834584584584584288e+00 7.715079423957959079e+02
3.844844844844844456e+00 7.718168218107398388e+02
3.855105105105105068e+00 7.721261218211793675e+02
3.865365365365365236e+00 7.724358442303536094e+02
3.875625625625625403e+00 7.727459908391457475e+02
3.885885885885885571e+00 7.730565634460110687e+02
3.896146146146146183e+00 7.733675638469120486e+02
3.906406406406406351e+00 7.736789938352713989e+02
3.916666666666666519e+00 7.739908552017318470e+02
3.926926926926926686e+00 7.743031497342785769e+02
3.937187187187186854e+00 7.746158792179495549e+02
3.947447447447447466e+00 7.749290454348890762e+02
3.957707707707707634e+00 7.752426501641757568e+02
3.967967967967967802e+00 7.755566951817406789e+02
3.978228228228227970e+00 7.758711822603263499e+02
3.988488488488488137e+00 7.761861131693261768e+02
3.998748748748748749e+00 7.765014896746645263e+02
4.009009009009009361e+00 7.768173135388328774e+02
4.019269269269269529e+00 7.771335865206747258e+02
4.029529529529529697e+00 7.774503103752965671e+02
4.039789789789789864e+00 7.777674868540240141e+02
4.050050050050050032e+00 7.780851177042331983e+02
4.060310310310310200e+00 7.784032046693349685e+02
4.070570570570570368e+00 7.787217494885952647e+02
4.080830830830830536e+00 7.790407538970674750e+02
4.091091091091090703e+00 7.793602196254420278e+02
4.101351351351350871e+00 7.796801484000653772e+02
4.111611611611611039e+00 7.800005419426655635e+02
4.121871871871871207e+00 7.803214019704161046e+02
4.132132132132131375e+00 7.806427301956174460e+02
4.142392392392391542e+00 7.809645283258472546e+02
4.152652652652652598e+00 7.812867980636372067e+02
4.162912912912912766e+00 7.816095411065070948e+02
4.173173173173172934e+00 7.819327591467334742e+02
4.183433433433433102e+00 7.822564538712598505e+02
4.193693693693694158e+00 7.825806269617554563e+02
4.203953953953954326e+00 7.829052800942085923e+02
4.214214214214214493e+00 7.832304149390715793e+02
4.224474474474474661e+00 7.835560331610709000e+02
4.234734734734734829e+00 7.838821364189018368e+02
4.244994994994994997e+00 7.842087263654576645e+02
4.255255255255255165e+00 7.845358046473880904e+02
4.265515515515515332e+00 7.848633729052044146e+02
4.275775775775775500e+00 7.851914327730219156e+02
4.286036036036035668e+00 7.855199858785313154e+02
4.296296296296295836e+00 7.858490338428213136e+02
4.306556556556556004e+00 7.861785782802056701e+02
4.316816816816816171e+00 7.865086207982681117e+02
4.327077077077076339e+00 7.868391629975483283e+02
4.337337337337336507e+00 7.871702064716332643e+02
4.347597597597597563e+00 7.875017528067374997e+02
4.357857857857857731e+00 7.878338035818128446e+02
4.368118118118117899e+00 7.881663603683992960e+02
4.378378378378378066e+00 7.884994247303569637e+02
4.388638638638638234e+00 7.888329982238822140e+02
4.398898898898899290e+00 7.891670823972889366e+02
4.409159159159159458e+00 7.895016787909381719e+02
4.419419419419419626e+00 7.898367889370399553e+02
4.429679679679679793e+00 7.901724143596037493e+02
4.439939939939939961e+00 7.905085565742185736e+02
4.450200200200200129e+00 7.908452170879694449e+02
4.460460460460460297e+00 7.911823973992558194e+02
4.470720720720720465e+00 7.915200989977271320e+02
4.480980980980980632e+00 7.918583233641734296e+02
4.491241241241240800e+00 7.921970719701946564e+02
4.501501501501500968e+00 7.925363462782196393e+02
4.511761761761761136e+00 7.928761477414119554e+02
4.522022022022022192e+00 7.932164778033879884e+02
4.532282282282282360e+00 7.935573378981417818e+02
4.542542542542542527e+00 7.938987294499000882e+02
4.552802802802802695e+00 7.942406538730920147e+02
4.563063063063062863e+00 7.945831125718713110e+02
4.573323323323323031e+00 7.949261069404390128e+02
4.583583583583583199e+00 7.952696383624371492e+02
4.593843843843843366e+00 7.956137082111532663e+02
4.604104104104103534e+00 7.959583178492530351e+02
4.614364364364364590e+00 7.963034686285609496e+02
4.624624624624624758e+00 7.966491618899469813e+02
4.634884884884884926e+00 7.969953989632429057e+02
4.645145145145145094e+00 7.973421811671139494e+02
4.655405405405405261e+00 7.976895098086440612e+02
4.665665665665665429e+00 7.980373861836070546e+02
4.675925925925925597e+00 7.983858115760235705e+02
4.686186186186185765e+00 7.987347872580053263e+02
4.696446446446445933e+00 7.990843144896862213e+02
4.706706706706706100e+00 7.994343945191174043e+02
4.716966966966967156e+00 7.997850285820353520e+02
4.727227227227227324e+00 8.001362179016894061e+02
4.737487487487487492e+00 8.004879636887228571e+02
4.747747747747747660e+00 8.008402671409706954e+02
4.758008008008007828e+00 8.011931294433217090e+02
4.768268268268267995e+00 8.015465517678034075e+02
4.778528528528528163e+00 8.019005352728656817e+02
4.788788788788788331e+00 8.022550811037660878e+02
4.799049049049048499e+00 8.026101903920401810e+02
4.809309309309308667e+00 8.029658642556574932e+02
4.819569569569569722e+00 8.033221037985522344e+02
4.829829829829829890e+00 8.036789101107248143e+02
4.840090090090090058e+00 8.040362842678357538e+02
4.850350350350350226e+00 8.043942273312017051e+02
4.860610610610610394e+00 8.047527403476468635e+02
4.870870870870870561e+00 8.051118243492122701e+02
4.881131131131130729e+00 8.054714803530093832e+02
4.891391391391390897e+00 8.058317093613112547e+02
4.901651651651651065e+00 8.061925123608510830e+02
4.911911911911912121e+00 8.065538903232387611e+02
4.922172172172172289e+00 8.069158442044296180e+02
4.932432432432432456e+00 8.072783749446886077e+02
4.942692692692692624e+00 8.076414834682967694e+02
4.952952952952952792e+00 8.080051706836475205e+02
4.963213213213212960e+00 8.083694374827439333e+02
4.973473473473473128e+00 8.087342847411605362e+02
4.983733733733733295e+00 8.090997133181373329e+02
4.993993993993993463e+00 8.094657240558581179e+02
5.004254254254253631e+00 8.098323177797506105e+02
5.014514514514514687e+00 8.101994952981347069e+02
5.024774774774774855e+00 8.105672574020779848e+02
5.035035035035035023e+00 8.109356048649979130e+02
5.045295295295295190e+00 8.113045384429693740e+02
5.055555555555555358e+00 8.116740588741904503e+02
5.065815815815815526e+00 8.120441668787730123e+02
5.076076076076075694e+00 8.124148631588160470e+02
5.086336336336335862e+00 8.127861483978973638e+02
5.096596596596596029e+00 8.131580232614309125e+02
5.106856856856856197e+00 8.135304883958025357e+02
5.117117117117117253e+00 8.139035444286828351e+02
5.127377377377377421e+00 8.142771919687418176e+02
5.137637637637637589e+00 8.146514316053920766e+02
5.147897897897897757e+00 8.150262639085685805e+02
5.158158158158157924e+00 8.154016894288702133e+02
5.168418418418418092e+00 8.157777086967998912e+02
5.178678678678678260e+00 8.161543222231071013e+02
5.188938938938938428e+00 8.165315304985947478e+02
5.199199199199198596e+00 8.169093339933036759e+02
5.209459459459459651e+00 8.172877331573251922e+02
5.219719719719719819e+00 8.176667284196498713e+02
5.229979979979979987e+00 8.180463201887052946e+02
5.240240240240240155e+00 8.184265088518486664e+02
5.250500500500500323e+00 8.188072947749877812e+02
5.260760760760760490e+00 8.191886783030638526e+02
5.271021021021020658e+00 8.195706597589352214e+02
5.281281281281280826e+00 8.199532394441362158e+02
5.291541541541540994e+00 8.203364176381007837e+02
5.301801801801801162e+00 8.207201945980729079e+02
5.312062062062062218e+00 8.211045705590040598e+02
5.322322322322322385e+00 8.214895457334267803e+02
5.332582582582582553e+00 8.218751203110965662e+02
5.342842842842842721e+00 8.222612944590606503e+02
5.353103103103102889e+00 8.226480683211822225e+02
5.363363363363363057e+00 8.230354420179701265e+02
5.373623623623623224e+00 8.234234156469022992e+02
5.383883883883883392e+00 8.238119892815529965e+02
5.394144144144143560e+00 8.242011629716537300e+02
5.404404404404403728e+00 8.245909367432598174e+02
5.414664664664664784e+00 8.249813105980074397e+02
5.424924924924924952e+00 8.253722845133319197e+02
5.435185185185185119e+00 8.257638584421470114e+02
5.445445445445445287e+00 8.261560323124472234e+02
5.455705705705705455e+00 8.265488060275145017e+02
5.465965965965965623e+00 8.269421794657093869e+02
5.476226226226225791e+00 8.273361524795958530e+02
5.486486486486485958e+00 8.277307248969201510e+02
5.496746746746746126e+00 8.281258965194164148e+02
5.507007007007007182e+00 8.285216671231041801e+02
5.517267267267267350e+00 8.289180364578318176e+02
5.527527527527527518e+00 8.293150042475479040e+02
5.537787787787787686e+00 8.297125701895239445e+02
5.548048048048047853e+00 8.301107339546788353e+02
5.558308308308308021e+00 8.305094951873154514e+02
5.568568568568568189e+00 8.309088535043813408e+02
5.578828828828828357e+00 8.313088084959246089e+02
5.589089089089088525e+00 8.317093597248383503e+02
5.599349349349348692e+00 8.321105067263907813e+02
5.609609609609609748e+00 8.325122490083324465e+02
5.619869869869869916e+00 8.329145860502532059e+02
5.630130130130130084e+00 8.333175173041879589e+02
5.640390390390390252e+00 8.337210421934719307e+02
5.650650650650650419e+00 8.341251601132802307e+02
5.660910910910910587e+00 8.345298704304440207e+02
5.671171171171170755e+00 8.349351724824625762e+02
5.681431431431430923e+00 8.353410655785996823e+02
5.691691691691691091e+00 8.357475489985049535e+02
5.701951951951951258e+00 8.361546219925917285e+02
5.712212212212212314e+00 8.365622837820421864e+02
5.722472472472472482e+00 8.369705335581974168e+02
5.732732732732732650e+00 8.373793704824554425e+02
5.742992992992992818e+00 8.377887936866823111e+02
5.753253253253252986e+00 8.381988022718896900e+02
5.763513513513513153e+00 8.386093953092222364e+02
5.773773773773773321e+00 8.390205718390806169e+02
5.784034034034033489e+00 8.394323308712214384e+02
5.794294294294293657e+00 8.398446713845613658e+02
5.804554554554554713e+00 8.402575923267345388e+02
5.814814814814814881e+00 8.406710926143445022e+02
5.825075075075075048e+00 8.410851711325292399e+02
5.835335335335335216e+00 8.414998267346840066e+02
5.845595595595595384e+00 8.419150582426848359e+02
5.855855855855855552e+00 8.423308644463123755e+02
5.866116116116115720e+00 8.427472441033122550e+02
5.876376376376375887e+00 8.431641959391427008e+02
5.886636636636636055e+00 8.435817186466625799e+02
5.896896896896896223e+00 8.439998108866295752e+02
5.907157157157157279e+00 8.444184712862283959e+02
5.917417417417417447e+00 8.448376984404180803e+02
5.927677677677677615e+00 8.452574909105929919e+02
5.937937937937937782e+00 8.456778472250131244e+02
5.948198198198197950e+00 8.460987658786464181e+02
5.958458458458458118e+00 8.465202453327416379e+02
5.968718718718718286e+00 8.469422840144303564e+02
5.978978978978978454e+00 8.473648803176232605e+02
5.989239239239238621e+00 8.477880326013170134e+02
5.999499499499498789e+00 8.482117391909351909e+02
6.009759759759759845e+00 8.486359983774287912e+02
6.020020020020020013e+00 8.490608084165581886e+02
6.030280280280280181e+00 8.494861675300998058e+02
6.040540540540540349e+00 8.499120739041615025e+02
6.050800800800800516e+00 8.503385256907132543e+02
6.061061061061060684e+00 8.507655210058510420e+02
6.071321321321320852e+00 8.511930579307471589e+02
6.081581581581581020e+00 8.516211345105838291e+02
6.091841841841841187e+00 8.520497487554189320e+02
6.102102102102102243e+00 8.524788986393277810e+02
6.112362362362362411e+00 8.529085820999388261e+02
6.122622622622622579e+00 8.533387970397880053e+02
6.132882882882882747e+00 8.537695413242748828e+02
6.143143143143142915e+00 8.542008127829141131e+02
6.153403403403403082e+00 8.546326092083135109e+02
6.163663663663663250e+00 8.550649283568322971e+02
6.173923923923923418e+00 8.554977679476888852e+02
6.184184184184183586e+00 8.559311256633550329e+02
6.194444444444443754e+00 8.563649991489506874e+02
6.204704704704704810e+00 8.567993860128395909e+02
6.214964964964964977e+00 8.572342838253467789e+02
6.225225225225225145e+00 8.576696901199015883e+02
6.235485485485485313e+00 8.581056023919978770e+02
6.245745745745745481e+00 8.585420180993475014e+02
6.256006006006005649e+00 8.589789346621693085e+02
6.266266266266265816e+00 8.594163494620532902e+02
6.276526526526525984e+00 8.598542598429187365e+02
6.286786786786786152e+00 8.602926631099734323e+02
6.297047047047046320e+00 8.607315565306823828e+02
6.307307307307307376e+00 8.611709373334106203e+02
6.317567567567567544e+00 8.616108027077935958e+02
6.327827827827827711e+00 8.620511498054404456e+02
6.338088088088087879e+00 8.624919757383789829e+02
6.348348348348348047e+00 8.629332775800454556e+02
6.358608608608608215e+00 8.633750523644675923e+02
6.368868868868868383e+00 8.638172970867967706e+02
6.379129129129128550e+00 8.642600087024853792e+02
6.389389389389388718e+00 8.647031841278025013e+02
6.399649649649649774e+00 8.651468202397086316e+02
6.409909909909909942e+00 8.655909138745232667e+02
6.420170170170170110e+00 8.660354618300618768e+02
6.430430430430430278e+00 8.664804608633603493e+02
6.440690690690690445e+00 8.669259076923634666e+02
6.450950950950950613e+00 8.673717989940563484e+02
6.461211211211210781e+00 8.678181314055176472e+02
6.471471471471470949e+00 8.682649015244390966e+02
6.481731731731731116e+00 8.687121059066266753e+02
6.491991991991991284e+00 8.691597410686711100e+02
6.502252252252252340e+00 8.696078034863775201e+02
6.512512512512512508e+00 8.700562895947939523e+02
6.522772772772772676e+00 8.705051957881887574e+02
6.533033033033032844e+00 8.709545184202333985e+02
6.543293293293293011e+00 8.714042538039680039e+02
6.553553553553553179e+00 8.718543982112400954e+02
6.563813813813813347e+00 8.723049478723630727e+02
6.574074074074073515e+00 8.727558989775789087e+02
6.584334334334333683e+00 8.732072476754760828e+02
6.594594594594593850e+00 8.736589900735433503e+02
6.604854854854854906e+00 8.741111222374098588e+02
6.615115115115115074e+00 8.745636401922821506e+02
6.625375375375375242e+00 8.750165399214282616e+02
6.635635635635635410e+00 8.754698173664860406e+02
6.645895895895895578e+00 8.759234684276332246e+02
6.656156156156155745e+00 8.763774889641074424e+02
6.666416416416415913e+00 8.768318747927087315e+02
6.676676676676676081e+00 8.772866216885784070e+02
6.686936936936936249e+00 8.777417253852132717e+02
6.697197197197197305e+00 8.781971815747813253e+02
6.707457457457457473e+00 8.786529859068812129e+02
6.717717717717717640e+00 8.791091339897789112e+02
6.727977977977977808e+00 8.795656213894585562e+02
6.738238238238237976e+00 8.800224436302080449e+02
6.748498498498498144e+00 8.804795961940100142e+02
6.758758758758758312e+00 8.809370745207198752e+02
6.769019019019018479e+00 8.813948740085213558e+02
6.779279279279278647e+00 8.818529900136197739e+02
6.789539539539538815e+00 8.823114178491874782e+02
6.799799799799799871e+00 8.827701527874727390e+02
6.810060060060060039e+00 8.832291900572444092e+02
6.820320320320320207e+00 8.836885248462858726e+02
6.830580580580580374e+00 8.841481522992565942e+02
6.840840840840840542e+00 8.846080675195287313e+02
6.851101101101100710e+00 8.850682655672339934e+02
6.861361361361360878e+00 8.855287414610750147e+02
6.871621621621621046e+00 8.859894901767295323e+02
6.881881881881881213e+00 8.864505066479855486e+02
6.892142142142141381e+00 8.869117857669359637e+02
6.902402402402402437e+00 8.873733223825743153e+02
6.912662662662662605e+00 8.878351113022771415e+02
6.922922922922922773e+00 8.882971472906763211e+02
6.933183183183182940e+00 8.887594250704886463e+02
6.943443443443443108e+00 8.892219393222354711e+02
6.953703703703703276e+00 8.896846846840655871e+02
6.963963963963963444e+00 8.901476557522606754e+02
6.974224224224223612e+00 8.906108470803868613e+02
6.984484484484483779e+00 8.910742531804298778e+02
6.994744744744744835e+00 8.915378685217873453e+02
7.005005005005005003e+00 8.920016875325700312e+02
7.015265265265265171e+00 8.924657045978977976e+02
7.025525525525525339e+00 8.929299140615842134e+02
7.035785785785785507e+00 8.933943102247038723e+02
7.046046046046045674e+00 8.938588873470273484e+02
7.056306306306305842e+00 8.943236396469463898e+02
7.066566566566566010e+00 8.947885612999990599e+02
7.076826826826826178e+00 8.952536464398248199e+02
7.087087087087086346e+00 8.957188891595375253e+02
7.097347347347347402e+00 8.961842835094373640e+02
7.107607607607607569e+00 8.966498234986490843e+02
7.117867867867867737e+00 8.971155030949325919e+02
7.128128128128127905e+00 8.975813162238358700e+02
7.138388388388388073e+00 8.980472567702780680e+02
7.148648648648648241e+00 8.985133185773698870e+02
7.158908908908908408e+00 8.989794954474726865e+02
7.169169169169168576e+00 8.994457811406886094e+02
7.179429429429428744e+00 8.999121693771628543e+02
7.189689689689688912e+00 9.003786538352001116e+02
7.199949949949949968e+00 9.008452281526244860e+02
7.210210210210210136e+00 9.013118859260484896e+02
7.220470470470470303e+00 9.017786207111662407e+02
7.230730730730730471e+00 9.022454260233953391e+02
7.240990990990990639e+00 9.027122953377105432e+02
7.251251251251250807e+00 9.031792220881734465e+02
7.261511511511510975e+00 9.036461996684050746e+02
7.271771771771771142e+00 9.041132214322052505e+02
7.282032032032031310e+00 9.045802806927383699e+02
7.292292292292292366e+00 9.050473707231051321e+02
7.302552552552552534e+00 9.055144847570550155e+02
7.312812812812812702e+00 9.059816159882485636e+02
7.323073073073072869e+00 9.064487575702420372e+02
7.333333333333333037e+00 9.069159026173829261e+02
7.343593593593593205e+00 9.073830442045461950e+02
7.353853853853853373e+00 9.078501753675978989e+02
7.364114114114113541e+00 9.083172891022920794e+02
7.374374374374373708e+00 9.087843783668304241e+02
7.384634634634633876e+00 9.092514360789231205e+02
7.394894894894894932e+00 9.097184551184971042e+02
7.405155155155155100e+00 9.101854283268451127e+02
7.415415415415415268e+00 9.106523485065979457e+02
7.425675675675675436e+00 9.111192084224277323e+02
7.435935935935935603e+00 9.115860007995527212e+02
7.446196196196195771e+00 9.120527183272175762e+02
7.456456456456455939e+00 9.125193536557942480e+02
7.466716716716716107e+00 9.129858993978131139e+02
7.476976976976976275e+00 9.134523481290698328e+02
7.487237237237236442e+00 9.139186923867441692e+02
7.497497497497497498e+00 9.143849246728110529e+02
7.507757757757757666e+00 9.148510374508914538e+02
7.518018018018017834e+00 9.153170231480953589e+02
7.528278278278278002e+00 9.157828741551207941e+02
7.538538538538538170e+00 9.162485828261618508e+02
7.548798798798798337e+00 9.167141414800903476e+02
7.559059059059058505e+00 9.171795423980457826e+02
7.569319319319318673e+00 9.176447778269883884e+02
7.579579579579578841e+00 9.181098399778652492e+02
7.589839839839839897e+00 9.185747210252918649e+02
7.600100100100100065e+00 9.190394131102093525e+02
7.610360360360360232e+00 9.195039083378528630e+02
7.620620620620620400e+00 9.199681987775971947e+02
7.630880880880880568e+00 9.204322764672897392e+02
7.641141141141140736e+00 9.208961334072611180e+02
7.651401401401400904e+00 9.213597615663481974e+02
7.661661661661661071e+00 9.218231528767355485e+02
7.671921921921921239e+00 9.222862992396378559e+02
7.682182182182181407e+00 9.227491925221053179e+02
7.692442442442442463e+00 9.232118245572919477e+02
7.702702702702702631e+00 9.236741871462709241e+02
7.712962962962962798e+00 9.241362720568471332e+02
7.723223223223222966e+00 9.245980710247521301e+02
7.733483483483483134e+00 9.250595757538654880e+02
7.743743743743743302e+00 9.255207779159802612e+02
7.754004004004003470e+00 9.259816691505682229e+02
7.764264264264263637e+00 9.264422410666993528e+02
7.774524524524523805e+00 9.269024852417265947e+02
7.784784784784783973e+00 9.273623932227545765e+02
7.795045045045045029e+00 9.278219565257885506e+02
7.805305305305305197e+00 9.282811666364649454e+02
7.815565565565565365e+00 9.287400150104551813e+02
7.825825825825825532e+00 9.291984930745438760e+02
7.836086086086085700e+00 9.296565922246918490e+02
7.846346346346345868e+00 9.301143038284470776e+02
7.856606606606606036e+00 9.305716192242679199e+02
7.866866866866866204e+00 9.310285297227553656e+02
7.877127127127126371e+00 9.314850266051107610e+02
7.887387387387387427e+00 9.319411011248508885e+02
7.897647647647647595e+00 9.323967445088078421e+02
7.907907907907907763e+00 9.328519479541647570e+02
7.918168168168167931e+00 9.333067026336144636e+02
7.928428428428428099e+00 9.337609996918399702e+02
7.938688688688688266e+00 9.342148302463650680e+02
7.948948948948948434e+00 9.346681853898747931e+02
7.959209209209208602e+00 9.351210561889516839e+02
7.969469469469468770e+00 9.355734336837415412e+02
7.979729729729728938e+00 9.360253088907592200e+02
7.989989989989989994e+00 9.364766727999877958e+02
8.000250250250250161e+00 9.369275163779420836e+02
8.010510510510510329e+00 9.373778305675593856e+02
8.020770770770770497e+00 9.378276062862008757e+02
8.031031031031030665e+00 9.382768344295734551e+02
8.041291291291290833e+00 9.387255058683473408e+02
8.051551551551551000e+00 9.391736114517829037e+02
8.061811811811811168e+00 9.396211420067829749e+02
8.072072072072071336e+00 9.400680883370844185e+02
8.082332332332331504e+00 9.405144412258298416e+02
8.092592592592591672e+00 9.409601914331192347e+02
8.102852852852851839e+00 9.414053297004471688e+02
8.113113113113112007e+00 9.418498467464845589e+02
8.123373373373372175e+00 9.422937332707502947e+02
8.133633633633632343e+00 9.427369799524112750e+02
8.143893893893892511e+00 9.431795774509419061e+02
8.154154154154152678e+00 9.436215164080028899e+02
8.164414414414412846e+00 9.440627874443694054e+02
8.174674674674673014e+00 9.445033811631582239e+02
8.184934934934934958e+00 9.449432881497602921e+02
8.195195195195195126e+00 9.453824989722710370e+02
8.205455455455455294e+00 9.458210041807641346e+02
8.215715715715715461e+00 9.462587943094580396e+02
8.225975975975975629e+00 9.466958598735462829e+02
8.236236236236235797e+00 9.471321913761549922e+02
8.246496496496495965e+00 9.475677793011141148e+02
8.256756756756756133e+00 9.480026141181100456e+02
8.267017017017016300e+00 9.484366862838086263e+02
8.277277277277276468e+00 9.488699862385686856e+02
8.287537537537538412e+00 9.493025044069343039e+02
8.297797797797798580e+00 9.497342312035443683e+02
8.308058058058058748e+00 9.501651570279059342e+02
8.318318318318318916e+00 9.505952722667757371e+02
8.328578578578579084e+00 9.510245672936983965e+02
8.338838838838839251e+00 9.514530324715466350e+02
8.349099099099099419e+00 9.518806581523992918e+02
8.359359359359359587e+00 9.523074346738316081e+02
8.369619619619619755e+00 9.527333523666023893e+02
8.379879879879879923e+00 9.531584015491380342e+02
8.390140140140140090e+00 9.535825725291780373e+02
8.400400400400400258e+00 9.540058556072988267e+02
8.410660660660660426e+00 9.544282410733103461e+02
8.420920920920920594e+00 9.548497192102382769e+02
8.431181181181180762e+00 9.552702802901183077e+02
8.441441441441440929e+00 9.556899145801102122e+02
8.451701701701701097e+00 9.561086123394690048e+02
8.461961961961961265e+00 9.565263638203435903e+02
8.472222222222221433e+00 9.569431592679495679e+02
8.482482482482481601e+00 9.573589889226512923e+02
8.492742742742741768e+00 9.577738430187433778e+02
8.503003003003001936e+00 9.581877117860042290e+02
8.513263263263262104e+00 9.586005854498948793e+02
8.523523523523522272e+00 9.590124542312964877e+02
8.533783783783784216e+00 9.594233083468395762e+02
8.544044044044044384e+00 9.598331380119725509e+02
8.554304304304304551e+00 9.602419334375896369e+02
8.564564564564564719e+00 9.606496848340423185e+02
8.574824824824824887e+00 9.610563824074846480e+02
8.585085085085085055e+00 9.614620163657432386e+02
8.595345345345345223e+00 9.618665769143193529e+02
8.605605605605605390e+00 9.622700542581027321e+02
8.615865865865865558e+00 9.626724386026469347e+02
8.626126126126125726e+00 9.630737201542809771e+02
8.636386386386385894e+00 9.634738891196902841e+02
8.646646646646646062e+00 9.638729357092264536e+02
8.656906906906906229e+00 9.642708501314471050e+02
8.667167167167166397e+00 9.646676226013848918e+02
8.677427427427426565e+00 9.650632433352290036e+02
8.687687687687686733e+00 9.654577025520471807e+02
8.697947947947946901e+00 9.658509904776639132e+02
8.708208208208207068e+00 9.662430973381608510e+02
8.718468468468467236e+00 9.666340133674823392e+02
8.728728728728729180e+00 9.670237288057614933e+02
8.738988988988989348e+00 9.674122338966373036e+02
8.749249249249249516e+00 9.677995188912345839e+02
8.759509509509509684e+00 9.681855740479778660e+02
8.769769769769769852e+00 9.685703896321176671e+02
8.780030030030030019e+00 9.689539559171154224e+02
8.790290290290290187e+00 9.693362631849784066e+02
8.800550550550550355e+00 9.697173017261465020e+02
8.810810810810810523e+00 9.700970618415261697e+02
8.821071071071070691e+00 9.704755338399627362e+02
8.831331331331330858e+00 9.708527080420722086e+02
8.841591591591591026e+00 9.712285747804614857e+02
8.851851851851851194e+00 9.716031243950518501e+02
8.862112112112111362e+00 9.719763472437213068e+02
8.872372372372371530e+00 9.723482336910522008e+02
8.882632632632631697e+00 9.727187741181094225e+02
8.892892892892891865e+00 9.730879589174131752e+02
8.903153153153152033e+00 9.734557784972462287e+02
8.913413413413412201e+00 9.738222232778496164e+02
8.923673673673672369e+00 9.741872836964020053e+02
8.933933933933934313e+00 9.745509502035010883e+02
8.944194194194194480e+00 9.749132132690873505e+02
8.954454454454454648e+00 9.752740633761604840e+02
8.964714714714714816e+00 9.756334910267272562e+02
8.974974974974974984e+00 9.759914867373760217e+02
8.985235235235235152e+00 9.763480410467740285e+02
8.995495495495495319e+00 9.767031445089877479e+02
9.005755755755755487e+00 9.770567876984441682e+02
9.016016016016015655e+00 9.774089612080140341e+02
9.026276276276275823e+00 9.777596556508683534e+02
9.036536536536535991e+00 9.781088616615088540e+02
9.046796796796796158e+00 9.784565698949925263e+02
9.057057057057056326e+00 9.788027710258305660e+02
9.067317317317316494e+00 9.791474557545498101e+02
9.077577577577576662e+00 9.794906148012570384e+02
9.087837837837836830e+00 9.798322389095973222e+02
9.098098098098096997e+00 9.801723188465620069e+02
9.108358358358357165e+00 9.805108454039203707e+02
9.118618618618617333e+00 9.808478093979389314e+02
9.128878878878879277e+00 9.811832016688949807e+02
9.139139139139139445e+00 9.815170130844975347e+02
9.149399399399399613e+00 9.818492345351430686e+02
9.159659659659659781e+00 9.821798569417936733e+02
9.169919919919919948e+00 9.825088712501460577e+02
9.180180180180180116e+00 9.828362684340914939e+02
9.190440440440440284e+00 9.831620394948778312e+02
9.200700700700700452e+00 9.834861754628210520e+02
9.210960960960960620e+00 9.838086673982419370e+02
9.221221221221220787e+00 9.841295063888603636e+02
9.231481481481480955e+00 9.844486835553658466e+02
9.241741741741741123e+00 9.847661900452270629e+02
9.252002002002001291e+00 9.850820170411968775e+02
9.262262262262261459e+00 9.853961557544243988e+02
9.272522522522521626e+00 9.857085974294867583e+02
9.282782782782781794e+00 9.860193333434066290e+02
9.293043043043041962e+00 9.863283548061166357e+02
9.303303303303302130e+00 9.866356531624315949e+02
9.313563563563562298e+00 9.869412197866008682e+02
9.323823823823824242e+00 9.872450460931738689e+02
9.334084084084084409e+00 9.875471235293854306e+02
9.344344344344344577e+00 9.878474435772832294e+02
9.354604604604604745e+00 9.881459977547436893e+02
9.364864864864864913e+00 9.884427776191988642e+02
9.375125125125125081e+00 9.887377747601252622e+02
9.385385385385385248e+00 9.890309808089019725e+02
9.395645645645645416e+00 9.893223874324530698e+02
9.405905905905905584e+00 9.896119863364082221e+02
9.416166166166165752e+00 9.898997692670941433e+02
9.426426426426425920e+00 9.901857280071565128e+02
9.436686686686686087e+00 9.904698543807942315e+02
9.446946946946946255e+00 9.907521402537463473e+02
9.457207207207206423e+00 9.910325775313621079e+02
9.467467467467466591e+00 9.913111581587081673e+02
9.477727727727726759e+00 9.915878741262815765e+02
9.487987987987986926e+00 9.918627174627031309e+02
9.498248248248247094e+00 9.921356802429747859e+02
9.508508508508507262e+00 9.924067545821774274e+02
9.518768768768767430e+00 9.926759326412168321e+02
9.529029029029029374e+00 9.929432066251551987e+02
9.539289289289289542e+00 9.932085687808406647e+02
9.549549549549549710e+00 9.934720114041218721e+02
9.559809809809809877e+00 9.937335268322387947e+02
9.570070070070070045e+00 9.939931074522486369e+02
9.580330330330330213e+00 9.942507456940351176e+02
9.590590590590590381e+00 9.945064340378714860e+02
9.600850850850850549e+00 9.947601650079615183e+02
9.611111111111110716e+00 9.950119311780277940e+02
9.621371371371370884e+00 9.952617251696004814e+02
9.631631631631631052e+00 9.955095396536482895e+02
9.641891891891891220e+00 9.957553673485547279e+02
9.652152152152151388e+00 9.959992010230339474e+02
9.662412412412411555e+00 9.962410334955231974e+02
9.672672672672671723e+00 9.964808576355469540e+02
9.682932932932931891e+00 9.967186663625253686e+02
9.693193193193192059e+00 9.969544526468091590e+02
9.703453453453452227e+00 9.971882095110414639e+02
9.713713713713712394e+00 9.974199300311656771e+02
9.723973973973974338e+00 9.976496073327233489e+02
9.734234234234234506e+00 9.978772345960749135e+02
9.744494494494494674e+00 9.981028050537526042e+02
9.754754754754754842e+00 9.983263119930280709e+02
9.765015015015015010e+00 9.985477487558598568e+02
9.775275275275275177e+00 9.987671087353511439e+02
9.785535535535535345e+00 9.989843853841264263e+02
9.795795795795795513e+00 9.991995722072919079e+02
9.806056056056055681e+00 9.994126627658570214e+02
9.816316316316315849e+00 9.996236506766080083e+02
9.826576576576576016e+00 9.998325296159691788e+02
9.836836836836836184e+00 1.000039293312155110e+03
9.847097097097096352e+00 1.000243935554281279e+03
9.857357357357356520e+00 1.000446450188645485e+03
9.867617617617616688e+00 1.000646831117743432e+03
9.877877877877876855e+00 1.000845072304953419e+03
9.888138138138137023e+00 1.001041167771353685e+03
9.898398398398397191e+00 1.001235111594289037e+03
9.908658658658657359e+00 1.001426897916935332e+03
9.918918918918919303e+00 1.001616520935758899e+03
9.929179179179179471e+00 1.001803974913076672e+03
9.939439439439439639e+00 1.001989254166264914e+03
9.949699699699699806e+00 1.002172353078060496e+03
9.959959959959959974e+00 1.002353266090447050e+03
9.970220220220220142e+00 1.002531987706400741e+03
9.980480480480480310e+00 1.002708512493374542e+03
9.990740740740740478e+00 1.002882835078416861e+03
1.000100100100100065e+01 1.003054950153223217e+03
1.001126126126126081e+01 1.003224852470593760e+03
1.002152152152152098e+01 1.003392536848032819e+03
1.003178178178178115e+01 1.003557998165237336e+03
1.004204204204204132e+01 1.003721231368171971e+03
1.005230230230230148e+01 1.003882231464570509e+03
1.006256256256256165e+01 1.004040993527421392e+03
1.007282282282282182e+01 1.004197512695584578e+03
1.008308308308308199e+01 1.004351784172408543e+03
1.009334334334334216e+01 1.004503803225277693e+03
1.010360360360360232e+01 1.004653565190492714e+03
1.011386386386386249e+01 1.004801065467747435e+03
1.012412412412412444e+01 1.004946299522600157e+03
1.013438438438438460e+01 1.005089262890155510e+03
1.014464464464464477e+01 1.005229951169627498e+03
1.015490490490490494e+01 1.005368360029443693e+03
1.016516516516516511e+01 1.005504485204414323e+03
1.017542542542542527e+01 1.005638322495564125e+03
1.018568568568568544e+01 1.005769867775494163e+03
1.019594594594594561e+01 1.005899116981579596e+03
1.020620620620620578e+01 1.006026066120919154e+03
1.021646646646646595e+01 1.006150711272124681e+03
1.022672672672672611e+01 1.006273048576764950e+03
1.023698698698698628e+01 1.006393074250478094e+03
1.024724724724724645e+01 1.006510784577779532e+03
1.025750750750750662e+01 1.006626175910826646e+03
1.026776776776776678e+01 1.006739244672646919e+03
1.027802802802802695e+01 1.006849987358488647e+03
1.028828828828828712e+01 1.006958400530406152e+03
1.029854854854854729e+01 1.007064480822862151e+03
1.030880880880880746e+01 1.007168224942679444e+03
1.031906906906906940e+01 1.007269629665311300e+03
1.032932932932932957e+01 1.007368691836500261e+03
1.033958958958958974e+01 1.007465408376781738e+03
1.034984984984984990e+01 1.007559776277117294e+03
1.036011011011011007e+01 1.007651792598461839e+03
1.037037037037037024e+01 1.007741454475939690e+03
1.038063063063063041e+01 1.007828759115560729e+03
1.039089089089089057e+01 1.007913703795142624e+03
1.040115115115115074e+01 1.007996285867829329e+03
1.041141141141141091e+01 1.008076502756584205e+03
1.042167167167167108e+01 1.008154351958723623e+03
1.043193193193193125e+01 1.008229831043786589e+03
1.044219219219219141e+01 1.008302937654788479e+03
1.045245245245245158e+01 1.008373669507510499e+03
1.046271271271271175e+01 1.008442024393180191e+03
1.047297297297297192e+01 1.008508000172953302e+03
1.048323323323323208e+01 1.008571594786401533e+03
1.049349349349349225e+01 1.008632806243016148e+03
1.050375375375375242e+01 1.008691632627929380e+03
1.051401401401401436e+01 1.008748072099992896e+03
1.052427427427427453e+01 1.008802122893631349e+03
1.053453453453453470e+01 1.008853783315576152e+03
1.054479479479479487e+01 1.008903051748719008e+03
1.055505505505505504e+01 1.008949926649936742e+03
1.056531531531531520e+01 1.008994406549245355e+03
1.057557557557557537e+01 1.009036490052689828e+03
1.058583583583583554e+01 1.009076175842803536e+03
1.059609609609609571e+01 1.009113462674419907e+03
1.060635635635635587e+01 1.009148349378745820e+03
1.061661661661661604e+01 1.009180834861512835e+03
1.062687687687687621e+01 1.009210918103889412e+03
1.063713713713713638e+01 1.009238598162813105e+03
1.064739739739739655e+01 1.009263874169065275e+03
1.065765765765765671e+01 1.009286745329261066e+03
1.066791791791791688e+01 1.009307210927165897e+03
1.067817817817817705e+01 1.009325270318673120e+03
1.068843843843843722e+01 1.009340922937663890e+03
1.069869869869869738e+01 1.009354168293559269e+03
1.070895895895895755e+01 1.009365005970220409e+03
1.071921921921921950e+01 1.009373435626811329e+03
1.072947947947947966e+01 1.009379456999942249e+03
1.073973973973973983e+01 1.009383069898142026e+03
1.075000000000000000e+01 1.009384274210729814e+03
