5.000000000000000000e-01 5.289307066802676616e+01
5.195195195195194682e-01 5.291944710661491769e+01
5.390390390390390474e-01 5.294572196630483063e+01
5.585585585585585155e-01 5.297189558135985266e+01
5.780780780780780947e-01 5.299796828543682636e+01
5.975975975975975629e-01 5.302394041158240867e+01
6.171171171171171421e-01 5.304981229222936889e+01
6.366366366366366103e-01 5.307558425919307865e+01
6.561561561561561895e-01 5.310125664366783127e+01
6.756756756756756577e-01 5.312682977622347380e+01
6.951951951951952369e-01 5.315230398680191115e+01
7.147147147147147050e-01 5.317767960471376654e+01
7.342342342342342842e-01 5.320295695863502772e+01
7.537537537537537524e-01 5.322813637660387798e+01
7.732732732732732206e-01 5.325321818601733526e+01
7.927927927927927998e-01 5.327820271362826077e+01
8.123123123123123790e-01 5.330309028554216155e+01
8.318318318318318472e-01 5.332788122721424173e+01
8.513513513513513153e-01 5.335257586344626191e+01
8.708708708708708945e-01 5.337717451838377514e+01
8.903903903903904737e-01 5.340167751551316400e+01
9.099099099099099419e-01 5.342608517765878418e+01
9.294294294294294101e-01 5.345039782698021469e+01
9.489489489489489893e-01 5.347461578496962886e+01
9.684684684684684575e-01 5.349873937244888822e+01
9.879879879879880367e-01 5.352276890956715505e+01
1.007507507507507505e+00 5.354670471579816393e+01
1.027027027027027195e+00 5.357054710993779167e+01
1.046546546546546441e+00 5.359429641010147805e+01
1.066066066066066131e+00 5.361795293372190940e+01
1.085585585585585600e+00 5.364151699754654601e+01
1.105105105105105068e+00 5.366498891763536960e+01
1.124624624624624758e+00 5.368836900935846757e+01
1.144144144144144004e+00 5.371165758739405049e+01
1.163663663663663694e+00 5.373485496572588715e+01
1.183183183183183163e+00 5.375796145764154232e+01
1.202702702702702631e+00 5.378097737572998227e+01
1.222222222222222321e+00 5.380390303187969891e+01
1.241741741741741789e+00 5.382673873727660663e+01
1.261261261261261257e+00 5.384948480240215218e+01
1.280780780780780947e+00 5.387214153703127550e+01
1.300300300300300194e+00 5.389470925023069015e+01
1.319819819819819884e+00 5.391718825035689378e+01
1.339339339339339352e+00 5.393957884505450551e+01
1.358858858858858820e+00 5.396188134125439717e+01
1.378378378378378510e+00 5.398409604517211591e+01
1.397897897897897979e+00 5.400622326230606518e+01
1.417417417417417447e+00 5.402826329743606237e+01
1.436936936936936915e+00 5.405021645462157664e+01
1.456456456456456383e+00 5.407208303720028653e+01
1.475975975975976073e+00 5.409386334778659489e+01
1.495495495495495542e+00 5.411555768827005153e+01
1.515015015015015010e+00 5.413716635981409553e+01
1.534534534534534478e+00 5.415868966285448494e+01
1.554054054054054168e+00 5.418012789709815280e+01
1.573573573573573636e+00 5.420148136152167240e+01
1.593093093093093104e+00 5.422275035437019142e+01
1.612612612612612573e+00 5.424393517315607482e+01
1.632132132132132263e+00 5.426503611465775379e+01
1.651651651651651731e+00 5.428605347491854616e+01
1.671171171171171199e+00 5.430698754924559779e+01
1.690690690690690667e+00 5.432783863220866749e+01
1.710210210210210358e+00 5.434860701763921043e+01
1.729729729729729826e+00 5.436929299862928389e+01
1.749249249249249294e+00 5.438989686753061648e+01
1.768768768768768762e+00 5.441041891595357782e+01
1.788288288288288230e+00 5.443085943476640409e+01
1.807807807807807920e+00 5.445121871409413217e+01
1.827327327327327389e+00 5.447149704331797437e+01
1.846846846846846857e+00 5.449169471107433083e+01
1.866366366366366325e+00 5.451181200525410020e+01
1.885885885885886015e+00 5.453184921300189814e+01
1.905405405405405483e+00 5.455180662071536801e+01
1.924924924924924952e+00 5.457168451404448462e+01
1.944444444444444420e+00 5.459148317789093596e+01
1.963963963963964110e+00 5.461120289640742698e+01
1.983483483483483578e+00 5.463084395299723184e+01
2.003003003003002824e+00 5.465040663031343371e+01
2.022522522522522515e+00 5.466989121025864762e+01
2.042042042042042205e+00 5.468929797398428150e+01
2.061561561561561895e+00 5.470862720189025907e+01
2.081081081081081141e+00 5.472787917362446564e+01
2.100600600600600387e+00 5.474705416808242120e+01
2.120120120120120077e+00 5.476615246340682575e+01
2.139639639639639768e+00 5.478517433698726080e+01
2.159159159159159458e+00 5.480412006545984838e+01
2.178678678678678704e+00 5.482298992470698806e+01
2.198198198198197950e+00 5.484178418985703729e+01
2.217717717717717640e+00 5.486050313528410527e+01
2.237237237237237331e+00 5.487914703460782562e+01
2.256756756756757021e+00 5.489771616069323557e+01
2.276276276276276267e+00 5.491621078565049174e+01
2.295795795795795957e+00 5.493463118083485597e+01
2.315315315315315203e+00 5.495297761684651050e+01
2.334834834834834894e+00 5.497125036353057226e+01
2.354354354354354584e+00 5.498944968997689386e+01
2.373873873873873830e+00 5.500757586452014181e+01
2.393393393393393520e+00 5.502562915473978222e+01
2.412912912912912766e+00 5.504360982746006670e+01
2.432432432432432456e+00 5.506151814875008910e+01
2.451951951951952147e+00 5.507935438392382821e+01
2.471471471471471837e+00 5.509711879754030406e+01
2.490990990990991083e+00 5.511481165340361343e+01
2.510510510510510773e+00 5.513243321456314305e+01
2.530030030030030019e+00 5.514998374331362641e+01
2.549549549549549710e+00 5.516746350119547060e+01
2.569069069069068956e+00 5.518487274899477057e+01
2.588588588588588646e+00 5.520221174674381359e+01
2.608108108108108336e+00 5.521948075372100107e+01
2.627627627627627582e+00 5.523668002845136726e+01
2.647147147147147273e+00 5.525380982870672852e+01
2.666666666666666963e+00 5.527087041150613800e+01
2.686186186186186209e+00 5.528786203311604197e+01
2.705705705705705899e+00 5.530478494905079145e+01
2.725225225225225145e+00 5.532163941407291929e+01
2.744744744744744835e+00 5.533842568219357361e+01
2.764264264264264526e+00 5.535514400667296542e+01
2.783783783783783772e+00 5.537179464002073104e+01
2.803303303303303462e+00 5.538837783399643655e+01
2.822822822822822708e+00 5.540489383961006098e+01
2.842342342342342398e+00 5.542134290712241551e+01
2.861861861861862089e+00 5.543772528604578298e+01
2.881381381381381335e+00 5.545404122514426604e+01
2.900900900900901025e+00 5.547029097243456164e+01
2.920420420420420715e+00 5.548647477518633053e+01
2.939939939939939961e+00 5.550259287992290069e+01
2.959459459459459651e+00 5.551864553242178602e+01
2.978978978978978898e+00 5.553463297771539686e+01
2.998498498498498588e+00 5.555055546009160850e+01
3.018018018018018278e+00 5.556641322309441478e+01
3.037537537537537524e+00 5.558220650952466002e+01
3.057057057057057214e+00 5.559793556144064297e+01
3.076576576576576461e+00 5.561360062015889838e+01
3.096096096096096151e+00 5.562920192625486493e+01
3.115615615615615841e+00 5.564473971956363130e+01
3.135135135135135087e+00 5.566021423918073197e+01
3.154654654654654777e+00 5.567562572346280803e+01
3.174174174174174468e+00 5.569097441002855930e+01
3.193693693693693714e+00 5.570626053575929859e+01
3.213213213213213404e+00 5.572148433680007429e+01
3.232732732732732650e+00 5.573664604856016069e+01
3.252252252252252340e+00 5.575174590571422328e+01
3.271771771771772030e+00 5.576678414220293689e+01
3.291291291291291277e+00 5.578176099123390230e+01
3.310810810810810967e+00 5.579667668528269076e+01
3.330330330330330213e+00 5.581153145609346922e+01
3.349849849849849903e+00 5.582632553468022962e+01
3.369369369369369593e+00 5.584105915132742126e+01
3.388888888888888840e+00 5.585573253559105922e+01
3.408408408408408530e+00 5.587034591629962677e+01
3.427927927927928220e+00 5.588489952155505591e+01
3.447447447447447466e+00 5.589939357873369374e+01
3.466966966966967156e+00 5.591382831448726165e+01
3.486486486486486402e+00 5.592820395474397088e+01
3.506006006006006093e+00 5.594252072470935389e+01
3.525525525525525783e+00 5.595677884886745090e+01
3.545045045045045029e+00 5.597097855098178343e+01
3.564564564564564719e+00 5.598512005409639158e+01
3.584084084084084409e+00 5.599920358053693548e+01
3.603603603603603656e+00 5.601322935191173968e+01
3.623123123123123346e+00 5.602719758911288039e+01
3.642642642642642592e+00 5.604110851231726542e+01
3.662162162162162282e+00 5.605496234098782082e+01
3.681681681681681972e+00 5.606875929387445723e+01
3.701201201201201219e+00 5.608249958901537724e+01
3.720720720720720909e+00 5.609618344373804177e+01
3.740240240240240155e+00 5.610981107466043483e+01
3.759759759759759845e+00 5.612338269769218613e+01
3.779279279279279535e+00 5.613689852803572222e+01
3.798798798798798781e+00 5.615035878018743887e+01
3.818318318318318472e+00 5.616376366793895869e+01
3.837837837837838162e+00 5.617711340437824674e+01
3.857357357357357408e+00 5.619040820189083973e+01
3.876876876876877098e+00 5.620364827216103976e+01
3.896396396396396344e+00 5.621683382617322167e+01
3.915915915915916035e+00 5.622996507421297707e+01
3.935435435435435725e+00 5.624304222586837909e+01
3.954954954954954971e+00 5.625606549003125423e+01
3.974474474474474661e+00 5.626903507489844714e+01
3.993993993993993907e+00 5.628195118797300722e+01
4.013513513513514042e+00 5.629481403606558132e+01
4.033033033033033732e+00 5.630762382529562160e+01
4.052552552552552534e+00 5.632038076109269298e+01
4.072072072072072224e+00 5.633308504819775919e+01
4.091591591591591914e+00 5.634573689066453994e+01
4.111111111111110716e+00 5.635833649186071881e+01
4.130630630630630407e+00 5.637088405446944250e+01
4.150150150150150097e+00 5.638337978049041510e+01
4.169669669669669787e+00 5.639582387124144702e+01
4.189189189189189477e+00 5.640821652735967717e+01
4.208708708708709167e+00 5.642055794880296560e+01
4.228228228228228858e+00 5.643284833485122221e+01
4.247747747747747660e+00 5.644508788410777100e+01
4.267267267267267350e+00 5.645727679450081382e+01
4.286786786786787040e+00 5.646941526328460981e+01
4.306306306306305842e+00 5.648150348704106705e+01
4.325825825825825532e+00 5.649354166168100022e+01
4.345345345345345223e+00 5.650552998244553038e+01
4.364864864864864913e+00 5.651746864390756997e+01
4.384384384384384603e+00 5.652935783997315866e+01
4.403903903903904293e+00 5.654119776388287022e+01
4.423423423423423984e+00 5.655298860821324780e+01
4.442942942942943674e+00 5.656473056487826057e+01
4.462462462462462476e+00 5.657642382513066082e+01
4.481981981981982166e+00 5.658806857956346903e+01
4.501501501501501856e+00 5.659966501811140915e+01
4.521021021021021546e+00 5.661121333005231548e+01
4.540540540540540349e+00 5.662271370400861770e+01
4.560060060060060039e+00 5.663416632794875483e+01
4.579579579579579729e+00 5.664557138918871715e+01
4.599099099099099419e+00 5.665692907439336068e+01
4.618618618618619109e+00 5.666823956957806274e+01
4.638138138138137911e+00 5.667950306010998673e+01
4.657657657657657602e+00 5.669071973070973058e+01
4.677177177177177292e+00 5.670188976545271942e+01
4.696696696696696982e+00 5.671301334777070480e+01
4.716216216216216672e+00 5.672409066045322845e+01
4.735735735735735474e+00 5.673512188564918546e+01
4.755255255255255165e+00 5.674610720486821691e+01
4.774774774774774855e+00 5.675704679898230154e+01
4.794294294294294545e+00 5.676794084822721231e+01
4.813813813813814235e+00 5.677878953220402281e+01
4.833333333333333925e+00 5.678959302988060642e+01
4.852852852852852727e+00 5.680035151959319251e+01
4.872372372372372418e+00 5.681106517904782294e+01
4.891891891891892108e+00 5.682173418532193665e+01
4.911411411411411798e+00 5.683235871486584045e+01
4.930930930930931488e+00 5.684293894350425091e+01
4.950450450450450290e+00 5.685347504643777938e+01
4.969969969969969981e+00 5.686396719824457335e+01
4.989489489489489671e+00 5.687441557288174465e+01
5.009009009009009361e+00 5.688482034368693974e+01
5.028528528528529051e+00 5.689518168337987447e+01
5.048048048048047853e+00 5.690549976406389021e+01
5.067567567567567544e+00 5.691577475722747437e+01
5.087087087087087234e+00 5.692600683374583070e+01
5.106606606606606924e+00 5.693619616388240701e+01
5.126126126126126614e+00 5.694634291729042275e+01
5.145645645645645416e+00 5.695644726301451044e+01
5.165165165165165106e+00 5.696650936949215094e+01
5.184684684684684797e+00 5.697652940455530768e+01
5.204204204204204487e+00 5.698650753543196856e+01
5.223723723723724177e+00 5.699644392874768783e+01
5.243243243243242979e+00 5.700633875052716348e+01
5.262762762762762669e+00 5.701619216619579333e+01
5.282282282282282360e+00 5.702600434058125245e+01
5.301801801801802050e+00 5.703577543791499949e+01
5.321321321321321740e+00 5.704550562183397489e+01
5.340840840840841430e+00 5.705519505538200775e+01
5.360360360360360232e+00 5.706484390101150694e+01
5.379879879879879923e+00 5.707445232058494611e+01
5.399399399399399613e+00 5.708402047537654767e+01
5.418918918918919303e+00 5.709354852607370390e+01
5.438438438438438993e+00 5.710303663277866804e+01
5.457957957957957795e+00 5.711248495501012457e+01
5.477477477477477485e+00 5.712189365170467426e+01
5.496996996996997176e+00 5.713126288121853236e+01
5.516516516516516866e+00 5.714059280132894969e+01
5.536036036036036556e+00 5.714988356923598900e+01
5.555555555555555358e+00 5.715913534156395315e+01
5.575075075075075048e+00 5.716834827436298383e+01
5.594594594594594739e+00 5.717752252311071715e+01
5.614114114114114429e+00 5.718665824271376863e+01
5.633633633633634119e+00 5.719575558750938882e+01
5.653153153153152921e+00 5.720481471126696249e+01
5.672672672672672611e+00 5.721383576718972108e+01
5.692192192192192302e+00 5.722281890791617798e+01
5.711711711711711992e+00 5.723176428552178407e+01
5.731231231231231682e+00 5.724067205152053361e+01
5.750750750750751372e+00 5.724954235686644921e+01
5.770270270270270174e+00 5.725837535195528716e+01
5.789789789789789864e+00 5.726717118662601536e+01
5.809309309309309555e+00 5.727593001016244756e+01
5.828828828828829245e+00 5.728465197129481368e+01
5.848348348348348935e+00 5.729333721820134429e+01
5.867867867867867737e+00 5.730198589850982671e+01
5.887387387387387427e+00 5.731059815929918244e+01
5.906906906906907118e+00 5.731917414710114400e+01
5.926426426426426808e+00 5.732771400790168315e+01
5.945945945945946498e+00 5.733621788714269485e+01
5.965465465465465300e+00 5.734468592972352496e+01
5.984984984984984990e+00 5.735311828000257606e+01
6.004504504504504681e+00 5.736151508179887060e+01
6.024024024024024371e+00 5.736987647839365678e+01
6.043543543543544061e+00 5.737820261253190779e+01
6.063063063063062863e+00 5.738649362642400575e+01
6.082582582582582553e+00 5.739474966174719839e+01
6.102102102102102243e+00 5.740297085964726875e+01
6.121621621621621934e+00 5.741115736074004161e+01
6.141141141141141624e+00 5.741930930511299636e+01
6.160660660660660426e+00 5.742742683232682310e+01
6.180180180180180116e+00 5.743551008141697167e+01
6.199699699699699806e+00 5.744355919089527163e+01
6.219219219219219497e+00 5.745157429875141730e+01
6.238738738738739187e+00 5.745955554245463048e+01
6.258258258258258877e+00 5.746750305895512412e+01
6.277777777777777679e+00 5.747541698468576499e+01
6.297297297297297369e+00 5.748329745556355874e+01
6.316816816816817060e+00 5.749114460699125573e+01
6.336336336336336750e+00 5.749895857385887865e+01
6.355855855855856440e+00 5.750673949054527867e+01
6.375375375375375242e+00 5.751448749091974832e+01
6.394894894894894932e+00 5.752220270834352789e+01
6.414414414414414622e+00 5.752988527567134014e+01
6.433933933933934313e+00 5.753753532525296777e+01
6.453453453453454003e+00 5.754515298893485920e+01
6.472972972972972805e+00 5.755273839806155678e+01
6.492492492492492495e+00 5.756029168347732394e+01
6.512012012012012185e+00 5.756781297552772969e+01
6.531531531531531876e+00 5.757530240406105548e+01
6.551051051051051566e+00 5.758276009843000054e+01
6.570570570570570368e+00 5.759018618749306739e+01
6.590090090090090058e+00 5.759758079961621746e+01
6.609609609609609748e+00 5.760494406267437029e+01
6.629129129129129439e+00 5.761227610405290989e+01
6.648648648648649129e+00 5.761957705064924085e+01
6.668168168168168819e+00 5.762684702887432309e+01
6.687687687687687621e+00 5.763408616465419243e+01
6.707207207207207311e+00 5.764129458343148826e+01
6.726726726726727001e+00 5.764847241016700252e+01
6.746246246246246692e+00 5.765561976934111499e+01
6.765765765765766382e+00 5.766273678495543464e+01
6.785285285285285184e+00 5.766982358053427760e+01
6.804804804804804874e+00 5.767688027912608106e+01
6.824324324324324564e+00 5.768390700330510157e+01
6.843843843843844255e+00 5.769090387517275076e+01
6.863363363363363945e+00 5.769787101635923676e+01
6.882882882882882747e+00 5.770480854802498527e+01
6.902402402402402437e+00 5.771171659086220274e+01
6.921921921921922127e+00 5.771859526509628324e+01
6.941441441441441818e+00 5.772544469048748539e+01
6.960960960960961508e+00 5.773226498633226100e+01
6.980480480480480310e+00 5.773905627146480413e+01
7.000000000000000000e+00 5.774581866425858578e+01
7.019519519519519690e+00 5.775255228262778928e+01
7.039039039039039380e+00 5.775925724402885919e+01
7.058558558558559071e+00 5.776593366546188690e+01
7.078078078078077873e+00 5.777258166347220936e+01
7.097597597597597563e+00 5.777920135415183722e+01
7.117117117117117253e+00 5.778579285314090441e+01
7.136636636636636943e+00 5.779235627562920286e+01
7.156156156156156634e+00 5.779889173635758937e+01
7.175675675675676324e+00 5.780539934961956305e+01
7.195195195195195126e+00 5.781187922926259404e+01
7.214714714714714816e+00 5.781833148868969374e+01
7.234234234234234506e+00 5.782475624086082178e+01
7.253753753753754197e+00 5.783115359829441360e+01
7.273273273273273887e+00 5.783752367306875186e+01
7.292792792792792689e+00 5.784386657682347987e+01
7.312312312312312379e+00 5.785018242076099426e+01
7.331831831831832069e+00 5.785647131564800816e+01
7.351351351351351759e+00 5.786273337181687992e+01
7.370870870870871450e+00 5.786896869916709818e+01
7.390390390390390252e+00 5.787517740716675263e+01
7.409909909909909942e+00 5.788135960485391251e+01
7.429429429429429632e+00 5.788751540083811875e+01
7.448948948948949322e+00 5.789364490330181923e+01
7.468468468468469013e+00 5.789974822000171883e+01
7.487987987987987815e+00 5.790582545827026451e+01
7.507507507507507505e+00 5.791187672501713024e+01
7.527027027027027195e+00 5.791790212673050320e+01
7.546546546546546885e+00 5.792390176947859715e+01
7.566066066066066576e+00 5.792987575891104512e+01
7.585585585585586266e+00 5.793582420026028501e+01
7.605105105105105068e+00 5.794174719834300902e+01
7.624624624624624758e+00 5.794764485756156347e+01
7.644144144144144448e+00 5.795351728190532725e+01
7.663663663663664138e+00 5.795936457495211869e+01
7.683183183183183829e+00 5.796518683986958820e+01
7.702702702702702631e+00 5.797098417941666781e+01
7.722222222222222321e+00 5.797675669594489989e+01
7.741741741741742011e+00 5.798250449139980134e+01
7.761261261261261701e+00 5.798822766732233447e+01
7.780780780780781392e+00 5.799392632485021437e+01
7.800300300300300194e+00 5.799960056471937975e+01
7.819819819819819884e+00 5.800525048726524346e+01
7.839339339339339574e+00 5.801087619242412785e+01
7.858858858858859264e+00 5.801647777973468578e+01
7.878378378378378954e+00 5.802205534833913703e+01
7.897897897897897757e+00 5.802760899698480301e+01
7.917417417417417447e+00 5.803313882402530055e+01
7.936936936936937137e+00 5.803864492742200554e+01
7.956456456456456827e+00 5.804412740474535326e+01
7.975975975975976517e+00 5.804958635317622395e+01
7.995495495495495319e+00 5.805502186950726440e+01
8.015015015015015010e+00 5.806043405014426639e+01
8.034534534534534700e+00 5.806582299110743861e+01
8.054054054054054390e+00 5.807118878803282058e+01
8.073573573573574080e+00 5.807653153617357589e+01
8.093093093093093771e+00 5.808185133040133508e+01
8.112612612612611684e+00 5.808714826520748886e+01
8.132132132132131375e+00 5.809242243470461631e+01
8.151651651651651065e+00 5.809767393262765012e+01
8.171171171171170755e+00 5.810290285233533325e+01
8.190690690690690445e+00 5.810810928681146947e+01
8.210210210210210136e+00 5.811329332866622366e+01
8.229729729729729826e+00 5.811845507013747181e+01
8.249249249249249516e+00 5.812359460309208004e+01
8.268768768768769206e+00 5.812871201902720486e+01
8.288288288288288896e+00 5.813380740907158639e+01
8.307807807807808587e+00 5.813888086398689836e+01
8.327327327327328277e+00 5.814393247416894894e+01
8.346846846846847967e+00 5.814896232964903788e+01
8.366366366366367657e+00 5.815397052009520706e+01
8.385885885885887348e+00 5.815895713481354079e+01
8.405405405405405261e+00 5.816392226274945187e+01
8.424924924924924952e+00 5.816886599248892509e+01
8.444444444444444642e+00 5.817378841225979613e+01
8.463963963963964332e+00 5.817868960993307326e+01
8.483483483483484022e+00 5.818356967302411675e+01
8.503003003003003712e+00 5.818842868869392504e+01
8.522522522522523403e+00 5.819326674375047759e+01
8.542042042042043093e+00 5.819808392464987179e+01
8.561561561561561007e+00 5.820288031749765167e+01
8.581081081081080697e+00 5.820765600804999451e+01
8.600600600600600387e+00 5.821241108171502532e+01
8.620120120120120077e+00 5.821714562355400346e+01
8.639639639639639768e+00 5.822185971828256612e+01
8.659159159159159458e+00 5.822655345027205698e+01
8.678678678678679148e+00 5.823122690355054942e+01
8.698198198198198838e+00 5.823588016180428895e+01
8.717717717717718529e+00 5.824051330837880869e+01
8.737237237237238219e+00 5.824512642628019421e+01
8.756756756756757909e+00 5.824971959817622746e+01
8.776276276276275823e+00 5.825429290639767999e+01
8.795795795795795513e+00 5.825884643293951370e+01
8.815315315315315203e+00 5.826338025946203203e+01
8.834834834834834894e+00 5.826789446729215882e+01
8.854354354354354584e+00 5.827238913742454685e+01
8.873873873873874274e+00 5.827686435052292069e+01
8.893393393393393964e+00 5.828132018692107152e+01
8.912912912912913654e+00 5.828575672662424978e+01
8.932432432432433345e+00 5.829017404931016699e+01
8.951951951951953035e+00 5.829457223433035296e+01
8.971471471471470949e+00 5.829895136071117889e+01
8.990990990990990639e+00 5.830331150715517197e+01
9.010510510510510329e+00 5.830765275204207398e+01
9.030030030030030019e+00 5.831197517343007775e+01
9.049549549549549710e+00 5.831627884905698522e+01
9.069069069069069400e+00 5.832056385634135864e+01
9.088588588588589090e+00 5.832483027238362183e+01
9.108108108108108780e+00 5.832907817396736760e+01
9.127627627627628470e+00 5.833330763756037385e+01
9.147147147147148161e+00 5.833751873931578302e+01
9.166666666666667851e+00 5.834171155507330297e+01
9.186186186186185765e+00 5.834588616036024433e+01
9.205705705705705455e+00 5.835004263039279948e+01
9.225225225225225145e+00 5.835418104007705864e+01
9.244744744744744835e+00 5.835830146401018936e+01
9.264264264264264526e+00 5.836240397648155209e+01
9.283783783783784216e+00 5.836648865147384413e+01
9.303303303303303906e+00 5.837055556266420808e+01
9.322822822822823596e+00 5.837460478342536874e+01
9.342342342342343287e+00 5.837863638682669176e+01
9.361861861861862977e+00 5.838265044563540584e+01
9.381381381381380891e+00 5.838664703231755482e+01
9.400900900900900581e+00 5.839062621903924821e+01
9.420420420420420271e+00 5.839458807766765602e+01
9.439939939939939961e+00 5.839853267977220952e+01
9.459459459459459651e+00 5.840246009662561022e+01
9.478978978978979342e+00 5.840637039920494544e+01
9.498498498498499032e+00 5.841026365819276833e+01
9.518018018018018722e+00 5.841413994397819920e+01
9.537537537537538412e+00 5.841799932665804818e+01
9.557057057057058103e+00 5.842184187603777445e+01
9.576576576576576016e+00 5.842566766163267289e+01
9.596096096096095707e+00 5.842947675266889007e+01
9.615615615615615397e+00 5.843326921808451857e+01
9.635135135135135087e+00 5.843704512653061300e+01
9.654654654654654777e+00 5.844080454637233402e+01
9.674174174174174468e+00 5.844454754568993593e+01
9.693693693693694158e+00 5.844827419227980414e+01
9.713213213213213848e+00 5.845198455365558488e+01
9.732732732732733538e+00 5.845567869704918706e+01
9.752252252252253228e+00 5.845935668941178420e+01
9.771771771771772919e+00 5.846301859741495122e+01
9.791291291291290833e+00 5.846666448745164502e+01
9.810810810810810523e+00 5.847029442563717794e+01
9.830330330330330213e+00 5.847390847781041145e+01
9.849849849849849903e+00 5.847750670953459462e+01
9.869369369369369593e+00 5.848108918609851514e+01
9.888888888888889284e+00 5.848465597251748704e+01
9.908408408408408974e+00 5.848820713353434542e+01
9.927927927927928664e+00 5.849174273362049803e+01
9.947447447447448354e+00 5.849526283697685614e+01
9.966966966966968045e+00 5.849876750753497845e+01
9.986486486486485958e+00 5.850225680895792379e+01
1.000600600600600565e+01 5.850573080464138798e+01
1.002552552552552534e+01 5.850918955771455643e+01
1.004504504504504503e+01 5.851263313104125530e+01
1.006456456456456472e+01 5.851606158722078987e+01
1.008408408408408441e+01 5.851947498858908858e+01
1.010360360360360410e+01 5.852287339721952719e+01
1.012312312312312379e+01 5.852625687492401596e+01
1.014264264264264348e+01 5.852962548325394465e+01
1.016216216216216317e+01 5.853297928350115598e+01
1.018168168168168286e+01 5.853631833669894036e+01
1.020120120120120077e+01 5.853964270362288147e+01
1.022072072072072046e+01 5.854295244479206417e+01
1.024024024024024015e+01 5.854624762046979214e+01
1.025975975975975985e+01 5.854952829066466080e+01
1.027927927927927954e+01 5.855279451513152367e+01
1.029879879879879923e+01 5.855604635337239472e+01
1.031831831831831892e+01 5.855928386463740054e+01
1.033783783783783861e+01 5.856250710792575376e+01
1.035735735735735830e+01 5.856571614198666964e+01
1.037687687687687799e+01 5.856891102532033955e+01
1.039639639639639590e+01 5.857209181617880489e+01
1.041591591591591559e+01 5.857525857256697321e+01
1.043543543543543528e+01 5.857841135224343532e+01
1.045495495495495497e+01 5.858155021272150265e+01
1.047447447447447466e+01 5.858467521127006705e+01
1.049399399399399435e+01 5.858778640491452450e+01
1.051351351351351404e+01 5.859088385043767033e+01
1.053303303303303373e+01 5.859396760438072249e+01
1.055255255255255342e+01 5.859703772304406044e+01
1.057207207207207311e+01 5.860009426248826969e+01
1.059159159159159280e+01 5.860313727853495891e+01
1.061111111111111072e+01 5.860616682676771916e+01
1.063063063063063041e+01 5.860918296253300497e+01
1.065015015015015010e+01 5.861218574094096567e+01
1.066966966966966979e+01 5.861517521686646148e+01
1.068918918918918948e+01 5.861815144494980956e+01
1.070870870870870917e+01 5.862111447959777877e+01
1.072822822822822886e+01 5.862406437498442813e+01
1.074774774774774855e+01 5.862700118505191682e+01
1.076726726726726824e+01 5.862992496351156291e+01
1.078678678678678793e+01 5.863283576384448992e+01
1.080630630630630584e+01 5.863573363930263582e+01
1.082582582582582553e+01 5.863861864290962700e+01
1.084534534534534522e+01 5.864149082746154562e+01
1.086486486486486491e+01 5.864435024552784625e+01
1.088438438438438460e+01 5.864719694945225115e+01
1.090390390390390429e+01 5.865003099135351050e+01
1.092342342342342398e+01 5.865285242312630487e+01
1.094294294294294367e+01 5.865566129644214044e+01
1.096246246246246336e+01 5.865845766275005246e+01
1.098198198198198305e+01 5.866124157327762134e+01
1.100150150150150274e+01 5.866401307903166185e+01
1.102102102102102066e+01 5.866677223079915393e+01
1.104054054054054035e+01 5.866951907914797459e+01
1.106006006006006004e+01 5.867225367442790684e+01
1.107957957957957973e+01 5.867497606677122235e+01
1.109909909909909942e+01 5.867768630609373304e+01
1.111861861861861911e+01 5.868038444209541638e+01
1.113813813813813880e+01 5.868307052426138171e+01
1.115765765765765849e+01 5.868574460186263764e+01
1.117717717717717818e+01 5.868840672395681679e+01
1.119669669669669787e+01 5.869105693938909951e+01
1.121621621621621578e+01 5.869369529679302389e+01
1.123573573573573547e+01 5.869632184459114654e+01
1.125525525525525516e+01 5.869893663099598058e+01
1.127477477477477485e+01 5.870153970401074162e+01
1.129429429429429455e+01 5.870413111143012941e+01
1.131381381381381424e+01 5.870671090084114496e+01
1.133333333333333393e+01 5.870927911962383661e+01
1.135285285285285362e+01 5.871183581495215265e+01
1.137237237237237331e+01 5.871438103379461637e+01
1.139189189189189300e+01 5.871691482291524267e+01
1.141141141141141269e+01 5.871943722887415618e+01
1.143093093093093060e+01 5.872194829802847948e+01
1.145045045045045029e+01 5.872444807653311472e+01
1.146996996996996998e+01 5.872693661034136881e+01
1.148948948948948967e+01 5.872941394520587721e+01
1.150900900900900936e+01 5.873188012667925761e+01
1.152852852852852905e+01 5.873433520011495546e+01
1.154804804804804874e+01 5.873677921066790475e+01
1.156756756756756843e+01 5.873921220329533810e+01
1.158708708708708812e+01 5.874163422275752566e+01
1.160660660660660781e+01 5.874404531361849280e+01
1.162612612612612573e+01 5.874644552024683719e+01
1.164564564564564542e+01 5.874883488681640387e+01
1.166516516516516511e+01 5.875121345730700995e+01
1.168468468468468480e+01 5.875358127550525467e+01
1.170420420420420449e+01 5.875593838500516597e+01
1.172372372372372418e+01 5.875828482920900342e+01
1.174324324324324387e+01 5.876062065132793322e+01
1.176276276276276356e+01 5.876294589438276006e+01
1.178228228228228325e+01 5.876526060120466610e+01
1.180180180180180294e+01 5.876756481443594993e+01
1.182132132132132085e+01 5.876985857653068734e+01
1.184084084084084054e+01 5.877214192975544194e+01
1.186036036036036023e+01 5.877441491619005376e+01
1.187987987987987992e+01 5.877667757772825752e+01
1.189939939939939961e+01 5.877892995607844995e+01
1.191891891891891930e+01 5.878117209276433641e+01
1.193843843843843899e+01 5.878340402912569118e+01
1.195795795795795868e+01 5.878562580631898982e+01
1.197747747747747837e+01 5.878783746531814813e+01
1.199699699699699806e+01 5.879003904691521143e+01
1.201651651651651775e+01 5.879223059172099397e+01
1.203603603603603567e+01 5.879441214016585349e+01
1.205555555555555536e+01 5.879658373250023118e+01
1.207507507507507505e+01 5.879874540879551859e+01
1.209459459459459474e+01 5.880089720894458338e+01
1.211411411411411443e+01 5.880303917266250124e+01
1.213363363363363412e+01 5.880517133948720954e+01
1.215315315315315381e+01 5.880729374878021787e+01
1.217267267267267350e+01 5.880940643972724757e+01
1.219219219219219319e+01 5.881150945133886410e+01
1.221171171171171288e+01 5.881360282245118043e+01
1.223123123123123079e+01 5.881568659172650371e+01
1.225075075075075048e+01 5.881776079765398890e+01
1.227027027027027017e+01 5.881982547855033516e+01
1.228978978978978986e+01 5.882188067256033293e+01
1.230930930930930955e+01 5.882392641765759578e+01
1.232882882882882924e+01 5.882596275164518573e+01
1.234834834834834894e+01 5.882798971215628114e+01
1.236786786786786863e+01 5.883000733665474513e+01
1.238738738738738832e+01 5.883201566243582192e+01
1.240690690690690801e+01 5.883401472662680476e+01
1.242642642642642770e+01 5.883600456618755459e+01
1.244594594594594561e+01 5.883798521791121061e+01
1.246546546546546530e+01 5.883995671842486530e+01
1.248498498498498499e+01 5.884191910419006177e+01
1.250450450450450468e+01 5.884387241150351144e+01
1.252402402402402437e+01 5.884581667649769088e+01
1.254354354354354406e+01 5.884775193514141733e+01
1.256306306306306375e+01 5.884967822324057352e+01
1.258258258258258344e+01 5.885159557643854811e+01
1.260210210210210313e+01 5.885350403021705290e+01
1.262162162162162282e+01 5.885540361989652780e+01
1.264114114114114074e+01 5.885729438063687979e+01
1.266066066066066043e+01 5.885917634743803717e+01
1.268018018018018012e+01 5.886104955514058901e+01
1.269969969969969981e+01 5.886291403842626124e+01
1.271921921921921950e+01 5.886476983181873379e+01
1.273873873873873919e+01 5.886661696968397450e+01
1.275825825825825888e+01 5.886845548623101365e+01
1.277777777777777857e+01 5.887028541551245553e+01
1.279729729729729826e+01 5.887210679142513925e+01
1.281681681681681795e+01 5.887391964771052955e+01
1.283633633633633764e+01 5.887572401795557653e+01
1.285585585585585555e+01 5.887751993559302832e+01
1.287537537537537524e+01 5.887930743390220556e+01
1.289489489489489493e+01 5.888108654600944902e+01
1.291441441441441462e+01 5.888285730488875203e+01
1.293393393393393431e+01 5.888461974336230753e+01
1.295345345345345400e+01 5.888637389410106948e+01
1.297297297297297369e+01 5.888811978962533544e+01
1.299249249249249338e+01 5.888985746230529372e+01
1.301201201201201307e+01 5.889158694436157759e+01
1.303153153153153276e+01 5.889330826786584083e+01
1.305105105105105068e+01 5.889502146474126221e+01
1.307057057057057037e+01 5.889672656676319207e+01
1.309009009009009006e+01 5.889842360555962131e+01
1.310960960960960975e+01 5.890011261261171427e+01
1.312912912912912944e+01 5.890179361925443402e+01
1.314864864864864913e+01 5.890346665667704684e+01
1.316816816816816882e+01 5.890513175592358408e+01
1.318768768768768851e+01 5.890678894789354558e+01
1.320720720720720820e+01 5.890843826334226208e+01
1.322672672672672789e+01 5.891007973288157018e+01
1.324624624624624758e+01 5.891171338698026005e+01
1.326576576576576549e+01 5.891333925596455146e+01
1.328528528528528518e+01 5.891495737001883271e+01
1.330480480480480487e+01 5.891656775918592359e+01
1.332432432432432456e+01 5.891817045336777170e+01
1.334384384384384425e+01 5.891976548232591426e+01
1.336336336336336394e+01 5.892135287568196844e+01
1.338288288288288364e+01 5.892293266291821396e+01
1.340240240240240333e+01 5.892450487337805498e+01
1.342192192192192302e+01 5.892606953626653876e+01
1.344144144144144271e+01 5.892762668065087439e+01
1.346096096096096062e+01 5.892917633546093725e+01
1.348048048048048031e+01 5.893071852948975931e+01
1.350000000000000000e+01 5.893225329139402646e+01
1.351951951951951969e+01 5.893378064969464702e+01
1.353903903903903938e+01 5.893530063277709985e+01
1.355855855855855907e+01 5.893681326889215910e+01
1.357807807807807876e+01 5.893831858615608610e+01
1.359759759759759845e+01 5.893981661255141802e+01
1.361711711711711814e+01 5.894130737592726632e+01
1.363663663663663783e+01 5.894279090399987098e+01
1.365615615615615575e+01 5.894426722435306942e+01
1.367567567567567544e+01 5.894573636443877263e+01
1.369519519519519513e+01 5.894719835157749088e+01
1.371471471471471482e+01 5.894865321295871041e+01
1.373423423423423451e+01 5.895010097564151152e+01
1.375375375375375420e+01 5.895154166655490258e+01
1.377327327327327389e+01 5.895297531249840972e+01
1.379279279279279358e+01 5.895440194014241797e+01
1.381231231231231327e+01 5.895582157602877516e+01
1.383183183183183296e+01 5.895723424657116851e+01
1.385135135135135265e+01 5.895863997805557943e+01
1.387087087087087056e+01 5.896003879664083769e+01
1.389039039039039025e+01 5.896143072835897669e+01
1.390990990990990994e+01 5.896281579911572379e+01
1.392942942942942963e+01 5.896419403469100473e+01
1.394894894894894932e+01 5.896556546073931315e+01
1.396846846846846901e+01 5.896693010279020086e+01
1.398798798798798870e+01 5.896828798624875390e+01
1.400750750750750839e+01 5.896963913639601174e+01
1.402702702702702808e+01 5.897098357838937943e+01
1.404654654654654777e+01 5.897232133726312497e+01
1.406606606606606569e+01 5.897365243792880563e+01
1.408558558558558538e+01 5.897497690517568003e+01
1.410510510510510507e+01 5.897629476367115586e+01
1.412462462462462476e+01 5.897760603796127299e+01
1.414414414414414445e+01 5.897891075247104453e+01
1.416366366366366414e+01 5.898020893150491162e+01
1.418318318318318383e+01 5.898150059924729049e+01
1.420270270270270352e+01 5.898278577976280701e+01
1.422222222222222321e+01 5.898406449699687926e+01
1.424174174174174290e+01 5.898533677477603021e+01
1.426126126126126259e+01 5.898660263680838511e+01
1.428078078078078050e+01 5.898786210668404095e+01
1.430030030030030019e+01 5.898911520787554252e+01
1.431981981981981988e+01 5.899036196373818086e+01
1.433933933933933957e+01 5.899160239751053325e+01
1.435885885885885926e+01 5.899283653231481139e+01
1.437837837837837895e+01 5.899406439115728773e+01
1.439789789789789864e+01 5.899528599692865072e+01
1.441741741741741833e+01 5.899650137240451642e+01
1.443693693693693803e+01 5.899771054024570560e+01
1.445645645645645772e+01 5.899891352299874825e+01
1.447597597597597563e+01 5.900011034309619617e+01
1.449549549549549532e+01 5.900130102285709199e+01
1.451501501501501501e+01 5.900248558448735992e+01
1.453453453453453470e+01 5.900366405008011839e+01
1.455405405405405439e+01 5.900483644161614905e+01
1.457357357357357408e+01 5.900600278096428042e+01
1.459309309309309377e+01 5.900716308988175030e+01
1.461261261261261346e+01 5.900831739001458232e+01
1.463213213213213315e+01 5.900946570289799809e+01
1.465165165165165284e+01 5.901060804995680087e+01
1.467117117117117253e+01 5.901174445250570955e+01
1.469069069069069045e+01 5.901287493174982046e+01
1.471021021021021014e+01 5.901399950878491296e+01
1.472972972972972983e+01 5.901511820459778335e+01
1.474924924924924952e+01 5.901623104006677778e+01
1.476876876876876921e+01 5.901733803596200545e+01
1.478828828828828890e+01 5.901843921294575779e+01
1.480780780780780859e+01 5.901953459157290638e+01
1.482732732732732828e+01 5.902062419229125112e+01
1.484684684684684797e+01 5.902170803544184707e+01
1.486636636636636766e+01 5.902278614125941658e+01
1.488588588588588557e+01 5.902385852987269743e+01
1.490540540540540526e+01 5.902492522130477681e+01
1.492492492492492495e+01 5.902598623547345369e+01
1.494444444444444464e+01 5.902704159219163671e+01
1.496396396396396433e+01 5.902809131116762842e+01
1.498348348348348402e+01 5.902913541200548764e+01
1.500300300300300371e+01 5.903017391420551263e+01
1.502252252252252340e+01 5.903120683716434058e+01
1.504204204204204309e+01 5.903223420017550183e+01
1.506156156156156278e+01 5.903325602242969694e+01
1.508108108108108247e+01 5.903427232301509520e+01
1.510060060060060039e+01 5.903528312091774666e+01
1.512012012012012008e+01 5.903628843502188772e+01
1.513963963963963977e+01 5.903728828411021112e+01
1.515915915915915946e+01 5.903828268686436331e+01
1.517867867867867915e+01 5.903927166186512920e+01
1.519819819819819884e+01 5.904025522759280875e+01
1.521771771771771853e+01 5.904123340242758644e+01
1.523723723723723822e+01 5.904220620464980129e+01
1.525675675675675791e+01 5.904317365244029503e+01
1.527627627627627760e+01 5.904413576388078155e+01
1.529579579579579551e+01 5.904509255695407433e+01
1.531531531531531520e+01 5.904604404954451269e+01
1.533483483483483489e+01 5.904699025943819635e+01
1.535435435435435458e+01 5.904793120432334774e+01
1.537387387387387427e+01 5.904886690179061759e+01
1.539339339339339396e+01 5.904979736933343304e+01
1.541291291291291365e+01 5.905072262434822505e+01
1.543243243243243334e+01 5.905164268413482631e+01
1.545195195195195303e+01 5.905255756589673410e+01
1.547147147147147273e+01 5.905346728674145851e+01
1.549099099099099064e+01 5.905437186368076397e+01
1.551051051051051033e+01 5.905527131363103166e+01
1.553003003003003002e+01 5.905616565341355084e+01
1.554954954954954971e+01 5.905705489975478173e+01
1.556906906906906940e+01 5.905793906928674630e+01
1.558858858858858909e+01 5.905881817854718463e+01
1.560810810810810878e+01 5.905969224397999540e+01
1.562762762762762847e+01 5.906056128193542065e+01
1.564714714714714816e+01 5.906142530867044371e+01
1.566666666666666785e+01 5.906228434034896679e+01
1.568618618618618754e+01 5.906313839304219471e+01
1.570570570570570545e+01 5.906398748272886223e+01
1.572522522522522515e+01 5.906483162529553965e+01
1.574474474474474484e+01 5.906567083653694539e+01
1.576426426426426453e+01 5.906650513215620890e+01
1.578378378378378422e+01 5.906733452776512650e+01
1.580330330330330391e+01 5.906815903888446684e+01
1.582282282282282360e+01 5.906897868094424808e+01
1.584234234234234329e+01 5.906979346928405761e+01
1.586186186186186298e+01 5.907060341915322965e+01
1.588138138138138267e+01 5.907140854571119348e+01
1.590090090090090058e+01 5.907220886402776472e+01
1.592042042042042027e+01 5.907300438908328744e+01
1.593993993993993996e+01 5.907379513576909602e+01
1.595945945945945965e+01 5.907458111888761465e+01
1.597897897897897934e+01 5.907536235315271966e+01
1.599849849849849903e+01 5.907613885318996694e+01
1.601801801801801872e+01 5.907691063353687611e+01
1.603753753753753841e+01 5.907767770864315793e+01
1.605705705705705810e+01 5.907844009287100562e+01
1.607657657657657779e+01 5.907919780049532932e+01
1.609609609609609748e+01 5.907995084570408295e+01
1.611561561561561717e+01 5.908069924259837791e+01
1.613513513513513686e+01 5.908144300519288095e+01
1.615465465465465655e+01 5.908218214741600605e+01
1.617417417417417624e+01 5.908291668311013467e+01
1.619369369369369593e+01 5.908364662603197104e+01
1.621321321321321562e+01 5.908437198985259187e+01
1.623273273273273531e+01 5.908509278815797217e+01
1.625225225225225500e+01 5.908580903444892130e+01
1.627177177177177470e+01 5.908652074214161587e+01
1.629129129129129439e+01 5.908722792456763528e+01
1.631081081081081052e+01 5.908793059497428146e+01
1.633033033033033021e+01 5.908862876652480622e+01
1.634984984984984990e+01 5.908932245229866709e+01
1.636936936936936959e+01 5.909001166529178306e+01
1.638888888888888928e+01 5.909069641841664833e+01
1.640840840840840897e+01 5.909137672450272305e+01
1.642792792792792866e+01 5.909205259629656837e+01
1.644744744744744835e+01 5.909272404646213062e+01
1.646696696696696804e+01 5.909339108758088344e+01
1.648648648648648773e+01 5.909405373215217594e+01
1.650600600600600742e+01 5.909471199259332508e+01
1.652552552552552712e+01 5.909536588124001355e+01
1.654504504504504681e+01 5.909601541034631111e+01
1.656456456456456650e+01 5.909666059208503697e+01
1.658408408408408619e+01 5.909730143854795159e+01
1.660360360360360588e+01 5.909793796174590597e+01
1.662312312312312201e+01 5.909857017360916842e+01
1.664264264264264170e+01 5.909919808598758806e+01
1.666216216216216139e+01 5.909982171065076528e+01
1.668168168168168108e+01 5.910044105928832892e+01
1.670120120120120077e+01 5.910105614351012804e+01
1.672072072072072046e+01 5.910166697484642384e+01
1.674024024024024015e+01 5.910227356474813831e+01
1.675975975975975985e+01 5.910287592458699635e+01
1.677927927927927954e+01 5.910347406565582418e+01
1.679879879879879923e+01 5.910406799916864884e+01
1.681831831831831892e+01 5.910465773626099661e+01
1.683783783783783861e+01 5.910524328799002092e+01
1.685735735735735830e+01 5.910582466533475099e+01
1.687687687687687799e+01 5.910640187919624822e+01
1.689639639639639768e+01 5.910697494039784772e+01
1.691591591591591737e+01 5.910754385968535729e+01
1.693543543543543706e+01 5.910810864772717821e+01
1.695495495495495675e+01 5.910866931511457523e+01
1.697447447447447644e+01 5.910922587236184711e+01
1.699399399399399613e+01 5.910977832990653269e+01
1.701351351351351582e+01 5.911032669810951745e+01
1.703303303303303196e+01 5.911087098725535327e+01
1.705255255255255165e+01 5.911141120755232237e+01
1.707207207207207134e+01 5.911194736913268599e+01
1.709159159159159103e+01 5.911247948205291891e+01
1.711111111111111072e+01 5.911300755629373782e+01
1.713063063063063041e+01 5.911353160176044952e+01
1.715015015015015010e+01 5.911405162828300774e+01
1.716966966966966979e+01 5.911456764561627608e+01
1.718918918918918948e+01 5.911507966344012743e+01
1.720870870870870917e+01 5.911558769135969982e+01
1.722822822822822886e+01 5.911609173890551716e+01
1.724774774774774855e+01 5.911659181553366693e+01
1.726726726726726824e+01 5.911708793062601330e+01
1.728678678678678793e+01 5.911758009349031084e+01
1.730630630630630762e+01 5.911806831336036794e+01
1.732582582582582731e+01 5.911855259939631679e+01
1.734534534534534700e+01 5.911903296068467029e+01
1.736486486486486669e+01 5.911950940623852091e+01
1.738438438438438638e+01 5.911998194499768289e+01
1.740390390390390607e+01 5.912045058582897639e+01
1.742342342342342576e+01 5.912091533752616357e+01
1.744294294294294190e+01 5.912137620881032518e+01
1.746246246246246159e+01 5.912183320832992450e+01
1.748198198198198128e+01 5.912228634466091393e+01
1.750150150150150097e+01 5.912273562630701917e+01
1.752102102102102066e+01 5.912318106169976062e+01
1.754054054054054035e+01 5.912362265919873039e+01
1.756006006006006004e+01 5.912406042709159948e+01
1.757957957957957973e+01 5.912449437359445881e+01
1.759909909909909942e+01 5.912492450685176948e+01
1.761861861861861911e+01 5.912535083493661858e+01
1.763813813813813880e+01 5.912577336585092525e+01
1.765765765765765849e+01 5.912619210752538379e+01
1.767717717717717818e+01 5.912660706781986164e+01
1.769669669669669787e+01 5.912701825452330695e+01
1.771621621621621756e+01 5.912742567535407545e+01
1.773573573573573725e+01 5.912782933795998730e+01
1.775525525525525694e+01 5.912822924991841944e+01
1.777477477477477663e+01 5.912862541873654010e+01
1.779429429429429632e+01 5.912901785185140113e+01
1.781381381381381601e+01 5.912940655663007306e+01
1.783333333333333570e+01 5.912979154036975871e+01
1.785285285285285184e+01 5.913017281029796379e+01
1.787237237237237153e+01 5.913055037357261767e+01
1.789189189189189122e+01 5.913092423728222968e+01
1.791141141141141091e+01 5.913129440844590334e+01
1.793093093093093060e+01 5.913166089401362768e+01
1.795045045045045029e+01 5.913202370086626303e+01
1.796996996996996998e+01 5.913238283581579680e+01
1.798948948948948967e+01 5.913273830560536481e+01
1.800900900900900936e+01 5.913309011690935790e+01
1.802852852852852905e+01 5.913343827633364924e+01
1.804804804804804874e+01 5.913378279041567254e+01
1.806756756756756843e+01 5.913412366562450018e+01
1.808708708708708812e+01 5.913446090836098534e+01
1.810660660660660781e+01 5.913479452495788991e+01
1.812612612612612750e+01 5.913512452167996258e+01
1.814564564564564719e+01 5.913545090472412369e+01
1.816516516516516688e+01 5.913577368021952196e+01
1.818468468468468657e+01 5.913609285422768380e+01
1.820420420420420626e+01 5.913640843274252745e+01
1.822372372372372595e+01 5.913672042169061172e+01
1.824324324324324564e+01 5.913702882693118568e+01
1.826276276276276178e+01 5.913733365425621002e+01
1.828228228228228147e+01 5.913763490939063416e+01
1.830180180180180116e+01 5.913793259799236068e+01
1.832132132132132085e+01 5.913822672565235905e+01
1.834084084084084054e+01 5.913851729789488587e+01
1.836036036036036023e+01 5.913880432017742805e+01
1.837987987987987992e+01 5.913908779789089465e+01
1.839939939939939961e+01 5.913936773635977318e+01
1.841891891891891930e+01 5.913964414084200882e+01
1.843843843843843899e+01 5.913991701652938104e+01
1.845795795795795868e+01 5.914018636854732591e+01
1.847747747747747837e+01 5.914045220195532693e+01
1.849699699699699806e+01 5.914071452174668764e+01
1.851651651651651775e+01 5.914097333284887270e+01
1.853603603603603744e+01 5.914122864012344394e+01
1.855555555555555713e+01 5.914148044836630191e+01
1.857507507507507682e+01 5.914172876230755094e+01
1.859459459459459651e+01 5.914197358661181880e+01
1.861411411411411621e+01 5.914221492587821416e+01
1.863363363363363590e+01 5.914245278464039757e+01
1.865315315315315203e+01 5.914268716736675913e+01
1.867267267267267172e+01 5.914291807846036875e+01
1.869219219219219141e+01 5.914314552225919641e+01
1.871171171171171110e+01 5.914336950303609086e+01
1.873123123123123079e+01 5.914359002499890750e+01
1.875075075075075048e+01 5.914380709229056521e+01
1.877027027027027017e+01 5.914402070898911745e+01
1.878978978978978986e+01 5.914423087910784460e+01
1.880930930930930955e+01 5.914443760659530369e+01
1.882882882882882924e+01 5.914464089533542790e+01
1.884834834834834894e+01 5.914484074914758338e+01
1.886786786786786863e+01 5.914503717178665454e+01
1.888738738738738832e+01 5.914523016694304403e+01
1.890690690690690801e+01 5.914541973824285037e+01
1.892642642642642770e+01 5.914560588924788220e+01
1.894594594594594739e+01 5.914578862345567956e+01
1.896546546546546708e+01 5.914596794429961335e+01
1.898498498498498677e+01 5.914614385514899908e+01
1.900450450450450646e+01 5.914631635930907549e+01
1.902402402402402615e+01 5.914648546002111118e+01
1.904354354354354584e+01 5.914665116046245430e+01
1.906306306306306197e+01 5.914681346374658233e+01
1.908258258258258167e+01 5.914697237292317311e+01
1.910210210210210136e+01 5.914712789097814749e+01
1.912162162162162105e+01 5.914728002083371905e+01
1.914114114114114074e+01 5.914742876534852911e+01
1.916066066066066043e+01 5.914757412731751884e+01
1.918018018018018012e+01 5.914771610947214953e+01
1.919969969969969981e+01 5.914785471448043097e+01
1.921921921921921950e+01 5.914798994494684337e+01
1.923873873873873919e+01 5.914812180341255043e+01
1.925825825825825888e+01 5.914825029235532128e+01
1.927777777777777857e+01 5.914837541418963696e+01
1.929729729729729826e+01 5.914849717126673312e+01
1.931681681681681795e+01 5.914861556587462843e+01
1.933633633633633764e+01 5.914873060023814588e+01
1.935585585585585733e+01 5.914884227651901227e+01
1.937537537537537702e+01 5.914895059681581557e+01
1.939489489489489671e+01 5.914905556316414703e+01
1.941441441441441640e+01 5.914915717753653723e+01
1.943393393393393609e+01 5.914925544184257689e+01
1.945345345345345578e+01 5.914935035792883156e+01
1.947297297297297192e+01 5.914944192757905483e+01
1.949249249249249161e+01 5.914953015251405333e+01
1.951201201201201130e+01 5.914961503439180035e+01
1.953153153153153099e+01 5.914969657480745013e+01
1.955105105105105068e+01 5.914977477529341598e+01
1.957057057057057037e+01 5.914984963731924950e+01
1.959009009009009006e+01 5.914992116229188213e+01
1.960960960960960975e+01 5.914998935155544757e+01
1.962912912912912944e+01 5.915005420639144518e+01
1.964864864864864913e+01 5.915011572801869733e+01
1.966816816816816882e+01 5.915017391759342047e+01
1.968768768768768851e+01 5.915022877620913988e+01
1.970720720720720820e+01 5.915028030489684596e+01
1.972672672672672789e+01 5.915032850462495162e+01
1.974624624624624758e+01 5.915037337629929226e+01
1.976576576576576727e+01 5.915041492076314711e+01
1.978528528528528696e+01 5.915045313879728894e+01
1.980480480480480665e+01 5.915048803111996989e+01
1.982432432432432634e+01 5.915051959838694984e+01
1.984384384384384603e+01 5.915054784119147513e+01
1.986336336336336572e+01 5.915057276006433540e+01
1.988288288288288186e+01 5.915059435547387778e+01
1.990240240240240155e+01 5.915061262782591456e+01
1.992192192192192124e+01 5.915062757746385103e+01
1.994144144144144093e+01 5.915063920466869973e+01
1.996096096096096062e+01 5.915064750965892415e+01
1.998048048048048031e+01 5.915065249259063052e+01
2.000000000000000000e+01 5.915065415355746126e+01
