1.000000000000000021e-02 1.494286972298321524e-27
5.003003003003003712e-02 1.223233173657652126e-16
9.006006006006006537e-02 2.108055705314508105e-13
1.300900900900901214e-01 1.396364308209325936e-11
1.701201201201201496e-01 2.369807370939994583e-10
2.101501501501501779e-01 1.925972853933260560e-09
2.501801801801802339e-01 9.919809110910081335e-09
2.902102102102102621e-01 3.756034359211373665e-08
3.302402402402402903e-01 1.141160211869822296e-07
3.702702702702703186e-01 2.941283737227919296e-07
4.103003003003003468e-01 6.676839807663129229e-07
4.503303303303303751e-01 1.370510765413616595e-06
4.903603603603604588e-01 2.592925433686378771e-06
5.303903903903904871e-01 4.586909084841352317e-06
5.704204204204205153e-01 7.670872274579637896e-06
6.104504504504505435e-01 1.223193344760790076e-05
6.504804804804805718e-01 1.872574803211856840e-05
6.905105105105106000e-01 2.767408122402897737e-05
7.305405405405406283e-01 3.966041847659472247e-05
7.705705705705706565e-01 5.532396232550075874e-05
8.106006006006006848e-01 7.535238259533310679e-05
8.506306306306307130e-01 1.004736791473009091e-04
8.906606606606607413e-01 1.314474907515010994e-04
9.306906906906907695e-01 1.690561473695367692e-04
9.707207207207209088e-01 2.140957214482398286e-04
1.010750750750750937e+00 2.673672906316997130e-04
1.050780780780780965e+00 3.296685822702072853e-04
1.090810810810810993e+00 4.017861309634382328e-04
1.130840840840841022e+00 4.844880451234019093e-04
1.170870870870871050e+00 5.785174476569275494e-04
1.210900900900901078e+00 6.845866294558760343e-04
1.250930930930931106e+00 8.033719323072315141e-04
1.290960960960961135e+00 9.355093598013638915e-04
1.330990990990991163e+00 1.081590900443786052e-03
1.371021021021021191e+00 1.242161536042915224e-03
1.411051051051051219e+00 1.417716900125288396e-03
1.451081081081081248e+00 1.608701545207181843e-03
1.491111111111111276e+00 1.815507773841263262e-03
1.531141141141141304e+00 2.038474986108864892e-03
1.571171171171171332e+00 2.277889495329854345e-03
1.611201201201201361e+00 2.533984763939906102e-03
1.651231231231231389e+00 2.806942012503407802e-03
1.691261261261261417e+00 3.096891156488145846e-03
1.731291291291291445e+00 3.403912027556522859e-03
1.771321321321321474e+00 3.728035838586426197e-03
1.811351351351351502e+00 4.069246854307984919e-03
1.851381381381381530e+00 4.427484232235935104e-03
1.891411411411411558e+00 4.802644001416859695e-03
1.931441441441441809e+00 5.194581149336417562e-03
1.971471471471471837e+00 5.603111790098942030e-03
2.011501501501501643e+00 6.028015389665380107e-03
2.051531531531531449e+00 6.469037026490992090e-03
2.091561561561561700e+00 6.925889668323686500e-03
2.131591591591591506e+00 7.398256448196236824e-03
2.171621621621621756e+00 7.885792924764810710e-03
2.211651651651651562e+00 8.388129314109447898e-03
2.251681681681681813e+00 8.904872681920993072e-03
2.291711711711711619e+00 9.435609086655400921e-03
2.331741741741741869e+00 9.979905665746979099e-03
2.371771771771771675e+00 1.053731265834115249e-02
2.411801801801801926e+00 1.110736535924396542e-02
2.451831831831831732e+00 1.168958599989575187e-02
2.491861861861861982e+00 1.228348555316936819e-02
2.531891891891891788e+00 1.288856545967654969e-02
2.571921921921922038e+00 1.350431927404816858e-02
2.611951951951952289e+00 1.413023423034196965e-02
2.651981981981982095e+00 1.476579272633466930e-02
2.692012012012012345e+00 1.541047372697910284e-02
2.732042042042042151e+00 1.606375408775981284e-02
2.772072072072072402e+00 1.672510979906894832e-02
2.812102102102102208e+00 1.739401715305333510e-02
2.852132132132132458e+00 1.806995383466071525e-02
2.892162162162162264e+00 1.875239993884210421e-02
2.932192192192192515e+00 1.944083891605461606e-02
2.972222222222222321e+00 2.013475844835822468e-02
3.012252252252252571e+00 2.083365125851537741e-02
3.052282282282282377e+00 2.153701585458886458e-02
3.092312312312312628e+00 2.224435721259295298e-02
3.132342342342342434e+00 2.295518739978975875e-02
3.172372372372372684e+00 2.366902614124016813e-02
3.212402402402402490e+00 2.438540133221770226e-02
3.252432432432432741e+00 2.510384949907889379e-02
3.292462462462462547e+00 2.582391621115512001e-02
3.332492492492492797e+00 2.654515644619187542e-02
3.372522522522522603e+00 2.726713491181330731e-02
3.412552552552552854e+00 2.798942632543361883e-02
3.452582582582582660e+00 2.871161565497473353e-02
3.492612612612612910e+00 2.943329832268272439e-02
3.532642642642642716e+00 3.015408037426339088e-02
3.572672672672672967e+00 3.087357861548407217e-02
3.612702702702702773e+00 3.159142071831136378e-02
3.652732732732733023e+00 3.230724529857702254e-02
3.692762762762762829e+00 3.302070196708524474e-02
3.732792792792793080e+00 3.373145135599549260e-02
3.772822822822822886e+00 3.443916512223615251e-02
3.812852852852853136e+00 3.514352592962619037e-02
3.852882882882883386e+00 3.584422741130437184e-02
3.892912912912913193e+00 3.654097411399002959e-02
3.932942942942943443e+00 3.723348142552423967e-02
3.972972972972973249e+00 3.792147548706818055e-02
4.013003003003003499e+00 3.860469309126384613e-02
4.053033033033033306e+00 3.928288156759385946e-02
4.093063063063063112e+00 3.995579865611022241e-02
4.133093093093093806e+00 4.062321237063688112e-02
4.173123123123123612e+00 4.128490085248915503e-02
4.213153153153153418e+00 4.194065221569285434e-02
4.253183183183183225e+00 4.259026438462786696e-02
4.293213213213213919e+00 4.323354492496590817e-02
4.333243243243243725e+00 4.387031086871848867e-02
4.373273273273273531e+00 4.450038853416102974e-02
4.413303303303303338e+00 4.512361334134949720e-02
4.453333333333334032e+00 4.573982962389998991e-02
4.493363363363363838e+00 4.634889043765735850e-02
4.533393393393393644e+00 4.695065736683665114e-02
4.573423423423423451e+00 4.754500032818085448e-02
4.613453453453454145e+00 4.813179737364087912e-02
4.653483483483483951e+00 4.871093449204634551e-02
4.693513513513513757e+00 4.928230541020310607e-02
4.733543543543543564e+00 4.984581139381868975e-02
4.773573573573574258e+00 5.040136104862807942e-02
4.813603603603604064e+00 5.094887012206186783e-02
4.853633633633633870e+00 5.148826130577189436e-02
4.893663663663663677e+00 5.201946403930271523e-02
4.933693693693694371e+00 5.254241431517395894e-02
4.973723723723724177e+00 5.305705448561420096e-02
5.013753753753753983e+00 5.356333307116649400e-02
5.053783783783783790e+00 5.406120457136415897e-02
5.093813813813814484e+00 5.455062927765659542e-02
5.133843843843844290e+00 5.503157308874785658e-02
5.173873873873874096e+00 5.550400732849165159e-02
5.213903903903904791e+00 5.596790856647264334e-02
5.253933933933934597e+00 5.642325844138834645e-02
5.293963963963964403e+00 5.687004348733112891e-02
5.333993993993994209e+00 5.730825496305883698e-02
5.374024024024024904e+00 5.773788868432840754e-02
5.414054054054054710e+00 5.815894485935699937e-02
5.454084084084084516e+00 5.857142792746394822e-02
5.494114114114114322e+00 5.897534640093752417e-02
5.534144144144145017e+00 5.937071271016079038e-02
5.574174174174174823e+00 5.975754305202334027e-02
5.614204204204204629e+00 6.013585724163690582e-02
5.654234234234234435e+00 6.050567856736660532e-02
5.694264264264265130e+00 6.086703364918220199e-02
5.734294294294294936e+00 6.121995230032774293e-02
5.774324324324324742e+00 6.156446739230294479e-02
5.814354354354354548e+00 6.190061472314330876e-02
5.854384384384385243e+00 6.222843288898291525e-02
5.894414414414415049e+00 6.254796315887703462e-02
5.934444444444444855e+00 6.285924935286101023e-02
5.974474474474474661e+00 6.316233772321475093e-02
6.014504504504505356e+00 6.345727683890185766e-02
6.054534534534535162e+00 6.374411747314755183e-02
6.094564564564564968e+00 6.402291249411795615e-02
6.134594594594594774e+00 6.429371675866032976e-02
6.174624624624625469e+00 6.455658700906202752e-02
6.214654654654655275e+00 6.481158177278424637e-02
6.254684684684685081e+00 6.505876126512424862e-02
6.294714714714714887e+00 6.529818729475951600e-02
6.334744744744745581e+00 6.552992317212455453e-02
6.374774774774775388e+00 6.575403362057148648e-02
6.414804804804805194e+00 6.597058469026352567e-02
6.454834834834835888e+00 6.617964367475052956e-02
6.494864864864865694e+00 6.638127903017439213e-02
6.534894894894895501e+00 6.657556029705263834e-02
6.574924924924925307e+00 6.676255802458724853e-02
6.614954954954956001e+00 6.694234369744594959e-02
6.654984984984985807e+00 6.711498966496355634e-02
6.695015015015015614e+00 6.728056907271000309e-02
6.735045045045045420e+00 6.743915579637241309e-02
6.775075075075076114e+00 6.759082437789878939e-02
6.815105105105105920e+00 6.773564996385075809e-02
6.855135135135135727e+00 6.787370824591318352e-02
6.895165165165165533e+00 6.800507540350933522e-02
6.935195195195196227e+00 6.812982804846988427e-02
6.975225225225226033e+00 6.824804317170540813e-02
7.015255255255255840e+00 6.835979809183166667e-02
7.055285285285285646e+00 6.846517040569835566e-02
7.095315315315316340e+00 6.856423794077218248e-02
7.135345345345346146e+00 6.865707870932559465e-02
7.175375375375375953e+00 6.874377086438386575e-02
7.215405405405405759e+00 6.882439265738299339e-02
7.255435435435436453e+00 6.889902239749234880e-02
7.295465465465466259e+00 6.896773841255661452e-02
7.335495495495496066e+00 6.903061901161190728e-02
7.375525525525525872e+00 6.908774244893221839e-02
7.415555555555556566e+00 6.913918688956287306e-02
7.455585585585586372e+00 6.918503037629847308e-02
7.495615615615616179e+00 6.922535079806392544e-02
7.535645645645645985e+00 6.926022585965742329e-02
7.575675675675676679e+00 6.928973305281545259e-02
7.615705705705706485e+00 6.931394962856064768e-02
7.655735735735736291e+00 6.933295257079423457e-02
7.695765765765766986e+00 6.934681857109524505e-02
7.735795795795796792e+00 6.935562400468971156e-02
7.775825825825826598e+00 6.935944490755442671e-02
7.815855855855856404e+00 6.935835695461926853e-02
7.855885885885887099e+00 6.935243543903467367e-02
7.895915915915916905e+00 6.934175525246999428e-02
7.935945945945946711e+00 6.932639086641048665e-02
7.975975975975976517e+00 6.930641631442058248e-02
8.016006006006007212e+00 6.928190517534241200e-02
8.056036036036037018e+00 6.925293055739951964e-02
8.096066066066066824e+00 6.921956508317519963e-02
8.136096096096096630e+00 6.918188087543754305e-02
8.176126126126126437e+00 6.913994954378220592e-02
8.216156156156156243e+00 6.909384217206591960e-02
8.256186186186187825e+00 6.904362930660365438e-02
8.296216216216217632e+00 6.898938094510372043e-02
8.336246246246247438e+00 6.893116652631503527e-02
8.376276276276277244e+00 6.886905492036200782e-02
8.416306306306307050e+00 6.880311441974336362e-02
8.456336336336336856e+00 6.873341273097097193e-02
8.496366366366366663e+00 6.866001696682616506e-02
8.536396396396396469e+00 6.858299363921159519e-02
8.576426426426428051e+00 6.850240865257679890e-02
8.616456456456457857e+00 6.841832729789716627e-02
8.656486486486487664e+00 6.833081424718501218e-02
8.696516516516517470e+00 6.823993354851412563e-02
8.736546546546547276e+00 6.814574862153792434e-02
8.776576576576577082e+00 6.804832225348279862e-02
8.816606606606606888e+00 6.794771659559868671e-02
8.856636636636636695e+00 6.784399316004918745e-02
8.896666666666668277e+00 6.773721281722419607e-02
8.936696696696698083e+00 6.762743579345883993e-02
8.976726726726727890e+00 6.751472166914221362e-02
9.016756756756757696e+00 6.739912937720066166e-02
9.056786786786787502e+00 6.728071720194066241e-02
9.096816816816817308e+00 6.715954277823636687e-02
9.136846846846847114e+00 6.703566309104783127e-02
9.176876876876878697e+00 6.690913447525624613e-02
9.216906906906908503e+00 6.678001261580281123e-02
9.256936936936938309e+00 6.664835254811814214e-02
9.296966966966968116e+00 6.651420865883028721e-02
9.336996996996997922e+00 6.637763468673861522e-02
9.377027027027027728e+00 6.623868372404227711e-02
9.417057057057057534e+00 6.609740821781188991e-02
9.457087087087087340e+00 6.595385997169322945e-02
9.497117117117118923e+00 6.580809014783256528e-02
9.537147147147148729e+00 6.566014926901334037e-02
9.577177177177178535e+00 6.551008722099402326e-02
9.617207207207208342e+00 6.535795325503783448e-02
9.657237237237238148e+00 6.520379599062492426e-02
9.697267267267267954e+00 6.504766341833795318e-02
9.737297297297297760e+00 6.488960290291255484e-02
9.777327327327327566e+00 6.472966118644403466e-02
9.817357357357359149e+00 6.456788439174258876e-02
9.857387387387388955e+00 6.440431802582878562e-02
9.897417417417418761e+00 6.423900698356203864e-02
9.937447447447448567e+00 6.407199555139464486e-02
9.977477477477478374e+00 6.390332741124452043e-02
1.001750750750750818e+01 6.373304564447933307e-02
1.005753753753753799e+01 6.356119273600621677e-02
1.009756756756756779e+01 6.338781057846008815e-02
1.013759759759759937e+01 6.321294047648476355e-02
1.017762762762762918e+01 6.303662315110092340e-02
1.021765765765765899e+01 6.285889874415517831e-02
1.025768768768768879e+01 6.267980682284501892e-02
1.029771771771771860e+01 6.249938638431393190e-02
1.033774774774774841e+01 6.231767586031199818e-02
1.037777777777777821e+01 6.213471312191694296e-02
1.041780780780780979e+01 6.195053548431087020e-02
1.045783783783783960e+01 6.176517971160813691e-02
1.049786786786786941e+01 6.157868202173015504e-02
1.053789789789789921e+01 6.139107809132282600e-02
1.057792792792792902e+01 6.120240306071243752e-02
1.061795795795795883e+01 6.101269153889635893e-02
1.065798798798798863e+01 6.082197760856476038e-02
1.069801801801801844e+01 6.063029483114964341e-02
1.073804804804805002e+01 6.043767625189771370e-02
1.077807807807807983e+01 6.024415440496416752e-02
1.081810810810810963e+01 6.004976131852365201e-02
1.085813813813813944e+01 5.985452851989581102e-02
1.089816816816816925e+01 5.965848704068221070e-02
1.093819819819819905e+01 5.946166742191204974e-02
1.097822822822822886e+01 5.926409971919383013e-02
1.101825825825825866e+01 5.906581350787040025e-02
1.105828828828829025e+01 5.886683788817502483e-02
1.109831831831832005e+01 5.866720149038611581e-02
1.113834834834834986e+01 5.846693247997818838e-02
1.117837837837837967e+01 5.826605856276702994e-02
1.121840840840840947e+01 5.806460699004716702e-02
1.125843843843843928e+01 5.786260456371922212e-02
1.129846846846846908e+01 5.766007764140582831e-02
1.133849849849849889e+01 5.745705214155380491e-02
1.137852852852853047e+01 5.725355354852125489e-02
1.141855855855856028e+01 5.704960691764780767e-02
1.145858858858859008e+01 5.684523688030632127e-02
1.149861861861861989e+01 5.664046764893483632e-02
1.153864864864864970e+01 5.643532302204725543e-02
1.157867867867867950e+01 5.622982638922129073e-02
1.161870870870870931e+01 5.602400073606263881e-02
1.165873873873874089e+01 5.581786864914398821e-02
1.169876876876877070e+01 5.561145232091786739e-02
1.173879879879880050e+01 5.540477355460213249e-02
1.177882882882883031e+01 5.519785376903715152e-02
1.181885885885886012e+01 5.499071400351378952e-02
1.185888888888888992e+01 5.478337492257106395e-02
1.189891891891891973e+01 5.457585682076287331e-02
1.193894894894894954e+01 5.436817962739279309e-02
1.197897897897898112e+01 5.416036291121638369e-02
1.201900900900901092e+01 5.395242588511007381e-02
1.205903903903904073e+01 5.374438741070611258e-02
1.209906906906907054e+01 5.353626600299299376e-02
1.213909909909910034e+01 5.332807983488063036e-02
1.217912912912913015e+01 5.311984674172987031e-02
1.221915915915915996e+01 5.291158422584584659e-02
1.225918918918918976e+01 5.270330946093460672e-02
1.229921921921922134e+01 5.249503929652270251e-02
1.233924924924925115e+01 5.228679026233937904e-02
1.237927927927928096e+01 5.207857857266077334e-02
1.241930930930931076e+01 5.187042013061617801e-02
1.245933933933934057e+01 5.166233053245575246e-02
1.249936936936937038e+01 5.145432507177954973e-02
1.253939939939940018e+01 5.124641874372767164e-02
1.257942942942942999e+01 5.103862624913121926e-02
1.261945945945946157e+01 5.083096199862404546e-02
1.265948948948949138e+01 5.062344011671493504e-02
1.269951951951952118e+01 5.041607444582021230e-02
1.273954954954955099e+01 5.020887855025674834e-02
1.277957957957958079e+01 5.000186572019503506e-02
1.281960960960961060e+01 4.979504897557254089e-02
1.285963963963964041e+01 4.958844106996714712e-02
1.289966966966967199e+01 4.938205449443062306e-02
1.293969969969970180e+01 4.917590148128225813e-02
1.297972972972973160e+01 4.896999400786255369e-02
1.301975975975976141e+01 4.876434380024703003e-02
1.305978978978979121e+01 4.855896233692030828e-02
1.309981981981982102e+01 4.835386085241029364e-02
1.313984984984985083e+01 4.814905034088282076e-02
1.317987987987988063e+01 4.794454155969667120e-02
1.321990990990991222e+01 4.774034503291893494e-02
1.325993993993994202e+01 4.753647105480141716e-02
1.329996996996997183e+01 4.733292969321734739e-02
1.334000000000000163e+01 4.712973079305931429e-02
1.338003003003003144e+01 4.692688397959817598e-02
1.342006006006006125e+01 4.672439866180321671e-02
1.346009009009009105e+01 4.652228403562362613e-02
1.350012012012012086e+01 4.632054908723173825e-02
1.354015015015015244e+01 4.611920259622794005e-02
1.358018018018018225e+01 4.591825313880754100e-02
1.362021021021021205e+01 4.571770909088992974e-02
1.366024024024024186e+01 4.551757863121012188e-02
1.370027027027027167e+01 4.531786974437294890e-02
1.374030030030030147e+01 4.511859022387003371e-02
1.378033033033033128e+01 4.491974767506008714e-02
1.382036036036036108e+01 4.472134951811232439e-02
1.386039039039039267e+01 4.452340299091362558e-02
1.390042042042042247e+01 4.432591515193960024e-02
1.394045045045045228e+01 4.412889288308956964e-02
1.398048048048048209e+01 4.393234289248623692e-02
1.402051051051051189e+01 4.373627171723972612e-02
1.406054054054054170e+01 4.354068572617674632e-02
1.410057057057057150e+01 4.334559112253492941e-02
1.414060060060060309e+01 4.315099394662249427e-02
1.418063063063063289e+01 4.295690007844404218e-02
1.422066066066066270e+01 4.276331524029197001e-02
1.426069069069069251e+01 4.257024499930455591e-02
1.430072072072072231e+01 4.237769476999065504e-02
1.434075075075075212e+01 4.218566981672104699e-02
1.438078078078078192e+01 4.199417525618751035e-02
1.442081081081081173e+01 4.180321605982890293e-02
1.446084084084084331e+01 4.161279705622542013e-02
1.450087087087087312e+01 4.142292293346087201e-02
1.454090090090090293e+01 4.123359824145339525e-02
1.458093093093093273e+01 4.104482739425479448e-02
1.462096096096096254e+01 4.085661467231915811e-02
1.466099099099099234e+01 4.066896422474060302e-02
1.470102102102102215e+01 4.048188007146066858e-02
1.474105105105105196e+01 4.029536610544589420e-02
1.478108108108108354e+01 4.010942609483526128e-02
1.482111111111111335e+01 3.992406368505858200e-02
1.486114114114114315e+01 3.973928240092552272e-02
1.490117117117117296e+01 3.955508564868578242e-02
1.494120120120120276e+01 3.937147671806091875e-02
1.498123123123123257e+01 3.918845878424772472e-02
1.502126126126126238e+01 3.900603490989389133e-02
1.506129129129129218e+01 3.882420804704590084e-02
1.510132132132132377e+01 3.864298103906964321e-02
1.514135135135135357e+01 3.846235662254404025e-02
1.518138138138138338e+01 3.828233742912792031e-02
1.522141141141141318e+01 3.810292598740046971e-02
1.526144144144144299e+01 3.792412472467561468e-02
1.530147147147147280e+01 3.774593596879041724e-02
1.534150150150150260e+01 3.756836194986819949e-02
1.538153153153153418e+01 3.739140480205612599e-02
1.542156156156156399e+01 3.721506656523808354e-02
1.546159159159159380e+01 3.703934918672276144e-02
1.550162162162162360e+01 3.686425452290736926e-02
1.554165165165165341e+01 3.668978434091733215e-02
1.558168168168168322e+01 3.651594032022215802e-02
1.562171171171171302e+01 3.634272405422775409e-02
1.566174174174174283e+01 3.617013705184550509e-02
1.570177177177177441e+01 3.599818073903850862e-02
1.574180180180180422e+01 3.582685646034496768e-02
1.578183183183183402e+01 3.565616548037929545e-02
1.582186186186186383e+01 3.548610898531101565e-02
1.586189189189189364e+01 3.531668808432188861e-02
1.590192192192192344e+01 3.514790381104137412e-02
1.594195195195195325e+01 3.497975712496081274e-02
1.598198198198198305e+01 3.481224891282656136e-02
1.602201201201201641e+01 3.464537999001222890e-02
1.606204204204204444e+01 3.447915110187065729e-02
1.610207207207207603e+01 3.431356292506521077e-02
1.614210210210210406e+01 3.414861606888146967e-02
1.618213213213213564e+01 3.398431107651884997e-02
1.622216216216216722e+01 3.382064842636294671e-02
1.626219219219219525e+01 3.365762853323845533e-02
1.630222222222222683e+01 3.349525174964313595e-02
1.634225225225225486e+01 3.333351836696309828e-02
1.638228228228228645e+01 3.317242861666935133e-02
1.642231231231231448e+01 3.301198267149639543e-02
1.646234234234234606e+01 3.285218064660237747e-02
1.650237237237237764e+01 3.269302260071182270e-02
1.654240240240240567e+01 3.253450853724057512e-02
1.658243243243243725e+01 3.237663840540337679e-02
1.662246246246246528e+01 3.221941210130455785e-02
1.666249249249249686e+01 3.206282946901152509e-02
1.670252252252252489e+01 3.190689030161191625e-02
1.674255255255255648e+01 3.175159434225404559e-02
1.678258258258258806e+01 3.159694128517138295e-02
1.682261261261261609e+01 3.144293077669082365e-02
1.686264264264264767e+01 3.128956241622526252e-02
1.690267267267267570e+01 3.113683575725068042e-02
1.694270270270270728e+01 3.098475030826771184e-02
1.698273273273273531e+01 3.083330553374825228e-02
1.702276276276276690e+01 3.068250085506689720e-02
1.706279279279279493e+01 3.053233565141791339e-02
1.710282282282282651e+01 3.038280926071742702e-02
1.714285285285285809e+01 3.023392098049146673e-02
1.718288288288288612e+01 3.008567006874972652e-02
1.722291291291291770e+01 2.993805574484548898e-02
1.726294294294294573e+01 2.979107719032178525e-02
1.730297297297297732e+01 2.964473354974384717e-02
1.734300300300300535e+01 2.949902393151854207e-02
1.738303303303303693e+01 2.935394740870016228e-02
1.742306306306306851e+01 2.920950301978364819e-02
1.746309309309309654e+01 2.906568976948469343e-02
1.750312312312312812e+01 2.892250662950731147e-02
1.754315315315315615e+01 2.877995253929910291e-02
1.758318318318318774e+01 2.863802640679390457e-02
1.762321321321321577e+01 2.849672710914264231e-02
1.766324324324324735e+01 2.835605349343212761e-02
1.770327327327327538e+01 2.821600437739201980e-02
1.774330330330330696e+01 2.807657855009032533e-02
1.778333333333333854e+01 2.793777477261735753e-02
1.782336336336336657e+01 2.779959177875849022e-02
1.786339339339339816e+01 2.766202827565570829e-02
1.790342342342342619e+01 2.752508294445841011e-02
1.794345345345345777e+01 2.738875444096310410e-02
1.798348348348348580e+01 2.725304139624283584e-02
1.802351351351351738e+01 2.711794241726580082e-02
1.806354354354354896e+01 2.698345608750383345e-02
1.810357357357357699e+01 2.684958096753066806e-02
1.814360360360360858e+01 2.671631559561010380e-02
1.818363363363363661e+01 2.658365848827439967e-02
1.822366366366366819e+01 2.645160814089269480e-02
1.826369369369369622e+01 2.632016302823023818e-02
1.830372372372372780e+01 2.618932160499767153e-02
1.834375375375375938e+01 2.605908230639134709e-02
1.838378378378378741e+01 2.592944354862437156e-02
1.842381381381381900e+01 2.580040372944839358e-02
1.846384384384384703e+01 2.567196122866687719e-02
1.850387387387387861e+01 2.554411440863913613e-02
1.854390390390390664e+01 2.541686161477615252e-02
1.858393393393393822e+01 2.529020117602744783e-02
1.862396396396396625e+01 2.516413140535993589e-02
1.866399399399399783e+01 2.503865060022817182e-02
1.870402402402402942e+01 2.491375704303672167e-02
1.874405405405405745e+01 2.478944900159430961e-02
1.878408408408408903e+01 2.466572472956006512e-02
1.882411411411411706e+01 2.454258246688218598e-02
1.886414414414414864e+01 2.442002044022864929e-02
1.890417417417417667e+01 2.429803686341050831e-02
1.894420420420420825e+01 2.417662993779774033e-02
1.898423423423423984e+01 2.405579785272773941e-02
1.902426426426426787e+01 2.393553878590653355e-02
1.906429429429429945e+01 2.381585090380297989e-02
1.910432432432432748e+01 2.369673236203588551e-02
1.914435435435435906e+01 2.357818130575423804e-02
1.918438438438438709e+01 2.346019587001067774e-02
1.922441441441441867e+01 2.334277418012819030e-02
1.926444444444445026e+01 2.322591435206032215e-02
1.930447447447447828e+01 2.310961449274480037e-02
1.934450450450450987e+01 2.299387270045078965e-02
1.938453453453453790e+01 2.287868706511995628e-02
1.942456456456456948e+01 2.276405566870107894e-02
1.946459459459459751e+01 2.264997658547889328e-02
1.950462462462462909e+01 2.253644788239663951e-02
1.954465465465465712e+01 2.242346761937287838e-02
1.958468468468468870e+01 2.231103384961232589e-02
1.962471471471472029e+01 2.219914461991112295e-02
1.966474474474474832e+01 2.208779797095631117e-02
1.970477477477477990e+01 2.197699193761981293e-02
1.974480480480480793e+01 2.186672454924693323e-02
1.978483483483483951e+01 2.175699382993945968e-02
1.982486486486486754e+01 2.164779779883353739e-02
1.986489489489489912e+01 2.153913447037205872e-02
1.990492492492493071e+01 2.143100185457234852e-02
1.994495495495495874e+01 2.132339795728832241e-02
1.998498498498499032e+01 2.121632078046799957e-02
2.002501501501501835e+01 2.110976832240596748e-02
2.006504504504504993e+01 2.100373857799101018e-02
2.010507507507507796e+01 2.089822953894902510e-02
2.014510510510510954e+01 2.079323919408126650e-02
2.018513513513513757e+01 2.068876552949799885e-02
2.022516516516516916e+01 2.058480652884749074e-02
2.026519519519520074e+01 2.048136017354075869e-02
2.030522522522522877e+01 2.037842444297174871e-02
2.034525525525526035e+01 2.027599731473328504e-02
2.038528528528528838e+01 2.017407676482873766e-02
2.042531531531531996e+01 2.007266076787949868e-02
2.046534534534534799e+01 1.997174729732840298e-02
2.050537537537537958e+01 1.987133432563895075e-02
2.054540540540541116e+01 1.977141982449076574e-02
2.058543543543543919e+01 1.967200176497091099e-02
2.062546546546547077e+01 1.957307811776149223e-02
2.066549549549549880e+01 1.947464685332337547e-02
2.070552552552553038e+01 1.937670594207620278e-02
2.074555555555555841e+01 1.927925335457478240e-02
2.078558558558559000e+01 1.918228706168171455e-02
2.082561561561562158e+01 1.908580503473661719e-02
2.086564564564564961e+01 1.898980524572176087e-02
2.090567567567568119e+01 1.889428566742423765e-02
2.094570570570570922e+01 1.879924427359489641e-02
2.098573573573574080e+01 1.870467903910366658e-02
2.102576576576576883e+01 1.861058794009185988e-02
2.106579579579580042e+01 1.851696895412112756e-02
2.110582582582582845e+01 1.842382006031924660e-02
2.114585585585586003e+01 1.833113923952277638e-02
2.118588588588589161e+01 1.823892447441671436e-02
2.122591591591591964e+01 1.814717374967101185e-02
2.126594594594595122e+01 1.805588505207423450e-02
2.130597597597597925e+01 1.796505637066419733e-02
2.134600600600601084e+01 1.787468569685580350e-02
2.138603603603603887e+01 1.778477102456605535e-02
2.142606606606607045e+01 1.769531035033614086e-02
2.146609609609610203e+01 1.760630167345103234e-02
2.150612612612613006e+01 1.751774299605616050e-02
2.154615615615616164e+01 1.742963232327157316e-02
2.158618618618618967e+01 1.734196766330348485e-02
2.162621621621622126e+01 1.725474702755316544e-02
2.166624624624624929e+01 1.716796843072350420e-02
2.170627627627628087e+01 1.708162989092284686e-02
2.174630630630630890e+01 1.699572942976666085e-02
2.178633633633634048e+01 1.691026507247664692e-02
2.182636636636637206e+01 1.682523484797746743e-02
2.186639639639640009e+01 1.674063678899137195e-02
2.190642642642643168e+01 1.665646893213026253e-02
2.194645645645645970e+01 1.657272931798579874e-02
2.198648648648649129e+01 1.648941599121707055e-02
2.202651651651651932e+01 1.640652700063632494e-02
2.206654654654655090e+01 1.632406039929236788e-02
2.210657657657658248e+01 1.624201424455206169e-02
2.214660660660661051e+01 1.616038659817961229e-02
2.218663663663664209e+01 1.607917552641396561e-02
2.222666666666667012e+01 1.599837910004413971e-02
2.226669669669670171e+01 1.591799539448261400e-02
2.230672672672672974e+01 1.583802248983691777e-02
2.234675675675676132e+01 1.575845847097910937e-02
2.238678678678679290e+01 1.567930142761370105e-02
2.242681681681682093e+01 1.560054945434346911e-02
2.246684684684685251e+01 1.552220065073367690e-02
2.250687687687688054e+01 1.544425312137449706e-02
2.254690690690691213e+01 1.536670497594163319e-02
2.258693693693694016e+01 1.528955432925541494e-02
2.262696696696697174e+01 1.521279930133798662e-02
2.266699699699699977e+01 1.513643801746908726e-02
2.270702702702703135e+01 1.506046860824009938e-02
2.274705705705706293e+01 1.498488920960654343e-02
2.278708708708709096e+01 1.490969796293906136e-02
2.282711711711712255e+01 1.483489301507274517e-02
2.286714714714715058e+01 1.476047251835520789e-02
2.290717717717718216e+01 1.468643463069289543e-02
2.294720720720721019e+01 1.461277751559617553e-02
2.298723723723724177e+01 1.453949934222294356e-02
2.302726726726727335e+01 1.446659828542075366e-02
2.306729729729730138e+01 1.439407252576770969e-02
2.310732732732733297e+01 1.432192024961189726e-02
2.314735735735736100e+01 1.425013964910961523e-02
2.318738738738739258e+01 1.417872892226213974e-02
2.322741741741742061e+01 1.410768627295145780e-02
2.326744744744745219e+01 1.403700991097447254e-02
2.330747747747748377e+01 1.396669805207621275e-02
2.334750750750751180e+01 1.389674891798172579e-02
2.338753753753754339e+01 1.382716073642674924e-02
2.342756756756757142e+01 1.375793174118737985e-02
2.346759759759760300e+01 1.368906017210838426e-02
2.350762762762763103e+01 1.362054427513062493e-02
2.354765765765766261e+01 1.355238230231716780e-02
2.358768768768769064e+01 1.348457251187847039e-02
2.362771771771772222e+01 1.341711316819641647e-02
2.366774774774775381e+01 1.335000254184740172e-02
2.370777777777778184e+01 1.328323890962429532e-02
2.374780780780781342e+01 1.321682055455744402e-02
2.378783783783784145e+01 1.315074576593477755e-02
2.382786786786787303e+01 1.308501283932075529e-02
2.386789789789790106e+01 1.301962007657464504e-02
2.390792792792793264e+01 1.295456578586755281e-02
2.394795795795796423e+01 1.288984828169883329e-02
2.398798798798799226e+01 1.282546588491140227e-02
2.402801801801802384e+01 1.276141692270629617e-02
2.406804804804805187e+01 1.269769972865633818e-02
2.410807807807808345e+01 1.263431264271888156e-02
2.414810810810811148e+01 1.257125401124789370e-02
2.418813813813814306e+01 1.250852218700506703e-02
2.422816816816817109e+01 1.244611552917023432e-02
2.426819819819820268e+01 1.238403240335097036e-02
2.430822822822823426e+01 1.232227118159142168e-02
2.434825825825826229e+01 1.226083024238041816e-02
2.438828828828829387e+01 1.219970797065880914e-02
2.442831831831832190e+01 1.213890275782611265e-02
2.446834834834835348e+01 1.207841300174645506e-02
2.450837837837838151e+01 1.201823710675382038e-02
2.454840840840841310e+01 1.195837348365658311e-02
2.458843843843844468e+01 1.189882054974144426e-02
2.462846846846847271e+01 1.183957672877666324e-02
2.466849849849850429e+01 1.178064045101464424e-02
2.470852852852853232e+01 1.172201015319399020e-02
2.474855855855856390e+01 1.166368427854082464e-02
2.478858858858859193e+01 1.160566127676957056e-02
2.482861861861862351e+01 1.154793960408317423e-02
2.486864864864865510e+01 1.149051772317267149e-02
2.490867867867868313e+01 1.143339410321628224e-02
2.494870870870871471e+01 1.137656721987787348e-02
2.498873873873874274e+01 1.132003555530495739e-02
2.502876876876877432e+01 1.126379759812606504e-02
2.506879879879880235e+01 1.120785184344772617e-02
2.510882882882883393e+01 1.115219679285082630e-02
2.514885885885886196e+01 1.109683095438653878e-02
2.518888888888889355e+01 1.104175284257174691e-02
2.522891891891892513e+01 1.098696097838398195e-02
2.526894894894895316e+01 1.093245388925592927e-02
2.530897897897898474e+01 1.087823010906945748e-02
2.534900900900901277e+01 1.082428817814917558e-02
2.538903903903904435e+01 1.077062664325563815e-02
2.542906906906907238e+01 1.071724405757801604e-02
2.546909909909910397e+01 1.066413898072644806e-02
2.550912912912913555e+01 1.061130997872392241e-02
2.554915915915916358e+01 1.055875562399781475e-02
2.558918918918919516e+01 1.050647449537094741e-02
2.562921921921922319e+01 1.045446517805241095e-02
2.566924924924925477e+01 1.040272626362785668e-02
2.570927927927928280e+01 1.035125635004953762e-02
2.574930930930931439e+01 1.030005404162595735e-02
2.578933933933934597e+01 1.024911794901118764e-02
2.582936936936937400e+01 1.019844668919382864e-02
2.586939939939940558e+01 1.014803888548559269e-02
2.590942942942943361e+01 1.009789316750973887e-02
2.594945945945946519e+01 1.004800817118894907e-02
2.598948948948949322e+01 9.998382538733125921e-03
2.602951951951952481e+01 9.949014918626692891e-03
2.606954954954955284e+01 9.899903965615793749e-03
2.610957957957958442e+01 9.851048340695037556e-03
2.614960960960961600e+01 9.802446711094090978e-03
2.618963963963964403e+01 9.754097750263913263e-03
2.622966966966967561e+01 9.706000137862774366e-03
2.626969969969970364e+01 9.658152559742007662e-03
2.630972972972973523e+01 9.610553707931514603e-03
2.634975975975976326e+01 9.563202280624998747e-03
2.638978978978979484e+01 9.516096982164989893e-03
2.642981981981982642e+01 9.469236523027668717e-03
2.646984984984985445e+01 9.422619619807360083e-03
2.650987987987988603e+01 9.376244995200896243e-03
2.654990990990991406e+01 9.330111377991778809e-03
2.658993993993994565e+01 9.284217503034033689e-03
2.662996996996997368e+01 9.238562111236003557e-03
2.667000000000000526e+01 9.193143949543789925e-03
2.671003003003003329e+01 9.147961770924650099e-03
2.675006006006006487e+01 9.103014334350094036e-03
2.679009009009009645e+01 9.058300404778858034e-03
2.683012012012012448e+01 9.013818753139729231e-03
2.687015015015015607e+01 8.969568156314096027e-03
2.691018018018018410e+01 8.925547397118482884e-03
2.695021021021021568e+01 8.881755264286781554e-03
2.699024024024024371e+01 8.838190552452426796e-03
2.703027027027027529e+01 8.794852062130365661e-03
2.707030030030030687e+01 8.751738599698924426e-03
2.711033033033033490e+01 8.708848977381502057e-03
2.715036036036036649e+01 8.666182013228123163e-03
2.719039039039039451e+01 8.623736531096899000e-03
2.723042042042042610e+01 8.581511360635334096e-03
2.727045045045045413e+01 8.539505337261488888e-03
2.731048048048048571e+01 8.497717302145076437e-03
2.735051051051051729e+01 8.456146102188394353e-03
2.739054054054054532e+01 8.414790590007192525e-03
2.743057057057057690e+01 8.373649623911356976e-03
2.747060060060060493e+01 8.332722067885621475e-03
2.751063063063063652e+01 8.292006791570018936e-03
2.755066066066066455e+01 8.251502670240397005e-03
2.759069069069069613e+01 8.211208584788687315e-03
2.763072072072072416e+01 8.171123421703245862e-03
2.767075075075075574e+01 8.131246073048967876e-03
2.771078078078078732e+01 8.091575436447409619e-03
2.775081081081081535e+01 8.052110415056816517e-03
2.779084084084084694e+01 8.012849917552040263e-03
2.783087087087087497e+01 7.973792858104442050e-03
2.787090090090090655e+01 7.934938156361655281e-03
2.791093093093093458e+01 7.896284737427395131e-03
2.795096096096096616e+01 7.857831531841079006e-03
2.799099099099099774e+01 7.819577475557492122e-03
2.803102102102102577e+01 7.781521509926317762e-03
2.807105105105105736e+01 7.743662581671708310e-03
2.811108108108108539e+01 7.705999642871695816e-03
2.815111111111111697e+01 7.668531650937644197e-03
2.819114114114114500e+01 7.631257568593658933e-03
2.823117117117117658e+01 7.594176363855836311e-03
2.827120120120120816e+01 7.557287010011662712e-03
2.831123123123123619e+01 7.520588485599229156e-03
2.835126126126126778e+01 7.484079774386463192e-03
2.839129129129129581e+01 7.447759865350346044e-03
2.843132132132132739e+01 7.411627752656076845e-03
2.847135135135135542e+01 7.375682435636238612e-03
2.851138138138138700e+01 7.339922918769898295e-03
2.855141141141141503e+01 7.304348211661736319e-03
2.859144144144144661e+01 7.268957329021110206e-03
2.863147147147147820e+01 7.233749290641174577e-03
2.867150150150150623e+01 7.198723121377879723e-03
2.871153153153153781e+01 7.163877851129049970e-03
2.875156156156156584e+01 7.129212514813412609e-03
2.879159159159159742e+01 7.094726152349625087e-03
2.883162162162162545e+01 7.060417808635333428e-03
2.887165165165165703e+01 7.026286533526118760e-03
2.891168168168168862e+01 6.992331381814578285e-03
2.895171171171171665e+01 6.958551413209341195e-03
2.899174174174174823e+01 6.924945692314040356e-03
2.903177177177177626e+01 6.891513288606401083e-03
2.907180180180180784e+01 6.858253276417221496e-03
2.911183183183183587e+01 6.825164734909449152e-03
2.915186186186186745e+01 6.792246748057185687e-03
2.919189189189189548e+01 6.759498404624796411e-03
2.923192192192192707e+01 6.726918798145959180e-03
2.927195195195195865e+01 6.694507026902718483e-03
2.931198198198198668e+01 6.662262193904649674e-03
2.935201201201201826e+01 6.630183406867919994e-03
2.939204204204204629e+01 6.598269778194472759e-03
2.943207207207207787e+01 6.566520424951143020e-03
2.947210210210210590e+01 6.534934468848871240e-03
2.951213213213213749e+01 6.503511036221876207e-03
2.955216216216216907e+01 6.472249258006925951e-03
2.959219219219219710e+01 6.441148269722528005e-03
2.963222222222222868e+01 6.410207211448280124e-03
2.967225225225225671e+01 6.379425227804122987e-03
2.971228228228228829e+01 6.348801467929692660e-03
2.975231231231231632e+01 6.318335085463722481e-03
2.979234234234234791e+01 6.288025238523399854e-03
2.983237237237237949e+01 6.257871089683819318e-03
2.987240240240240752e+01 6.227871805957472043e-03
2.991243243243243910e+01 6.198026558773697160e-03
2.995246246246246713e+01 6.168334523958297032e-03
2.999249249249249871e+01 6.138794881713049295e-03
3.003252252252252674e+01 6.109406816595355089e-03
3.007255255255255832e+01 6.080169517497900286e-03
3.011258258258258635e+01 6.051082177628357497e-03
3.015261261261261794e+01 6.022143994489093273e-03
3.019264264264264952e+01 5.993354169856989801e-03
3.023267267267267755e+01 5.964711909763257928e-03
3.027270270270270913e+01 5.936216424473285749e-03
3.031273273273273716e+01 5.907866928466601678e-03
3.035276276276276874e+01 5.879662640416788086e-03
3.039279279279279677e+01 5.851602783171526781e-03
3.043282282282282836e+01 5.823686583732633204e-03
3.047285285285285994e+01 5.795913273236183438e-03
3.051288288288288797e+01 5.768282086932646421e-03
3.055291291291291955e+01 5.740792264167111567e-03
3.059294294294294758e+01 5.713443048359518987e-03
3.063297297297297916e+01 5.686233686984992937e-03
3.067300300300300719e+01 5.659163431554200402e-03
3.071303303303303878e+01 5.632231537593740921e-03
3.075306306306307036e+01 5.605437264626637016e-03
3.079309309309309839e+01 5.578779876152852382e-03
3.083312312312312997e+01 5.552258639629841300e-03
3.087315315315315800e+01 5.525872826453217743e-03
3.091318318318318958e+01 5.499621711937427958e-03
3.095321321321321761e+01 5.473504575296477687e-03
3.099324324324324920e+01 5.447520699624754797e-03
3.103327327327327723e+01 5.421669371877876203e-03
3.107330330330330881e+01 5.395949882853621517e-03
3.111333333333334039e+01 5.370361527172871907e-03
3.115336336336336842e+01 5.344903603260691208e-03
3.119339339339340000e+01 5.319575413327378398e-03
3.123342342342342803e+01 5.294376263349655394e-03
3.127345345345345962e+01 5.269305463051838362e-03
3.131348348348348765e+01 5.244362325887183367e-03
3.135351351351351923e+01 5.219546169019129676e-03
3.139354354354355081e+01 5.194856313302789394e-03
3.143357357357357884e+01 5.170292083266349488e-03
3.147360360360361042e+01 5.145852807092614334e-03
3.151363363363363845e+01 5.121537816600589023e-03
3.155366366366367004e+01 5.097346447227120783e-03
3.159369369369369807e+01 5.073278038008641015e-03
3.163372372372372965e+01 5.049331931562887378e-03
3.167375375375375768e+01 5.025507474070807154e-03
3.171378378378378926e+01 5.001804015258407704e-03
3.175381381381382084e+01 4.978220908378762181e-03
3.179384384384384887e+01 4.954757510194023051e-03
3.183387387387388046e+01 4.931413180957517142e-03
3.187390390390390849e+01 4.908187284395947383e-03
3.191393393393394007e+01 4.885079187691569388e-03
3.195396396396396810e+01 4.862088261464526766e-03
3.199399399399399968e+01 4.839213879755198573e-03
3.203402402402402771e+01 4.816455420006643048e-03
3.207405405405405929e+01 4.793812263047055218e-03
3.211408408408408377e+01 4.771283793072378029e-03
3.215411411411411535e+01 4.748869397628882258e-03
3.219414414414414694e+01 4.726568467595903406e-03
3.223417417417417852e+01 4.704380397168585540e-03
3.227420420420420299e+01 4.682304583840695388e-03
3.231423423423423458e+01 4.660340428387553524e-03
3.235426426426426616e+01 4.638487334848976837e-03
3.239429429429429774e+01 4.616744710512311195e-03
3.243432432432432933e+01 4.595111965895543049e-03
3.247435435435435380e+01 4.573588514730453532e-03
3.251438438438438538e+01 4.552173773945868834e-03
3.255441441441441697e+01 4.530867163650953086e-03
3.259444444444444855e+01 4.509668107118585366e-03
3.263447447447448013e+01 4.488576030768806104e-03
3.267450450450450461e+01 4.467590364152311186e-03
3.271453453453453619e+01 4.446710539934032799e-03
3.275456456456456777e+01 4.425935993876800936e-03
3.279459459459459936e+01 4.405266164825040465e-03
3.283462462462462383e+01 4.384700494688564473e-03
3.287465465465465542e+01 4.364238428426398843e-03
3.291468468468468700e+01 4.343879414030745595e-03
3.295471471471471858e+01 4.323622902510921087e-03
3.299474474474475016e+01 4.303468347877462477e-03
3.303477477477477464e+01 4.283415207126216838e-03
3.307480480480480622e+01 4.263462940222529154e-03
3.311483483483483781e+01 4.243611010085537004e-03
3.315486486486486939e+01 4.223858882572483452e-03
3.319489489489489387e+01 4.204206026463102805e-03
3.323492492492492545e+01 4.184651913444094838e-03
3.327495495495495703e+01 4.165196018093685754e-03
3.331498498498498861e+01 4.145837817866193480e-03
3.335501501501502020e+01 4.126576793076712664e-03
3.339504504504504467e+01 4.107412426885875996e-03
3.343507507507507626e+01 4.088344205284624201e-03
3.347510510510510784e+01 4.069371617079113948e-03
3.351513513513513942e+01 4.050494153875643100e-03
3.355516516516517100e+01 4.031711310065673112e-03
3.359519519519519548e+01 4.013022582810916485e-03
3.363522522522522706e+01 3.994427472028457167e-03
3.367525525525525865e+01 3.975925480375993269e-03
3.371528528528529023e+01 3.957516113237107523e-03
3.375531531531531471e+01 3.939198878706629686e-03
3.379534534534534629e+01 3.920973287576029302e-03
3.383537537537537787e+01 3.902838853318931628e-03
3.387540540540540945e+01 3.884795092076650906e-03
3.391543543543544104e+01 3.866841522643829892e-03
3.395546546546546551e+01 3.848977666454099326e-03
3.399549549549549710e+01 3.831203047565850169e-03
3.403552552552552868e+01 3.813517192648050499e-03
3.407555555555556026e+01 3.795919630966134405e-03
3.411558558558558474e+01 3.778409894367950727e-03
3.415561561561561632e+01 3.760987517269794196e-03
3.419564564564564790e+01 3.743652036642476470e-03
3.423567567567567949e+01 3.726402991997489547e-03
3.427570570570571107e+01 3.709239925373228157e-03
3.431573573573573555e+01 3.692162381321262895e-03
3.435576576576576713e+01 3.675169906892693586e-03
3.439579579579579871e+01 3.658262051624571604e-03
3.443582582582583029e+01 3.641438367526369894e-03
3.447585585585585477e+01 3.624698409066548846e-03
3.451588588588588635e+01 3.608041733159138634e-03
3.455591591591591794e+01 3.591467899150448204e-03
3.459594594594594952e+01 3.574976468805773390e-03
3.463597597597598110e+01 3.558567006296234694e-03
3.467600600600600558e+01 3.542239078185627655e-03
3.471603603603603716e+01 3.525992253417357340e-03
3.475606606606606874e+01 3.509826103301440063e-03
3.479609609609610033e+01 3.493740201501581433e-03
3.483612612612613191e+01 3.477734124022274775e-03
3.487615615615615638e+01 3.461807449196012756e-03
3.491618618618618797e+01 3.445959757670522417e-03
3.495621621621621955e+01 3.430190632396101259e-03
3.499624624624625113e+01 3.414499658612987158e-03
3.503627627627627561e+01 3.398886423838795058e-03
3.507630630630630719e+01 3.383350517856027403e-03
3.511633633633633877e+01 3.367891532699642670e-03
3.515636636636637036e+01 3.352509062644686358e-03
3.519639639639640194e+01 3.337202704193970113e-03
3.523642642642642642e+01 3.321972056065849738e-03
3.527645645645645800e+01 3.306816719182014037e-03
3.531648648648648958e+01 3.291736296655372544e-03
3.535651651651652116e+01 3.276730393778000492e-03
3.539654654654654564e+01 3.261798618009129763e-03
3.543657657657657722e+01 3.246940578963200541e-03
3.547660660660660881e+01 3.232155888398000575e-03
3.551663663663664039e+01 3.217444160202837834e-03
3.555666666666667197e+01 3.202805010386774315e-03
3.559669669669669645e+01 3.188238057066939638e-03
3.563672672672672803e+01 3.173742920456881517e-03
3.567675675675675961e+01 3.159319222854996886e-03
3.571678678678679120e+01 3.144966588633002491e-03
3.575681681681682278e+01 3.130684644224480950e-03
3.579684684684684726e+01 3.116473018113479713e-03
3.583687687687687884e+01 3.102331340823162500e-03
3.587690690690691042e+01 3.088259244904523627e-03
3.591693693693694200e+01 3.074256364925174751e-03
3.595696696696696648e+01 3.060322337458171952e-03
3.599699699699699806e+01 3.046456801070892683e-03
3.603702702702702965e+01 3.032659396314001197e-03
3.607705705705706123e+01 3.018929765710450398e-03
3.611708708708709281e+01 3.005267553744537471e-03
3.615711711711711729e+01 2.991672406851029770e-03
3.619714714714714887e+01 2.978143973404340575e-03
3.623717717717718045e+01 2.964681903707757325e-03
3.627720720720721204e+01 2.951285849982749655e-03
3.631723723723723651e+01 2.937955466358282194e-03
3.635726726726726810e+01 2.924690408860252701e-03
3.639729729729729968e+01 2.911490335400922398e-03
3.643732732732733126e+01 2.898354905768442576e-03
3.647735735735736284e+01 2.885283781616431939e-03
3.651738738738738732e+01 2.872276626453566101e-03
3.655741741741741890e+01 2.859333105633302379e-03
3.659744744744745049e+01 2.846452886343564265e-03
3.663747747747748207e+01 2.833635637596576377e-03
3.667750750750751365e+01 2.820881030218668189e-03
3.671753753753753813e+01 2.808188736840198322e-03
3.675756756756756971e+01 2.795558431885472334e-03
3.679759759759760129e+01 2.782989791562776299e-03
3.683762762762763288e+01 2.770482493854417323e-03
3.687765765765765735e+01 2.758036218506836924e-03
3.691768768768768894e+01 2.745650647020767346e-03
3.695771771771772052e+01 2.733325462641446844e-03
3.699774774774775210e+01 2.721060350348897434e-03
3.703777777777778368e+01 2.708854996848239494e-03
3.707780780780780816e+01 2.696709090560052771e-03
3.711783783783783974e+01 2.684622321610803750e-03
3.715786786786787133e+01 2.672594381823325919e-03
3.719789789789790291e+01 2.660624964707343412e-03
3.723792792792792739e+01 2.648713765450048420e-03
3.727795795795795897e+01 2.636860480906721548e-03
3.731798798798799055e+01 2.625064809591407238e-03
3.735801801801802213e+01 2.613326451667662056e-03
3.739804804804805372e+01 2.601645108939309049e-03
3.743807807807807819e+01 2.590020484841290549e-03
3.747810810810810978e+01 2.578452284430507533e-03
3.751813813813814136e+01 2.566940214376796023e-03
3.755816816816817294e+01 2.555483982953871830e-03
3.759819819819820452e+01 2.544083300030354228e-03
3.763822822822822900e+01 2.532737877060865089e-03
3.767825825825826058e+01 2.521447427077117606e-03
3.771828828828829216e+01 2.510211664679130351e-03
3.775831831831832375e+01 2.499030306026404479e-03
3.779834834834834822e+01 2.487903068829216708e-03
3.783837837837837981e+01 2.476829672339920987e-03
3.787840840840841139e+01 2.465809837344327352e-03
3.791843843843844297e+01 2.454843286153091195e-03
3.795846846846847455e+01 2.443929742593186662e-03
3.799849849849849903e+01 2.433068931999400001e-03
3.803852852852853061e+01 2.422260581205879729e-03
3.807855855855856220e+01 2.411504418537744037e-03
3.811858858858859378e+01 2.400800173802712482e-03
3.815861861861861826e+01 2.390147578282792330e-03
3.819864864864864984e+01 2.379546364726022566e-03
3.823867867867868142e+01 2.368996267338240036e-03
3.827870870870871300e+01 2.358497021774929280e-03
3.831873873873874459e+01 2.348048365133057619e-03
3.835876876876876906e+01 2.337650035943015202e-03
3.839879879879880065e+01 2.327301774160569787e-03
3.843882882882883223e+01 2.317003321158863163e-03
3.847885885885886381e+01 2.306754419720461347e-03
3.851888888888889539e+01 2.296554814029451615e-03
3.855891891891891987e+01 2.286404249663572929e-03
3.859894894894895145e+01 2.276302473586395373e-03
3.863897897897898304e+01 2.266249234139540349e-03
3.867900900900901462e+01 2.256244281034953253e-03
3.871903903903903910e+01 2.246287365347209974e-03
3.875906906906907068e+01 2.236378239505857225e-03
3.879909909909910226e+01 2.226516657287814019e-03
3.883912912912913384e+01 2.216702373809815215e-03
3.887915915915916543e+01 2.206935145520877179e-03
3.891918918918918990e+01 2.197214730194815054e-03
3.895921921921922149e+01 2.187540886922818579e-03
3.899924924924925307e+01 2.177913376106042648e-03
3.903927927927928465e+01 2.168331959448250353e-03
3.907930930930930913e+01 2.158796399948508492e-03
3.911933933933934071e+01 2.149306461893899563e-03
3.915936936936937229e+01 2.139861910852304452e-03
3.919939939939940388e+01 2.130462513665185541e-03
3.923942942942943546e+01 2.121108038440459604e-03
3.927945945945945994e+01 2.111798254545363754e-03
3.931948948948949152e+01 2.102532932599395984e-03
3.935951951951952310e+01 2.093311844467266557e-03
3.939954954954955468e+01 2.084134763251917905e-03
3.943957957957957916e+01 2.075001463287566659e-03
3.947960960960961074e+01 2.065911720132772127e-03
3.951963963963964233e+01 2.056865310563579363e-03
3.955966966966967391e+01 2.047862012566668746e-03
3.959969969969970549e+01 2.038901605332551960e-03
3.963972972972972997e+01 2.029983869248821321e-03
3.967975975975976155e+01 2.021108585893413405e-03
3.971978978978979313e+01 2.012275538027925165e-03
3.975981981981982472e+01 2.003484509590968635e-03
3.979984984984985630e+01 1.994735285691557735e-03
3.983987987987988078e+01 1.986027652602533229e-03
3.987990990990991236e+01 1.977361397754010246e-03
3.991993993993994394e+01 1.968736309726911229e-03
3.995996996996997552e+01 1.960152178246463758e-03
4.000000000000000000e+01 1.951608794175801803e-03
