1.000000000000000021e-02 5.662134222834067344e-10
5.003003003003003712e-02 9.711614375277480091e-10
9.006006006006006537e-02 1.152444715140946217e-09
1.300900900900901214e-01 1.273697644592142273e-09
1.701201201201201496e-01 1.365459171124044342e-09
2.101501501501501779e-01 1.439448673724520602e-09
2.501801801801802339e-01 1.501486401270125121e-09
2.902102102102102621e-01 1.554908064419642765e-09
3.302402402402402903e-01 1.601811378745795481e-09
3.702702702702703186e-01 1.643604849727784669e-09
4.103003003003003468e-01 1.681281607762572960e-09
4.503303303303303751e-01 1.715569004383221994e-09
4.903603603603604588e-01 1.747016170402441908e-09
5.303903903903904871e-01 1.776048128677486087e-09
5.704204204204205153e-01 1.803000745070128360e-09
6.104504504504505435e-01 1.828144142893094894e-09
6.504804804804805718e-01 1.851698879108052077e-09
6.905105105105106000e-01 1.873847417760966199e-09
7.305405405405406283e-01 1.894742455122816356e-09
7.705705705705706565e-01 1.914513081716749987e-09
8.106006006006006848e-01 1.933269423908052219e-09
8.506306306306307130e-01 1.951106195073686080e-09
8.906606606606607413e-01 1.968105450616293332e-09
9.306906906906907695e-01 1.984338752268858202e-09
9.707207207207209088e-01 1.999868887732198179e-09
1.010750750750750937e+00 2.014751251161667101e-09
1.050780780780780965e+00 2.029034961872577407e-09
1.090810810810810993e+00 2.042763778764915504e-09
1.130840840840841022e+00 2.055976853730579182e-09
1.170870870870871050e+00 2.068709356965841984e-09
1.210900900900901078e+00 2.080992999505946932e-09
1.250930930930931106e+00 2.092856472638882695e-09
1.290960960960961135e+00 2.104325819599409977e-09
1.330990990990991163e+00 2.115424751709862961e-09
1.371021021021021191e+00 2.126174918655857878e-09
1.411051051051051219e+00 2.136596140666520232e-09
1.451081081081081248e+00 2.146706608874008579e-09
1.491111111111111276e+00 2.156523058952015824e-09
1.531141141141141304e+00 2.166060922203328559e-09
1.571171171171171332e+00 2.175334457525493942e-09
1.611201201201201361e+00 2.184356867090001774e-09
1.651231231231231389e+00 2.193140398090909188e-09
1.691261261261261417e+00 2.201696432530694126e-09
1.731291291291291445e+00 2.210035566693397888e-09
1.771321321321321474e+00 2.218167681695844754e-09
1.811351351351351502e+00 2.226102006293198178e-09
1.851381381381381530e+00 2.233847172938093529e-09
1.891411411411411558e+00 2.241411267945293376e-09
1.931441441441441809e+00 2.248801876490429442e-09
1.971471471471471837e+00 2.256026123068976762e-09
2.011501501501501643e+00 2.263090707954207342e-09
2.051531531531531449e+00 2.270001940119979422e-09
2.091561561561561700e+00 2.276765767032038494e-09
2.131591591591591506e+00 2.283387801658610072e-09
2.171621621621621756e+00 2.289873347006302985e-09
2.211651651651651562e+00 2.296227418448242387e-09
2.251681681681681813e+00 2.302454764079056888e-09
2.291711711711711619e+00 2.308559883301889546e-09
2.331741741741741869e+00 2.314547043829036925e-09
2.371771771771771675e+00 2.320420297255530356e-09
2.411801801801801926e+00 2.326183493347400548e-09
2.451831831831831732e+00 2.331840293169581504e-09
2.491861861861861982e+00 2.337394181164869177e-09
2.531891891891891788e+00 2.342848476282798684e-09
2.571921921921922038e+00 2.348206342246858634e-09
2.611951951951952289e+00 2.353470797038661548e-09
2.651981981981982095e+00 2.358644721669835675e-09
2.692012012012012345e+00 2.363730868304713200e-09
2.732042042042042151e+00 2.368731867790712465e-09
2.772072072072072402e+00 2.373650236647370598e-09
2.812102102102102208e+00 2.378488383560153452e-09
2.852132132132132458e+00 2.383248615420520993e-09
2.892162162162162264e+00 2.387933142949613539e-09
2.932192192192192515e+00 2.392544085939726384e-09
2.972222222222222321e+00 2.397083478144187985e-09
3.012252252252252571e+00 2.401553271843495796e-09
3.052282282282282377e+00 2.405955342113305592e-09
3.092312312312312628e+00 2.410291490816940299e-09
3.132342342342342434e+00 2.414563450343900182e-09
3.172372372372372684e+00 2.418772887113188222e-09
3.212402402402402490e+00 2.422921404859071685e-09
3.252432432432432741e+00 2.427010547715328851e-09
3.292462462462462547e+00 2.431041803112566151e-09
3.332492492492492797e+00 2.435016604502032936e-09
3.372522522522522603e+00 2.438936333918190620e-09
3.412552552552552854e+00 2.442802324391493473e-09
3.452582582582582660e+00 2.446615862221620326e-09
3.492612612612612910e+00 2.450378189120718147e-09
3.532642642642642716e+00 2.454090504235575333e-09
3.572672672672672967e+00 2.457753966056725196e-09
3.612702702702702773e+00 2.461369694222054146e-09
3.652732732732733023e+00 2.464938771221713578e-09
3.692762762762762829e+00 2.468462244010931814e-09
3.732792792792793080e+00 2.471941125536348452e-09
3.772822822822822886e+00 2.475376396181638626e-09
3.812852852852853136e+00 2.478769005137382422e-09
3.852882882882883386e+00 2.482119871699742573e-09
3.892912912912913193e+00 2.485429886502648001e-09
3.932942942942943443e+00 2.488699912687226615e-09
3.972972972972973249e+00 2.491930787012466508e-09
4.013003003003003499e+00 2.495123320910482112e-09
4.053033033033033306e+00 2.498278301489759786e-09
4.093063063063063112e+00 2.501396492489429774e-09
4.133093093093093806e+00 2.504478635187268561e-09
4.173123123123123612e+00 2.507525449264224625e-09
4.213153153153153418e+00 2.510537633627930504e-09
4.253183183183183225e+00 2.513515867197454418e-09
4.293213213213213919e+00 2.516460809651454941e-09
4.333243243243243725e+00 2.519373102141805435e-09
4.373273273273273531e+00 2.522253367974595713e-09
4.413303303303303338e+00 2.525102213260188887e-09
4.453333333333334032e+00 2.527920227534149452e-09
4.493363363363363838e+00 2.530707984350382660e-09
4.533393393393393644e+00 2.533466041848179237e-09
4.573423423423423451e+00 2.536194943294445095e-09
4.613453453453454145e+00 2.538895217602313801e-09
4.653483483483483951e+00 2.541567379827457005e-09
4.693513513513513757e+00 2.544211931643314188e-09
4.733543543543543564e+00 2.546829361796110644e-09
4.773573573573574258e+00 2.549420146540793252e-09
4.813603603603604064e+00 2.551984750058849739e-09
4.853633633633633870e+00 2.554523624858883713e-09
4.893663663663663677e+00 2.557037212160744934e-09
4.933693693693694371e+00 2.559525942264104860e-09
4.973723723723724177e+00 2.561990234902173560e-09
5.013753753753753983e+00 2.564430499581214336e-09
5.053783783783783790e+00 2.566847135906684084e-09
5.093813813813814484e+00 2.569240533896455983e-09
5.133843843843844290e+00 2.571611074281853275e-09
5.173873873873874096e+00 2.573959128797018955e-09
5.213903903903904791e+00 2.576285060457133838e-09
5.253933933933934597e+00 2.578589223826014037e-09
5.293963963963964403e+00 2.580871965273563898e-09
5.333993993993994209e+00 2.583133623223622882e-09
5.374024024024024904e+00 2.585374528392392939e-09
5.414054054054054710e+00 2.587595004018247887e-09
5.454084084084084516e+00 2.589795366082863610e-09
5.494114114114114322e+00 2.591975923524471833e-09
5.534144144144145017e+00 2.594136978443244936e-09
5.574174174174174823e+00 2.596278826299317202e-09
5.614204204204204629e+00 2.598401756103772132e-09
5.654234234234234435e+00 2.600506050602767061e-09
5.694264264264265130e+00 2.602591986455300476e-09
5.734294294294294936e+00 2.604659834404550074e-09
5.774324324324324742e+00 2.606709859443449086e-09
5.814354354354354548e+00 2.608742320974423957e-09
5.854384384384385243e+00 2.610757472963749969e-09
5.894414414414415049e+00 2.612755564090472291e-09
5.934444444444444855e+00 2.614736837890554603e-09
5.974474474474474661e+00 2.616701532895863229e-09
6.014504504504505356e+00 2.618649882768810634e-09
6.054534534534535162e+00 2.620582116432301357e-09
6.094564564564564968e+00 2.622498458195536675e-09
6.134594594594594774e+00 2.624399127875589470e-09
6.174624624624625469e+00 2.626284340915141397e-09
6.214654654654655275e+00 2.628154308496281844e-09
6.254684684684685081e+00 2.630009237650753320e-09
6.294714714714714887e+00 2.631849331366653207e-09
6.334744744744745581e+00 2.633674788691642740e-09
6.374774774774775388e+00 2.635485804833118991e-09
6.414804804804805194e+00 2.637282571254990452e-09
6.454834834834835888e+00 2.639065275771650128e-09
6.494864864864865694e+00 2.640834102638902127e-09
6.534894894894895501e+00 2.642589232642158552e-09
6.574924924924925307e+00 2.644330843181930269e-09
6.614954954954956001e+00 2.646059108356669462e-09
6.654984984984985807e+00 2.647774199043164558e-09
6.695015015015015614e+00 2.649476282974501580e-09
6.735045045045045420e+00 2.651165524815675908e-09
6.775075075075076114e+00 2.652842086236980565e-09
6.815105105105105920e+00 2.654506125985223574e-09
6.855135135135135727e+00 2.656157799952817389e-09
6.895165165165165533e+00 2.657797261244960856e-09
6.935195195195196227e+00 2.659424660244710611e-09
6.975225225225226033e+00 2.661040144676262880e-09
7.015255255255255840e+00 2.662643859666499853e-09
7.055285285285285646e+00 2.664235947804584740e-09
7.095315315315316340e+00 2.665816549200031912e-09
7.135345345345346146e+00 2.667385801539077201e-09
7.175375375375375953e+00 2.668943840139436008e-09
7.215405405405405759e+00 2.670490798003608478e-09
7.255435435435436453e+00 2.672026805870593595e-09
7.295465465465466259e+00 2.673551992266322790e-09
7.335495495495496066e+00 2.675066483552554183e-09
7.375525525525525872e+00 2.676570403974567394e-09
7.415555555555556566e+00 2.678063875707413285e-09
7.455585585585586372e+00 2.679547018901102423e-09
7.495615615615616179e+00 2.681019951724374926e-09
7.535645645645645985e+00 2.682482790407483485e-09
7.575675675675676679e+00 2.683935649283681853e-09
7.615705705705706485e+00 2.685378640829726908e-09
7.655735735735736291e+00 2.686811875705250393e-09
7.695765765765766986e+00 2.688235462791145878e-09
7.735795795795796792e+00 2.689649509226930029e-09
7.775825825825826598e+00 2.691054120447069902e-09
7.815855855855856404e+00 2.692449400216564113e-09
7.855885885885887099e+00 2.693835450665349004e-09
7.895915915915916905e+00 2.695212372322055473e-09
7.935945945945946711e+00 2.696580264146761595e-09
7.975975975975976517e+00 2.697939223562997079e-09
8.016006006006007212e+00 2.699289346488909355e-09
8.056036036036037018e+00 2.700630727367638068e-09
8.096066066066066824e+00 2.701963459196962464e-09
8.136096096096096630e+00 2.703287633558190267e-09
8.176126126126126437e+00 2.704603340644324415e-09
8.216156156156156243e+00 2.705910669287604865e-09
8.256186186186187825e+00 2.707209706986287330e-09
8.296216216216217632e+00 2.708500539930802031e-09
8.336246246246247438e+00 2.709783253029319374e-09
8.376276276276277244e+00 2.711057929932646845e-09
8.416306306306307050e+00 2.712324653058531987e-09
8.456336336336336856e+00 2.713583503615452530e-09
8.496366366366366663e+00 2.714834561625731127e-09
8.536396396396396469e+00 2.716077905948212508e-09
8.576426426426428051e+00 2.717313614300297921e-09
8.616456456456457857e+00 2.718541763279596578e-09
8.656486486486487664e+00 2.719762428384919094e-09
8.696516516516517470e+00 2.720975684036916463e-09
8.736546546546547276e+00 2.722181603598149944e-09
8.776576576576577082e+00 2.723380259392751077e-09
8.816606606606606888e+00 2.724571722725631713e-09
8.856636636636636695e+00 2.725756063901193180e-09
8.896666666666668277e+00 2.726933352241685976e-09
8.936696696696698083e+00 2.728103656105141801e-09
8.976726726726727890e+00 2.729267042902805974e-09
9.016756756756757696e+00 2.730423579116388703e-09
9.056786786786787502e+00 2.731573330314651290e-09
9.096816816816817308e+00 2.732716361169867858e-09
9.136846846846847114e+00 2.733852735473809787e-09
9.176876876876878697e+00 2.734982516153384390e-09
9.216906906906908503e+00 2.736105765285925349e-09
9.256936936936938309e+00 2.737222544114199836e-09
9.296966966966968116e+00 2.738332913061005360e-09
9.336996996996997922e+00 2.739436931743567667e-09
9.377027027027027728e+00 2.740534658987491559e-09
9.417057057057057534e+00 2.741626152840518150e-09
9.457087087087087340e+00 2.742711470585938418e-09
9.497117117117118923e+00 2.743790668755730914e-09
9.537147147147148729e+00 2.744863803143405382e-09
9.577177177177178535e+00 2.745930928816642090e-09
9.617207207207208342e+00 2.746992100129570078e-09
9.657237237237238148e+00 2.748047370734806775e-09
9.697267267267267954e+00 2.749096793595370227e-09
9.737297297297297760e+00 2.750140420996116522e-09
9.777327327327327566e+00 2.751178304555198311e-09
9.817357357357359149e+00 2.752210495235049765e-09
9.857387387387388955e+00 2.753237043353320662e-09
9.897417417417418761e+00 2.754257998593490358e-09
9.937447447447448567e+00 2.755273410015312178e-09
9.977477477477478374e+00 2.756283326065020003e-09
1.001750750750750818e+01 2.757287794585312334e-09
1.005753753753753799e+01 2.758286862825222630e-09
1.009756756756756779e+01 2.759280577449665798e-09
1.013759759759759937e+01 2.760268984548925125e-09
1.017762762762762918e+01 2.761252129647783941e-09
1.021765765765765899e+01 2.762230057714665551e-09
1.025768768768768879e+01 2.763202813170481170e-09
1.029771771771771860e+01 2.764170439897281823e-09
1.033774774774774841e+01 2.765132981246838684e-09
1.037777777777777821e+01 2.766090480048978581e-09
1.041780780780780979e+01 2.767042978619765633e-09
1.045783783783783960e+01 2.767990518769550551e-09
1.049786786786786941e+01 2.768933141810865244e-09
1.053789789789789921e+01 2.769870888566132561e-09
1.057792792792792902e+01 2.770803799375250706e-09
1.061795795795795883e+01 2.771731914103049859e-09
1.065798798798798863e+01 2.772655272146556065e-09
1.069801801801801844e+01 2.773573912442177360e-09
1.073804804804805002e+01 2.774487873472704621e-09
1.077807807807807983e+01 2.775397193274213969e-09
1.081810810810810963e+01 2.776301909442841793e-09
1.085813813813813944e+01 2.777202059141370353e-09
1.089816816816816925e+01 2.778097679105804685e-09
1.093819819819819905e+01 2.778988805651710052e-09
1.097822822822822886e+01 2.779875474680494380e-09
1.101825825825825866e+01 2.780757721685599285e-09
1.105828828828829025e+01 2.781635581758495074e-09
1.109831831831832005e+01 2.782509089594658773e-09
1.113834834834834986e+01 2.783378279499372662e-09
1.117837837837837967e+01 2.784243185393432654e-09
1.121840840840840947e+01 2.785103840818812411e-09
1.125843843843843928e+01 2.785960278944110328e-09
1.129846846846846908e+01 2.786812532570026708e-09
1.133849849849849889e+01 2.787660634134673027e-09
1.137852852852853047e+01 2.788504615718753385e-09
1.141855855855856028e+01 2.789344509050718675e-09
1.145858858858859008e+01 2.790180345511834715e-09
1.149861861861861989e+01 2.791012156141105215e-09
1.153864864864864970e+01 2.791839971640130636e-09
1.157867867867867950e+01 2.792663822377897977e-09
1.161870870870870931e+01 2.793483738395501912e-09
1.165873873873874089e+01 2.794299749410688904e-09
1.169876876876877070e+01 2.795111884822472874e-09
1.173879879879880050e+01 2.795920173715527115e-09
1.177882882882883031e+01 2.796724644864583242e-09
1.181885885885886012e+01 2.797525326738773884e-09
1.185888888888888992e+01 2.798322247505779349e-09
1.189891891891891973e+01 2.799115435036047063e-09
1.193894894894894954e+01 2.799904916906867097e-09
1.197897897897898112e+01 2.800690720406386468e-09
1.201900900900901092e+01 2.801472872537553142e-09
1.205903903903904073e+01 2.802251400021977308e-09
1.209906906906907054e+01 2.803026329303824092e-09
1.213909909909910034e+01 2.803797686553451500e-09
1.217912912912913015e+01 2.804565497671203036e-09
1.221915915915915996e+01 2.805329788290989397e-09
1.225918918918918976e+01 2.806090583783883815e-09
1.229921921921922134e+01 2.806847909261573465e-09
1.233924924924925115e+01 2.807601789579918823e-09
1.237927927927928096e+01 2.808352249342200768e-09
1.241930930930931076e+01 2.809099312902625755e-09
1.245933933933934057e+01 2.809843004369479029e-09
1.249936936936937038e+01 2.810583347608425076e-09
1.253939939939940018e+01 2.811320366245647603e-09
1.257942942942942999e+01 2.812054083671054443e-09
1.261945945945946157e+01 2.812784523041243004e-09
1.265948948948949138e+01 2.813511707282631558e-09
1.269951951951952118e+01 2.814235659094352306e-09
1.273954954954955099e+01 2.814956400951259004e-09
1.277957957957958079e+01 2.815673955106772884e-09
1.281960960960961060e+01 2.816388343595738075e-09
1.285963963963964041e+01 2.817099588237167846e-09
1.289966966966967199e+01 2.817807710637086387e-09
1.293969969969970180e+01 2.818512732191161305e-09
1.297972972972973160e+01 2.819214674087402721e-09
1.301975975975976141e+01 2.819913557308752753e-09
1.305978978978979121e+01 2.820609402635738703e-09
1.309981981981982102e+01 2.821302230648924405e-09
1.313984984984985083e+01 2.821992061731490614e-09
1.317987987987988063e+01 2.822678916071658229e-09
1.321990990990991222e+01 2.823362813665112354e-09
1.325993993993994202e+01 2.824043774317434200e-09
1.329996996996997183e+01 2.824721817646384108e-09
1.334000000000000163e+01 2.825396963084287967e-09
1.338003003003003144e+01 2.826069229880285071e-09
1.342006006006006125e+01 2.826738637102561513e-09
1.346009009009009105e+01 2.827405203640612934e-09
1.350012012012012086e+01 2.828068948207359211e-09
1.354015015015015244e+01 2.828729889341323252e-09
1.358018018018018225e+01 2.829388045408788693e-09
1.362021021021021205e+01 2.830043434605790514e-09
1.366024024024024186e+01 2.830696074960262808e-09
1.370027027027027167e+01 2.831345984333959083e-09
1.374030030030030147e+01 2.831993180424537172e-09
1.378033033033033128e+01 2.832637680767493179e-09
1.382036036036036108e+01 2.833279502738058205e-09
1.386039039039039267e+01 2.833918663553141808e-09
1.390042042042042247e+01 2.834555180273198540e-09
1.394045045045045228e+01 2.835189069804053115e-09
1.398048048048048209e+01 2.835820348898783904e-09
1.402051051051051189e+01 2.836449034159456289e-09
1.406054054054054170e+01 2.837075142038915993e-09
1.410057057057057150e+01 2.837698688842539806e-09
1.414060060060060309e+01 2.838319690729947022e-09
1.418063063063063289e+01 2.838938163716690196e-09
1.422066066066066270e+01 2.839554123675946731e-09
1.426069069069069251e+01 2.840167586340131049e-09
1.430072072072072231e+01 2.840778567302536545e-09
1.434075075075075212e+01 2.841387082018959761e-09
1.438078078078078192e+01 2.841993145809228596e-09
1.442081081081081173e+01 2.842596773858778916e-09
1.446084084084084331e+01 2.843197981220192693e-09
1.450087087087087312e+01 2.843796782814717543e-09
1.454090090090090293e+01 2.844393193433738269e-09
1.458093093093093273e+01 2.844987227740245945e-09
1.462096096096096254e+01 2.845578900270304086e-09
1.466099099099099234e+01 2.846168225434459410e-09
1.470102102102102215e+01 2.846755217519169545e-09
1.474105105105105196e+01 2.847339890688171606e-09
1.478108108108108354e+01 2.847922258983851591e-09
1.482111111111111335e+01 2.848502336328630318e-09
1.486114114114114315e+01 2.849080136526243904e-09
1.490117117117117296e+01 2.849655673263115646e-09
1.494120120120120276e+01 2.850228960109612918e-09
1.498123123123123257e+01 2.850800010521312344e-09
1.502126126126126238e+01 2.851368837840328253e-09
1.506129129129129218e+01 2.851935455296471971e-09
1.510132132132132377e+01 2.852499876008536017e-09
1.514135135135135357e+01 2.853062112985509236e-09
1.518138138138138338e+01 2.853622179127716235e-09
1.522141141141141318e+01 2.854180087228087109e-09
1.526144144144144299e+01 2.854735849973206305e-09
1.530147147147147280e+01 2.855289479944552564e-09
1.534150150150150260e+01 2.855840989619594111e-09
1.538153153153153418e+01 2.856390391372922304e-09
1.542156156156156399e+01 2.856937697477297605e-09
1.546159159159159380e+01 2.857482920104841959e-09
1.550162162162162360e+01 2.858026071327988814e-09
1.554165165165165341e+01 2.858567163120673845e-09
1.558168168168168322e+01 2.859106207359260570e-09
1.562171171171171302e+01 2.859643215823639259e-09
1.566174174174174283e+01 2.860178200198235681e-09
1.570177177177177441e+01 2.860711172072997932e-09
1.574180180180180422e+01 2.861242142944425859e-09
1.578183183183183402e+01 2.861771124216492539e-09
1.582186186186186383e+01 2.862298127201677429e-09
1.586189189189189364e+01 2.862823163121857241e-09
1.590192192192192344e+01 2.863346243109291110e-09
1.594195195195195325e+01 2.863867378207540009e-09
1.598198198198198305e+01 2.864386579372377885e-09
1.602201201201201641e+01 2.864903857472713970e-09
1.606204204204204444e+01 2.865419223291436087e-09
1.610207207207207603e+01 2.865932687526391276e-09
1.614210210210210406e+01 2.866444260791143075e-09
1.618213213213213564e+01 2.866953953615937255e-09
1.622216216216216722e+01 2.867461776448466963e-09
1.626219219219219525e+01 2.867967739654767730e-09
1.630222222222222683e+01 2.868471853520037206e-09
1.634225225225225486e+01 2.868974128249435046e-09
1.638228228228228645e+01 2.869474573968892305e-09
1.642231231231231448e+01 2.869973200725931175e-09
1.646234234234234606e+01 2.870470018490430124e-09
1.650237237237237764e+01 2.870965037155439501e-09
1.654240240240240567e+01 2.871458266537901177e-09
1.658243243243243725e+01 2.871949716379431066e-09
1.662246246246246528e+01 2.872439396347093770e-09
1.666249249249249686e+01 2.872927316034098247e-09
1.670252252252252489e+01 2.873413484960570390e-09
1.674255255255255648e+01 2.873897912574233802e-09
1.678258258258258806e+01 2.874380608251177833e-09
1.682261261261261609e+01 2.874861581296496157e-09
1.686264264264264767e+01 2.875340840945072604e-09
1.690267267267267570e+01 2.875818396362166381e-09
1.694270270270270728e+01 2.876294256644179286e-09
1.698273273273273531e+01 2.876768430819281471e-09
1.702276276276276690e+01 2.877240927848063259e-09
1.706279279279279493e+01 2.877711756624282501e-09
1.710282282282282651e+01 2.878180925975370398e-09
1.714285285285285809e+01 2.878648444663180101e-09
1.718288288288288612e+01 2.879114321384577725e-09
1.722291291291291770e+01 2.879578564772096247e-09
1.726294294294294573e+01 2.880041183394518241e-09
1.730297297297297732e+01 2.880502185757485521e-09
1.734300300300300535e+01 2.880961580304150954e-09
1.738303303303303693e+01 2.881419375415719438e-09
1.742306306306306851e+01 2.881875579412075731e-09
1.746309309309309654e+01 2.882330200552330802e-09
1.750312312312312812e+01 2.882783247035436433e-09
1.754315315315315615e+01 2.883234727000722465e-09
1.758318318318318774e+01 2.883684648528479136e-09
1.762321321321321577e+01 2.884133019640515017e-09
1.766324324324324735e+01 2.884579848300685990e-09
1.770327327327327538e+01 2.885025142415435812e-09
1.774330330330330696e+01 2.885468909834363977e-09
1.778333333333333854e+01 2.885911158350751798e-09
1.782336336336336657e+01 2.886351895702027286e-09
1.786339339339339816e+01 2.886791129570379331e-09
1.790342342342342619e+01 2.887228867583188248e-09
1.794345345345345777e+01 2.887665117313582888e-09
1.798348348348348580e+01 2.888099886280906331e-09
1.802351351351351738e+01 2.888533181951252324e-09
1.806354354354354896e+01 2.888965011737881759e-09
1.810357357357357699e+01 2.889395383001813282e-09
1.814360360360360858e+01 2.889824303052226543e-09
1.818363363363363661e+01 2.890251779146904740e-09
1.822366366366366819e+01 2.890677818492821500e-09
1.826369369369369622e+01 2.891102428246480441e-09
1.830372372372372780e+01 2.891525615514455314e-09
1.834375375375375938e+01 2.891947387353789128e-09
1.838378378378378741e+01 2.892367750772475971e-09
1.842381381381381900e+01 2.892786712729869648e-09
1.846384384384384703e+01 2.893204280137177086e-09
1.850387387387387861e+01 2.893620459857825193e-09
1.854390390390390664e+01 2.894035258707940621e-09
1.858393393393393822e+01 2.894448683456731099e-09
1.862396396396396625e+01 2.894860740826925487e-09
1.866399399399399783e+01 2.895271437495196474e-09
1.870402402402402942e+01 2.895680780092563406e-09
1.874405405405405745e+01 2.896088775204778174e-09
1.878408408408408903e+01 2.896495429372755339e-09
1.882411411411411706e+01 2.896900749092923280e-09
1.886414414414414864e+01 2.897304740817690302e-09
1.890417417417417667e+01 2.897707410955736222e-09
1.894420420420420825e+01 2.898108765872493373e-09
1.898423423423423984e+01 2.898508811890459692e-09
1.902426426426426787e+01 2.898907555289564332e-09
1.906429429429429945e+01 2.899305002307615170e-09
1.910432432432432748e+01 2.899701159140592455e-09
1.914435435435435906e+01 2.900096031943033859e-09
1.918438438438438709e+01 2.900489626828402161e-09
1.922441441441441867e+01 2.900881949869439277e-09
1.926444444444445026e+01 2.901273007098525676e-09
1.930447447447447828e+01 2.901662804507964508e-09
1.934450450450450987e+01 2.902051348050446489e-09
1.938453453453453790e+01 2.902438643639271577e-09
1.942456456456456948e+01 2.902824697148767117e-09
1.946459459459459751e+01 2.903209514414559569e-09
1.950462462462462909e+01 2.903593101233956662e-09
1.954465465465465712e+01 2.903975463366242290e-09
1.958468468468468870e+01 2.904356606533011515e-09
1.962471471471472029e+01 2.904736536418492341e-09
1.966474474474474832e+01 2.905115258669837298e-09
1.970477477477477990e+01 2.905492778897485331e-09
1.974480480480480793e+01 2.905869102675412437e-09
1.978483483483483951e+01 2.906244235541497277e-09
1.982486486486486754e+01 2.906618182997753202e-09
1.986489489489489912e+01 2.906990950510731504e-09
1.990492492492493071e+01 2.907362543511699670e-09
1.994495495495495874e+01 2.907732967397019408e-09
1.998498498498499032e+01 2.908102227528411756e-09
2.002501501501501835e+01 2.908470329233227983e-09
2.006504504504504993e+01 2.908837277804777569e-09
2.010507507507507796e+01 2.909203078502559811e-09
2.014510510510510954e+01 2.909567736552579396e-09
2.018513513513513757e+01 2.909931257147601174e-09
2.022516516516516916e+01 2.910293645447454554e-09
2.026519519519520074e+01 2.910654906579265950e-09
2.030522522522522877e+01 2.911015045637718922e-09
2.034525525525526035e+01 2.911374067685411109e-09
2.038528528528528838e+01 2.911731977752989886e-09
2.042531531531531996e+01 2.912088780839494814e-09
2.046534534534534799e+01 2.912444481912596286e-09
2.050537537537537958e+01 2.912799085908847813e-09
2.054540540540541116e+01 2.913152597733932526e-09
2.058543543543543919e+01 2.913505022262923324e-09
2.062546546546547077e+01 2.913856364340516138e-09
2.066549549549549880e+01 2.914206628781297527e-09
2.070552552552553038e+01 2.914555820369965117e-09
2.074555555555555841e+01 2.914903943861584856e-09
2.078558558558559000e+01 2.915251003981797399e-09
2.082561561561562158e+01 2.915597005427093967e-09
2.086564564564564961e+01 2.915941952865057061e-09
2.090567567567568119e+01 2.916285850934501081e-09
2.094570570570570922e+01 2.916628704245835456e-09
2.098573573573574080e+01 2.916970517381170530e-09
2.102576576576576883e+01 2.917311294894617406e-09
2.106579579579580042e+01 2.917651041312465383e-09
2.110582582582582845e+01 2.917989761133452442e-09
2.114585585585586003e+01 2.918327458828898419e-09
2.118588588588589161e+01 2.918664138843045397e-09
2.122591591591591964e+01 2.918999805593125113e-09
2.126594594594595122e+01 2.919334463469690251e-09
2.130597597597597925e+01 2.919668116836758778e-09
2.134600600600601084e+01 2.920000770032050938e-09
2.138603603603603887e+01 2.920332427367161715e-09
2.142606606606607045e+01 2.920663093127818088e-09
2.146609609609610203e+01 2.920992771574014686e-09
2.150612612612613006e+01 2.921321466940269391e-09
2.154615615615616164e+01 2.921649183435784221e-09
2.158618618618618967e+01 2.921975925244658331e-09
2.162621621621622126e+01 2.922301696526076196e-09
2.166624624624624929e+01 2.922626501414507374e-09
2.170627627627628087e+01 2.922950344019895932e-09
2.174630630630630890e+01 2.923273228427815543e-09
2.178633633633634048e+01 2.923595158699704817e-09
2.182636636636637206e+01 2.923916138873039353e-09
2.186639639639640009e+01 2.924236172961482291e-09
2.190642642642643168e+01 2.924555264955089863e-09
2.194645645645645970e+01 2.924873418820536800e-09
2.198648648648649129e+01 2.925190638501186641e-09
2.202651651651651932e+01 2.925506927917356434e-09
2.206654654654655090e+01 2.925822290966463559e-09
2.210657657657658248e+01 2.926136731523206881e-09
2.214660660660661051e+01 2.926450253439725979e-09
2.218663663663664209e+01 2.926762860545771550e-09
2.222666666666667012e+01 2.927074556648871672e-09
2.226669669669670171e+01 2.927385345534511296e-09
2.230672672672672974e+01 2.927695230966293554e-09
2.234675675675676132e+01 2.928004216686108914e-09
2.238678678678679290e+01 2.928312306414268768e-09
2.242681681681682093e+01 2.928619503849696928e-09
2.246684684684685251e+01 2.928925812670077687e-09
2.250687687687688054e+01 2.929231236532014230e-09
2.254690690690691213e+01 2.929535779071168834e-09
2.258693693693694016e+01 2.929839443902464292e-09
2.262696696696697174e+01 2.930142234620194754e-09
2.266699699699699977e+01 2.930444154798173789e-09
2.270702702702703135e+01 2.930745207989900240e-09
2.274705705705706293e+01 2.931045397728735651e-09
2.278708708708709096e+01 2.931344727527985329e-09
2.282711711711712255e+01 2.931643200881123343e-09
2.286714714714715058e+01 2.931940821261870273e-09
2.290717717717718216e+01 2.932237592124396699e-09
2.294720720720721019e+01 2.932533516903387721e-09
2.298723723723724177e+01 2.932828599014261336e-09
2.302726726726727335e+01 2.933122841853293753e-09
2.306729729729730138e+01 2.933416248797700045e-09
2.310732732732733297e+01 2.933708823205836393e-09
2.314735735735736100e+01 2.934000568417333266e-09
2.318738738738739258e+01 2.934291487753173170e-09
2.322741741741742061e+01 2.934581584515905308e-09
2.326744744744745219e+01 2.934870861989710093e-09
2.330747747747748377e+01 2.935159323440550117e-09
2.334750750750751180e+01 2.935446972116343848e-09
2.338753753753754339e+01 2.935733811247021477e-09
2.342756756756757142e+01 2.936019844044704406e-09
2.346759759759760300e+01 2.936305073703818990e-09
2.350762762762763103e+01 2.936589503401241294e-09
2.354765765765766261e+01 2.936873136296370297e-09
2.358768768768769064e+01 2.937155975531282575e-09
2.362771771771772222e+01 2.937438024230903941e-09
2.366774774774775381e+01 2.937719285503042532e-09
2.370777777777778184e+01 2.937999762438540185e-09
2.374780780780781342e+01 2.938279458111434149e-09
2.378783783783784145e+01 2.938558375579048487e-09
2.382786786786787303e+01 2.938836517882060666e-09
2.386789789789790106e+01 2.939113888044712077e-09
2.390792792792793264e+01 2.939390489074849802e-09
2.394795795795796423e+01 2.939666323964074684e-09
2.398798798798799226e+01 2.939941395687859609e-09
2.402801801801802384e+01 2.940215707205603280e-09
2.406804804804805187e+01 2.940489261460837004e-09
2.410807807807808345e+01 2.940762061381276398e-09
2.414810810810811148e+01 2.941034109878906997e-09
2.418813813813814306e+01 2.941305409850186915e-09
2.422816816816817109e+01 2.941575964176041055e-09
2.426819819819820268e+01 2.941845775722031509e-09
2.430822822822823426e+01 2.942114847338472121e-09
2.434825825825826229e+01 2.942383181860491353e-09
2.438828828828829387e+01 2.942650782108179938e-09
2.442831831831832190e+01 2.942917650886671941e-09
2.446834834834835348e+01 2.943183790986230790e-09
2.450837837837838151e+01 2.943449205182387410e-09
2.454840840840841310e+01 2.943713896236001026e-09
2.458843843843844468e+01 2.943977866893420045e-09
2.462846846846847271e+01 2.944241119886489504e-09
2.466849849849850429e+01 2.944503657932750419e-09
2.470852852852853232e+01 2.944765483735446816e-09
2.474855855855856390e+01 2.945026599983693649e-09
2.478858858858859193e+01 2.945287009352534290e-09
2.482861861861862351e+01 2.945546714503041029e-09
2.486864864864865510e+01 2.945805718082394899e-09
2.490867867867868313e+01 2.946064022724026710e-09
2.494870870870871471e+01 2.946321631047655512e-09
2.498873873873874274e+01 2.946578545659432939e-09
2.502876876876877432e+01 2.946834769151963060e-09
2.506879879879880235e+01 2.947090304104471127e-09
2.510882882882883393e+01 2.947345153082838725e-09
2.514885885885886196e+01 2.947599318639703867e-09
2.518888888888889355e+01 2.947852803314573071e-09
2.522891891891892513e+01 2.948105609633899119e-09
2.526894894894895316e+01 2.948357740111141439e-09
2.530897897897898474e+01 2.948609197246864543e-09
2.534900900900901277e+01 2.948859983528841419e-09
2.538903903903904435e+01 2.949110101432146592e-09
2.542906906906907238e+01 2.949359553419170603e-09
2.546909909909910397e+01 2.949608341939814389e-09
2.550912912912913555e+01 2.949856469431466128e-09
2.554915915915916358e+01 2.950103938319141442e-09
2.558918918918919516e+01 2.950350751015534273e-09
2.562921921921922319e+01 2.950596909921142197e-09
2.566924924924925477e+01 2.950842417424294551e-09
2.570927927927928280e+01 2.951087275901271543e-09
2.574930930930931439e+01 2.951331487716340239e-09
2.578933933933934597e+01 2.951575055221911726e-09
2.582936936936937400e+01 2.951817980758483206e-09
2.586939939939940558e+01 2.952060266654870852e-09
2.590942942942943361e+01 2.952301915228174650e-09
2.594945945945946519e+01 2.952542928783903718e-09
2.598948948948949322e+01 2.952783309616036690e-09
2.602951951951952481e+01 2.953023060007097817e-09
2.606954954954955284e+01 2.953262182228228515e-09
2.610957957957958442e+01 2.953500678539264712e-09
2.614960960960961600e+01 2.953738551188815426e-09
2.618963963963964403e+01 2.953975802414309087e-09
2.622966966966967561e+01 2.954212434442091562e-09
2.626969969969970364e+01 2.954448449487508867e-09
2.630972972972973523e+01 2.954683849754919995e-09
2.634975975975976326e+01 2.954918637437833393e-09
2.638978978978979484e+01 2.955152814718948743e-09
2.642981981981982642e+01 2.955386383770197488e-09
2.646984984984985445e+01 2.955619346752856157e-09
2.650987987987988603e+01 2.955851705817598892e-09
2.654990990990991406e+01 2.956083463104543771e-09
2.658993993993994565e+01 2.956314620743347930e-09
2.662996996996997368e+01 2.956545180853255956e-09
2.667000000000000526e+01 2.956775145543187570e-09
2.671003003003003329e+01 2.957004516911774844e-09
2.675006006006006487e+01 2.957233297047431278e-09
2.679009009009009645e+01 2.957461488028439060e-09
2.683012012012012448e+01 2.957689091922992088e-09
2.687015015015015607e+01 2.957916110789257998e-09
2.691018018018018410e+01 2.958142546675440214e-09
2.695021021021021568e+01 2.958368401619876373e-09
2.699024024024024371e+01 2.958593677651025095e-09
2.703027027027027529e+01 2.958818376787623975e-09
2.707030030030030687e+01 2.959042501038649047e-09
2.711033033033033490e+01 2.959266052403459958e-09
2.715036036036036649e+01 2.959489032871814857e-09
2.719039039039039451e+01 2.959711444423919610e-09
2.723042042042042610e+01 2.959933289030534094e-09
2.727045045045045413e+01 2.960154568652994118e-09
2.731048048048048571e+01 2.960375285243260225e-09
2.735051051051051729e+01 2.960595440744009511e-09
2.739054054054054532e+01 2.960815037088691045e-09
2.743057057057057690e+01 2.961034076201532899e-09
2.747060060060060493e+01 2.961252559997660438e-09
2.751063063063063652e+01 2.961470490383098383e-09
2.755066066066066455e+01 2.961687869254890758e-09
2.759069069069069613e+01 2.961904698501085168e-09
2.763072072072072416e+01 2.962120980000845715e-09
2.767075075075075574e+01 2.962336715624442238e-09
2.771078078078078732e+01 2.962551907233380187e-09
2.775081081081081535e+01 2.962766556680412611e-09
2.779084084084084694e+01 2.962980665809584830e-09
2.783087087087087497e+01 2.963194236456310122e-09
2.787090090090090655e+01 2.963407270447395363e-09
2.791093093093093458e+01 2.963619769601136566e-09
2.795096096096096616e+01 2.963831735727301103e-09
2.799099099099099774e+01 2.964043170627278655e-09
2.803102102102102577e+01 2.964254076094032833e-09
2.807105105105105736e+01 2.964464453912188436e-09
2.811108108108108539e+01 2.964674305858102596e-09
2.815111111111111697e+01 2.964883633699899513e-09
2.819114114114114500e+01 2.965092439197493623e-09
2.823117117117117658e+01 2.965300724102694644e-09
2.827120120120120816e+01 2.965508490159211302e-09
2.831123123123123619e+01 2.965715739102694756e-09
2.835126126126126778e+01 2.965922472660820902e-09
2.839129129129129581e+01 2.966128692553316433e-09
2.843132132132132739e+01 2.966334400491999365e-09
2.847135135135135542e+01 2.966539598180844391e-09
2.851138138138138700e+01 2.966744287316035813e-09
2.855141141141141503e+01 2.966948469585961346e-09
2.859144144144144661e+01 2.967152146671337429e-09
2.863147147147147820e+01 2.967355320245177383e-09
2.867150150150150623e+01 2.967557991972891912e-09
2.871153153153153781e+01 2.967760163512306473e-09
2.875156156156156584e+01 2.967961836513713391e-09
2.879159159159159742e+01 2.968163012619906182e-09
2.883162162162162545e+01 2.968363693466251524e-09
2.887165165165165703e+01 2.968563880680695870e-09
2.891168168168168862e+01 2.968763575883830382e-09
2.895171171171171665e+01 2.968962780688925675e-09
2.899174174174174823e+01 2.969161496702017843e-09
2.903177177177177626e+01 2.969359725521820775e-09
2.907180180180180784e+01 2.969557468739959423e-09
2.911183183183183587e+01 2.969754727940844071e-09
2.915186186186186745e+01 2.969951504701807231e-09
2.919189189189189548e+01 2.970147800593104058e-09
2.923192192192192707e+01 2.970343617177956602e-09
2.927195195195195865e+01 2.970538956012638599e-09
2.931198198198198668e+01 2.970733818646426249e-09
2.935201201201201826e+01 2.970928206621735530e-09
2.939204204204204629e+01 2.971122121474079182e-09
2.943207207207207787e+01 2.971315564732190790e-09
2.947210210210210590e+01 2.971508537917965221e-09
2.951213213213213749e+01 2.971701042546602556e-09
2.955216216216216907e+01 2.971893080126545638e-09
2.959219219219219710e+01 2.972084652159590086e-09
2.963222222222222868e+01 2.972275760140890086e-09
2.967225225225225671e+01 2.972466405559013399e-09
2.971228228228228829e+01 2.972656589895961212e-09
2.975231231231231632e+01 2.972846314627223561e-09
2.979234234234234791e+01 2.973035581221805797e-09
2.983237237237237949e+01 2.973224391142240586e-09
2.987240240240240752e+01 2.973412745844678480e-09
2.991243243243243910e+01 2.973600646778893709e-09
2.995246246246246713e+01 2.973788095388297830e-09
2.999249249249249871e+01 2.973975093110022860e-09
3.003252252252252674e+01 2.974161641374940297e-09
3.007255255255255832e+01 2.974347741607653680e-09
3.011258258258258635e+01 2.974533395226591231e-09
3.015261261261261794e+01 2.974718603644031909e-09
3.019264264264264952e+01 2.974903368266096315e-09
3.023267267267267755e+01 2.975087690492824861e-09
3.027270270270270913e+01 2.975271571718199683e-09
3.031273273273273716e+01 2.975455013330184357e-09
3.035276276276276874e+01 2.975638016710725955e-09
3.039279279279279677e+01 2.975820583235832397e-09
3.043282282282282836e+01 2.976002714275582783e-09
3.047285285285285994e+01 2.976184411194134842e-09
3.051288288288288797e+01 2.976365675349836185e-09
3.055291291291291955e+01 2.976546508095153584e-09
3.059294294294294758e+01 2.976726910776803664e-09
3.063297297297297916e+01 2.976906884735693761e-09
3.067300300300300719e+01 2.977086431307022423e-09
3.071303303303303878e+01 2.977265551820297612e-09
3.075306306306307036e+01 2.977444247599325943e-09
3.079309309309309839e+01 2.977622519962302855e-09
3.083312312312312997e+01 2.977800370221806815e-09
3.087315315315315800e+01 2.977977799684831582e-09
3.091318318318318958e+01 2.978154809652837903e-09
3.095321321321321761e+01 2.978331401421738209e-09
3.099324324324324920e+01 2.978507576282013253e-09
3.103327327327327723e+01 2.978683335518640966e-09
3.107330330330330881e+01 2.978858680411171736e-09
3.111333333333334039e+01 2.979033612233799541e-09
3.115336336336336842e+01 2.979208132255295363e-09
3.119339339339340000e+01 2.979382241739153188e-09
3.123342342342342803e+01 2.979555941943483706e-09
3.127345345345345962e+01 2.979729234121197125e-09
3.131348348348348765e+01 2.979902119519864618e-09
3.135351351351351923e+01 2.980074599381910635e-09
3.139354354354355081e+01 2.980246674944512824e-09
3.143357357357357884e+01 2.980418347439695496e-09
3.147360360360361042e+01 2.980589618094341621e-09
3.151363363363363845e+01 2.980760488130223846e-09
3.155366366366367004e+01 2.980930958764019800e-09
3.159369369369369807e+01 2.981101031207364621e-09
3.163372372372372965e+01 2.981270706666849297e-09
3.167375375375375768e+01 2.981439986344060373e-09
3.171378378378378926e+01 2.981608871435603941e-09
3.175381381381382084e+01 2.981777363133132936e-09
3.179384384384384887e+01 2.981945462623402554e-09
3.183387387387388046e+01 2.982113171088216491e-09
3.187390390390390849e+01 2.982280489704560114e-09
3.191393393393394007e+01 2.982447419644535529e-09
3.195396396396396810e+01 2.982613962075446783e-09
3.199399399399399968e+01 2.982780118159775457e-09
3.203402402402402771e+01 2.982945889055241883e-09
3.207405405405405929e+01 2.983111275914830369e-09
3.211408408408408377e+01 2.983276279886803263e-09
3.215411411411411535e+01 2.983440902114710465e-09
3.219414414414414694e+01 2.983605143737463459e-09
3.223417417417417852e+01 2.983769005889293128e-09
3.227420420420420299e+01 2.983932489699811380e-09
3.231423423423423458e+01 2.984095596294050435e-09
3.235426426426426616e+01 2.984258326792476477e-09
3.239429429429429774e+01 2.984420682310956566e-09
3.243432432432432933e+01 2.984582663960881888e-09
3.247435435435435380e+01 2.984744272849133013e-09
3.251438438438438538e+01 2.984905510078077412e-09
3.255441441441441697e+01 2.985066376745659211e-09
3.259444444444444855e+01 2.985226873945369819e-09
3.263447447447448013e+01 2.985387002766321554e-09
3.267450450450450461e+01 2.985546764293197179e-09
3.271453453453453619e+01 2.985706159606350824e-09
3.275456456456456777e+01 2.985865189781775306e-09
3.279459459459459936e+01 2.986023855891154660e-09
3.283462462462462383e+01 2.986182159001853797e-09
3.287465465465465542e+01 2.986340100177000396e-09
3.291468468468468700e+01 2.986497680475411697e-09
3.295471471471471858e+01 2.986654900951750426e-09
3.299474474474475016e+01 2.986811762656408161e-09
3.303477477477477464e+01 2.986968266635614521e-09
3.307480480480480622e+01 2.987124413931410697e-09
3.311483483483483781e+01 2.987280205581734236e-09
3.315486486486486939e+01 2.987435642620354108e-09
3.319489489489489387e+01 2.987590726076976587e-09
3.323492492492492545e+01 2.987745456977189000e-09
3.327495495495495703e+01 2.987899836342532519e-09
3.331498498498498861e+01 2.988053865190500509e-09
3.335501501501502020e+01 2.988207544534607183e-09
3.339504504504504467e+01 2.988360875384304470e-09
3.343507507507507626e+01 2.988513858745106505e-09
3.347510510510510784e+01 2.988666495618553233e-09
3.351513513513513942e+01 2.988818787002253838e-09
3.355516516516517100e+01 2.988970733889888809e-09
3.359519519519519548e+01 2.989122337271247166e-09
3.363522522522522706e+01 2.989273598132228935e-09
3.367525525525525865e+01 2.989424517454869558e-09
3.371528528528529023e+01 2.989575096217383315e-09
3.375531531531531471e+01 2.989725335394160015e-09
3.379534534534534629e+01 2.989875235955766241e-09
3.383537537537537787e+01 2.990024798869010693e-09
3.387540540540540945e+01 2.990174025096905724e-09
3.391543543543544104e+01 2.990322915598756266e-09
3.395546546546546551e+01 2.990471471330113091e-09
3.399549549549549710e+01 2.990619693242811275e-09
3.403552552552552868e+01 2.990767582285027274e-09
3.407555555555556026e+01 2.990915139401255766e-09
3.411558558558558474e+01 2.991062365532311298e-09
3.415561561561561632e+01 2.991209261615405221e-09
3.419564564564564790e+01 2.991355828584128730e-09
3.423567567567567949e+01 2.991502067368449969e-09
3.427570570570571107e+01 2.991647978894778135e-09
3.431573573573573555e+01 2.991793564085939082e-09
3.435576576576576713e+01 2.991938823861244385e-09
3.439579579579579871e+01 2.992083759136443366e-09
3.443582582582583029e+01 2.992228370823801676e-09
3.447585585585585477e+01 2.992372659832061591e-09
3.451588588588588635e+01 2.992516627066504876e-09
3.455591591591591794e+01 2.992660273428957750e-09
3.459594594594594952e+01 2.992803599817801222e-09
3.463597597597598110e+01 2.992946607127988882e-09
3.467600600600600558e+01 2.993089296251048135e-09
3.471603603603603716e+01 2.993231668075151756e-09
3.475606606606606874e+01 2.993373723485056264e-09
3.479609609609610033e+01 2.993515463362178024e-09
3.483612612612613191e+01 2.993656888584597379e-09
3.487615615615615638e+01 2.993798000027069408e-09
3.491618618618618797e+01 2.993938798560985872e-09
3.495621621621621955e+01 2.994079285054541068e-09
3.499624624624625113e+01 2.994219460372565146e-09
3.503627627627627561e+01 2.994359325376654810e-09
3.507630630630630719e+01 2.994498880925162559e-09
3.511633633633633877e+01 2.994638127873209927e-09
3.515636636636637036e+01 2.994777067072722220e-09
3.519639639639640194e+01 2.994915699372380958e-09
3.523642642642642642e+01 2.995054025617709895e-09
3.527645645645645800e+01 2.995192046651047730e-09
3.531648648648648958e+01 2.995329763311614689e-09
3.535651651651652116e+01 2.995467176435445111e-09
3.539654654654654564e+01 2.995604286855490436e-09
3.543657657657657722e+01 2.995741095401558814e-09
3.547660660660660881e+01 2.995877602900385835e-09
3.551663663663664039e+01 2.996013810175612607e-09
3.555666666666667197e+01 2.996149718047850686e-09
3.559669669669669645e+01 2.996285327334608876e-09
3.563672672672672803e+01 2.996420638850401586e-09
3.567675675675675961e+01 2.996555653406704164e-09
3.571678678678679120e+01 2.996690371811978126e-09
3.575681681681682278e+01 2.996824794871724507e-09
3.579684684684684726e+01 2.996958923388437128e-09
3.583687687687687884e+01 2.997092758161643954e-09
3.587690690690691042e+01 2.997226299987952175e-09
3.591693693693694200e+01 2.997359549660986994e-09
3.595696696696696648e+01 2.997492507971490477e-09
3.599699699699699806e+01 2.997625175707307490e-09
3.603702702702702965e+01 2.997757553653341032e-09
3.607705705705706123e+01 2.997889642591617164e-09
3.611708708708709281e+01 2.998021443301364014e-09
3.615711711711711729e+01 2.998152956558863702e-09
3.619714714714714887e+01 2.998284183137626468e-09
3.623717717717718045e+01 2.998415123808289752e-09
3.627720720720721204e+01 2.998545779338699674e-09
3.631723723723723651e+01 2.998676150493904004e-09
3.635726726726726810e+01 2.998806238036152156e-09
3.639729729729729968e+01 2.998936042724939035e-09
3.643732732732733126e+01 2.999065565316962022e-09
3.647735735735736284e+01 2.999194806566199966e-09
3.651738738738738732e+01 2.999323767223866040e-09
3.655741741741741890e+01 2.999452448038496659e-09
3.659744744744745049e+01 2.999580849755877865e-09
3.663747747747748207e+01 2.999708973119102810e-09
3.667750750750751365e+01 2.999836818868600714e-09
3.671753753753753813e+01 2.999964387742097982e-09
3.675756756756756971e+01 3.000091680474681488e-09
3.679759759759760129e+01 3.000218697798796915e-09
3.683762762762763288e+01 3.000345440444209057e-09
3.687765765765765735e+01 3.000471909138121755e-09
3.691768768768768894e+01 3.000598104605066230e-09
3.695771771771772052e+01 3.000724027567010269e-09
3.699774774774775210e+01 3.000849678743338791e-09
3.703777777777778368e+01 3.000975058850841431e-09
3.707780780780780816e+01 3.001100168603736951e-09
3.711783783783783974e+01 3.001225008713715006e-09
3.715786786786787133e+01 3.001349579889908435e-09
3.719789789789790291e+01 3.001473882838925938e-09
3.723792792792792739e+01 3.001597918264859102e-09
3.727795795795795897e+01 3.001721686869274960e-09
3.731798798798799055e+01 3.001845189351294985e-09
3.735801801801802213e+01 3.001968426407502033e-09
3.739804804804805372e+01 3.002091398732037951e-09
3.743807807807807819e+01 3.002214107016574622e-09
3.747810810810810978e+01 3.002336551950314797e-09
3.751813813813814136e+01 3.002458734220082255e-09
3.755816816816817294e+01 3.002580654510196486e-09
3.759819819819820452e+01 3.002702313502613311e-09
3.763822822822822900e+01 3.002823711876869461e-09
3.767825825825826058e+01 3.002944850310094572e-09
3.771828828828829216e+01 3.003065729477051304e-09
3.775831831831832375e+01 3.003186350050130373e-09
3.779834834834834822e+01 3.003306712699329051e-09
3.783837837837837981e+01 3.003426818092338429e-09
3.787840840840841139e+01 3.003546666894465665e-09
3.791843843843844297e+01 3.003666259768724557e-09
3.795846846846847455e+01 3.003785597375765235e-09
3.799849849849849903e+01 3.003904680373993274e-09
3.803852852852853061e+01 3.004023509419427421e-09
3.807855855855856220e+01 3.004142085165877022e-09
3.811858858858859378e+01 3.004260408264825391e-09
3.815861861861861826e+01 3.004378479365505912e-09
3.819864864864864984e+01 3.004496299114892110e-09
3.823867867867868142e+01 3.004613868157689796e-09
3.827870870870871300e+01 3.004731187136383387e-09
3.831873873873874459e+01 3.004848256691251621e-09
3.835876876876876906e+01 3.004965077460295183e-09
3.839879879879880065e+01 3.005081650079360366e-09
3.843882882882883223e+01 3.005197975182069173e-09
3.847885885885886381e+01 3.005314053399850751e-09
3.851888888888889539e+01 3.005429885361970344e-09
3.855891891891891987e+01 3.005545471695514816e-09
3.859894894894895145e+01 3.005660813025400920e-09
3.863897897897898304e+01 3.005775909974413354e-09
3.867900900900901462e+01 3.005890763163169601e-09
3.871903903903903910e+01 3.006005373210193138e-09
3.875906906906907068e+01 3.006119740731850152e-09
3.879909909909910226e+01 3.006233866342390492e-09
3.883912912912913384e+01 3.006347750653997707e-09
3.887915915915916543e+01 3.006461394276731974e-09
3.891918918918918990e+01 3.006574797818583452e-09
3.895921921921922149e+01 3.006687961885421408e-09
3.899924924924925307e+01 3.006800887081098855e-09
3.903927927927928465e+01 3.006913574007404992e-09
3.907930930930930913e+01 3.007026023264050312e-09
3.911933933933934071e+01 3.007138235448744774e-09
3.915936936936937229e+01 3.007250211157109702e-09
3.919939939939940388e+01 3.007361950982795253e-09
3.923942942942943546e+01 3.007473455517426229e-09
3.927945945945945994e+01 3.007584725350608284e-09
3.931948948948949152e+01 3.007695761069939509e-09
3.935951951951952310e+01 3.007806563261072460e-09
3.939954954954955468e+01 3.007917132507640963e-09
3.943957957957957916e+01 3.008027469391320907e-09
3.947960960960961074e+01 3.008137574491843891e-09
3.951963963963964233e+01 3.008247448386951734e-09
3.955966966966967391e+01 3.008357091652473396e-09
3.959969969969970549e+01 3.008466504862292725e-09
3.963972972972972997e+01 3.008575688588334391e-09
3.967975975975976155e+01 3.008684643400631301e-09
3.971978978978979313e+01 3.008793369867326255e-09
3.975981981981982472e+01 3.008901868554615283e-09
3.979984984984985630e+01 3.009010140026816303e-09
3.983987987987988078e+01 3.009118184846345956e-09
3.987990990990991236e+01 3.009226003573783715e-09
3.991993993993994394e+01 3.009333596767780071e-09
3.995996996996997552e+01 3.009440964985174399e-09
4.000000000000000000e+01 3.009548108780902734e-09
