5.000000000000000000e-01 8.830669026615000803e+02
5.082582582582582109e-01 8.832935427591834241e+02
5.165165165165165329e-01 8.835201964077756429e+02
5.247747747747747438e-01 8.837468662690589554e+02
5.330330330330330657e-01 8.839735550164713231e+02
5.412912912912912766e-01 8.842002653351270283e+02
5.495495495495494875e-01 8.844269999218400926e+02
5.578078078078078095e-01 8.846537614851465605e+02
5.660660660660660204e-01 8.848805527453253035e+02
5.743243243243243423e-01 8.851073764344199617e+02
5.825825825825825532e-01 8.853342352962599762e+02
5.908408408408408752e-01 8.855611320864809386e+02
5.990990990990990861e-01 8.857880695725448277e+02
6.073573573573574080e-01 8.860150505337602453e+02
6.156156156156156189e-01 8.862420777613021983e+02
6.238738738738738299e-01 8.864691540582298330e+02
6.321321321321321518e-01 8.866962822395081503e+02
6.403903903903903627e-01 8.869234651320230114e+02
6.486486486486486847e-01 8.871507055746027390e+02
6.569069069069068956e-01 8.873780064180318732e+02
6.651651651651651065e-01 8.876053705250734538e+02
6.734234234234234284e-01 8.878328007704803895e+02
6.816816816816816393e-01 8.880603000410167169e+02
6.899399399399399613e-01 8.882878712354714708e+02
6.981981981981981722e-01 8.885155172646742585e+02
7.064564564564563831e-01 8.887432410515118590e+02
7.147147147147147050e-01 8.889710455309416375e+02
7.229729729729730270e-01 8.891989336500073478e+02
7.312312312312312379e-01 8.894269083678532297e+02
7.394894894894894488e-01 8.896549726557359463e+02
7.477477477477477708e-01 8.898831294970398176e+02
7.560060060060059817e-01 8.901113818872886441e+02
7.642642642642643036e-01 8.903397328341579851e+02
7.725225225225225145e-01 8.905681853574878915e+02
7.807807807807807254e-01 8.907967424892933650e+02
7.890390390390390474e-01 8.910254072737754996e+02
7.972972972972972583e-01 8.912541827673327361e+02
8.055555555555555802e-01 8.914830720385701852e+02
8.138138138138137911e-01 8.917120781683098585e+02
8.220720720720720021e-01 8.919412042495993092e+02
8.303303303303303240e-01 8.921704533877204994e+02
8.385885885885886459e-01 8.923998287001980998e+02
8.468468468468468568e-01 8.926293333168066511e+02
8.551051051051050678e-01 8.928589703795786363e+02
8.633633633633632787e-01 8.930887430428102789e+02
8.716216216216216006e-01 8.933186544730685910e+02
8.798798798798799226e-01 8.935487078491962620e+02
8.881381381381381335e-01 8.937789063623174570e+02
8.963963963963963444e-01 8.940092532158420227e+02
9.046546546546545553e-01 8.942397516254702623e+02
9.129129129129128772e-01 8.944704048191956645e+02
9.211711711711711992e-01 8.947012160373085408e+02
9.294294294294294101e-01 8.949321885323989818e+02
9.376876876876876210e-01 8.951633255693579940e+02
9.459459459459459429e-01 8.953946304253793187e+02
9.542042042042041539e-01 8.956261063899604551e+02
9.624624624624624758e-01 8.958577567649031153e+02
9.707207207207206867e-01 8.960895848643126556e+02
9.789789789789788976e-01 8.963215940145979630e+02
9.872372372372372196e-01 8.965537875544688404e+02
9.954954954954955415e-01 8.967861688349358928e+02
1.003753753753753752e+00 8.970187412193063210e+02
1.012012012012011963e+00 8.972515080831819887e+02
1.020270270270270174e+00 8.974844728144554438e+02
1.028528528528528607e+00 8.977176388133052569e+02
1.036786786786786596e+00 8.979510094921914742e+02
1.045045045045045029e+00 8.981845882758503876e+02
1.053303303303303240e+00 8.984183786012881683e+02
1.061561561561561451e+00 8.986523839177741593e+02
1.069819819819819884e+00 8.988866076868334858e+02
1.078078078078078095e+00 8.991210533822394382e+02
1.086336336336336306e+00 8.993557244900047181e+02
1.094594594594594517e+00 8.995906245083716612e+02
1.102852852852852727e+00 8.998257569478041660e+02
1.111111111111111160e+00 9.000611253309749600e+02
1.119369369369369371e+00 9.002967331927557098e+02
1.127627627627627582e+00 9.005325840802050834e+02
1.135885885885885793e+00 9.007686815525562452e+02
1.144144144144144004e+00 9.010050291812032128e+02
1.152402402402402437e+00 9.012416305496884661e+02
1.160660660660660648e+00 9.014784892536866892e+02
1.168918918918918859e+00 9.017156089009911284e+02
1.177177177177177292e+00 9.019529931114965393e+02
1.185435435435435281e+00 9.021906455171831567e+02
1.193693693693693714e+00 9.024285697620998690e+02
1.201951951951951925e+00 9.026667695023463693e+02
1.210210210210210136e+00 9.029052484060532606e+02
1.218468468468468568e+00 9.031440101533637517e+02
1.226726726726726557e+00 9.033830584364139895e+02
1.234984984984984990e+00 9.036223969593104357e+02
1.243243243243243201e+00 9.038620294381107669e+02
1.251501501501501412e+00 9.041019596008005692e+02
1.259759759759759845e+00 9.043421911872691226e+02
1.268018018018017834e+00 9.045827279492879143e+02
1.276276276276276267e+00 9.048235736504843771e+02
1.284534534534534478e+00 9.050647320663176743e+02
1.292792792792792689e+00 9.053062069840527784e+02
1.301051051051051122e+00 9.055480022027329596e+02
1.309309309309309111e+00 9.057901215331525009e+02
1.317567567567567544e+00 9.060325687978294127e+02
1.325825825825825754e+00 9.062753478309751927e+02
1.334084084084083965e+00 9.065184624784650396e+02
1.342342342342342398e+00 9.067619165978087494e+02
1.350600600600600387e+00 9.070057140581171780e+02
1.358858858858858820e+00 9.072498587400712040e+02
1.367117117117117031e+00 9.074943545358893289e+02
1.375375375375375242e+00 9.077392053492923196e+02
1.383633633633633675e+00 9.079844150954694442e+02
1.391891891891891886e+00 9.082299877010440241e+02
1.400150150150150097e+00 9.084759271040350086e+02
1.408408408408408308e+00 9.087222372538215041e+02
1.416666666666666519e+00 9.089689221111042343e+02
1.424924924924924952e+00 9.092159856478671145e+02
1.433183183183183163e+00 9.094634318473380290e+02
1.441441441441441373e+00 9.097112647039473359e+02
1.449699699699699806e+00 9.099594882232869395e+02
1.457957957957957795e+00 9.102081064220689086e+02
1.466216216216216228e+00 9.104571233280818205e+02
1.474474474474474439e+00 9.107065429801468781e+02
1.482732732732732650e+00 9.109563694280740265e+02
1.490990990990991083e+00 9.112066067326146594e+02
1.499249249249249072e+00 9.114572589654171679e+02
1.507507507507507505e+00 9.117083302089780545e+02
1.515765765765765716e+00 9.119598245565944126e+02
1.524024024024023927e+00 9.122117461123148132e+02
1.532282282282282138e+00 9.124640989908889424e+02
1.540540540540540571e+00 9.127168873177167825e+02
1.548798798798798781e+00 9.129701152287968853e+02
1.557057057057056992e+00 9.132237868706738482e+02
1.565315315315315203e+00 9.134779064003841995e+02
1.573573573573573414e+00 9.137324779854016015e+02
1.581831831831831847e+00 9.139875058035828488e+02
1.590090090090090058e+00 9.142429940431094337e+02
1.598348348348348269e+00 9.144989469024313848e+02
1.606606606606606480e+00 9.147553685902084908e+02
1.614864864864864691e+00 9.150122633252519790e+02
1.623123123123123124e+00 9.152696353364630113e+02
1.631381381381381335e+00 9.155274888627728842e+02
1.639639639639639546e+00 9.157858281530793647e+02
1.647897897897897757e+00 9.160446574661850718e+02
1.656156156156156189e+00 9.163039810707329025e+02
1.664414414414414400e+00 9.165638032451407753e+02
1.672672672672672611e+00 9.168241282775372838e+02
1.680930930930930822e+00 9.170849604656917791e+02
1.689189189189189033e+00 9.173463041169493408e+02
1.697447447447447466e+00 9.176081635481602916e+02
1.705705705705705677e+00 9.178705430856114162e+02
1.713963963963963888e+00 9.181334470649537707e+02
1.722222222222222099e+00 9.183968798311323098e+02
1.730480480480480310e+00 9.186608457383121049e+02
1.738738738738738743e+00 9.189253491498043331e+02
1.746996996996996954e+00 9.191903944379920404e+02
1.755255255255255165e+00 9.194559859842546530e+02
1.763513513513513375e+00 9.197221281788894203e+02
1.771771771771771586e+00 9.199888254210353580e+02
1.780030030030030019e+00 9.202560821185936675e+02
1.788288288288288230e+00 9.205239026881467908e+02
1.796546546546546441e+00 9.207922915548789433e+02
1.804804804804804652e+00 9.210612531524938049e+02
1.813063063063063085e+00 9.213307919231308460e+02
1.821321321321321296e+00 9.216009123172810860e+02
1.829579579579579507e+00 9.218716187937033055e+02
1.837837837837837718e+00 9.221429158193362809e+02
1.846096096096095929e+00 9.224148078692128365e+02
1.854354354354354362e+00 9.226872994263708279e+02
1.862612612612612573e+00 9.229603949817640114e+02
1.870870870870870784e+00 9.232340990341717770e+02
1.879129129129128994e+00 9.235084160901072892e+02
1.887387387387387205e+00 9.237833506637256278e+02
1.895645645645645638e+00 9.240589072767293146e+02
1.903903903903903849e+00 9.243350904582742942e+02
1.912162162162162060e+00 9.246119047448745505e+02
1.920420420420420271e+00 9.248893546803042227e+02
1.928678678678678482e+00 9.251674448155004029e+02
1.936936936936936915e+00 9.254461797084642285e+02
1.945195195195195126e+00 9.257255639241599283e+02
1.953453453453453337e+00 9.260056020344148919e+02
1.961711711711711548e+00 9.262862986178170104e+02
1.969969969969969981e+00 9.265676582596103117e+02
1.978228228228228192e+00 9.268496855515921879e+02
1.986486486486486402e+00 9.271323850920065297e+02
1.994744744744744613e+00 9.274157614854375424e+02
2.003003003003002824e+00 9.276998193427018577e+02
2.011261261261261257e+00 9.279845632807398488e+02
2.019519519519519690e+00 9.282699979225058087e+02
2.027777777777777679e+00 9.285561278968561965e+02
2.036036036036035668e+00 9.288429578384378829e+02
2.044294294294294101e+00 9.291304923875749182e+02
2.052552552552552534e+00 9.294187361901535951e+02
2.060810810810810523e+00 9.297076938975076246e+02
2.069069069069068956e+00 9.299973701663004704e+02
2.077327327327327389e+00 9.302877696584081377e+02
2.085585585585585378e+00 9.305788970408003706e+02
2.093843843843843811e+00 9.308707569854198027e+02
2.102102102102102243e+00 9.311633541690617903e+02
2.110360360360360232e+00 9.314566932732510622e+02
2.118618618618618221e+00 9.317507789841185968e+02
2.126876876876877098e+00 9.320456159922773622e+02
2.135135135135135087e+00 9.323412089926956696e+02
2.143393393393393076e+00 9.326375626845713214e+02
2.151651651651651509e+00 9.329346817712029178e+02
2.159909909909909942e+00 9.332325709598605954e+02
2.168168168168167931e+00 9.335312349616557412e+02
2.176426426426426364e+00 9.338306784914100263e+02
2.184684684684684797e+00 9.341309062675218229e+02
2.192942942942942786e+00 9.344319230118334190e+02
2.201201201201200774e+00 9.347337334494952756e+02
2.209459459459459651e+00 9.350363423088305126e+02
2.217717717717717640e+00 9.353397543211970060e+02
2.225975975975975629e+00 9.356439742208498274e+02
2.234234234234234062e+00 9.359490067448008404e+02
2.242492492492492495e+00 9.362548566326790933e+02
2.250750750750750484e+00 9.365615286265868917e+02
2.259009009009008917e+00 9.368690274709600772e+02
2.267267267267267350e+00 9.371773579124201206e+02
2.275525525525525339e+00 9.374865246996319001e+02
2.283783783783783772e+00 9.377965325831551127e+02
2.292042042042042205e+00 9.381073863152976173e+02
2.300300300300300194e+00 9.384190906499668472e+02
2.308558558558558182e+00 9.387316503425191740e+02
2.316816816816816615e+00 9.390450701496085912e+02
2.325075075075075048e+00 9.393593548290357376e+02
2.333333333333333037e+00 9.396745091395930558e+02
2.341591591591591470e+00 9.399905378409106333e+02
2.349849849849849903e+00 9.403074456933012470e+02
2.358108108108107892e+00 9.406252374576017701e+02
2.366366366366366325e+00 9.409439178950168525e+02
2.374624624624624758e+00 9.412634917669591914e+02
2.382882882882882747e+00 9.415839638348876406e+02
2.391141141141140736e+00 9.419053388601481629e+02
2.399399399399399613e+00 9.422276216038093253e+02
2.407657657657657602e+00 9.425508168264988171e+02
2.415915915915915591e+00 9.428749292882388318e+02
2.424174174174174023e+00 9.431999637482800836e+02
2.432432432432432456e+00 9.435259249649336653e+02
2.440690690690690445e+00 9.438528176954030187e+02
2.448948948948948878e+00 9.441806466956140866e+02
2.457207207207207311e+00 9.445094167200460333e+02
2.465465465465465300e+00 9.448391325215563938e+02
2.473723723723723289e+00 9.451697988512105439e+02
2.481981981981982166e+00 9.455014204581071908e+02
2.490240240240240155e+00 9.458340020892013627e+02
2.498498498498498144e+00 9.461675484891300130e+02
2.506756756756756577e+00 9.465020644000326229e+02
2.515015015015015010e+00 9.468375545613744180e+02
2.523273273273272999e+00 9.471740237097641284e+02
2.531531531531531432e+00 9.475114765787744773e+02
2.539789789789789864e+00 9.478499178987601681e+02
2.548048048048047853e+00 9.481893523966734847e+02
2.556306306306306286e+00 9.485297847958806869e+02
2.564564564564564275e+00 9.488712198159763602e+02
2.572822822822822708e+00 9.492136621725961731e+02
2.581081081081081141e+00 9.495571165772304312e+02
2.589339339339339130e+00 9.499015877370331964e+02
2.597597597597597563e+00 9.502470803546340221e+02
2.605855855855855552e+00 9.505935991279458221e+02
2.614114114114113985e+00 9.509411487499730811e+02
2.622372372372372418e+00 9.512897339086182456e+02
2.630630630630630407e+00 9.516393592864869788e+02
2.638888888888888840e+00 9.519900295606938698e+02
2.647147147147146828e+00 9.523417494026639361e+02
2.655405405405405261e+00 9.526945234779361726e+02
2.663663663663663694e+00 9.530483564459647141e+02
2.671921921921921683e+00 9.534032529599180634e+02
2.680180180180180116e+00 9.537592176664782073e+02
2.688438438438438105e+00 9.541162552056397317e+02
2.696696696696696538e+00 9.544743702105051852e+02
2.704954954954954971e+00 9.548335673070821485e+02
2.713213213213212960e+00 9.551938511140758692e+02
2.721471471471471393e+00 9.555552262426853076e+02
2.729729729729729382e+00 9.559176972963944081e+02
2.737987987987987815e+00 9.562812688707635971e+02
2.746246246246246248e+00 9.566459455532209404e+02
2.754504504504504236e+00 9.570117319228502311e+02
2.762762762762762669e+00 9.573786325501810097e+02
2.771021021021021102e+00 9.577466519969752881e+02
2.779279279279279091e+00 9.581157948160123397e+02
2.787537537537537524e+00 9.584860655508766740e+02
2.795795795795795513e+00 9.588574687357404400e+02
2.804054054054053946e+00 9.592300088951466250e+02
2.812312312312312379e+00 9.596036905437923679e+02
2.820570570570570368e+00 9.599785181863099979e+02
2.828828828828828801e+00 9.603544963170454594e+02
2.837087087087086790e+00 9.607316294198401465e+02
2.845345345345345223e+00 9.611099219678071677e+02
2.853603603603603656e+00 9.614893784231094287e+02
2.861861861861861644e+00 9.618700032367363519e+02
2.870120120120120077e+00 9.622518008482772984e+02
2.878378378378378066e+00 9.626347756856981732e+02
2.886636636636636499e+00 9.630189321651133696e+02
2.894894894894894932e+00 9.634042746905587364e+02
2.903153153153152921e+00 9.637908076537623856e+02
2.911411411411411354e+00 9.641785354339162950e+02
2.919669669669669343e+00 9.645674623974447286e+02
2.927927927927927776e+00 9.649575928977733383e+02
2.936186186186186209e+00 9.653489312750969020e+02
2.944444444444444198e+00 9.657414818561471748e+02
2.952702702702702631e+00 9.661352489539557382e+02
2.960960960960960620e+00 9.665302368676232163e+02
2.969219219219219053e+00 9.669264498820796234e+02
2.977477477477477485e+00 9.673238922678492600e+02
2.985735735735735474e+00 9.677225682808135616e+02
2.993993993993993907e+00 9.681224821619715613e+02
3.002252252252251896e+00 9.685236381372003507e+02
3.010510510510510329e+00 9.689260404170157699e+02
3.018768768768768762e+00 9.693296931963307088e+02
3.027027027027026751e+00 9.697346006542126133e+02
3.035285285285285184e+00 9.701407669536417870e+02
3.043543543543543173e+00 9.705481962412674193e+02
3.051801801801801606e+00 9.709568926471625900e+02
3.060060060060060039e+00 9.713668602845790474e+02
3.068318318318318028e+00 9.717781032497024398e+02
3.076576576576576461e+00 9.721906256214032283e+02
3.084834834834834894e+00 9.726044314609915773e+02
3.093093093093092882e+00 9.730195248119667895e+02
3.101351351351351315e+00 9.734359096997694678e+02
3.109609609609609304e+00 9.738535901315311776e+02
3.117867867867867737e+00 9.742725700958237667e+02
3.126126126126126170e+00 9.746928535624070946e+02
3.134384384384384159e+00 9.751144444819785804e+02
3.142642642642642592e+00 9.755373467859192260e+02
3.150900900900900581e+00 9.759615643860400951e+02
3.159159159159159014e+00 9.763871011743277677e+02
3.167417417417417447e+00 9.768139610226905916e+02
3.175675675675675436e+00 9.772421477827010676e+02
3.183933933933933869e+00 9.776716652853414189e+02
3.192192192192191857e+00 9.781025173407451803e+02
3.200450450450450290e+00 9.785347077379402663e+02
3.208708708708708723e+00 9.789682402445906746e+02
3.216966966966966712e+00 9.794031186067368253e+02
3.225225225225225145e+00 9.798393465485372644e+02
3.233483483483483134e+00 9.802769277720066157e+02
3.241741741741741567e+00 9.807158659567571704e+02
3.250000000000000000e+00 9.811561647597350202e+02
3.258258258258257989e+00 9.815978278149607377e+02
3.266516516516516422e+00 9.820408587332640309e+02
3.274774774774774411e+00 9.824852611020230597e+02
3.283033033033032844e+00 9.829310384848993181e+02
3.291291291291291277e+00 9.833781944215745625e+02
3.299549549549549265e+00 9.838267324274846715e+02
3.307807807807807698e+00 9.842766559935562327e+02
3.316066066066065687e+00 9.847279685859388110e+02
3.324324324324324120e+00 9.851806736457414218e+02
3.332582582582582553e+00 9.856347745887625251e+02
3.340840840840840542e+00 9.860902748052261586e+02
3.349099099099098975e+00 9.865471776595117035e+02
3.357357357357356964e+00 9.870054864898878577e+02
3.365615615615615397e+00 9.874652046082422885e+02
3.373873873873873830e+00 9.879263352998148093e+02
3.382132132132131819e+00 9.883888818229260096e+02
3.390390390390390252e+00 9.888528474087094082e+02
3.398648648648648685e+00 9.893182352608396286e+02
3.406906906906906674e+00 9.897850485552635291e+02
3.415165165165165106e+00 9.902532904399284917e+02
3.423423423423423095e+00 9.907229640345113921e+02
3.431681681681681528e+00 9.911940724301470027e+02
3.439939939939939961e+00 9.916666186891573034e+02
3.448198198198197950e+00 9.921406058447777241e+02
3.456456456456456383e+00 9.926160369008852058e+02
3.464714714714714372e+00 9.930929148317269437e+02
3.472972972972972805e+00 9.935712425816453788e+02
3.481231231231231238e+00 9.940510230648068273e+02
3.489489489489489227e+00 9.945322591649268134e+02
3.497747747747747660e+00 9.950149537349965385e+02
3.506006006006005649e+00 9.954991095970101469e+02
3.514264264264264082e+00 9.959847295416889210e+02
3.522522522522522515e+00 9.964718163282090018e+02
3.530780780780780503e+00 9.969603726839250157e+02
3.539039039039038936e+00 9.974504013040969994e+02
3.547297297297296925e+00 9.979419048516153907e+02
3.555555555555555358e+00 9.984348859567256795e+02
3.563813813813813791e+00 9.989293472167535128e+02
3.572072072072071780e+00 9.994252911958304821e+02
3.580330330330330213e+00 9.999227204246185465e+02
3.588588588588588202e+00 1.000421637400034228e+03
3.596846846846846635e+00 1.000922044584974287e+03
3.605105105105105068e+00 1.001423944408040256e+03
3.613363363363363057e+00 1.001927339263262638e+03
3.621621621621621490e+00 1.002432231509826124e+03
3.629879879879879478e+00 1.002938623471794699e+03
3.638138138138137911e+00 1.003446517437834927e+03
3.646396396396396344e+00 1.003955915660941855e+03
3.654654654654654333e+00 1.004466820358164227e+03
3.662912912912912766e+00 1.004979233710328117e+03
3.671171171171170755e+00 1.005493157861762825e+03
3.679429429429429188e+00 1.006008594920025757e+03
3.687687687687687621e+00 1.006525546955627078e+03
3.695945945945945610e+00 1.007044016001755836e+03
3.704204204204204043e+00 1.007564004054005522e+03
3.712462462462462476e+00 1.008085513070098273e+03
3.720720720720720465e+00 1.008608544969612808e+03
3.728978978978978898e+00 1.009133101633708634e+03
3.737237237237236887e+00 1.009659184904853305e+03
3.745495495495495319e+00 1.010186796586547871e+03
3.753753753753753752e+00 1.010715938443055734e+03
3.762012012012011741e+00 1.011246612199126162e+03
3.770270270270270174e+00 1.011778819539725760e+03
3.778528528528528163e+00 1.012312562109761416e+03
3.786786786786786596e+00 1.012847841513812000e+03
3.795045045045045029e+00 1.013384659315854947e+03
3.803303303303303018e+00 1.013923017038993862e+03
3.811561561561561451e+00 1.014462916165189768e+03
3.819819819819819440e+00 1.015004358134987569e+03
3.828078078078077873e+00 1.015547344347247645e+03
3.836336336336336306e+00 1.016091876158875834e+03
3.844594594594594295e+00 1.016637954884553096e+03
3.852852852852852727e+00 1.017185581796466636e+03
3.861111111111110716e+00 1.017734758124041605e+03
3.869369369369369149e+00 1.018285485053673256e+03
3.877627627627627582e+00 1.018837763728458526e+03
3.885885885885885571e+00 1.019391595247929217e+03
3.894144144144144004e+00 1.019946980667786761e+03
3.902402402402401993e+00 1.020503920999633237e+03
3.910660660660660426e+00 1.021062417210709327e+03
3.918918918918918859e+00 1.021622470223626920e+03
3.927177177177176848e+00 1.022184080916106495e+03
3.935435435435435281e+00 1.022747250120711783e+03
3.943693693693693270e+00 1.023311978624589074e+03
3.951951951951951703e+00 1.023878267169203127e+03
3.960210210210210136e+00 1.024446116450076261e+03
3.968468468468468124e+00 1.025015527116526073e+03
3.976726726726726557e+00 1.025586499771407489e+03
3.984984984984984990e+00 1.026159034970851962e+03
3.993243243243242979e+00 1.026733133224008498e+03
4.001501501501500968e+00 1.027308794992786261e+03
4.009759759759759845e+00 1.027886020691596286e+03
4.018018018018017834e+00 1.028464810687097497e+03
4.026276276276275823e+00 1.029045165297937501e+03
4.034534534534534700e+00 1.029627084794501798e+03
4.042792792792792689e+00 1.030210569398656389e+03
4.051051051051050678e+00 1.030795619283497444e+03
4.059309309309309555e+00 1.031382234573098003e+03
4.067567567567567544e+00 1.031970415342256274e+03
4.075825825825825532e+00 1.032560161616245978e+03
4.084084084084084409e+00 1.033151473370568510e+03
4.092342342342341510e+00 1.033744350530701468e+03
4.100600600600600387e+00 1.034338792971853991e+03
4.108858858858859264e+00 1.034934800518718930e+03
4.117117117117116365e+00 1.035532372945228644e+03
4.125375375375375242e+00 1.036131509974310347e+03
4.133633633633633231e+00 1.036732211277641227e+03
4.141891891891891220e+00 1.037334476475410384e+03
4.150150150150150097e+00 1.037938305136073268e+03
4.158408408408408086e+00 1.038543696776114530e+03
4.166666666666666075e+00 1.039150650859808593e+03
4.174924924924924952e+00 1.039759166798982733e+03
4.183183183183182940e+00 1.040369243952779243e+03
4.191441441441440929e+00 1.040980881627421240e+03
4.199699699699699806e+00 1.041594079075978925e+03
4.207957957957957795e+00 1.042208835498135841e+03
4.216216216216215784e+00 1.042825150039958089e+03
4.224474474474474661e+00 1.043443021793664684e+03
4.232732732732732650e+00 1.044062449797397221e+03
4.240990990990990639e+00 1.044683433034993186e+03
4.249249249249249516e+00 1.045305970435759946e+03
4.257507507507506617e+00 1.045930060874248738e+03
4.265765765765765494e+00 1.046555703170032302e+03
4.274024024024024371e+00 1.047182896087481822e+03
4.282282282282281471e+00 1.047811638335547286e+03
4.290540540540540349e+00 1.048441928567536479e+03
4.298798798798799226e+00 1.049073765380899204e+03
4.307057057057056326e+00 1.049707147317009003e+03
4.315315315315315203e+00 1.050342072860949429e+03
4.323573573573573192e+00 1.050978540441299856e+03
4.331831831831831181e+00 1.051616548429924705e+03
4.340090090090090058e+00 1.052256095141761762e+03
4.348348348348348047e+00 1.052897178834614351e+03
4.356606606606606036e+00 1.053539797708943524e+03
4.364864864864864913e+00 1.054183949907663191e+03
4.373123123123122902e+00 1.054829633515935484e+03
4.381381381381380891e+00 1.055476846560969307e+03
4.389639639639639768e+00 1.056125587011818197e+03
4.397897897897897757e+00 1.056775852779182969e+03
4.406156156156155745e+00 1.057427641715212758e+03
4.414414414414414622e+00 1.058080951613311754e+03
4.422672672672672611e+00 1.058735780207942753e+03
4.430930930930930600e+00 1.059392125174437069e+03
4.439189189189189477e+00 1.060049984128802862e+03
4.447447447447446578e+00 1.060709354627538005e+03
4.455705705705705455e+00 1.061370234167442050e+03
4.463963963963964332e+00 1.062032620185432052e+03
4.472222222222221433e+00 1.062696510058359763e+03
4.480480480480480310e+00 1.063361901102829961e+03
4.488738738738738299e+00 1.064028790575021731e+03
4.496996996996996288e+00 1.064697175670509978e+03
4.505255255255255165e+00 1.065367053524091943e+03
4.513513513513513153e+00 1.066038421209611670e+03
4.521771771771771142e+00 1.066711275739790381e+03
4.530030030030030019e+00 1.067385614066054814e+03
4.538288288288288008e+00 1.068061433078372602e+03
4.546546546546545997e+00 1.068738729605083563e+03
4.554804804804804874e+00 1.069417500412738264e+03
4.563063063063062863e+00 1.070097742205936356e+03
4.571321321321320852e+00 1.070779451627167191e+03
4.579579579579579729e+00 1.071462625256651336e+03
4.587837837837837718e+00 1.072147259612187554e+03
4.596096096096095707e+00 1.072833351148997963e+03
4.604354354354353696e+00 1.073520896259578649e+03
4.612612612612612573e+00 1.074209891273550738e+03
4.620870870870870561e+00 1.074900332457512377e+03
4.629129129129128550e+00 1.075592216014895712e+03
4.637387387387387427e+00 1.076285538085825465e+03
4.645645645645645416e+00 1.076980294746977961e+03
4.653903903903903405e+00 1.077676482011443795e+03
4.662162162162162282e+00 1.078374095828593454e+03
4.670420420420420271e+00 1.079073132083942710e+03
4.678678678678678260e+00 1.079773586599023020e+03
4.686936936936936249e+00 1.080475455131253511e+03
4.695195195195195126e+00 1.081178733373814111e+03
4.703453453453453115e+00 1.081883416955521852e+03
4.711711711711711104e+00 1.082589501440711047e+03
4.719969969969969981e+00 1.083296982329112780e+03
4.728228228228227970e+00 1.084005855055739175e+03
4.736486486486485958e+00 1.084716114990769483e+03
4.744744744744744835e+00 1.085427757439438437e+03
4.753003003003002824e+00 1.086140777641927571e+03
4.761261261261260813e+00 1.086855170773257896e+03
4.769519519519519690e+00 1.087570931943185769e+03
4.777777777777777679e+00 1.088288056196102161e+03
4.786036036036035668e+00 1.089006538510933979e+03
4.794294294294293657e+00 1.089726373801045156e+03
4.802552552552552534e+00 1.090447556914146162e+03
4.810810810810810523e+00 1.091170082632200319e+03
4.819069069069068512e+00 1.091893945671334905e+03
4.827327327327327389e+00 1.092619140681757472e+03
4.835585585585585378e+00 1.093345662247669907e+03
4.843843843843843366e+00 1.094073504887188392e+03
4.852102102102102243e+00 1.094802663052266780e+03
4.860360360360360232e+00 1.095533131128619061e+03
4.868618618618618221e+00 1.096264903435646374e+03
4.876876876876876210e+00 1.096997974226369934e+03
4.885135135135135087e+00 1.097732337687360996e+03
4.893393393393393076e+00 1.098467987938676515e+03
4.901651651651651065e+00 1.099204919033799570e+03
4.909909909909909942e+00 1.099943124959577517e+03
4.918168168168167931e+00 1.100682599636167879e+03
4.926426426426425920e+00 1.101423336916983317e+03
4.934684684684684797e+00 1.102165330588642746e+03
4.942942942942942786e+00 1.102908574370922679e+03
4.951201201201200774e+00 1.103653061916712204e+03
4.959459459459458763e+00 1.104398786811970922e+03
4.967717717717717640e+00 1.105145742575690747e+03
4.975975975975975629e+00 1.105893922659858163e+03
4.984234234234233618e+00 1.106643320449422845e+03
4.992492492492492495e+00 1.107393929262265601e+03
5.000750750750750484e+00 1.108145742349171542e+03
5.009009009009008473e+00 1.108898752893805749e+03
5.017267267267267350e+00 1.109652954012690770e+03
5.025525525525525339e+00 1.110408338755189789e+03
5.033783783783783328e+00 1.111164900103489344e+03
5.042042042042042205e+00 1.111922630972588649e+03
5.050300300300300194e+00 1.112681524210287762e+03
5.058558558558558182e+00 1.113441572597182585e+03
5.066816816816816171e+00 1.114202768846661229e+03
5.075075075075075048e+00 1.114965105604903783e+03
5.083333333333333037e+00 1.115728575450883909e+03
5.091591591591591026e+00 1.116493170896376341e+03
5.099849849849849903e+00 1.117258884385964166e+03
5.108108108108107892e+00 1.118025708297051324e+03
5.116366366366365881e+00 1.118793634939877848e+03
5.124624624624624758e+00 1.119562656557538730e+03
5.132882882882882747e+00 1.120332765326003482e+03
5.141141141141140736e+00 1.121103953354142959e+03
5.149399399399398725e+00 1.121876212683754602e+03
5.157657657657657602e+00 1.122649535289595633e+03
5.165915915915915591e+00 1.123423913079414888e+03
5.174174174174173579e+00 1.124199337893992151e+03
5.182432432432432456e+00 1.124975801507177721e+03
5.190690690690690445e+00 1.125753295625935607e+03
5.198948948948948434e+00 1.126531811890390600e+03
5.207207207207207311e+00 1.127311341873879655e+03
5.215465465465465300e+00 1.128091877083003510e+03
5.223723723723723289e+00 1.128873408957685342e+03
5.231981981981981278e+00 1.129655928871228525e+03
5.240240240240240155e+00 1.130439428130381202e+03
5.248498498498498144e+00 1.131223897975403588e+03
5.256756756756756133e+00 1.132009329580135500e+03
5.265015015015015010e+00 1.132795714052071844e+03
5.273273273273272999e+00 1.133583042432437196e+03
5.281531531531530987e+00 1.134371305696267200e+03
5.289789789789789864e+00 1.135160494752490195e+03
5.298048048048047853e+00 1.135950600444014754e+03
5.306306306306305842e+00 1.136741613547819270e+03
5.314564564564563831e+00 1.137533524775044725e+03
5.322822822822822708e+00 1.138326324771092004e+03
5.331081081081080697e+00 1.139120004115721258e+03
5.339339339339338686e+00 1.139914553323153996e+03
5.347597597597597563e+00 1.140709962842183359e+03
5.355855855855855552e+00 1.141506223056280078e+03
5.364114114114113541e+00 1.142303324283708434e+03
5.372372372372372418e+00 1.143101256777642902e+03
5.380630630630630407e+00 1.143900010726288201e+03
5.388888888888888395e+00 1.144699576253002306e+03
5.397147147147147273e+00 1.145499943416424685e+03
5.405405405405405261e+00 1.146301102210606359e+03
5.413663663663663250e+00 1.147103042565144506e+03
5.421921921921921239e+00 1.147905754345320247e+03
5.430180180180180116e+00 1.148709227352237122e+03
5.438438438438438105e+00 1.149513451322968649e+03
5.446696696696696094e+00 1.150318415930704987e+03
5.454954954954954971e+00 1.151124110784903905e+03
5.463213213213212960e+00 1.151930525431445403e+03
5.471471471471470949e+00 1.152737649352791777e+03
5.479729729729729826e+00 1.153545471968147240e+03
5.487987987987987815e+00 1.154353982633623446e+03
5.496246246246245803e+00 1.155163170642410023e+03
5.504504504504503792e+00 1.155973025224944877e+03
5.512762762762762669e+00 1.156783535549091766e+03
5.521021021021020658e+00 1.157594690720316748e+03
5.529279279279278647e+00 1.158406479781873486e+03
5.537537537537537524e+00 1.159218891714989013e+03
5.545795795795795513e+00 1.160031915439051545e+03
5.554054054054053502e+00 1.160845539811807157e+03
5.562312312312312379e+00 1.161659753629552824e+03
5.570570570570570368e+00 1.162474545627339467e+03
5.578828828828828357e+00 1.163289904479174083e+03
5.587087087087086346e+00 1.164105818798227574e+03
5.595345345345345223e+00 1.164922277137046422e+03
5.603603603603603212e+00 1.165739267987764833e+03
5.611861861861861200e+00 1.166556779782324838e+03
5.620120120120120077e+00 1.167374800892696385e+03
5.628378378378378066e+00 1.168193319631101758e+03
5.636636636636636055e+00 1.169012324250245683e+03
5.644894894894894932e+00 1.169831802943545881e+03
5.653153153153152921e+00 1.170651743845367946e+03
5.661411411411410910e+00 1.171472135031266589e+03
5.669669669669669787e+00 1.172292964518224835e+03
5.677927927927927776e+00 1.173114220264902769e+03
5.686186186186185765e+00 1.173935890171885376e+03
5.694444444444443754e+00 1.174757962081936512e+03
5.702702702702702631e+00 1.175580423780254250e+03
5.710960960960960620e+00 1.176403262994731449e+03
5.719219219219218608e+00 1.177226467396219732e+03
5.727477477477477485e+00 1.178050024598795289e+03
5.735735735735735474e+00 1.178873922160030588e+03
5.743993993993993463e+00 1.179698147581266539e+03
5.752252252252252340e+00 1.180522688307893304e+03
5.760510510510510329e+00 1.181347531729626780e+03
5.768768768768768318e+00 1.182172665180796457e+03
5.777027027027026307e+00 1.182998075940631225e+03
5.785285285285285184e+00 1.183823751233553139e+03
5.793543543543543173e+00 1.184649678229469146e+03
5.801801801801801162e+00 1.185475844044072119e+03
5.810060060060060039e+00 1.186302235739140770e+03
5.818318318318318028e+00 1.187128840322846145e+03
5.826576576576576016e+00 1.187955644750058582e+03
5.834834834834834894e+00 1.188782635922662848e+03
5.843093093093092882e+00 1.189609800689870326e+03
5.851351351351350871e+00 1.190437125848539608e+03
5.859609609609608860e+00 1.191264598143500052e+03
5.867867867867867737e+00 1.192092204267873967e+03
5.876126126126125726e+00 1.192919930863409945e+03
5.884384384384383715e+00 1.193747764520813462e+03
5.892642642642642592e+00 1.194575691780083162e+03
5.900900900900900581e+00 1.195403699130849645e+03
5.909159159159158570e+00 1.196231773012719259e+03
5.917417417417417447e+00 1.197059899815620838e+03
5.925675675675675436e+00 1.197888065880152226e+03
5.933933933933933424e+00 1.198716257497937477e+03
5.942192192192192302e+00 1.199544460911979741e+03
5.950450450450450290e+00 1.200372662317022559e+03
5.958708708708708279e+00 1.201200847859911846e+03
5.966966966966966268e+00 1.202029003639961275e+03
5.975225225225225145e+00 1.202857115709326081e+03
5.983483483483483134e+00 1.203685170073369818e+03
5.991741741741741123e+00 1.204513152691044979e+03
6.000000000000000000e+00 1.205341049475270893e+03
6.008258258258257989e+00 1.206168846293315482e+03
6.016516516516515978e+00 1.206996528967183394e+03
6.024774774774774855e+00 1.207824083274002987e+03
6.033033033033032844e+00 1.208651494946420144e+03
6.041291291291290833e+00 1.209478749672993445e+03
6.049549549549548821e+00 1.210305833098592302e+03
6.057807807807807698e+00 1.211132730824800319e+03
6.066066066066065687e+00 1.211959428410319106e+03
6.074324324324323676e+00 1.212785911371378461e+03
6.082582582582582553e+00 1.213612165182146555e+03
6.090840840840840542e+00 1.214438175275144658e+03
6.099099099099098531e+00 1.215263927041664374e+03
6.107357357357357408e+00 1.216089405832191233e+03
6.115615615615615397e+00 1.216914596956825562e+03
6.123873873873873386e+00 1.217739485685711543e+03
6.132132132132131375e+00 1.218564057249467851e+03
6.140390390390390252e+00 1.219388296839618306e+03
6.148648648648648241e+00 1.220212189609030929e+03
6.156906906906906229e+00 1.221035720672355183e+03
6.165165165165165106e+00 1.221858875106467622e+03
6.173423423423423095e+00 1.222681637950912091e+03
6.181681681681681084e+00 1.223503994208353788e+03
6.189939939939939961e+00 1.224325928845026510e+03
6.198198198198197950e+00 1.225147426791187854e+03
6.206456456456455939e+00 1.225968472941577375e+03
6.214714714714713928e+00 1.226789052155876561e+03
6.222972972972972805e+00 1.227609149259170863e+03
6.231231231231230794e+00 1.228428749042416484e+03
6.239489489489488783e+00 1.229247836262909004e+03
6.247747747747747660e+00 1.230066395644754266e+03
6.256006006006005649e+00 1.230884411879344270e+03
6.264264264264263637e+00 1.231701869625832614e+03
6.272522522522522515e+00 1.232518753511617660e+03
6.280780780780780503e+00 1.233335048132820702e+03
6.289039039039038492e+00 1.234150738054775729e+03
6.297297297297297369e+00 1.234965807812515550e+03
6.305555555555555358e+00 1.235780241911263147e+03
6.313813813813813347e+00 1.236594024826927125e+03
6.322072072072071336e+00 1.237407141006596021e+03
6.330330330330330213e+00 1.238219574869037388e+03
6.338588588588588202e+00 1.239031310805201201e+03
6.346846846846846191e+00 1.239842333178722356e+03
6.355105105105105068e+00 1.240652626326429754e+03
6.363363363363363057e+00 1.241462174558853121e+03
6.371621621621621046e+00 1.242270962160738009e+03
6.379879879879879923e+00 1.243078973391557383e+03
6.388138138138137911e+00 1.243886192486030950e+03
6.396396396396395900e+00 1.244692603654644245e+03
6.404654654654653889e+00 1.245498191084170003e+03
6.412912912912912766e+00 1.246302938938193392e+03
6.421171171171170755e+00 1.247106831357639066e+03
6.429429429429428744e+00 1.247909852461298897e+03
6.437687687687687621e+00 1.248711986346366075e+03
6.445945945945945610e+00 1.249513217088967622e+03
6.454204204204203599e+00 1.250313528744700989e+03
6.462462462462462476e+00 1.251112905349173616e+03
6.470720720720720465e+00 1.251911330918542490e+03
6.478978978978978454e+00 1.252708789450058021e+03
6.487237237237236442e+00 1.253505264922609740e+03
6.495495495495495319e+00 1.254300741297274499e+03
6.503753753753753308e+00 1.255095202517864891e+03
6.512012012012011297e+00 1.255888632511482683e+03
6.520270270270270174e+00 1.256681015189071559e+03
6.528528528528528163e+00 1.257472334445975093e+03
6.536786786786786152e+00 1.258262574162493138e+03
6.545045045045045029e+00 1.259051718204445251e+03
6.553303303303303018e+00 1.259839750423728447e+03
6.561561561561561007e+00 1.260626654658887674e+03
6.569819819819819884e+00 1.261412414735675839e+03
6.578078078078077873e+00 1.262197014467627696e+03
6.586336336336335862e+00 1.262980437656626464e+03
6.594594594594593850e+00 1.263762668093477942e+03
6.602852852852852727e+00 1.264543689558484857e+03
6.611111111111110716e+00 1.265323485822021439e+03
6.619369369369368705e+00 1.266102040645110719e+03
6.627627627627627582e+00 1.266879337780007290e+03
6.635885885885885571e+00 1.267655360970774382e+03
6.644144144144143560e+00 1.268430093953871165e+03
6.652402402402402437e+00 1.269203520458734374e+03
6.660660660660660426e+00 1.269975624208365616e+03
6.668918918918918415e+00 1.270746388919920037e+03
6.677177177177176404e+00 1.271515798305295675e+03
6.685435435435435281e+00 1.272283836071724863e+03
6.693693693693693270e+00 1.273050485922366988e+03
6.701951951951951258e+00 1.273815731556903302e+03
6.710210210210210136e+00 1.274579556672131957e+03
6.718468468468468124e+00 1.275341944962567140e+03
6.726726726726726113e+00 1.276102880121034559e+03
6.734984984984984990e+00 1.276862345839276941e+03
6.743243243243242979e+00 1.277620325808550433e+03
6.751501501501500968e+00 1.278376803720231919e+03
6.759759759759758957e+00 1.279131763266419284e+03
6.768018018018017834e+00 1.279885188140540777e+03
6.776276276276275823e+00 1.280637062037959595e+03
6.784534534534533812e+00 1.281387368656583703e+03
6.792792792792792689e+00 1.282136091697473603e+03
6.801051051051050678e+00 1.282883214865453510e+03
6.809309309309308667e+00 1.283628721869723904e+03
6.817567567567567544e+00 1.284372596424472476e+03
6.825825825825825532e+00 1.285114822249490089e+03
6.834084084084083521e+00 1.285855383070784001e+03
6.842342342342341510e+00 1.286594262621195867e+03
6.850600600600600387e+00 1.287331444641016333e+03
6.858858858858858376e+00 1.288066912878603944e+03
6.867117117117116365e+00 1.288800651091003829e+03
6.875375375375375242e+00 1.289532643044568886e+03
6.883633633633633231e+00 1.290262872515577556e+03
6.891891891891891220e+00 1.290991323290857963e+03
6.900150150150150097e+00 1.291717979168408419e+03
6.908408408408408086e+00 1.292442823958020426e+03
6.916666666666666075e+00 1.293165841481903044e+03
6.924924924924924952e+00 1.293887015575307714e+03
6.933183183183182940e+00 1.294606330087151719e+03
6.941441441441440929e+00 1.295323768880645048e+03
6.949699699699698918e+00 1.296039315833916135e+03
6.957957957957957795e+00 1.296752954840638949e+03
6.966216216216215784e+00 1.297464669810661007e+03
6.974474474474473773e+00 1.298174444670629327e+03
6.982732732732732650e+00 1.298882263364621167e+03
6.990990990990990639e+00 1.299588109854770209e+03
6.999249249249248628e+00 1.300291968121898663e+03
7.007507507507507505e+00 1.300993822166143218e+03
7.015765765765765494e+00 1.301693656007588288e+03
7.024024024024023483e+00 1.302391453686894010e+03
7.032282282282281471e+00 1.303087199265927438e+03
7.040540540540540349e+00 1.303780876828392820e+03
7.048798798798798337e+00 1.304472470480462562e+03
7.057057057057056326e+00 1.305161964351408187e+03
7.065315315315315203e+00 1.305849342594230620e+03
7.073573573573573192e+00 1.306534589386293419e+03
7.081831831831831181e+00 1.307217688929951919e+03
7.090090090090090058e+00 1.307898625453184650e+03
7.098348348348348047e+00 1.308577383210225889e+03
7.106606606606606036e+00 1.309253946482195033e+03
7.114864864864864025e+00 1.309928299577729604e+03
7.123123123123122902e+00 1.310600426833615074e+03
7.131381381381380891e+00 1.311270312615415151e+03
7.139639639639638879e+00 1.311937941318102958e+03
7.147897897897897757e+00 1.312603297366692232e+03
7.156156156156155745e+00 1.313266365216865552e+03
7.164414414414413734e+00 1.313927129355605757e+03
7.172672672672672611e+00 1.314585574301825318e+03
7.180930930930930600e+00 1.315241684606994568e+03
7.189189189189188589e+00 1.315895444855770393e+03
7.197447447447447466e+00 1.316546839666625146e+03
7.205705705705705455e+00 1.317195853692473747e+03
7.213963963963963444e+00 1.317842471621303275e+03
7.222222222222221433e+00 1.318486678176795749e+03
7.230480480480480310e+00 1.319128458118956360e+03
7.238738738738738299e+00 1.319767796244741248e+03
7.246996996996996288e+00 1.320404677388675964e+03
7.255255255255255165e+00 1.321039086423489152e+03
7.263513513513513153e+00 1.321671008260725330e+03
7.271771771771771142e+00 1.322300427851376980e+03
7.280030030030030019e+00 1.322927330186500285e+03
7.288288288288288008e+00 1.323551700297838124e+03
7.296546546546545997e+00 1.324173523258441719e+03
7.304804804804803986e+00 1.324792784183288177e+03
7.313063063063062863e+00 1.325409468229899176e+03
7.321321321321320852e+00 1.326023560598959193e+03
7.329579579579578841e+00 1.326635046534929870e+03
7.337837837837837718e+00 1.327243911326668467e+03
7.346096096096095707e+00 1.327850140308038817e+03
7.354354354354353696e+00 1.328453718858527509e+03
7.362612612612612573e+00 1.329054632403854384e+03
7.370870870870870561e+00 1.329652866416582583e+03
7.379129129129128550e+00 1.330248406416729040e+03
7.387387387387386539e+00 1.330841237972373165e+03
7.395645645645645416e+00 1.331431346700264157e+03
7.403903903903903405e+00 1.332018718266424685e+03
7.412162162162161394e+00 1.332603338386757741e+03
7.420420420420420271e+00 1.333185192827648734e+03
7.428678678678678260e+00 1.333764267406565068e+03
7.436936936936936249e+00 1.334340547992659140e+03
7.445195195195195126e+00 1.334914020507365649e+03
7.453453453453453115e+00 1.335484670924998454e+03
7.461711711711711104e+00 1.336052485273345837e+03
7.469969969969969981e+00 1.336617449634265313e+03
7.478228228228227970e+00 1.337179550144274117e+03
7.486486486486485958e+00 1.337738772995141062e+03
7.494744744744743947e+00 1.338295104434474752e+03
7.503003003003002824e+00 1.338848530766312479e+03
7.511261261261260813e+00 1.339399038351701392e+03
7.519519519519518802e+00 1.339946613609285805e+03
7.527777777777777679e+00 1.340491243015885857e+03
7.536036036036035668e+00 1.341032913107079821e+03
7.544294294294293657e+00 1.341571610477780951e+03
7.552552552552552534e+00 1.342107321782812051e+03
7.560810810810810523e+00 1.342640033737479826e+03
7.569069069069068512e+00 1.343169733118148770e+03
7.577327327327326500e+00 1.343696406762806646e+03
7.585585585585585378e+00 1.344220041571637012e+03
7.593843843843843366e+00 1.344740624507580605e+03
7.602102102102101355e+00 1.345258142596901507e+03
7.610360360360360232e+00 1.345772582929746022e+03
7.618618618618618221e+00 1.346283932660703385e+03
7.626876876876876210e+00 1.346792179009361234e+03
7.635135135135135087e+00 1.347297309260860629e+03
7.643393393393393076e+00 1.347799310766448116e+03
7.651651651651651065e+00 1.348298170944024378e+03
7.659909909909909054e+00 1.348793877278692435e+03
7.668168168168167931e+00 1.349286417323302430e+03
7.676426426426425920e+00 1.349775778698992781e+03
7.684684684684683909e+00 1.350261949095731779e+03
7.692942942942942786e+00 1.350744916272854425e+03
7.701201201201200774e+00 1.351224668059596070e+03
7.709459459459458763e+00 1.351701192355625381e+03
7.717717717717717640e+00 1.352174477131573212e+03
7.725975975975975629e+00 1.352644510429561478e+03
7.734234234234233618e+00 1.353111280363724973e+03
7.742492492492491607e+00 1.353574775120734330e+03
7.750750750750750484e+00 1.354034982960313528e+03
7.759009009009008473e+00 1.354491892215756479e+03
7.767267267267266462e+00 1.354945491294439989e+03
7.775525525525525339e+00 1.355395768678335344e+03
7.783783783783783328e+00 1.355842712924511943e+03
7.792042042042041317e+00 1.356286312665646392e+03
7.800300300300300194e+00 1.356726556610521129e+03
7.808558558558558182e+00 1.357163433544523059e+03
7.816816816816816171e+00 1.357596932330139225e+03
7.825075075075075048e+00 1.358027041907451348e+03
7.833333333333333037e+00 1.358453751294621952e+03
7.841591591591591026e+00 1.358877049588383898e+03
7.849849849849849015e+00 1.359296925964519460e+03
7.858108108108107892e+00 1.359713369678345316e+03
7.866366366366365881e+00 1.360126370065185483e+03
7.874624624624623870e+00 1.360535916540846756e+03
7.882882882882882747e+00 1.360941998602089598e+03
7.891141141141140736e+00 1.361344605827093346e+03
7.899399399399398725e+00 1.361743727875920740e+03
7.907657657657657602e+00 1.362139354490979485e+03
7.915915915915915591e+00 1.362531475497478368e+03
7.924174174174173579e+00 1.362920080803881319e+03
7.932432432432431568e+00 1.363305160402357615e+03
7.940690690690690445e+00 1.363686704369228437e+03
7.948948948948948434e+00 1.364064702865410482e+03
7.957207207207206423e+00 1.364439146136856607e+03
7.965465465465465300e+00 1.364810024514990573e+03
7.973723723723723289e+00 1.365177328417141325e+03
7.981981981981981278e+00 1.365541048346972275e+03
7.990240240240240155e+00 1.365901174894905125e+03
7.998498498498498144e+00 1.366257698738543695e+03
8.006756756756756133e+00 1.366610610643091150e+03
8.015015015015013233e+00 1.366959901461765639e+03
8.023273273273272110e+00 1.367305562136210710e+03
8.031531531531530987e+00 1.367647583696901393e+03
8.039789789789789864e+00 1.367985957263549608e+03
8.048048048048048742e+00 1.368320674045502528e+03
8.056306306306305842e+00 1.368651725342138661e+03
8.064564564564562943e+00 1.368979102543259387e+03
8.072822822822821820e+00 1.369302797129478222e+03
8.081081081081080697e+00 1.369622800672603717e+03
8.089339339339339574e+00 1.369939104836020988e+03
8.097597597597598451e+00 1.370251701375065750e+03
8.105855855855855552e+00 1.370560582137400388e+03
8.114114114114112652e+00 1.370865739063379351e+03
8.122372372372371530e+00 1.371167164186414766e+03
8.130630630630630407e+00 1.371464849633335689e+03
8.138888888888889284e+00 1.371758787624746901e+03
8.147147147147146384e+00 1.372048970475378383e+03
8.155405405405405261e+00 1.372335390594434784e+03
8.163663663663662362e+00 1.372618040485940128e+03
8.171921921921921239e+00 1.372896912749075454e+03
8.180180180180180116e+00 1.373172000078517385e+03
8.188438438438438993e+00 1.373443295264766903e+03
8.196696696696696094e+00 1.373710791194479270e+03
8.204954954954953195e+00 1.373974480850784630e+03
8.213213213213212072e+00 1.374234357313608825e+03
8.221471471471470949e+00 1.374490413759987177e+03
8.229729729729729826e+00 1.374742643464374396e+03
8.237987987987988703e+00 1.374991039798951306e+03
8.246246246246245803e+00 1.375235596233926117e+03
8.254504504504502904e+00 1.375476306337831829e+03
8.262762762762761781e+00 1.375713163777819545e+03
8.271021021021020658e+00 1.375946162319946325e+03
8.279279279279279535e+00 1.376175295829459174e+03
8.287537537537536636e+00 1.376400558271076306e+03
8.295795795795795513e+00 1.376621943709261132e+03
8.304054054054052614e+00 1.376839446308493052e+03
8.312312312312311491e+00 1.377053060333534859e+03
8.320570570570570368e+00 1.377262780149693754e+03
8.328828828828829245e+00 1.377468600223078738e+03
8.337087087087086346e+00 1.377670515120854134e+03
8.345345345345345223e+00 1.377868519511487193e+03
8.353603603603602323e+00 1.378062608164993208e+03
8.361861861861861200e+00 1.378252775953171522e+03
8.370120120120120077e+00 1.378439017849844959e+03
8.378378378378378954e+00 1.378621328931085600e+03
8.386636636636636055e+00 1.378799704375441934e+03
8.394894894894893156e+00 1.378974139464160316e+03
8.403153153153152033e+00 1.379144629581399386e+03
8.411411411411410910e+00 1.379311170214443109e+03
8.419669669669669787e+00 1.379473756953906786e+03
8.427927927927928664e+00 1.379632385493939182e+03
8.436186186186185765e+00 1.379787051632420798e+03
8.444444444444442865e+00 1.379937751271154411e+03
8.452702702702701743e+00 1.380084480416055840e+03
8.460960960960960620e+00 1.380227235177336524e+03
8.469219219219219497e+00 1.380366011769679744e+03
8.477477477477476597e+00 1.380500806512416602e+03
8.485735735735735474e+00 1.380631615829695420e+03
8.493993993993992575e+00 1.380758436250644763e+03
8.502252252252251452e+00 1.380881264409531468e+03
8.510510510510510329e+00 1.381000097045919802e+03
8.518768768768767430e+00 1.381114931004816526e+03
8.527027027027026307e+00 1.381225763236818011e+03
8.535285285285285184e+00 1.381332590798250749e+03
8.543543543543542285e+00 1.381435410851305733e+03
8.551801801801801162e+00 1.381534220664169879e+03
8.560060060060060039e+00 1.381629017611150402e+03
8.568318318318317139e+00 1.381719799172796911e+03
8.576576576576576016e+00 1.381806562936016689e+03
8.584834834834834894e+00 1.381889306594185200e+03
8.593093093093091994e+00 1.381968027947253859e+03
8.601351351351350871e+00 1.382042724901849169e+03
8.609609609609609748e+00 1.382113395471370495e+03
8.617867867867866849e+00 1.382180037776081690e+03
8.626126126126125726e+00 1.382242650043196818e+03
8.634384384384384603e+00 1.382301230606961099e+03
8.642642642642641704e+00 1.382355777908729806e+03
8.650900900900900581e+00 1.382406290497038526e+03
8.659159159159159458e+00 1.382452767027669779e+03
8.667417417417416559e+00 1.382495206263715772e+03
8.675675675675675436e+00 1.382533607075635246e+03
8.683933933933934313e+00 1.382567968441305084e+03
8.692192192192191413e+00 1.382598289446068293e+03
8.700450450450450290e+00 1.382624569282773791e+03
8.708708708708707391e+00 1.382646807251816426e+03
8.716966966966966268e+00 1.382665002761168807e+03
8.725225225225225145e+00 1.382679155326406317e+03
8.733483483483482246e+00 1.382689264570731893e+03
8.741741741741741123e+00 1.382695330224992404e+03
8.750000000000000000e+00 1.382697352127689783e+03
