1.500000000000000000e+01 -4.498042942246716080e-02 1.146622571141816260e-01 8.417847421373283456e-01 8.232174347268281234e-02 7.968043127148611848e-01 7.981581145447623482e-02
4.500000000000000000e+01 1.611090804786774466e-01 9.137574414324521610e-02 5.844179463209110414e-01 4.859303126635979020e-02 7.455270267995884881e-01 7.738374461137424720e-02
7.500000000000000000e+01 2.356672215695774231e-01 6.926513221329277936e-02 3.766431319648569920e-01 3.204141701019701943e-02 6.123103535344344150e-01 6.140851843599214044e-02
1.050000000000000000e+02 2.047040186284042607e-01 6.069266371971059060e-02 2.850526545191624517e-01 2.714223693828006836e-02 4.897566731475667123e-01 5.428534243587433694e-02
1.350000000000000000e+02 1.193853531223135755e-01 5.063904230330312783e-02 2.608577219795321644e-01 2.513795108625134847e-02 3.802430751018457400e-01 4.395902661093576552e-02
1.650000000000000000e+02 5.919127264189871784e-02 3.883548407588233164e-02 2.410047450219279797e-01 2.307004117968265364e-02 3.001960176638266975e-01 3.124048692603648841e-02
1.950000000000000000e+02 2.728624961592338027e-02 3.579257258881692744e-02 2.282556309711588349e-01 2.245580461326357122e-02 2.555418805870822152e-01 2.787194093881263310e-02
2.250000000000000000e+02 1.396501999126212312e-02 3.325977371055247739e-02 2.131752222948111730e-01 2.173333488756933052e-02 2.271402422860732961e-01 2.517686839028872650e-02
2.550000000000000000e+02 1.186149885175452612e-02 3.243719941994137324e-02 1.972518357841563652e-01 2.061377506288631159e-02 2.091133346359108913e-01 2.504484345859984279e-02
2.850000000000000000e+02 1.151377845836393243e-02 3.024342593351370123e-02 1.805304233208172293e-01 1.995410765516006379e-02 1.920442017791811617e-01 2.272660115112270021e-02
3.150000000000000000e+02 1.241624368929433730e-02 2.716673079886312500e-02 1.640556359462024549e-01 1.773134532379474701e-02 1.764718796354967922e-01 2.058228984603609202e-02
3.450000000000000000e+02 1.078087449295173084e-02 2.644810089157842783e-02 1.516444935066312560e-01 1.774110333221463540e-02 1.624253679995829869e-01 1.961518017574129594e-02
3.750000000000000000e+02 1.500942872958682672e-02 2.770968427167476433e-02 1.329241674940705720e-01 1.803469882785554285e-02 1.479335962236573987e-01 2.103749606356340382e-02
4.050000000000000000e+02 1.610248014313360454e-02 2.366940082083961866e-02 1.194042713819837426e-01 1.527499584625687662e-02 1.355067515251173471e-01 1.808079193825310252e-02
4.350000000000000000e+02 1.625903864642906649e-02 2.213240118518597713e-02 1.063396645252270012e-01 1.466942807572380915e-02 1.225987031716560677e-01 1.657259974033005109e-02
4.650000000000000000e+02 1.216918395768783190e-02 2.191842367897232913e-02 9.614726504569683085e-02 1.425366174687063732e-02 1.083164490033846628e-01 1.665083851872726367e-02
4.950000000000000000e+02 1.417735855337692863e-02 2.054843700948495722e-02 8.568571343593166245e-02 1.430087178564803940e-02 9.986307198930859108e-02 1.475545084716922348e-02
5.250000000000000000e+02 1.481983519038722330e-02 1.912545764273831939e-02 7.561520692043434411e-02 1.293204304618051324e-02 9.043504211082156741e-02 1.409061363801846108e-02
5.550000000000000000e+02 9.495268527005523707e-03 1.888589786358736700e-02 6.787520421364631740e-02 1.262135080606251875e-02 7.737047274065184110e-02 1.404915093321154433e-02
5.850000000000000000e+02 1.226337218630949716e-02 1.825976895304633890e-02 6.037342705433165063e-02 1.247452725731113335e-02 7.263679924064114779e-02 1.333436657382856480e-02
6.150000000000000000e+02 1.005151068373141138e-02 1.828343693620535990e-02 5.501934316025839516e-02 1.269224581272377153e-02 6.507085384398980654e-02 1.316020373814913089e-02
6.450000000000000000e+02 1.035583653970645335e-02 1.740742770690291777e-02 4.841932754323219346e-02 1.191083664818383230e-02 5.877516408293864680e-02 1.269450706846596451e-02
6.750000000000000000e+02 7.236081931305669845e-03 1.734645106535830095e-02 4.530442019841492141e-02 1.228599968441740353e-02 5.254050212972059125e-02 1.224555332834599206e-02
7.050000000000000000e+02 6.572269067982486335e-03 1.694133541661641332e-02 4.181971665231012242e-02 1.176804918692233616e-02 4.839198572029260875e-02 1.218695466605493674e-02
7.350000000000000000e+02 3.322432467154648461e-03 1.619216066261557757e-02 3.947493156689827615e-02 1.133999461906904510e-02 4.279736403405292461e-02 1.155813951133314969e-02
7.650000000000000000e+02 2.041573737223460749e-03 1.632971501879046036e-02 3.782561534555332200e-02 1.155709917008133913e-02 3.986718908277678275e-02 1.153659617772139455e-02
7.950000000000000000e+02 2.516190691216425857e-03 1.569612275274125113e-02 3.469076839426776804e-02 1.097845541664946648e-02 3.720695908548419389e-02 1.121792254090575938e-02
8.250000000000000000e+02 -4.951654836868671361e-04 1.536828675564903823e-02 3.426518573130570705e-02 1.091879136056499860e-02 3.377002024761883991e-02 1.081500037116544903e-02
8.550000000000000000e+02 4.059614282534498853e-04 1.425292632282618155e-02 2.961731938414967347e-02 9.931887967641146384e-03 3.002328081240312335e-02 1.022269583633086953e-02
8.850000000000000000e+02 -5.306941862614628080e-04 1.440418215255010598e-02 2.898240723126246920e-02 1.028405986658850226e-02 2.845171304500100640e-02 1.008556275793605350e-02
9.150000000000000000e+02 -1.198524824819087453e-03 1.453539000533635508e-02 2.847825309157886800e-02 1.035459511526712340e-02 2.727972826675978055e-02 1.020097655159143274e-02
9.450000000000000000e+02 -2.259547099819760735e-03 1.385536552673372231e-02 2.819314825085500811e-02 1.012342575937144953e-02 2.593360115103524738e-02 9.459778262406355609e-03
9.750000000000000000e+02 -1.286826143631639163e-03 1.356367742459035214e-02 2.676657821528241610e-02 9.763900796703924023e-03 2.547975207165077693e-02 9.414859877367610236e-03
1.005000000000000000e+03 -1.783394340014760049e-03 1.310486518000434850e-02 2.608630444817006816e-02 9.334534541221441162e-03 2.430291010815530811e-02 9.198040893844417962e-03
1.035000000000000000e+03 -2.821489042805987862e-03 1.293019488621947530e-02 2.660456767233121758e-02 9.693268051028500545e-03 2.378307862952522972e-02 8.557481772491624950e-03
1.065000000000000000e+03 -7.561148308198352430e-04 1.306446269522863919e-02 2.480666725472044712e-02 9.456081801602614009e-03 2.405055242390061188e-02 9.014582767739203958e-03
1.095000000000000000e+03 -1.569142262652332975e-03 1.263243145968309319e-02 2.449086264899235157e-02 9.256046527828057716e-03 2.292172038634001860e-02 8.596739338741945027e-03
