1.000000000000000021e-02 9.004351218663416261e-42
4.002002002002001679e-02 4.976256921766999577e-22
7.004004004004003858e-02 6.906868254604639947e-16
1.000600600600600465e-01 1.608009127914375232e-12
1.300800800800800683e-01 2.575065724702191780e-10
1.601001001001000901e-01 9.815483464580848280e-09
1.901201201201201119e-01 1.553176224217132134e-07
2.201401401401401337e-01 1.368051193953099218e-06
2.501601601601601277e-01 7.965627825094066447e-06
2.801801801801801495e-01 3.417635003931253736e-05
3.102002002002001713e-01 1.161724891397875915e-04
3.402202202202201931e-01 3.290825784134189047e-04
3.702402402402402148e-01 8.057045589538251425e-04
4.002602602602602366e-01 1.751792382242825996e-03
4.302802802802802584e-01 3.452807363480774570e-03
4.603003003003002802e-01 6.268822513801595303e-03
4.903203203203203020e-01 1.061700074305103707e-02
5.203403403403402683e-01 1.694373029427226687e-02
5.503603603603602901e-01 2.569036570577725234e-02
5.803803803803803119e-01 3.725729758461220759e-02
6.104004004004003336e-01 5.197083950898531007e-02
6.404204204204203554e-01 7.005647143830104340e-02
6.704404404404403772e-01 9.162067412060904970e-02
7.004604604604603990e-01 1.166422425575008026e-01
7.304804804804804208e-01 1.449727989803794304e-01
7.605005005005004426e-01 1.763453553558113895e-01
7.905205205205204644e-01 2.103892351925540360e-01
8.205405405405404862e-01 2.466494283691999800e-01
8.505605605605605080e-01 2.846084619092683066e-01
8.805805805805805297e-01 3.237090531697934259e-01
9.106006006006005515e-01 3.633761011351134274e-01
9.406206206206205733e-01 4.030369082114909074e-01
9.706406406406405951e-01 4.421388647277985640e-01
1.000660660660660506e+00 4.801641409196498733e-01
1.030680680680680528e+00 5.166411985334471435e-01
1.060700700700700549e+00 5.511531482232420176e-01
1.090720720720720571e+00 5.833431387196179596e-01
1.120740740740740593e+00 6.129170731918052173e-01
1.150760760760760615e+00 6.396440139363149813e-01
1.180780780780780637e+00 6.633546663831468848e-01
1.210800800800800658e+00 6.839383354531981540e-01
1.240820820820820680e+00 7.013387290343007230e-01
1.270840840840840702e+00 7.155489513458427320e-01
1.300860860860860724e+00 7.266059887063590628e-01
1.330880880880880746e+00 7.345849460495399441e-01
1.360900900900900767e+00 7.395932477400191107e-01
1.390920920920920789e+00 7.417649731781008615e-01
1.420940940940940811e+00 7.412554579269878818e-01
1.450960960960960833e+00 7.382362555912154178e-01
1.480980980980980855e+00 7.328905248770214431e-01
1.511001001001000876e+00 7.254088802680513925e-01
1.541021021021020898e+00 7.159857233913057284e-01
1.571041041041040920e+00 7.048160550976566574e-01
1.601061061061060942e+00 6.920927551069713246e-01
1.631081081081080963e+00 6.780043062891129013e-01
1.661101101101100985e+00 6.627329337769191087e-01
1.691121121121121007e+00 6.464531246588249846e-01
1.721141141141141029e+00 6.293304915325745874e-01
1.751161161161161051e+00 6.115209423155468782e-01
1.781181181181181072e+00 5.931701190471769802e-01
1.811201201201201094e+00 5.744130696791440727e-01
1.841221221221221116e+00 5.553741187710526939e-01
1.871241241241241138e+00 5.361669053791111583e-01
1.901261261261261160e+00 5.168945590687946678e-01
1.931281281281281181e+00 4.976499877611056388e-01
1.961301301301301203e+00 4.785162539281770377e-01
1.991321321321321225e+00 4.595670184060918206e-01
2.021341341341341025e+00 4.408670337315099275e-01
2.051361361361360824e+00 4.224726713925881505e-01
2.081381381381381068e+00 4.044324696870549851e-01
2.111401401401400868e+00 3.867876909860531454e-01
2.141421421421421112e+00 3.695728791054707085e-01
2.171441441441440912e+00 3.528164091878102648e-01
2.201461461461461155e+00 3.365410240031199707e-01
2.231481481481480955e+00 3.207643518967128182e-01
2.261501501501501199e+00 3.054994027562505376e-01
2.291521521521520999e+00 2.907550393547459477e-01
2.321541541541541243e+00 2.765364222632532010e-01
2.351561561561561042e+00 2.628454272318491713e-01
2.381581581581581286e+00 2.496810345239925677e-01
2.411601601601601086e+00 2.370396901710589699e-01
2.441621621621621330e+00 2.249156395035082634e-01
2.471641641641641129e+00 2.133012336246811746e-01
2.501661661661661373e+00 2.021872097335080665e-01
2.531681681681681173e+00 1.915629463834244983e-01
2.561701701701701417e+00 1.814166948954130110e-01
2.591721721721721217e+00 1.717357882313561845e-01
2.621741741741741460e+00 1.625068286868181777e-01
2.651761761761761260e+00 1.537158557862226549e-01
2.681781781781781504e+00 1.453484957635529096e-01
2.711801801801801304e+00 1.373900939928922316e-01
2.741821821821821548e+00 1.298258316993691763e-01
2.771841841841841347e+00 1.226408282358462803e-01
2.801861861861861591e+00 1.158202301569016685e-01
2.831881881881881391e+00 1.093492882617804335e-01
2.861901901901901635e+00 1.032134237140776706e-01
2.891921921921921435e+00 9.739828427966189250e-02
2.921941941941941678e+00 9.188979165713456743e-02
2.951961961961961478e+00 8.667418080807776093e-02
2.981981981981981722e+00 8.173803212833759269e-02
3.012002002002001522e+00 7.706829723734524851e-02
3.042022022022021766e+00 7.265231910048018660e-02
3.072042042042041565e+00 6.847784714016244556e-02
3.102062062062061809e+00 6.453304793494785141e-02
3.132082082082081609e+00 6.080651205260853565e-02
3.162102102102101853e+00 5.728725751307209291e-02
3.192122122122121652e+00 5.396473033022532867e-02
3.222142142142141896e+00 5.082880253792265712e-02
3.252162162162161696e+00 4.786976806503241005e-02
3.282182182182181940e+00 4.507833678690080503e-02
3.312202202202201740e+00 4.244562704611629794e-02
3.342222222222221983e+00 3.996315690376434776e-02
3.372242242242241783e+00 3.762283435335717768e-02
3.402262262262262027e+00 3.541694670313096788e-02
3.432282282282281827e+00 3.333814930829018253e-02
3.462302302302302071e+00 3.137945381287959856e-02
3.492322322322321870e+00 2.953421604113349794e-02
3.522342342342342114e+00 2.779612366023401573e-02
3.552362362362361914e+00 2.615918372027076916e-02
3.582382382382382158e+00 2.461771016268089404e-02
3.612402402402401957e+00 2.316631137544477095e-02
3.642422422422422201e+00 2.179987786167845651e-02
3.672442442442442001e+00 2.051357007789323533e-02
3.702462462462462245e+00 1.930280648896587695e-02
3.732482482482482045e+00 1.816325187868170904e-02
3.762502502502502288e+00 1.709080594747812779e-02
3.792522522522522088e+00 1.608159222263954094e-02
3.822542542542542332e+00 1.513194730059240836e-02
3.852562562562562132e+00 1.423841043604682534e-02
3.882582582582581932e+00 1.339771348845589238e-02
3.912602602602602175e+00 1.260677123255518790e-02
3.942622622622621975e+00 1.186267203653850258e-02
3.972642642642642219e+00 1.116266890867435684e-02
4.002662662662662463e+00 1.050417091081714063e-02
4.032682682682682263e+00 9.884734935274782155e-03
4.062702702702702062e+00 9.302057839821574123e-03
4.092722722722721862e+00 8.753968934251833006e-03
4.122742742742742550e+00 8.238422810727270493e-03
4.152762762762762350e+00 7.753492509244814569e-03
4.182782782782782149e+00 7.297363008819729088e-03
4.212802802802801949e+00 6.868325034413278428e-03
4.242822822822822637e+00 6.464769169215698295e-03
4.272842842842842437e+00 6.085180261603888655e-03
4.302862862862862237e+00 5.728132115911252313e-03
4.332882882882882036e+00 5.392282456060246837e-03
4.362902902902902724e+00 5.076368151101596018e-03
4.392922922922922524e+00 4.779200691766377629e-03
4.422942942942942324e+00 4.499661907257257454e-03
4.452962962962962123e+00 4.236699911673918670e-03
4.482982982982982811e+00 3.989325269675833910e-03
4.513003003003002611e+00 3.756607371227051184e-03
4.543023023023022411e+00 3.537671005534470496e-03
4.573043043043042211e+00 3.331693124579415081e-03
4.603063063063062899e+00 3.137899786945088938e-03
4.633083083083082698e+00 2.955563272957686428e-03
4.663103103103102498e+00 2.783999362480603368e-03
4.693123123123122298e+00 2.622564767028479332e-03
4.723143143143142986e+00 2.470654708195566939e-03
4.753163163163162785e+00 2.327700634721166072e-03
4.783183183183182585e+00 2.193168070839541378e-03
4.813203203203202385e+00 2.066554588883105434e-03
4.843223223223223073e+00 1.947387899422527635e-03
4.873243243243242873e+00 1.835224052536388534e-03
4.903263263263262672e+00 1.729645744103674001e-03
4.933283283283282472e+00 1.630260721305262827e-03
4.963303303303303160e+00 1.536700281804111081e-03
4.993323323323322960e+00 1.448617861348411133e-03
5.023343343343342760e+00 1.365687704806617126e-03
5.053363363363362559e+00 1.287603615898558294e-03
5.083383383383383247e+00 1.214077781131714037e-03
5.113403403403403047e+00 1.144839663687209066e-03
5.143423423423422847e+00 1.079634963225428344e-03
5.173443443443442646e+00 1.018224637796818263e-03
5.203463463463463334e+00 9.603839842495979313e-04
5.233483483483483134e+00 9.059017737227558669e-04
5.263503503503502934e+00 8.545794390001945455e-04
5.293523523523522734e+00 8.062303106805460791e-04
5.323543543543543421e+00 7.606788992869625886e-04
5.353563563563563221e+00 7.177602206027886532e-04
5.383583583583583021e+00 6.773191616722754049e-04
5.413603603603602821e+00 6.392098850511997122e-04
5.443623623623623509e+00 6.032952690301522170e-04
5.473643643643643308e+00 5.694463816841580572e-04
5.503663663663663108e+00 5.375419867261404605e-04
5.533683683683682908e+00 5.074680792590359263e-04
5.563703703703703596e+00 4.791174496322504728e-04
5.593723723723723396e+00 4.523892737130816408e-04
5.623743743743743195e+00 4.271887279827837587e-04
5.653763763763762995e+00 4.034266279606446071e-04
5.683783783783783683e+00 3.810190885477695048e-04
5.713803803803803483e+00 3.598872049657387499e-04
5.743823823823823282e+00 3.399567530439855491e-04
5.773843843843843082e+00 3.211579076839774340e-04
5.803863863863862882e+00 3.034249783982635035e-04
5.833883883883883570e+00 2.866961608883725242e-04
5.863903903903903370e+00 2.709133036877314966e-04
5.893923923923923169e+00 2.560216889542374038e-04
5.923943943943942969e+00 2.419698265522925661e-04
5.953963963963963657e+00 2.287092606159437920e-04
5.983983983983983457e+00 2.161943878336255499e-04
6.014004004004003257e+00 2.043822867409434850e-04
6.044024024024023056e+00 1.932325573511847858e-04
6.074044044044043744e+00 1.827071704938731944e-04
6.104064064064063544e+00 1.727703262699548884e-04
6.134084084084083344e+00 1.633883210681410288e-04
6.164104104104103143e+00 1.545294226207377599e-04
6.194124124124123831e+00 1.461637526090789699e-04
6.224144144144143631e+00 1.382631763585243155e-04
6.254164164164163431e+00 1.308011991910546792e-04
6.284184184184183231e+00 1.237528690298694454e-04
6.314204204204203918e+00 1.170946848751519391e-04
6.344224224224223718e+00 1.108045107934513913e-04
6.374244244244243518e+00 1.048614950849717552e-04
6.404264264264263318e+00 9.924599431360584608e-05
6.434284284284284006e+00 9.393950190382123456e-05
6.464304304304303805e+00 8.892458102661027902e-05
6.494324324324323605e+00 8.418480151371648718e-05
6.524344344344343405e+00 7.970468055532038524e-05
6.554364364364364093e+00 7.546962695133750362e-05
6.584384384384383893e+00 7.146588870056547042e-05
6.614404404404403692e+00 6.768050372511531939e-05
6.644424424424423492e+00 6.410125353996680084e-05
6.674444444444444180e+00 6.071661968911625066e-05
6.704464464464463980e+00 5.751574278072599228e-05
6.734484484484483779e+00 5.448838396391518469e-05
6.764504504504503579e+00 5.162488869948056832e-05
6.794524524524524267e+00 4.891615268584814040e-05
6.824544544544544067e+00 4.635358981004771380e-05
6.854564564564563867e+00 4.392910200145177185e-05
6.884584584584583666e+00 4.163505087349427051e-05
6.914604604604604354e+00 3.946423104558539435e-05
6.944624624624624154e+00 3.740984504402618266e-05
6.974644644644643954e+00 3.546547968689059811e-05
7.004664664664663754e+00 3.362508386364416237e-05
7.034684684684684441e+00 3.188294762570075246e-05
7.064704704704704241e+00 3.023368250922761117e-05
7.094724724724724041e+00 2.867220301629059629e-05
7.124744744744743841e+00 2.719370918493819366e-05
7.154764764764764529e+00 2.579367018303144101e-05
7.184784784784784328e+00 2.446780886459411710e-05
7.214804804804804128e+00 2.321208723117082793e-05
7.244824824824823928e+00 2.202269274417225771e-05
7.274844844844844616e+00 2.089602543745933344e-05
7.304864864864864415e+00 1.982868578249344230e-05
7.334884884884884215e+00 1.881746326126467606e-05
7.364904904904904015e+00 1.785932560491946397e-05
7.394924924924924703e+00 1.695140865855107443e-05
7.424944944944944503e+00 1.609100683500463421e-05
7.454964964964964302e+00 1.527556412278793376e-05
7.484984984984984102e+00 1.450266561528520909e-05
7.515005005005004790e+00 1.377002953044493503e-05
7.545025025025024590e+00 1.307549969196934900e-05
7.575045045045044390e+00 1.241703844477272189e-05
7.605065065065064189e+00 1.179271997911388139e-05
7.635085085085084877e+00 1.120072403934132615e-05
7.665105105105104677e+00 1.063932999463374338e-05
7.695125125125124477e+00 1.010691125047177078e-05
7.725145145145144276e+00 9.601929980850085059e-06
7.755165165165164076e+00 9.122932162432810887e-06
7.785185185185184764e+00 8.668542892977960782e-06
7.815205205205204564e+00 8.237461977411196317e-06
7.845225225225224364e+00 7.828459765918145748e-06
7.875245245245244163e+00 7.440373229356680631e-06
7.905265265265264851e+00 7.072102258162902174e-06
7.935285285285284651e+00 6.722606171747038442e-06
7.965305305305304451e+00 6.390900426145482716e-06
7.995325325325324251e+00 6.076053508422505602e-06
8.025345345345344938e+00 5.777184006993902677e-06
8.055365365365364738e+00 5.493457847686900611e-06
8.085385385385384538e+00 5.224085685951573059e-06
8.115405405405404338e+00 4.968320446204578983e-06
8.145425425425424137e+00 4.725454999817887213e-06
8.175445445445443937e+00 4.494819973764703957e-06
8.205465465465465513e+00 4.275781682404030523e-06
8.235485485485485313e+00 4.067740175327977695e-06
8.265505505505505113e+00 3.870127394609534719e-06
8.295525525525524912e+00 3.682405435180648849e-06
8.325545545545544712e+00 3.504064902435895429e-06
8.355565565565564512e+00 3.334623361503154247e-06
8.385585585585584312e+00 3.173623872946958459e-06
8.415605605605604111e+00 3.020633609975464085e-06
8.445625625625625688e+00 2.875242552508992053e-06
8.475645645645645487e+00 2.737062253738651475e-06
8.505665665665665287e+00 2.605724675056660291e-06
8.535685685685685087e+00 2.480881085480195401e-06
8.565705705705704887e+00 2.362201021914238038e-06
8.595725725725724686e+00 2.249371306811390546e-06
8.625745745745744486e+00 2.142095119985075574e-06
8.655765765765764286e+00 2.040091121520149423e-06
8.685785785785785862e+00 1.943092622901078943e-06
8.715805805805805662e+00 1.850846803644038302e-06
8.745825825825825461e+00 1.763113970874832745e-06
8.775845845845845261e+00 1.679666859442238595e-06
8.805865865865865061e+00 1.600289970294255211e-06
8.835885885885884861e+00 1.524778944975024979e-06
8.865905905905904660e+00 1.452939974223135634e-06
8.895925925925924460e+00 1.384589238767078517e-06
8.925945945945946036e+00 1.319552380522689935e-06
8.955965965965965836e+00 1.257664002499532928e-06
8.985985985985985636e+00 1.198767195819796572e-06
9.016006006006005435e+00 1.142713092343975354e-06
9.046026026026025235e+00 1.089360441483174136e-06
9.076046046046045035e+00 1.038575209858539319e-06
9.106066066066064835e+00 9.902302025439244687e-07
9.136086086086084634e+00 9.442047046999106449e-07
9.166106106106106211e+00 9.003841424741681537e-07
9.196126126126126010e+00 8.586597621069142697e-07
9.226146146146145810e+00 8.189283262400502530e-07
9.256166166166165610e+00 7.810918264847981639e-07
9.286186186186185409e+00 7.450572113558698518e-07
9.316206206206205209e+00 7.107361287303580831e-07
9.346226226226225009e+00 6.780446820365670399e-07
9.376246246246244809e+00 6.469031994227045526e-07
9.406266266266266385e+00 6.172360151971268912e-07
9.436286286286286185e+00 5.889712628715460123e-07
9.466306306306305984e+00 5.620406791757808799e-07
9.496326326326325784e+00 5.363794184478776135e-07
9.526346346346345584e+00 5.119258768365805353e-07
9.556366366366365384e+00 4.886215257843704196e-07
9.586386386386385183e+00 4.664107542888736393e-07
9.616406406406404983e+00 4.452407194681889345e-07
9.646426426426424783e+00 4.250612049819905967e-07
9.676446446446446359e+00 4.058244868850166948e-07
9.706466466466466159e+00 3.874852065129063600e-07
9.736486486486485958e+00 3.700002500224118149e-07
9.766506506506505758e+00 3.533286342288150148e-07
9.796526526526525558e+00 3.374313984030106136e-07
9.826546546546545358e+00 3.222715017092577761e-07
9.856566566566565157e+00 3.078137259820520780e-07
9.886586586586584957e+00 2.940245835571397163e-07
9.916606606606606533e+00 2.808722298872279815e-07
9.946626626626626333e+00 2.683263806876918278e-07
9.976646646646646133e+00 2.563582333714299790e-07
1.000666666666666593e+01 2.449403925451876884e-07
1.003668668668668573e+01 2.340467993520035631e-07
1.006670670670670553e+01 2.236526644561455292e-07
1.009672672672672533e+01 2.137344044779802518e-07
1.012674674674674513e+01 2.042695816965758654e-07
1.015676676676676671e+01 1.952368468477895201e-07
1.018678678678678651e+01 1.866158848548094353e-07
1.021680680680680631e+01 1.783873633369635909e-07
1.024682682682682611e+01 1.705328837509233827e-07
1.027684684684684591e+01 1.630349350262368517e-07
1.030686686686686571e+01 1.558768495645761740e-07
1.033688688688688551e+01 1.490427614791018989e-07
1.036690690690690531e+01 1.425175669569279217e-07
1.039692692692692688e+01 1.362868866339827649e-07
1.042694694694694668e+01 1.303370298774437432e-07
1.045696696696696648e+01 1.246549608765325511e-07
1.048698698698698628e+01 1.192282664477500856e-07
1.051700700700700608e+01 1.140451254656103351e-07
1.054702702702702588e+01 1.090942798346898411e-07
1.057704704704704568e+01 1.043650069232524431e-07
1.060706706706706548e+01 9.984709338294636207e-08
1.063708708708708706e+01 9.553081028307721577e-08
1.066710710710710686e+01 9.140688949172662094e-08
1.069712712712712666e+01 8.746650123956802392e-08
1.072714714714714646e+01 8.370123280561921422e-08
1.075716716716716626e+01 8.010306826736681786e-08
1.078718718718718605e+01 7.666436926071916907e-08
1.081720720720720585e+01 7.337785669812547241e-08
1.084722722722722565e+01 7.023659339589082642e-08
1.087724724724724723e+01 6.723396756429074661e-08
1.090726726726726703e+01 6.436367711652277504e-08
1.093728728728728683e+01 6.161971475480993228e-08
1.096730730730730663e+01 5.899635379417167015e-08
1.099732732732732643e+01 5.648813468640709740e-08
1.102734734734734623e+01 5.408985220881233804e-08
1.105736736736736603e+01 5.179654328397269291e-08
1.108738738738738583e+01 4.960347539873565133e-08
1.111740740740740740e+01 4.750613559211308323e-08
1.114742742742742720e+01 4.550021998343003819e-08
1.117744744744744700e+01 4.358162381352269103e-08
1.120746746746746680e+01 4.174643197318503541e-08
1.123748748748748660e+01 3.999090999440487257e-08
1.126750750750750640e+01 3.831149548117598533e-08
1.129752752752752620e+01 3.670478995787910560e-08
1.132754754754754600e+01 3.516755111434345922e-08
1.135756756756756758e+01 3.369668542778208135e-08
1.138758758758758738e+01 3.228924114280121133e-08
1.141760760760760718e+01 3.094240159164602741e-08
1.144762762762762698e+01 2.965347883776267564e-08
1.147764764764764678e+01 2.841990762660962875e-08
1.150766766766766658e+01 2.723923962848015957e-08
1.153768768768768638e+01 2.610913795886292845e-08
1.156770770770770618e+01 2.502737196261385416e-08
1.159772772772772598e+01 2.399181224889658531e-08
1.162774774774774755e+01 2.300042596452372995e-08
1.165776776776776735e+01 2.205127229394293605e-08
1.168778778778778715e+01 2.114249817471759017e-08
1.171780780780780695e+01 2.027233421790695658e-08
1.174782782782782675e+01 1.943909082329044016e-08
1.177784784784784655e+01 1.864115447988060433e-08
1.180786786786786635e+01 1.787698424265626833e-08
1.183788788788788615e+01 1.714510837689922494e-08
1.186790790790790773e+01 1.644412116194846475e-08
1.189792792792792753e+01 1.577267984660046276e-08
1.192794794794794733e+01 1.512950174876887366e-08
1.195796796796796713e+01 1.451336149238648083e-08
1.198798798798798693e+01 1.392308837488487760e-08
1.201800800800800673e+01 1.335756385891583605e-08
1.204802802802802653e+01 1.281571918229634824e-08
1.207804804804804633e+01 1.229653308045650237e-08
1.210806806806806790e+01 1.179902961595469421e-08
1.213808808808808770e+01 1.132227610989294355e-08
1.216810810810810750e+01 1.086538117032167690e-08
1.219812812812812730e+01 1.042749281296496216e-08
1.222814814814814710e+01 1.000779666982991633e-08
1.225816816816816690e+01 9.605514281479782578e-09
1.228818818818818670e+01 9.219901468959700967e-09
1.231820820820820650e+01 8.850246781562588271e-09
1.234822822822822808e+01 8.495870016806479028e-09
1.237824824824824788e+01 8.156120809176486120e-09
1.240826826826826768e+01 7.830377284349614566e-09
1.243828828828828748e+01 7.518044775785355565e-09
1.246830830830830728e+01 7.218554600713071331e-09
1.249832832832832707e+01 6.931362892695240837e-09
1.252834834834834687e+01 6.655949488082118841e-09
1.255836836836836667e+01 6.391816863802654773e-09
1.258838838838838825e+01 6.138489124063448839e-09
1.261840840840840805e+01 5.895511033643094787e-09
1.264842842842842785e+01 5.662447095581908334e-09
1.267844844844844765e+01 5.438880671175197443e-09
1.270846846846846745e+01 5.224413140276562547e-09
1.273848848848848725e+01 5.018663100016509153e-09
1.276850850850850705e+01 4.821265600132100002e-09
1.279852852852852685e+01 4.631871413189623255e-09
1.282854854854854842e+01 4.450146338066451064e-09
1.285856856856856822e+01 4.275770535135297400e-09
1.288858858858858802e+01 4.108437891669844640e-09
1.291860860860860782e+01 3.947855416061043596e-09
1.294862862862862762e+01 3.793742659501605930e-09
1.297864864864864742e+01 3.645831163859318072e-09
1.300866866866866722e+01 3.503863934522447321e-09
1.303868868868868702e+01 3.367594937056797530e-09
1.306870870870870860e+01 3.236788616570900025e-09
1.309872872872872840e+01 3.111219438736963367e-09
1.312874874874874820e+01 2.990671451466403063e-09
1.315876876876876800e+01 2.874937866284828939e-09
1.318878878878878780e+01 2.763820658498634638e-09
1.321880880880880760e+01 2.657130185286084346e-09
1.324882882882882740e+01 2.554684820888602576e-09
1.327884884884884720e+01 2.456310608115921824e-09
1.330886886886886877e+01 2.361840925415932953e-09
1.333888888888888857e+01 2.271116168795901731e-09
1.336890890890890837e+01 2.183983447914489910e-09
1.339892892892892817e+01 2.100296295696555159e-09
1.342894894894894797e+01 2.019914390853144386e-09
1.345896896896896777e+01 1.942703292717430066e-09
1.348898898898898757e+01 1.868534187835743356e-09
1.351900900900900737e+01 1.797283647778458965e-09
1.354902902902902717e+01 1.728833397660716646e-09
1.357904904904904875e+01 1.663070094886796855e-09
1.360906906906906855e+01 1.599885117654582850e-09
1.363908908908908835e+01 1.539174362777880072e-09
1.366910910910910815e+01 1.480838052405326476e-09
1.369912912912912795e+01 1.424780549233885464e-09
1.372914914914914775e+01 1.370910179833505862e-09
1.375916916916916755e+01 1.319139065717650658e-09
1.378918918918918735e+01 1.269382961810692123e-09
1.381920920920920892e+01 1.221561101979999699e-09
1.384922922922922872e+01 1.175596051315148865e-09
1.387924924924924852e+01 1.131413564851957194e-09
1.390926926926926832e+01 1.088942452452488277e-09
1.393928928928928812e+01 1.048114449565591816e-09
1.396930930930930792e+01 1.008864093605364296e-09
1.399932932932932772e+01 9.711286056967423214e-10
1.402934934934934752e+01 9.348477775488501929e-10
1.405936936936936910e+01 8.999638632280472070e-10
1.408938938938938890e+01 8.664214756125911920e-10
1.411940940940940870e+01 8.341674873211097336e-10
1.414942942942942850e+01 8.031509359163511902e-10
1.417944944944944830e+01 7.733229331948819217e-10
1.420946946946946809e+01 7.446365783817915211e-10
1.423948948948948789e+01 7.170468750578724061e-10
1.426950950950950769e+01 6.905106516545477825e-10
1.429952952952952927e+01 6.649864853591341656e-10
1.432954954954954907e+01 6.404346292802635083e-10
1.435956956956956887e+01 6.168169427301479335e-10
1.438958958958958867e+01 5.940968244866091813e-10
1.441960960960960847e+01 5.722391489042218679e-10
1.444962962962962827e+01 5.512102047496309215e-10
1.447964964964964807e+01 5.309776366418285822e-10
1.450966966966966787e+01 5.115103889834126098e-10
1.453968968968968944e+01 4.927786522741097679e-10
1.456970970970970924e+01 4.747538117026178606e-10
1.459972972972972904e+01 4.574083979174826267e-10
1.462974974974974884e+01 4.407160398821802123e-10
1.465976976976976864e+01 4.246514197238501413e-10
1.468978978978978844e+01 4.091902294890497098e-10
1.471980980980980824e+01 3.943091297239138480e-10
1.474982982982982804e+01 3.799857097996360369e-10
1.477984984984984962e+01 3.661984499077725765e-10
1.480986986986986942e+01 3.529266846532496181e-10
1.483988988988988922e+01 3.401505681760719344e-10
1.486990990990990902e+01 3.278510407358512813e-10
1.489992992992992882e+01 3.160097966961552952e-10
1.492994994994994862e+01 3.046092538484798902e-10
1.495996996996996842e+01 2.936325240182790708e-10
1.498998998998998822e+01 2.830633848980769103e-10
1.502001001001000979e+01 2.728862530550085472e-10
1.505003003003002959e+01 2.630861580625763538e-10
1.508005005005004939e+01 2.536487177085073885e-10
1.511007007007006919e+01 2.445601142327690714e-10
1.514009009009008899e+01 2.358070715517914621e-10
1.517011011011010879e+01 2.273768334268795007e-10
1.520013013013012859e+01 2.192571425366132005e-10
1.523015015015014839e+01 2.114362204148244964e-10
1.526017017017016997e+01 2.039027482173768076e-10
1.529019019019018977e+01 1.966458482826114470e-10
1.532021021021020957e+01 1.896550664518114815e-10
1.535023023023022937e+01 1.829203551175583447e-10
1.538025025025024917e+01 1.764320569691710788e-10
1.541027027027026897e+01 1.701808894058364349e-10
1.544029029029028877e+01 1.641579295892444536e-10
1.547031031031030857e+01 1.583546001088013090e-10
1.550033033033032837e+01 1.527626552336541329e-10
1.553035035035034994e+01 1.473741677268464854e-10
1.556037037037036974e+01 1.421815161980258656e-10
1.559039039039038954e+01 1.371773729720986168e-10
1.562041041041040934e+01 1.323546924522552174e-10
1.565043043043042914e+01 1.277066999566463516e-10
1.568045045045044894e+01 1.232268810089415896e-10
1.571047047047046874e+01 1.189089710638170749e-10
1.574049049049048854e+01 1.147469456492345516e-10
1.577051051051051012e+01 1.107350109081635061e-10
1.580053053053052992e+01 1.068675945231196521e-10
1.583055055055054972e+01 1.031393370076124823e-10
1.586057057057056952e+01 9.954508334928224157e-11
1.589059059059058931e+01 9.607987499013846087e-11
1.592061061061060911e+01 9.273894212994126382e-11
1.595063063063062891e+01 8.951769633935200250e-11
1.598065065065064871e+01 8.641172347006846153e-11
1.601067067067067029e+01 8.341677684966712454e-11
1.604069069069069187e+01 8.052877074943683380e-11
1.607071071071070989e+01 7.774377411393560102e-11
1.610073073073073147e+01 7.505800454153176156e-11
1.613075075075075304e+01 7.246782250559503948e-11
1.616077077077077107e+01 6.996972580647132653e-11
1.619079079079079264e+01 6.756034424477210272e-11
1.622081081081081066e+01 6.523643450692878057e-11
1.625083083083083224e+01 6.299487525430570324e-11
1.628085085085085026e+01 6.083266240757867763e-11
1.631087087087087184e+01 5.874690461839040349e-11
1.634089089089088986e+01 5.673481892065687826e-11
1.637091091091091144e+01 5.479372655420214844e-11
1.640093093093093302e+01 5.292104895371777898e-11
1.643095095095095104e+01 5.111430389632154543e-11
1.646097097097097262e+01 4.937110180127914693e-11
1.649099099099099064e+01 4.768914217572378196e-11
1.652101101101101222e+01 4.606621020045117409e-11
1.655103103103103024e+01 4.450017345013218388e-11
1.658105105105105181e+01 4.298897874250406843e-11
1.661107107107107339e+01 4.153064911133378403e-11
1.664109109109109141e+01 4.012328089816672540e-11
1.667111111111111299e+01 3.876504095806828165e-11
1.670113113113113101e+01 3.745416397478021663e-11
1.673115115115115259e+01 3.618894988088293631e-11
1.676117117117117061e+01 3.496776137876028634e-11
1.679119119119119219e+01 3.378902155831107078e-11
1.682121121121121021e+01 3.265121160754050726e-11
1.685123123123123179e+01 3.155286861230999063e-11
1.688125125125125336e+01 3.049258344168167111e-11
1.691127127127127139e+01 2.946899871543940025e-11
1.694129129129129296e+01 2.848080685050789242e-11
1.697131131131131099e+01 2.752674818312732273e-11
1.700133133133133256e+01 2.660560916376519909e-11
1.703135135135135059e+01 2.571622062187523275e-11
1.706137137137137216e+01 2.485745609772772875e-11
1.709139139139139374e+01 2.402823023865216549e-11
1.712141141141141176e+01 2.322749725713586880e-11
1.715143143143143334e+01 2.245424944833059085e-11
1.718145145145145136e+01 2.170751576462052794e-11
1.721147147147147294e+01 2.098636044499205885e-11
1.724149149149149096e+01 2.028988169704586151e-11
1.727151151151151254e+01 1.961721042957602819e-11
1.730153153153153056e+01 1.896750903372186273e-11
1.733155155155155214e+01 1.833997021078438053e-11
1.736157157157157371e+01 1.773381584487275701e-11
1.739159159159159174e+01 1.714829591861954034e-11
1.742161161161161331e+01 1.658268747027646958e-11
1.745163163163163134e+01 1.603629359057161421e-11
1.748165165165165291e+01 1.550844245776744315e-11
1.751167167167167094e+01 1.499848640943165408e-11
1.754169169169169251e+01 1.450580104948153835e-11
1.757171171171171054e+01 1.402978438913186996e-11
1.760173173173173211e+01 1.356985602041956311e-11
1.763175175175175369e+01 1.312545632104062648e-11
1.766177177177177171e+01 1.269604568927992723e-11
1.769179179179179329e+01 1.228110380786500696e-11
1.772181181181181131e+01 1.188012893562263361e-11
1.775183183183183289e+01 1.149263722585804661e-11
1.778185185185185091e+01 1.111816207042485024e-11
1.781187187187187249e+01 1.075625346848886065e-11
1.784189189189189406e+01 1.040647741903363755e-11
1.787191191191191209e+01 1.006841533619042987e-11
1.790193193193193366e+01 9.741663486511728696e-12
1.793195195195195168e+01 9.425832447344570737e-12
1.796197197197197326e+01 9.120546585489598102e-12
1.799199199199199128e+01 8.825443555367655809e-12
1.802201201201201286e+01 8.540173815943687115e-12
1.805203203203203088e+01 8.264400165688856283e-12
1.808205205205205246e+01 7.997797294889031705e-12
1.811207207207207404e+01 7.740051354636311280e-12
1.814209209209209206e+01 7.490859541864043744e-12
1.817211211211211364e+01 7.249929699814088548e-12
1.820213213213213166e+01 7.016979933346031259e-12
1.823215215215215323e+01 6.791738238522876369e-12
1.826217217217217126e+01 6.573942145929416524e-12
1.829219219219219283e+01 6.363338377200185820e-12
1.832221221221221441e+01 6.159682514256316990e-12
1.835223223223223243e+01 5.962738680766312944e-12
1.838225225225225401e+01 5.772279235369414661e-12
1.841227227227227203e+01 5.588084476214185133e-12
1.844229229229229361e+01 5.409942356384535813e-12
1.847231231231231163e+01 5.237648209801607777e-12
1.850233233233233321e+01 5.071004487204830076e-12
1.853235235235235123e+01 4.909820501832926882e-12
1.856237237237237281e+01 4.753912184438069729e-12
1.859239239239239438e+01 4.603101847282552051e-12
1.862241241241241241e+01 4.457217956778698968e-12
1.865243243243243398e+01 4.316094914448635623e-12
1.868245245245245201e+01 4.179572845890222759e-12
1.871247247247247358e+01 4.047497397449367966e-12
1.874249249249249161e+01 3.919719540310054032e-12
1.877251251251251318e+01 3.796095381723344725e-12
1.880253253253253476e+01 3.676485983109977930e-12
1.883255255255255278e+01 3.560757184778248081e-12
1.886257257257257436e+01 3.448779437010605791e-12
1.889259259259259238e+01 3.340427637282367472e-12
1.892261261261261396e+01 3.235580973382480209e-12
1.895263263263263198e+01 3.134122772218304252e-12
1.898265265265265356e+01 3.035940354091790149e-12
1.901267267267267158e+01 2.940924892244681284e-12
1.904269269269269316e+01 2.848971277476683823e-12
1.907271271271271473e+01 2.759977987649048585e-12
1.910273273273273276e+01 2.673846961891959469e-12
1.913275275275275433e+01 2.590483479342436159e-12
1.916277277277277236e+01 2.509796042244777669e-12
1.919279279279279393e+01 2.431696263252755857e-12
1.922281281281281196e+01 2.356098756778312256e-12
1.925283283283283353e+01 2.282921034237961074e-12
1.928285285285285156e+01 2.212083403053106218e-12
1.931287287287287313e+01 2.143508869266275787e-12
1.934289289289289471e+01 2.077123043640688444e-12
1.937291291291291273e+01 2.012854051114823953e-12
1.940293293293293431e+01 1.950632443489314249e-12
1.943295295295295233e+01 1.890391115227631525e-12
1.946297297297297391e+01 1.832065222256606988e-12
1.949299299299299193e+01 1.775592103657104136e-12
1.952301301301301351e+01 1.720911206139252385e-12
1.955303303303303508e+01 1.667964011200608297e-12
1.958305305305305311e+01 1.616693964869594893e-12
1.961307307307307468e+01 1.567046409939701946e-12
1.964309309309309270e+01 1.518968520604374237e-12
1.967311311311311428e+01 1.472409239404607945e-12
1.970313313313313230e+01 1.427319216406006801e-12
1.973315315315315388e+01 1.383650750523756885e-12
1.976317317317317190e+01 1.341357732918232206e-12
1.979319319319319348e+01 1.300395592385721558e-12
1.982321321321321506e+01 1.260721242672614433e-12
1.985323323323323308e+01 1.222293031643062422e-12
1.988325325325325466e+01 1.185070692233559747e-12
1.991327327327327268e+01 1.149015295129789157e-12
1.994329329329329425e+01 1.114089203103666976e-12
1.997331331331331228e+01 1.080256026950928508e-12
2.000333333333333385e+01 1.047480582971593306e-12
2.003335335335335543e+01 1.015728851937886970e-12
2.006337337337337345e+01 9.849679394962445178e-13
2.009339339339339503e+01 9.551660379519277779e-13
2.012341341341341305e+01 9.262923893867366247e-13
2.015343343343343463e+01 8.983172500621043619e-13
2.018345345345345265e+01 8.712118560615722972e-13
2.021347347347347423e+01 8.449483901283868210e-13
2.024349349349349225e+01 8.194999496555664794e-13
2.027351351351351383e+01 7.948405157873179067e-13
2.030353353353353540e+01 7.709449235922069169e-13
2.033355355355355343e+01 7.477888332699654827e-13
2.036357357357357500e+01 7.253487023551237508e-13
2.039359359359359303e+01 7.036017588821321835e-13
2.042361361361361460e+01 6.825259754777693231e-13
2.045363363363363263e+01 6.621000443479914033e-13
2.048365365365365420e+01 6.423033531275025611e-13
2.051367367367367578e+01 6.231159615616305069e-13
2.054369369369369380e+01 6.045185789908754593e-13
2.057371371371371538e+01 5.864925426099568115e-13
2.060373373373373340e+01 5.690197964739084985e-13
2.063375375375375498e+01 5.520828712249679594e-13
2.066377377377377300e+01 5.356648645147896688e-13
2.069379379379379458e+01 5.197494220975361732e-13
2.072381381381381260e+01 5.043207195703280257e-13
2.075383383383383418e+01 4.893634447381496525e-13
2.078385385385385575e+01 4.748627805814712033e-13
2.081387387387387378e+01 4.608043888053518171e-13
2.084389389389389535e+01 4.471743939496449824e-13
2.087391391391391338e+01 4.339593680407506746e-13
2.090393393393393495e+01 4.211463157658732622e-13
2.093395395395395298e+01 4.087226601516161377e-13
2.096397397397397455e+01 3.966762287292755573e-13
2.099399399399399613e+01 3.849952401698375615e-13
2.102401401401401415e+01 3.736682913723740260e-13
2.105403403403403573e+01 3.626843449899976169e-13
2.108405405405405375e+01 3.520327173782019553e-13
2.111407407407407533e+01 3.417030669508861082e-13
2.114409409409409335e+01 3.316853829299330743e-13
2.117411411411411493e+01 3.219699744746489052e-13
2.120413413413413295e+01 3.125474601780057377e-13
2.123415415415415453e+01 3.034087579168343207e-13
2.126417417417417610e+01 2.945450750438845229e-13
2.129419419419419413e+01 2.859478989098278612e-13
2.132421421421421570e+01 2.776089877038662821e-13
2.135423423423423372e+01 2.695203616019534793e-13
2.138425425425425530e+01 2.616742942120154500e-13
2.141427427427427332e+01 2.540633043059420602e-13
2.144429429429429490e+01 2.466801478285107407e-13
2.147431431431431292e+01 2.395178101737072735e-13
2.150433433433433450e+01 2.325694987192626379e-13
2.153435435435435608e+01 2.258286356105549224e-13
2.156437437437437410e+01 2.192888507853279798e-13
2.159439439439439568e+01 2.129439752309794292e-13
2.162441441441441370e+01 2.067880344664681787e-13
2.165443443443443527e+01 2.008152422411626370e-13
2.168445445445445330e+01 1.950199944431990198e-13
2.171447447447447487e+01 1.893968632102504864e-13
2.174449449449449645e+01 1.839405912357603057e-13
2.177451451451451447e+01 1.786460862640029032e-13
2.180453453453453605e+01 1.735084157675550204e-13
2.183455455455455407e+01 1.685228018009557885e-13
2.186457457457457565e+01 1.636846160245887739e-13
2.189459459459459367e+01 1.589893748930087061e-13
2.192461461461461525e+01 1.544327350021134888e-13
2.195463463463463327e+01 1.500104885898283928e-13
2.198465465465465485e+01 1.457185591850534370e-13
2.201467467467467642e+01 1.415529973998957032e-13
2.204469469469469445e+01 1.375099768603420440e-13
2.207471471471471602e+01 1.335857902706764301e-13
2.210473473473473405e+01 1.297768456071688052e-13
2.213475475475475562e+01 1.260796624366479423e-13
2.216477477477477365e+01 1.224908683557608559e-13
2.219479479479479522e+01 1.190071955468771497e-13
2.222481481481481680e+01 1.156254774467003593e-13
2.225483483483483482e+01 1.123426455238037431e-13
2.228485485485485640e+01 1.091557261614438158e-13
2.231487487487487442e+01 1.060618376421275092e-13
2.234489489489489600e+01 1.030581872304989937e-13
2.237491491491491402e+01 1.001420683512982486e-13
2.240493493493493560e+01 9.731085785917440748e-14
2.243495495495495362e+01 9.456201339731178945e-14
2.246497497497497520e+01 9.189307084188936245e-14
2.249499499499499677e+01 8.930164182952232716e-14
2.252501501501501480e+01 8.678541136492167913e-14
2.255503503503503637e+01 8.434213550608589851e-14
2.258505505505505440e+01 8.196963912447365411e-14
2.261507507507507597e+01 7.966581373763952860e-14
2.264509509509509400e+01 7.742861541194521696e-14
2.267511511511511557e+01 7.525606273301544909e-14
2.270513513513513715e+01 7.314623484169689550e-14
2.273515515515515517e+01 7.109726953334146233e-14
2.276517517517517675e+01 6.910736141833482843e-14
2.279519519519519477e+01 6.717476014183607431e-14
2.282521521521521635e+01 6.529776866076952856e-14
2.285523523523523437e+01 6.347474157619528103e-14
2.288525525525525595e+01 6.170408351921384169e-14
2.291527527527527397e+01 5.998424758865424201e-14
2.294529529529529555e+01 5.831373383883932957e-14
2.297531531531531712e+01 5.669108781577860884e-14
2.300533533533533515e+01 5.511489914019698453e-14
2.303535535535535672e+01 5.358380013587143442e-14
2.306537537537537474e+01 5.209646450177480063e-14
2.309539539539539632e+01 5.065160602660384042e-14
2.312541541541541434e+01 4.924797734429867947e-14
2.315543543543543592e+01 4.788436872921110847e-14
2.318545545545545394e+01 4.655960692963008638e-14
2.321547547547547552e+01 4.527255403841045797e-14
2.324549549549549710e+01 4.402210639949120760e-14
2.327551551551551512e+01 4.280719354913653639e-14
2.330553553553553670e+01 4.162677719076900966e-14
2.333555555555555472e+01 4.047985020229990505e-14
2.336557557557557629e+01 3.936543567489932177e-14
2.339559559559559432e+01 3.828258598218662170e-14
2.342561561561561589e+01 3.723038187885412292e-14
2.345563563563563747e+01 3.620793162776557944e-14
2.348565565565565549e+01 3.521437015461174347e-14
2.351567567567567707e+01 3.424885822922565223e-14
2.354569569569569509e+01 3.331058167270036860e-14
2.357571571571571667e+01 3.239875058946989694e-14
2.360573573573573469e+01 3.151259862355101514e-14
2.363575575575575627e+01 3.065138223816403461e-14
2.366577577577577429e+01 2.981438001798080472e-14
2.369579579579579587e+01 2.900089199326692054e-14
2.372581581581581744e+01 2.821023898521926629e-14
2.375583583583583547e+01 2.744176197181091626e-14
2.378585585585585704e+01 2.669482147349087270e-14
2.381587587587587507e+01 2.596879695809344390e-14
2.384589589589589664e+01 2.526308626434934432e-14
2.387591591591591467e+01 2.457710504339516112e-14
2.390593593593593624e+01 2.391028621770934174e-14
2.393595595595595782e+01 2.326207945691433391e-14
2.396597597597597584e+01 2.263195066990716168e-14
2.399599599599599742e+01 2.201938151279608256e-14
2.402601601601601544e+01 2.142386891213850190e-14
2.405603603603603702e+01 2.084492460299311445e-14
2.408605605605605504e+01 2.028207468131226241e-14
2.411607607607607662e+01 1.973485917022074450e-14
2.414609609609609464e+01 1.920283159973658139e-14
2.417611611611611622e+01 1.868555859950631676e-14
2.420613613613613779e+01 1.818261950414635360e-14
2.423615615615615582e+01 1.769360597078132642e-14
2.426617617617617739e+01 1.721812160840159458e-14
2.429619619619619542e+01 1.675578161866120679e-14
2.432621621621621699e+01 1.630621244775198063e-14
2.435623623623623502e+01 1.586905144900899971e-14
2.438625625625625659e+01 1.544394655590357573e-14
2.441627627627627817e+01 1.503055596509677446e-14
2.444629629629629619e+01 1.462854782923867135e-14
2.447631631631631777e+01 1.423759995920069543e-14
2.450633633633633579e+01 1.385739953545004436e-14
2.453635635635635737e+01 1.348764282827358055e-14
2.456637637637637539e+01 1.312803492657540370e-14
2.459639639639639697e+01 1.277828947497769546e-14
2.462641641641641499e+01 1.243812841896449968e-14
2.465643643643643657e+01 1.210728175781563810e-14
2.468645645645645814e+01 1.178548730508707469e-14
2.471647647647647617e+01 1.147249045640120106e-14
2.474649649649649774e+01 1.116804396431728270e-14
2.477651651651651576e+01 1.087190772006274048e-14
2.480653653653653734e+01 1.058384854190810511e-14
2.483655655655655536e+01 1.030363996998134377e-14
2.486657657657657694e+01 1.003106206731735757e-14
2.489659659659659852e+01 9.765901226951065387e-15
2.492661661661661654e+01 9.507949984864233303e-15
2.495663663663663812e+01 9.257006838603945653e-15
2.498665665665665614e+01 9.012876071397813158e-15
2.501667667667667772e+01 8.775367581592488584e-15
2.504669669669669574e+01 8.544296717253006683e-15
2.507671671671671731e+01 8.319484115760690777e-15
2.510673673673673534e+01 8.100755548255933780e-15
2.513675675675675691e+01 7.887941768775504679e-15
2.516677677677677849e+01 7.680878367938408050e-15
2.519679679679679651e+01 7.479405631040729779e-15
2.522681681681681809e+01 7.283368400422448575e-15
2.525683683683683611e+01 7.092615941974670709e-15
2.528685685685685769e+01 6.907001815659313465e-15
2.531687687687687571e+01 6.726383749917861801e-15
2.534689689689689729e+01 6.550623519848811742e-15
2.537691691691691531e+01 6.379586829039105662e-15
2.540693693693693689e+01 6.213143194934966344e-15
2.543695695695695846e+01 6.051165837646173198e-15
2.546697697697697649e+01 5.893531572075685379e-15
2.549699699699699806e+01 5.740120703274672601e-15
2.552701701701701609e+01 5.590816924922602647e-15
2.555703703703703766e+01 5.445507220837575548e-15
2.558705705705705569e+01 5.304081769423921380e-15
2.561707707707707726e+01 5.166433850966788399e-15
2.564709709709709884e+01 5.032459757687563688e-15
2.567711711711711686e+01 4.902058706474984570e-15
2.570713713713713844e+01 4.775132754210799340e-15
2.573715715715715646e+01 4.651586715610779617e-15
2.576717717717717804e+01 4.531328083504354199e-15
2.579719719719719606e+01 4.414266951478977327e-15
2.582721721721721764e+01 4.300315938816459730e-15
2.585723723723723566e+01 4.189390117652846140e-15
2.588725725725725724e+01 4.081406942293142871e-15
2.591727727727727881e+01 3.976286180616405329e-15
2.594729729729729684e+01 3.873949847507178827e-15
2.597731731731731841e+01 3.774322140252209652e-15
2.600733733733733644e+01 3.677329375842901283e-15
2.603735735735735801e+01 3.582899930125682024e-15
2.606737737737737604e+01 3.490964178744948202e-15
2.609739739739739761e+01 3.401454439823599333e-15
2.612741741741741919e+01 3.314304918329486983e-15
2.615743743743743721e+01 3.229451652076719470e-15
2.618745745745745879e+01 3.146832459312054371e-15
2.621747747747747681e+01 3.066386887839867591e-15
2.624749749749749839e+01 2.988056165637654200e-15
2.627751751751751641e+01 2.911783152919172265e-15
2.630753753753753799e+01 2.837512295600085124e-15
2.633755755755755601e+01 2.765189580125146028e-15
2.636757757757757759e+01 2.694762489615446062e-15
2.639759759759759916e+01 2.626179961296622286e-15
2.642761761761761719e+01 2.559392345169030344e-15
2.645763763763763876e+01 2.494351363883467717e-15
2.648765765765765678e+01 2.431010073785957287e-15
2.651767767767767836e+01 2.369322827096592996e-15
2.654769769769769638e+01 2.309245235188930879e-15
2.657771771771771796e+01 2.250734132936792517e-15
2.660773773773773954e+01 2.193747544096861794e-15
2.663775775775775756e+01 2.138244647696062467e-15
2.666777777777777914e+01 2.084185745393846329e-15
2.669779779779779716e+01 2.031532229790648634e-15
2.672781781781781874e+01 1.980246553653884212e-15
2.675783783783783676e+01 1.930292200034722948e-15
2.678785785785785833e+01 1.881633653249010711e-15
2.681787787787787636e+01 1.834236370696618477e-15
2.684789789789789793e+01 1.788066755494565770e-15
2.687791791791791951e+01 1.743092129899726807e-15
2.690793793793793753e+01 1.699280709497741870e-15
2.693795795795795911e+01 1.656601578135561024e-15
2.696797797797797713e+01 1.615024663575589076e-15
2.699799799799799871e+01 1.574520713850159760e-15
2.702801801801801673e+01 1.535061274295586760e-15
2.705803803803803831e+01 1.496618665246072631e-15
2.708805805805805633e+01 1.459165960367611490e-15
2.711807807807807791e+01 1.422676965613297180e-15
2.714809809809809948e+01 1.387126198781851062e-15
2.717811811811811751e+01 1.352488869661416580e-15
2.720813813813813908e+01 1.318740860741541528e-15
2.723815815815815711e+01 1.285858708476754349e-15
2.726817817817817868e+01 1.253819585085424964e-15
2.729819819819819671e+01 1.222601280868281403e-15
2.732821821821821828e+01 1.192182187031490162e-15
2.735823823823823986e+01 1.162541278999250779e-15
2.738825825825825788e+01 1.133658100201982423e-15
2.741827827827827946e+01 1.105512746325817806e-15
2.744829829829829748e+01 1.078085850010227670e-15
2.747831831831831906e+01 1.051358565980662427e-15
2.750833833833833708e+01 1.025312556603305776e-15
2.753835835835835866e+01 9.999299778499910225e-16
2.756837837837837668e+01 9.751934656610945705e-16
2.759839839839839826e+01 9.510861226948844843e-16
2.762841841841841983e+01 9.275915054522045317e-16
2.765843843843843786e+01 9.046936117654650410e-16
2.768845845845845943e+01 8.823768686413887670e-16
2.771847847847847746e+01 8.606261204473886106e-16
2.774849849849849903e+01 8.394266174313854034e-16
2.777851851851851706e+01 8.187640045656966567e-16
2.780853853853853863e+01 7.986243107053305552e-16
2.783855855855856021e+01 7.789939380518442383e-16
2.786857857857857823e+01 7.598596519137808450e-16
2.789859859859859981e+01 7.412085707551980700e-16
2.792861861861861783e+01 7.230281565239595331e-16
2.795863863863863941e+01 7.053062052516974211e-16
2.798865865865865743e+01 6.880308379177064908e-16
2.801867867867867901e+01 6.711904915690620671e-16
2.804869869869869703e+01 6.547739106897010637e-16
2.807871871871871861e+01 6.387701388111806980e-16
2.810873873873874018e+01 6.231685103583331628e-16
2.813875875875875820e+01 6.079586427229884661e-16
2.816877877877877978e+01 5.931304285591466981e-16
2.819879879879879780e+01 5.786740282934573595e-16
2.822881881881881938e+01 5.645798628446451655e-16
2.825883883883883740e+01 5.508386065460069869e-16
2.828885885885885898e+01 5.374411802651552771e-16
2.831887887887888056e+01 5.243787447153652615e-16
2.834889889889889858e+01 5.116426939530386718e-16
2.837891891891892016e+01 4.992246490560135475e-16
2.840893893893893818e+01 4.871164519775473452e-16
2.843895895895895976e+01 4.753101595709512714e-16
2.846897897897897778e+01 4.637980377800240472e-16
2.849899899899899935e+01 4.525725559905896084e-16
2.852901901901901738e+01 4.416263815385775960e-16
2.855903903903903895e+01 4.309523743700781469e-16
2.858905905905906053e+01 4.205435818492546093e-16
2.861907907907907855e+01 4.103932337097437459e-16
2.864909909909910013e+01 4.004947371455543533e-16
2.867911911911911815e+01 3.908416720375234916e-16
2.870913913913913973e+01 3.814277863114769378e-16
2.873915915915915775e+01 3.722469914243417444e-16
2.876917917917917933e+01 3.632933579746144851e-16
2.879919919919920090e+01 3.545611114337372753e-16
2.882921921921921893e+01 3.460446279948308541e-16
2.885923923923924050e+01 3.377384305355977311e-16
2.888925925925925853e+01 3.296371846921379914e-16
2.891927927927928010e+01 3.217356950405218756e-16
2.894929929929929813e+01 3.140289013831464556e-16
2.897931931931931970e+01 3.065118751368577849e-16
2.900933933933933773e+01 2.991798158200704080e-16
2.903935935935935930e+01 2.920280476359993152e-16
2.906937937937938088e+01 2.850520161494092883e-16
2.909939939939939890e+01 2.782472850541563177e-16
2.912941941941942048e+01 2.716095330290993384e-16
2.915943943943943850e+01 2.651345506797576459e-16
2.918945945945946008e+01 2.588182375634814168e-16
2.921947947947947810e+01 2.526565992956417944e-16
2.924949949949949968e+01 2.466457447346910906e-16
2.927951951951951770e+01 2.407818832438415462e-16
2.930953953953953928e+01 2.350613220272208940e-16
2.933955955955956085e+01 2.294804635384591572e-16
2.936957957957957888e+01 2.240358029596429748e-16
2.939959959959960045e+01 2.187239257487344013e-16
2.942961961961961848e+01 2.135415052534841965e-16
2.945963963963964005e+01 2.084853003900587776e-16
2.948965965965965808e+01 2.035521533845270594e-16
2.951967967967967965e+01 1.987389875754899811e-16
2.954969969969970123e+01 1.940428052761454500e-16
2.957971971971971925e+01 1.894606856941619016e-16
2.960973973973974083e+01 1.849897829077188531e-16
2.963975975975975885e+01 1.806273238961928391e-16
2.966977977977978043e+01 1.763706066239732025e-16
2.969979979979979845e+01 1.722169981759175340e-16
2.972981981981982003e+01 1.681639329430473458e-16
2.975983983983983805e+01 1.642089108570727551e-16
2.978985985985985963e+01 1.603494956724123888e-16
2.981987987987988120e+01 1.565833132944046424e-16
2.984989989989989922e+01 1.529080501524143461e-16
2.987991991991992080e+01 1.493214516166214921e-16
2.990993993993993882e+01 1.458213204572856125e-16
2.993995995995996040e+01 1.424055153453001704e-16
2.996997997997997842e+01 1.390719493929308368e-16
3.000000000000000000e+01 1.358185887336196374e-16
