1.000000000000000021e-02 1.980811725573636612e-10
5.003003003003003712e-02 1.940403889695298122e-06
9.006006006006006537e-02 2.719474766548181719e-05
1.300900900900901214e-01 1.167588001135594415e-04
1.701201201201201496e-01 3.075434034518261667e-04
2.101501501501501779e-01 6.235263150324303789e-04
2.501801801801802339e-01 1.076349264269097590e-03
2.902102102102102621e-01 1.668273114344740555e-03
3.302402402402402903e-01 2.395112404572618484e-03
3.702702702702703186e-01 3.248567935280624597e-03
4.103003003003003468e-01 4.217931400685492015e-03
4.503303303303303751e-01 5.291277728866767768e-03
4.903603603603604588e-01 6.456274018890505173e-03
5.303903903903904871e-01 7.700712698468065685e-03
5.704204204204205153e-01 9.012850566907594854e-03
6.104504504504505435e-01 1.038161315026864609e-02
6.504804804804805718e-01 1.179670672991974499e-02
6.905105105105106000e-01 1.324866790893148433e-02
7.305405405405406283e-01 1.472887163145440020e-02
7.705705705705706565e-01 1.622951223107240923e-02
8.106006006006006848e-01 1.774356761740040339e-02
8.506306306306307130e-01 1.926475357047686271e-02
8.906606606606607413e-01 2.078747290814498758e-02
9.306906906906907695e-01 2.230676274534846432e-02
9.707207207207209088e-01 2.381824198103440690e-02
1.010750750750750937e+00 2.531806039122619020e-02
1.050780780780780965e+00 2.680285017964910768e-02
1.090810810810810993e+00 2.826968047243026694e-02
1.130840840840841022e+00 2.971601499318238249e-02
1.170870870870871050e+00 3.113967298552643148e-02
1.210900900900901078e+00 3.253879333794960915e-02
1.250930930930931106e+00 3.391180179389292199e-02
1.290960960960961135e+00 3.525738108607192473e-02
1.330990990990991163e+00 3.657444380968238873e-02
1.371021021021021191e+00 3.786210783822903381e-02
1.411051051051051219e+00 3.911967408389792344e-02
1.451081081081081248e+00 4.034660640859089042e-02
1.491111111111111276e+00 4.154251349977457208e-02
1.531141141141141304e+00 4.270713253563488548e-02
1.571171171171171332e+00 4.384031447560177847e-02
1.611201201201201361e+00 4.494201082437989520e-02
1.651231231231231389e+00 4.601226172969574701e-02
1.691261261261261417e+00 4.705118528571570341e-02
1.731291291291291445e+00 4.805896792529964351e-02
1.771321321321321474e+00 4.903585579480681383e-02
1.811351351351351502e+00 4.998214701499975599e-02
1.851381381381381530e+00 5.089818474067943355e-02
1.891411411411411558e+00 5.178435094003319000e-02
1.931441441441441809e+00 5.264106082231119477e-02
1.971471471471471837e+00 5.346875784940242904e-02
2.011501501501501643e+00 5.426790927319990326e-02
2.051531531531531449e+00 5.503900214636978094e-02
2.091561561561561700e+00 5.578253975931913439e-02
2.131591591591591506e+00 5.649903846083578762e-02
2.171621621621621756e+00 5.718902482409440879e-02
2.211651651651651562e+00 5.785303312352888666e-02
2.251681681681681813e+00 5.849160309149829817e-02
2.291711711711711619e+00 5.910527792676136677e-02
2.331741741741741869e+00 5.969460252955122170e-02
2.371771771771771675e+00 6.026012194054414239e-02
2.411801801801801926e+00 6.080237996326319505e-02
2.451831831831831732e+00 6.132191795148450586e-02
2.491861861861861982e+00 6.181927374503239092e-02
2.531891891891891788e+00 6.229498073899020216e-02
2.571921921921922038e+00 6.274956707282765278e-02
2.611951951951952289e+00 6.318355492727327494e-02
2.651981981981982095e+00 6.359745991795538733e-02
2.692012012012012345e+00 6.399179057591221353e-02
2.732042042042042151e+00 6.436704790603967052e-02
2.772072072072072402e+00 6.472372501542028589e-02
2.812102102102102208e+00 6.506230680426332291e-02
2.852132132132132458e+00 6.538326971289504241e-02
2.892162162162162264e+00 6.568708151887941993e-02
2.932192192192192515e+00 6.597420117892553726e-02
2.972222222222222321e+00 6.624507871075954735e-02
3.012252252252252571e+00 6.650015511060834716e-02
3.052282282282282377e+00 6.673986230236729489e-02
3.092312312312312628e+00 6.696462311490694597e-02
3.132342342342342434e+00 6.717485128431989472e-02
3.172372372372372684e+00 6.737095147822201591e-02
3.212402402402402490e+00 6.755331933950485535e-02
3.252432432432432741e+00 6.772234154719111721e-02
3.292462462462462547e+00 6.787839589227664949e-02
3.332492492492492797e+00 6.802185136665118981e-02
3.372522522522522603e+00 6.815306826337881596e-02
3.412552552552552854e+00 6.827239828679056155e-02
3.452582582582582660e+00 6.838018467099560294e-02
3.492612612612612910e+00 6.847676230555843624e-02
3.532642642642642716e+00 6.856245786721515412e-02
3.572672672672672967e+00 6.863758995661711770e-02
3.612702702702702773e+00 6.870246923919445803e-02
3.652732732732733023e+00 6.875739858932486404e-02
3.692762762762762829e+00 6.880267323707929539e-02
3.732792792792793080e+00 6.883858091689241954e-02
3.772822822822822886e+00 6.886540201757572477e-02
3.812852852852853136e+00 6.888340973315408566e-02
3.852882882882883386e+00 6.889287021406390044e-02
3.892912912912913193e+00 6.889404271830258664e-02
3.932942942942943443e+00 6.888717976216537919e-02
3.972972972972973249e+00 6.887252727024870125e-02
4.013003003003003499e+00 6.885032472443659846e-02
4.053033033033033306e+00 6.882080531162169945e-02
4.093063063063063112e+00 6.878419606994373714e-02
4.133093093093093806e+00 6.874071803335597697e-02
4.173123123123123612e+00 6.869058637435621062e-02
4.213153153153153418e+00 6.863401054474142782e-02
4.253183183183183225e+00 6.857119441426626216e-02
4.293213213213213919e+00 6.850233640710363947e-02
4.333243243243243725e+00 6.842762963602321002e-02
4.373273273273273531e+00 6.834726203421795376e-02
4.413303303303303338e+00 6.826141648472293377e-02
4.453333333333334032e+00 6.817027094738262183e-02
4.493363363363363838e+00 6.807399858333398890e-02
4.533393393393393644e+00 6.797276787698169898e-02
4.573423423423423451e+00 6.786674275545173662e-02
4.613453453453454145e+00 6.775608270551640444e-02
4.653483483483483951e+00 6.764094288799110677e-02
4.693513513513513757e+00 6.752147424960938671e-02
4.733543543543543564e+00 6.739782363238809582e-02
4.773573573573574258e+00 6.727013388049928044e-02
4.813603603603604064e+00 6.713854394466983733e-02
4.853633633633633870e+00 6.700318898413359925e-02
4.893663663663663677e+00 6.686420046616328716e-02
4.933693693693694371e+00 6.672170626321358156e-02
4.973723723723724177e+00 6.657583074770773157e-02
5.013753753753753983e+00 6.642669488450328452e-02
5.053783783783783790e+00 6.627441632107355929e-02
5.093813813813814484e+00 6.611910947544323569e-02
5.133843843843844290e+00 6.596088562191756988e-02
5.173873873873874096e+00 6.579985297464566174e-02
5.213903903903904791e+00 6.563611676905931058e-02
5.253933933933934597e+00 6.546977934122891196e-02
5.293963963963964403e+00 6.530094020517897280e-02
5.333993993993994209e+00 6.512969612820555809e-02
5.374024024024024904e+00 6.495614120423857940e-02
5.414054054054054710e+00 6.478036692529119678e-02
5.454084084084084516e+00 6.460246225103936923e-02
5.494114114114114322e+00 6.442251367657358951e-02
5.534144144144145017e+00 6.424060529836496392e-02
5.574174174174174823e+00 6.405681887848781175e-02
5.614204204204204629e+00 6.387123390713943250e-02
5.654234234234234435e+00 6.368392766349852130e-02
5.694264264264265130e+00 6.349497527496253402e-02
5.734294294294294936e+00 6.330444977480355340e-02
5.774324324324324742e+00 6.311242215828211100e-02
5.814354354354354548e+00 6.291896143725766999e-02
5.854384384384385243e+00 6.272413469333351643e-02
5.894414414414415049e+00 6.252800712957345963e-02
5.934444444444444855e+00 6.233064212082703448e-02
5.974474474474474661e+00 6.213210126269894801e-02
6.014504504504505356e+00 6.193244441919824872e-02
6.054534534534535162e+00 6.173172976910130255e-02
6.094564564564564968e+00 6.153001385106277726e-02
6.134594594594594774e+00 6.132735160750730358e-02
6.174624624624625469e+00 6.112379642733441892e-02
6.214654654654655275e+00 6.091940018746817842e-02
6.254684684684685081e+00 6.071421329328225563e-02
6.294714714714714887e+00 6.050828471793099489e-02
6.334744744744745581e+00 6.030166204061547519e-02
6.374774774774775388e+00 6.009439148381348628e-02
6.414804804804805194e+00 5.988651794950142215e-02
6.454834834834835888e+00 5.967808505439548689e-02
6.494864864864865694e+00 5.946913516423876084e-02
6.534894894894895501e+00 5.925970942716012047e-02
6.574924924924925307e+00 5.904984780613049822e-02
6.614954954954956001e+00 5.883958911054092827e-02
6.654984984984985807e+00 5.862897102692660872e-02
6.695015015015015614e+00 5.841803014886028100e-02
6.735045045045045420e+00 5.820680200603780413e-02
6.775075075075076114e+00 5.799532109257808654e-02
6.815105105105105920e+00 5.778362089455894163e-02
6.855135135135135727e+00 5.757173391681002367e-02
6.895165165165165533e+00 5.735969170898320979e-02
6.935195195195196227e+00 5.714752489092039117e-02
6.975225225225226033e+00 5.693526317733803993e-02
7.015255255255255840e+00 5.672293540184741162e-02
7.055285285285285646e+00 5.651056954032870894e-02
7.095315315315316340e+00 5.629819273367710208e-02
7.135345345345346146e+00 5.608583130993789745e-02
7.175375375375375953e+00 5.587351080584765373e-02
7.215405405405405759e+00 5.566125598779789879e-02
7.255435435435436453e+00 5.544909087223703903e-02
7.295465465465466259e+00 5.523703874552630955e-02
7.335495495495496066e+00 5.502512218326459370e-02
7.375525525525525872e+00 5.481336306909692646e-02
7.415555555555556566e+00 5.460178261302087166e-02
7.455585585585586372e+00 5.439040136920448437e-02
7.495615615615616179e+00 5.417923925332965990e-02
7.535645645645645985e+00 5.396831555947351894e-02
7.575675675675676679e+00 5.375764897654101288e-02
7.615705705705706485e+00 5.354725760426051751e-02
7.655735735735736291e+00 5.333715896875516199e-02
7.695765765765766986e+00 5.312737003770087035e-02
7.735795795795796792e+00 5.291790723508286998e-02
7.775825825825826598e+00 5.270878645556163061e-02
7.815855855855856404e+00 5.250002307845875321e-02
7.855885885885887099e+00 5.229163198137352919e-02
7.895915915915916905e+00 5.208362755343994704e-02
7.935945945945946711e+00 5.187602370823436032e-02
7.975975975975976517e+00 5.166883389634290003e-02
8.016006006006007212e+00 5.146207111759843605e-02
8.056036036036037018e+00 5.125574793299563642e-02
8.096066066066066824e+00 5.104987647629324193e-02
8.136096096096096630e+00 5.084446846531189695e-02
8.176126126126126437e+00 5.063953521293583504e-02
8.216156156156156243e+00 5.043508763782649645e-02
8.256186186186187825e+00 5.023113627485589761e-02
8.296216216216217632e+00 5.002769128526741993e-02
8.336246246246247438e+00 4.982476246657112362e-02
8.376276276276277244e+00 4.962235926218117044e-02
8.416306306306307050e+00 4.942049077080203079e-02
8.456336336336336856e+00 4.921916575557033768e-02
8.496366366366366663e+00 4.901839265295903497e-02
8.536396396396396469e+00 4.881817958145012737e-02
8.576426426426428051e+00 4.861853434998233275e-02
8.616456456456457857e+00 4.841946446617965971e-02
8.656486486486487664e+00 4.822097714436673899e-02
8.696516516516517470e+00 4.802307931337668895e-02
8.736546546546547276e+00 4.782577762415717026e-02
8.776576576576577082e+00 4.762907845717961192e-02
8.816606606606606888e+00 4.743298792965752742e-02
8.856636636636636695e+00 4.723751190257837601e-02
8.896666666666668277e+00 4.704265598755429101e-02
8.936696696696698083e+00 4.684842555349650467e-02
8.976726726726727890e+00 4.665482573311786896e-02
9.016756756756757696e+00 4.646186142926840568e-02
9.056786786786787502e+00 4.626953732110800077e-02
9.096816816816817308e+00 4.607785787012084328e-02
9.136846846846847114e+00 4.588682732597543917e-02
9.176876876876878697e+00 4.569644973223465495e-02
9.216906906906908503e+00 4.550672893191948232e-02
9.256936936936938309e+00 4.531766857293045847e-02
9.296966966966968116e+00 4.512927211333053745e-02
9.336996996996997922e+00 4.494154282649297921e-02
9.377027027027027728e+00 4.475448380611783683e-02
9.417057057057057534e+00 4.456809797112047666e-02
9.457087087087087340e+00 4.438238807039551759e-02
9.497117117117118923e+00 4.419735668745928409e-02
9.537147147147148729e+00 4.401300624497431202e-02
9.577177177177178535e+00 4.382933900915845365e-02
9.617207207207208342e+00 4.364635709408212771e-02
9.657237237237238148e+00 4.346406246585622635e-02
9.697267267267267954e+00 4.328245694671370436e-02
9.737297297297297760e+00 4.310154221898766791e-02
9.777327327327327566e+00 4.292131982898830800e-02
9.817357357357359149e+00 4.274179119078187067e-02
9.857387387387388955e+00 4.256295758987363453e-02
9.897417417417418761e+00 4.238482018679758795e-02
9.937447447447448567e+00 4.220738002061541483e-02
9.977477477477478374e+00 4.203063801232679447e-02
1.001750750750750818e+01 4.185459496819347869e-02
1.005753753753753799e+01 4.167925158297935972e-02
1.009756756756756779e+01 4.150460844310858988e-02
1.013759759759759937e+01 4.133066602974396625e-02
1.017762762762762918e+01 4.115742472178757910e-02
1.021765765765765899e+01 4.098488479880564583e-02
1.025768768768768879e+01 4.081304644387955677e-02
1.029771771771771860e+01 4.064190974638503401e-02
1.033774774774774841e+01 4.047147470470106867e-02
1.037777777777777821e+01 4.030174122885070431e-02
1.041780780780780979e+01 4.013270914307504045e-02
1.045783783783783960e+01 3.996437818834255168e-02
1.049786786786786941e+01 3.979674802479496454e-02
1.053789789789789921e+01 3.962981823413167654e-02
1.057792792792792902e+01 3.946358832193392480e-02
1.061795795795795883e+01 3.929805771993051533e-02
1.065798798798798863e+01 3.913322578820641745e-02
1.069801801801801844e+01 3.896909181735571520e-02
1.073804804804805002e+01 3.880565503058031745e-02
1.077807807807807983e+01 3.864291458573581445e-02
1.081810810810810963e+01 3.848086957732572977e-02
1.085813813813813944e+01 3.831951903844561108e-02
1.089816816816816925e+01 3.815886194267805592e-02
1.093819819819819905e+01 3.799889720593997711e-02
1.097822822822822886e+01 3.783962368828334977e-02
1.101825825825825866e+01 3.768104019565051560e-02
1.105828828828829025e+01 3.752314548158525165e-02
1.109831831831832005e+01 3.736593824890063753e-02
1.113834834834834986e+01 3.720941715130485217e-02
1.117837837837837967e+01 3.705358079498598939e-02
1.121840840840840947e+01 3.689842774015671123e-02
1.125843843843843928e+01 3.674395650256011975e-02
1.129846846846846908e+01 3.659016555493729145e-02
1.133849849849849889e+01 3.643705332845796618e-02
1.137852852852853047e+01 3.628461821411483462e-02
1.141855855855856028e+01 3.613285856408274960e-02
1.145858858858859008e+01 3.598177269304331932e-02
1.149861861861861989e+01 3.583135887947607595e-02
1.153864864864864970e+01 3.568161536691683705e-02
1.157867867867867950e+01 3.553254036518416203e-02
1.161870870870870931e+01 3.538413205157471542e-02
1.165873873873874089e+01 3.523638857202814056e-02
1.169876876876877070e+01 3.508930804226249173e-02
1.173879879879880050e+01 3.494288854888053658e-02
1.177882882882883031e+01 3.479712815044810892e-02
1.181885885885886012e+01 3.465202487854483065e-02
1.185888888888888992e+01 3.450757673878804277e-02
1.189891891891891973e+01 3.436378171183059049e-02
1.193894894894894954e+01 3.422063775433312888e-02
1.197897897897898112e+01 3.407814279991142753e-02
1.201900900900901092e+01 3.393629476005956269e-02
1.205903903903904073e+01 3.379509152504920483e-02
1.209906906906907054e+01 3.365453096480602174e-02
1.213909909909910034e+01 3.351461092976337069e-02
1.217912912912913015e+01 3.337532925169408443e-02
1.221915915915915996e+01 3.323668374452074664e-02
1.225918918918918976e+01 3.309867220510510216e-02
1.229921921921922134e+01 3.296129241401698357e-02
1.233924924924925115e+01 3.282454213628330925e-02
1.237927927927928096e+01 3.268841912211768730e-02
1.241930930930931076e+01 3.255292110763102764e-02
1.245933933933934057e+01 3.241804581552365505e-02
1.249936936936937038e+01 3.228379095575929780e-02
1.253939939939940018e+01 3.215015422622159724e-02
1.257942942942942999e+01 3.201713331335331869e-02
1.261945945945946157e+01 3.188472589277879105e-02
1.265948948948949138e+01 3.175292962991008161e-02
1.269951951951952118e+01 3.162174218053703106e-02
1.273954954954955099e+01 3.149116119140187020e-02
1.277957957957958079e+01 3.136118430075855029e-02
1.281960960960961060e+01 3.123180913891724850e-02
1.285963963963964041e+01 3.110303332877442303e-02
1.289966966966967199e+01 3.097485448632867483e-02
1.293969969969970180e+01 3.084727022118293957e-02
1.297972972972973160e+01 3.072027813703308990e-02
1.301975975975976141e+01 3.059387583214350642e-02
1.305978978978979121e+01 3.046806089980985330e-02
1.309981981981982102e+01 3.034283092880924251e-02
1.313984984984985083e+01 3.021818350383835561e-02
1.317987987987988063e+01 3.009411620593952300e-02
1.321990990990991222e+01 2.997062661291527083e-02
1.325993993993994202e+01 2.984771229973156095e-02
1.329996996996997183e+01 2.972537083890981063e-02
1.334000000000000163e+01 2.960359980090835480e-02
1.338003003003003144e+01 2.948239675449317379e-02
1.342006006006006125e+01 2.936175926709844869e-02
1.346009009009009105e+01 2.924168490517706914e-02
1.350012012012012086e+01 2.912217123454131223e-02
1.354015015015015244e+01 2.900321582069403589e-02
1.358018018018018225e+01 2.888481622915053254e-02
1.362021021021021205e+01 2.876697002575120260e-02
1.366024024024024186e+01 2.864967477696549539e-02
1.370027027027027167e+01 2.853292805018707232e-02
1.374030030030030147e+01 2.841672741402058791e-02
1.378033033033033128e+01 2.830107043856016497e-02
1.382036036036036108e+01 2.818595469565989345e-02
1.386039039039039267e+01 2.807137775919637743e-02
1.390042042042042247e+01 2.795733720532373595e-02
1.394045045045045228e+01 2.784383061272100932e-02
1.398048048048048209e+01 2.773085556283235234e-02
1.402051051051051189e+01 2.761840964010004243e-02
1.406054054054054170e+01 2.750649043219060771e-02
1.410057057057057150e+01 2.739509553021411345e-02
1.414060060060060309e+01 2.728422252893684258e-02
1.418063063063063289e+01 2.717386902698757517e-02
1.422066066066066270e+01 2.706403262705746673e-02
1.426069069069069251e+01 2.695471093609386887e-02
1.430072072072072231e+01 2.684590156548813736e-02
1.434075075075075212e+01 2.673760213125751448e-02
1.438078078078078192e+01 2.662981025422142545e-02
1.442081081081081173e+01 2.652252356017207810e-02
1.446084084084084331e+01 2.641573968003972303e-02
1.450087087087087312e+01 2.630945625005255001e-02
1.454090090090090293e+01 2.620367091189144612e-02
1.458093093093093273e+01 2.609838131283966772e-02
1.462096096096096254e+01 2.599358510592763780e-02
1.466099099099099234e+01 2.588927995007290345e-02
1.470102102102102215e+01 2.578546351021539923e-02
1.474105105105105196e+01 2.568213345744818285e-02
1.478108108108108354e+01 2.557928746914365364e-02
1.482111111111111335e+01 2.547692322907545853e-02
1.486114114114114315e+01 2.537503842753615138e-02
1.490117117117117296e+01 2.527363076145066473e-02
1.494120120120120276e+01 2.517269793448582635e-02
1.498123123123123257e+01 2.507223765715587555e-02
1.502126126126126238e+01 2.497224764692412488e-02
1.506129129129129218e+01 2.487272562830094430e-02
1.510132132132132377e+01 2.477366933293801560e-02
1.514135135135135357e+01 2.467507649971909314e-02
1.518138138138138338e+01 2.457694487484719109e-02
1.522141141141141318e+01 2.447927221192848155e-02
1.526144144144144299e+01 2.438205627205286552e-02
1.530147147147147280e+01 2.428529482387122712e-02
1.534150150150150260e+01 2.418898564366970746e-02
1.538153153153153418e+01 2.409312651544073466e-02
1.542156156156156399e+01 2.399771523095124010e-02
1.546159159159159380e+01 2.390274958980781114e-02
1.550162162162162360e+01 2.380822739951909267e-02
1.554165165165165341e+01 2.371414647555540253e-02
1.558168168168168322e+01 2.362050464140560968e-02
1.562171171171171302e+01 2.352729972863146224e-02
1.566174174174174283e+01 2.343452957691923716e-02
1.570177177177177441e+01 2.334219203412902024e-02
1.574180180180180422e+01 2.325028495634140491e-02
1.578183183183183402e+01 2.315880620790197741e-02
1.582186186186186383e+01 2.306775366146332495e-02
1.586189189189189364e+01 2.297712519802491346e-02
1.590192192192192344e+01 2.288691870697072070e-02
1.594195195195195325e+01 2.279713208610471137e-02
1.598198198198198305e+01 2.270776324168424093e-02
1.602201201201201641e+01 2.261881008845145064e-02
1.606204204204204444e+01 2.253027054966266762e-02
1.610207207207207603e+01 2.244214255711581008e-02
1.614210210210210406e+01 2.235442405117608541e-02
1.618213213213213564e+01 2.226711298079961029e-02
1.622216216216216722e+01 2.218020730355551792e-02
1.626219219219219525e+01 2.209370498564612942e-02
1.630222222222222683e+01 2.200760400192547719e-02
1.634225225225225486e+01 2.192190233591632606e-02
1.638228228228228645e+01 2.183659797982533818e-02
1.642231231231231448e+01 2.175168893455693003e-02
1.646234234234234606e+01 2.166717320972542937e-02
1.650237237237237764e+01 2.158304882366586172e-02
1.654240240240240567e+01 2.149931380344329013e-02
1.658243243243243725e+01 2.141596618486065265e-02
1.662246246246246528e+01 2.133300401246540981e-02
1.666249249249249686e+01 2.125042533955468632e-02
1.670252252252252489e+01 2.116822822817929217e-02
1.674255255255255648e+01 2.108641074914635247e-02
1.678258258258258806e+01 2.100497098202082011e-02
1.682261261261261609e+01 2.092390701512574641e-02
1.686264264264264767e+01 2.084321694554139293e-02
1.690267267267267570e+01 2.076289887910328855e-02
1.694270270270270728e+01 2.068295093039909313e-02
1.698273273273273531e+01 2.060337122276455560e-02
1.702276276276276690e+01 2.052415788827824730e-02
1.706279279279279493e+01 2.044530906775547663e-02
1.710282282282282651e+01 2.036682291074110029e-02
1.714285285285285809e+01 2.028869757550150199e-02
1.718288288288288612e+01 2.021093122901557182e-02
1.722291291291291770e+01 2.013352204696477674e-02
1.726294294294294573e+01 2.005646821372253710e-02
1.730297297297297732e+01 1.997976792234247914e-02
1.734300300300300535e+01 1.990341937454619820e-02
1.738303303303303693e+01 1.982742078070992217e-02
1.742306306306306851e+01 1.975177035985069274e-02
1.746309309309309654e+01 1.967646633961156466e-02
1.750312312312312812e+01 1.960150695624620840e-02
1.754315315315315615e+01 1.952689045460287084e-02
1.758318318318318774e+01 1.945261508810743056e-02
1.762321321321321577e+01 1.937867911874609217e-02
1.766324324324324735e+01 1.930508081704720991e-02
1.770327327327327538e+01 1.923181846206260814e-02
1.774330330330330696e+01 1.915889034134826696e-02
1.778333333333333854e+01 1.908629475094448386e-02
1.782336336336336657e+01 1.901402999535537972e-02
1.786339339339339816e+01 1.894209438752792601e-02
1.790342342342342619e+01 1.887048624883050016e-02
1.794345345345345777e+01 1.879920390903076083e-02
1.798348348348348580e+01 1.872824570627327351e-02
1.802351351351351738e+01 1.865760998705644214e-02
1.806354354354354896e+01 1.858729510620911810e-02
1.810357357357357699e+01 1.851729942686672348e-02
1.814360360360360858e+01 1.844762132044694067e-02
1.818363363363363661e+01 1.837825916662502376e-02
1.822366366366366819e+01 1.830921135330864508e-02
1.826369369369369622e+01 1.824047627661246757e-02
1.830372372372372780e+01 1.817205234083223153e-02
1.834375375375375938e+01 1.810393795841856723e-02
1.838378378378378741e+01 1.803613154995045362e-02
1.842381381381381900e+01 1.796863154410827806e-02
1.846384384384384703e+01 1.790143637764670184e-02
1.850387387387387861e+01 1.783454449536709535e-02
1.854390390390390664e+01 1.776795435008979296e-02
1.858393393393393822e+01 1.770166440262595925e-02
1.862396396396396625e+01 1.763567312174930610e-02
1.866399399399399783e+01 1.756997898416740728e-02
1.870402402402402942e+01 1.750458047449292287e-02
1.874405405405405745e+01 1.743947608521446979e-02
1.878408408408408903e+01 1.737466431666729108e-02
1.882411411411411706e+01 1.731014367700375867e-02
1.886414414414414864e+01 1.724591268216361592e-02
1.890417417417417667e+01 1.718196985584404674e-02
1.894420420420420825e+01 1.711831372946953297e-02
1.898423423423423984e+01 1.705494284216161130e-02
1.902426426426426787e+01 1.699185574070832122e-02
1.906429429429429945e+01 1.692905097953363927e-02
1.910432432432432748e+01 1.686652712066665644e-02
1.914435435435435906e+01 1.680428273371066192e-02
1.918438438438438709e+01 1.674231639581208464e-02
1.922441441441441867e+01 1.668062669162929945e-02
1.926444444444445026e+01 1.661921221330130843e-02
1.930447447447447828e+01 1.655807156041631117e-02
1.934450450450450987e+01 1.649720333998018484e-02
1.938453453453453790e+01 1.643660616638485325e-02
1.942456456456456948e+01 1.637627866137652405e-02
1.946459459459459751e+01 1.631621945402394677e-02
1.950462462462462909e+01 1.625642718068647657e-02
1.954465465465465712e+01 1.619690048498213103e-02
1.958468468468468870e+01 1.613763801775555673e-02
1.962471471471472029e+01 1.607863843704596812e-02
1.966474474474474832e+01 1.601990040805496146e-02
1.970477477477477990e+01 1.596142260311437730e-02
1.974480480480480793e+01 1.590320370165401731e-02
1.978483483483483951e+01 1.584524239016942004e-02
1.982486486486486754e+01 1.578753736218955345e-02
1.986489489489489912e+01 1.573008731824444145e-02
1.990492492492493071e+01 1.567289096583287036e-02
1.994495495495495874e+01 1.561594701938999637e-02
1.998498498498499032e+01 1.555925420025495130e-02
2.002501501501501835e+01 1.550281123663849181e-02
2.006504504504504993e+01 1.544661686359056693e-02
2.010507507507507796e+01 1.539066982296795165e-02
2.014510510510510954e+01 1.533496886340186133e-02
2.018513513513513757e+01 1.527951274026558351e-02
2.022516516516516916e+01 1.522430021564207848e-02
2.026519519519520074e+01 1.516933005829169262e-02
2.030522522522522877e+01 1.511460104361978321e-02
2.034525525525526035e+01 1.506011195364445263e-02
2.038528528528528838e+01 1.500586157696427204e-02
2.042531531531531996e+01 1.495184870872602427e-02
2.046534534534534799e+01 1.489807215059254022e-02
2.050537537537537958e+01 1.484453071071047993e-02
2.054540540540541116e+01 1.479122320367828522e-02
2.058543543543543919e+01 1.473814845051403186e-02
2.062546546546547077e+01 1.468530527862343428e-02
2.066549549549549880e+01 1.463269252176788680e-02
2.070552552552553038e+01 1.458030902003248225e-02
2.074555555555555841e+01 1.452815361979421620e-02
2.078558558558559000e+01 1.447622517369012013e-02
2.082561561561562158e+01 1.442452254058554893e-02
2.086564564564564961e+01 1.437304458554248925e-02
2.090567567567568119e+01 1.432179017978793371e-02
2.094570570570570922e+01 1.427075820068237320e-02
2.098573573573574080e+01 1.421994753168825953e-02
2.102576576576576883e+01 1.416935706233867116e-02
2.106579579579580042e+01 1.411898568820594245e-02
2.110582582582582845e+01 1.406883231087044731e-02
2.114585585585586003e+01 1.401889583788939672e-02
2.118588588588589161e+01 1.396917518276579590e-02
2.122591591591591964e+01 1.391966926491741870e-02
2.126594594594595122e+01 1.387037700964588623e-02
2.130597597597597925e+01 1.382129734810586506e-02
2.134600600600601084e+01 1.377242921727428807e-02
2.138603603603603887e+01 1.372377155991976079e-02
2.142606606606607045e+01 1.367532332457195056e-02
2.146609609609610203e+01 1.362708346549115941e-02
2.150612612612613006e+01 1.357905094263794389e-02
2.154615615615616164e+01 1.353122472164284586e-02
2.158618618618618967e+01 1.348360377377623431e-02
2.162621621621622126e+01 1.343618707591819061e-02
2.166624624624624929e+01 1.338897361052860703e-02
2.170627627627628087e+01 1.334196236561723675e-02
2.174630630630630890e+01 1.329515233471399889e-02
2.178633633633634048e+01 1.324854251683926787e-02
2.182636636636637206e+01 1.320213191647432414e-02
2.186639639639640009e+01 1.315591954353194717e-02
2.190642642642643168e+01 1.310990441332699104e-02
2.194645645645645970e+01 1.306408554654723414e-02
2.198648648648649129e+01 1.301846196922418208e-02
2.202651651651651932e+01 1.297303271270411687e-02
2.206654654654655090e+01 1.292779681361912875e-02
2.210657657657658248e+01 1.288275331385838572e-02
2.214660660660661051e+01 1.283790126053940828e-02
2.218663663663664209e+01 1.279323970597951235e-02
2.222666666666667012e+01 1.274876770766738936e-02
2.226669669669670171e+01 1.270448432823469316e-02
2.230672672672672974e+01 1.266038863542792367e-02
2.234675675675676132e+01 1.261647970208020289e-02
2.238678678678679290e+01 1.257275660608340659e-02
2.242681681681682093e+01 1.252921843036018321e-02
2.246684684684685251e+01 1.248586426283626073e-02
2.250687687687688054e+01 1.244269319641279348e-02
2.254690690690691213e+01 1.239970432893883028e-02
2.258693693693694016e+01 1.235689676318395443e-02
2.262696696696697174e+01 1.231426960681094446e-02
2.266699699699699977e+01 1.227182197234866212e-02
2.270702702702703135e+01 1.222955297716498378e-02
2.274705705705706293e+01 1.218746174343989137e-02
2.278708708708709096e+01 1.214554739813868481e-02
2.282711711711712255e+01 1.210380907298525335e-02
2.286714714714715058e+01 1.206224590443559161e-02
2.290717717717718216e+01 1.202085703365129120e-02
2.294720720720721019e+01 1.197964160647326491e-02
2.298723723723724177e+01 1.193859877339555932e-02
2.302726726726727335e+01 1.189772768953925065e-02
2.306729729729730138e+01 1.185702751462652457e-02
2.310732732732733297e+01 1.181649741295483051e-02
2.314735735735736100e+01 1.177613655337119217e-02
2.318738738738739258e+01 1.173594410924659777e-02
2.322741741741742061e+01 1.169591925845058292e-02
2.326744744744745219e+01 1.165606118332583943e-02
2.330747747747748377e+01 1.161636907066304972e-02
2.334750750750751180e+01 1.157684211167575410e-02
2.338753753753754339e+01 1.153747950197540548e-02
2.342756756756757142e+01 1.149828044154650036e-02
2.346759759759760300e+01 1.145924413472187466e-02
2.350762762762763103e+01 1.142036979015808619e-02
2.354765765765766261e+01 1.138165662081092738e-02
2.358768768768769064e+01 1.134310384391109226e-02
2.362771771771772222e+01 1.130471068093988687e-02
2.366774774774775381e+01 1.126647635760518081e-02
2.370777777777778184e+01 1.122840010381737086e-02
2.374780780780781342e+01 1.119048115366550258e-02
2.378783783783784145e+01 1.115271874539355314e-02
2.382786786786787303e+01 1.111511212137676619e-02
2.386789789789790106e+01 1.107766052809818803e-02
2.390792792792793264e+01 1.104036321612522110e-02
2.394795795795796423e+01 1.100321944008641507e-02
2.398798798798799226e+01 1.096622845864828055e-02
2.402801801801802384e+01 1.092938953449228666e-02
2.406804804804805187e+01 1.089270193429195573e-02
2.410807807807808345e+01 1.085616492869005689e-02
2.414810810810811148e+01 1.081977779227595582e-02
2.418813813813814306e+01 1.078353980356307543e-02
2.422816816816817109e+01 1.074745024496644684e-02
2.426819819819820268e+01 1.071150840278043206e-02
2.430822822822823426e+01 1.067571356715649872e-02
2.434825825825826229e+01 1.064006503208117516e-02
2.438828828828829387e+01 1.060456209535407847e-02
2.442831831831832190e+01 1.056920405856609513e-02
2.446834834834835348e+01 1.053399022707764143e-02
2.450837837837838151e+01 1.049891990999709569e-02
2.454840840840841310e+01 1.046399242015926684e-02
2.458843843843844468e+01 1.042920707410406947e-02
2.462846846846847271e+01 1.039456319205524747e-02
2.466849849849850429e+01 1.036006009789922945e-02
2.470852852852853232e+01 1.032569711916413342e-02
2.474855855855856390e+01 1.029147358699884253e-02
2.478858858858859193e+01 1.025738883615220573e-02
2.482861861861862351e+01 1.022344220495238244e-02
2.486864864864865510e+01 1.018963303528625138e-02
2.490867867867868313e+01 1.015596067257899110e-02
2.494870870870871471e+01 1.012242446577370052e-02
2.498873873873874274e+01 1.008902376731122229e-02
2.502876876876877432e+01 1.005575793310998535e-02
2.506879879879880235e+01 1.002262632254602784e-02
2.510882882882883393e+01 9.989628298433105014e-03
2.514885885885886196e+01 9.956763227002909944e-03
2.518888888888889355e+01 9.924030477885394802e-03
2.522891891891892513e+01 9.891429424089225736e-03
2.526894894894895316e+01 9.858959441982334884e-03
2.530897897897898474e+01 9.826619911272567801e-03
2.534900900900901277e+01 9.794410214988467922e-03
2.538903903903904435e+01 9.762329739460146039e-03
2.542906906906907238e+01 9.730377874300271193e-03
2.546909909909910397e+01 9.698554012385165665e-03
2.550912912912913555e+01 9.666857549836000568e-03
2.554915915915916358e+01 9.635287886000116347e-03
2.558918918918919516e+01 9.603844423432412666e-03
2.562921921921922319e+01 9.572526567876904827e-03
2.566924924924925477e+01 9.541333728248316617e-03
2.570927927927928280e+01 9.510265316613820616e-03
2.574930930930931439e+01 9.479320748174886041e-03
2.578933933933934597e+01 9.448499441249199465e-03
2.582936936936937400e+01 9.417800817252731244e-03
2.586939939939940558e+01 9.387224300681838371e-03
2.590942942942943361e+01 9.356769319095568568e-03
2.594945945945946519e+01 9.326435303097959165e-03
2.598948948948949322e+01 9.296221686320542410e-03
2.602951951951952481e+01 9.266127905404836912e-03
2.606954954954955284e+01 9.236153399985059381e-03
2.610957957957958442e+01 9.206297612670838112e-03
2.614960960960961600e+01 9.176559989030110345e-03
2.618963963963964403e+01 9.146939977572023095e-03
2.622966966966967561e+01 9.117437029730030007e-03
2.626969969969970364e+01 9.088050599845024641e-03
2.630972972972973523e+01 9.058780145148589980e-03
2.634975975975976326e+01 9.029625125746348555e-03
2.638978978978979484e+01 9.000585004601409714e-03
2.642981981981982642e+01 8.971659247517907096e-03
2.646984984984985445e+01 8.942847323124640188e-03
2.650987987987988603e+01 8.914148702858781803e-03
2.654990990990991406e+01 8.885562860949759029e-03
2.658993993993994565e+01 8.857089274403104687e-03
2.662996996996997368e+01 8.828727422984556858e-03
2.667000000000000526e+01 8.800476789204083813e-03
2.671003003003003329e+01 8.772336858300160481e-03
2.675006006006006487e+01 8.744307118224020625e-03
2.679009009009009645e+01 8.716387059624053010e-03
2.683012012012012448e+01 8.688576175830312054e-03
2.687015015015015607e+01 8.660873962839035420e-03
2.691018018018018410e+01 8.633279919297368044e-03
2.695021021021021568e+01 8.605793546488067075e-03
2.699024024024024371e+01 8.578414348314380294e-03
2.703027027027027529e+01 8.551141831284950548e-03
2.707030030030030687e+01 8.523975504498865902e-03
2.711033033033033490e+01 8.496914879630753162e-03
2.715036036036036649e+01 8.469959470915975480e-03
2.719039039039039451e+01 8.443108795135935776e-03
2.723042042042042610e+01 8.416362371603433937e-03
2.727045045045045413e+01 8.389719722148136771e-03
2.731048048048048571e+01 8.363180371102119093e-03
2.735051051051051729e+01 8.336743845285510615e-03
2.739054054054054532e+01 8.310409673992194893e-03
2.743057057057057690e+01 8.284177388975622752e-03
2.747060060060060493e+01 8.258046524434710725e-03
2.751063063063063652e+01 8.232016616999781114e-03
2.755066066066066455e+01 8.206087205718668592e-03
2.759069069069069613e+01 8.180257832042795579e-03
2.763072072072072416e+01 8.154528039813452311e-03
2.767075075075075574e+01 8.128897375248056098e-03
2.771078078078078732e+01 8.103365386926563232e-03
2.775081081081081535e+01 8.077931625777927740e-03
2.779084084084084694e+01 8.052595645066639926e-03
2.783087087087087497e+01 8.027357000379370736e-03
2.787090090090090655e+01 8.002215249611652551e-03
2.791093093093093458e+01 7.977169952954703963e-03
2.795096096096096616e+01 7.952220672882259755e-03
2.799099099099099774e+01 7.927366974137534453e-03
2.803102102102102577e+01 7.902608423720243122e-03
2.807105105105105736e+01 7.877944590873701969e-03
2.811108108108108539e+01 7.853375047071993117e-03
2.815111111111111697e+01 7.828899366007236946e-03
2.819114114114114500e+01 7.804517123576926868e-03
2.823117117117117658e+01 7.780227897871299682e-03
2.827120120120120816e+01 7.756031269160862038e-03
2.831123123123123619e+01 7.731926819883930789e-03
2.835126126126126778e+01 7.707914134634254871e-03
2.839129129129129581e+01 7.683992800148735196e-03
2.843132132132132739e+01 7.660162405295197451e-03
2.847135135135135542e+01 7.636422541060260312e-03
2.851138138138138700e+01 7.612772800537235748e-03
2.855141141141141503e+01 7.589212778914151622e-03
2.859144144144144661e+01 7.565742073461806383e-03
2.863147147147147820e+01 7.542360283521943459e-03
2.867150150150150623e+01 7.519067010495418708e-03
2.871153153153153781e+01 7.495861857830518789e-03
2.875156156156156584e+01 7.472744431011311625e-03
2.879159159159159742e+01 7.449714337546055852e-03
2.883162162162162545e+01 7.426771186955732559e-03
2.887165165165165703e+01 7.403914590762560553e-03
2.891168168168168862e+01 7.381144162478672083e-03
2.895171171171171665e+01 7.358459517594800707e-03
2.899174174174174823e+01 7.335860273569035951e-03
2.903177177177177626e+01 7.313346049815690718e-03
2.907180180180180784e+01 7.290916467694170434e-03
2.911183183183183587e+01 7.268571150497987916e-03
2.915186186186186745e+01 7.246309723443754812e-03
2.919189189189189548e+01 7.224131813660323968e-03
2.923192192192192707e+01 7.202037050177945675e-03
2.927195195195195865e+01 7.180025063917485489e-03
2.931198198198198668e+01 7.158095487679762628e-03
2.935201201201201826e+01 7.136247956134872741e-03
2.939204204204204629e+01 7.114482105811649471e-03
2.943207207207207787e+01 7.092797575087134675e-03
2.947210210210210590e+01 7.071194004176150141e-03
2.951213213213213749e+01 7.049671035120897052e-03
2.955216216216216907e+01 7.028228311780668203e-03
2.959219219219219710e+01 7.006865479821553291e-03
2.963222222222222868e+01 6.985582186706278639e-03
2.967225225225225671e+01 6.964378081684048649e-03
2.971228228228228829e+01 6.943252815780482680e-03
2.975231231231231632e+01 6.922206041787619564e-03
2.979234234234234791e+01 6.901237414253932542e-03
2.983237237237237949e+01 6.880346589474469095e-03
2.987240240240240752e+01 6.859533225481010722e-03
2.991243243243243910e+01 6.838796982032281299e-03
2.995246246246246713e+01 6.818137520604273388e-03
2.999249249249249871e+01 6.797554504380553739e-03
3.003252252252252674e+01 6.777047598242689347e-03
3.007255255255255832e+01 6.756616468760700406e-03
3.011258258258258635e+01 6.736260784183594787e-03
3.015261261261261794e+01 6.715980214429912928e-03
3.019264264264264952e+01 6.695774431078392423e-03
3.023267267267267755e+01 6.675643107358644746e-03
3.027270270270270913e+01 6.655585918141884889e-03
3.031273273273273716e+01 6.635602539931767692e-03
3.035276276276276874e+01 6.615692650855211146e-03
3.039279279279279677e+01 6.595855930653326399e-03
3.043282282282282836e+01 6.576092060672377240e-03
3.047285285285285994e+01 6.556400723854806378e-03
3.051288288288288797e+01 6.536781604730305950e-03
3.055291291291291955e+01 6.517234389406948748e-03
3.059294294294294758e+01 6.497758765562361948e-03
3.063297297297297916e+01 6.478354422434971088e-03
3.067300300300300719e+01 6.459021050815296969e-03
3.071303303303303878e+01 6.439758343037275956e-03
3.075306306306307036e+01 6.420565992969660095e-03
3.079309309309309839e+01 6.401443696007475329e-03
3.083312312312312997e+01 6.382391149063485793e-03
3.087315315315315800e+01 6.363408050559781273e-03
3.091318318318318958e+01 6.344494100419341247e-03
3.095321321321321761e+01 6.325649000057703003e-03
3.099324324324324920e+01 6.306872452374642779e-03
3.103327327327327723e+01 6.288164161745947098e-03
3.107330330330330881e+01 6.269523834015200588e-03
3.111333333333334039e+01 6.250951176485613700e-03
3.115336336336336842e+01 6.232445897911960582e-03
3.119339339339340000e+01 6.214007708492481387e-03
3.123342342342342803e+01 6.195636319860908618e-03
3.127345345345345962e+01 6.177331445078478728e-03
3.131348348348348765e+01 6.159092798626065145e-03
3.135351351351351923e+01 6.140920096396256661e-03
3.139354354354355081e+01 6.122813055685593676e-03
3.143357357357357884e+01 6.104771395186774953e-03
3.147360360360361042e+01 6.086794834980933759e-03
3.151363363363363845e+01 6.068883096529971259e-03
3.155366366366367004e+01 6.051035902668913322e-03
3.159369369369369807e+01 6.033252977598351462e-03
3.163372372372372965e+01 6.015534046876869906e-03
3.167375375375375768e+01 5.997878837413581077e-03
3.171378378378378926e+01 5.980287077460659344e-03
3.175381381381382084e+01 5.962758496605948498e-03
3.179384384384384887e+01 5.945292825765593515e-03
3.183387387387388046e+01 5.927889797176720890e-03
3.187390390390390849e+01 5.910549144390190093e-03
3.191393393393394007e+01 5.893270602263333754e-03
3.195396396396396810e+01 5.876053906952792387e-03
3.199399399399399968e+01 5.858898795907367327e-03
3.203402402402402771e+01 5.841805007860931785e-03
3.207405405405405929e+01 5.824772282825347973e-03
3.211408408408408377e+01 5.807800362083478767e-03
3.215411411411411535e+01 5.790888988182196773e-03
3.219414414414414694e+01 5.774037904925466251e-03
3.223417417417417852e+01 5.757246857367451925e-03
3.227420420420420299e+01 5.740515591805652948e-03
3.231423423423423458e+01 5.723843855774120130e-03
3.235426426426426616e+01 5.707231398036672308e-03
3.239429429429429774e+01 5.690677968580176022e-03
3.243432432432432933e+01 5.674183318607860758e-03
3.247435435435435380e+01 5.657747200532658484e-03
3.251438438438438538e+01 5.641369367970617762e-03
3.255441441441441697e+01 5.625049575734318748e-03
3.259444444444444855e+01 5.608787579826353224e-03
3.263447447447448013e+01 5.592583137432835874e-03
3.267450450450450461e+01 5.576436006916945035e-03
3.271453453453453619e+01 5.560345947812511160e-03
3.275456456456456777e+01 5.544312720817653854e-03
3.279459459459459936e+01 5.528336087788438859e-03
3.283462462462462383e+01 5.512415811732575797e-03
3.287465465465465542e+01 5.496551656803146287e-03
3.291468468468468700e+01 5.480743388292413573e-03
3.295471471471471858e+01 5.464990772625593143e-03
3.299474474474475016e+01 5.449293577354735220e-03
3.303477477477477464e+01 5.433651571152603790e-03
3.307480480480480622e+01 5.418064523806572982e-03
3.311483483483483781e+01 5.402532206212622319e-03
3.315486486486486939e+01 5.387054390369312024e-03
3.319489489489489387e+01 5.371630849371813836e-03
3.323492492492492545e+01 5.356261357405966116e-03
3.327495495495495703e+01 5.340945689742406140e-03
3.331498498498498861e+01 5.325683622730673777e-03
3.335501501501502020e+01 5.310474933793387156e-03
3.339504504504504467e+01 5.295319401420467767e-03
3.343507507507507626e+01 5.280216805163348223e-03
3.347510510510510784e+01 5.265166925629270224e-03
3.351513513513513942e+01 5.250169544475580784e-03
3.355516516516517100e+01 5.235224444404069227e-03
3.359519519519519548e+01 5.220331409155357094e-03
3.363522522522522706e+01 5.205490223503281104e-03
3.367525525525525865e+01 5.190700673249350715e-03
3.371528528528529023e+01 5.175962545217218692e-03
3.375531531531531471e+01 5.161275627247184639e-03
3.379534534534534629e+01 5.146639708190731480e-03
3.383537537537537787e+01 5.132054577905090578e-03
3.387540540540540945e+01 5.117520027247859753e-03
3.391543543543544104e+01 5.103035848071627370e-03
3.395546546546546551e+01 5.088601833218635469e-03
3.399549549549549710e+01 5.074217776515474974e-03
3.403552552552552868e+01 5.059883472767822549e-03
3.407555555555556026e+01 5.045598717755199122e-03
3.411558558558558474e+01 5.031363308225751847e-03
3.415561561561561632e+01 5.017177041891082885e-03
3.419564564564564790e+01 5.003039717421091208e-03
3.423567567567567949e+01 4.988951134438864704e-03
3.427570570570571107e+01 4.974911093515587898e-03
3.431573573573573555e+01 4.960919396165480028e-03
3.435576576576576713e+01 4.946975844840766946e-03
3.439579579579579871e+01 4.933080242926681652e-03
3.443582582582583029e+01 4.919232394736496039e-03
3.447585585585585477e+01 4.905432105506583006e-03
3.451588588588588635e+01 4.891679181391492444e-03
3.455591591591591794e+01 4.877973429459082737e-03
3.459594594594594952e+01 4.864314657685647053e-03
3.463597597597598110e+01 4.850702674951114235e-03
3.467600600600600558e+01 4.837137291034224532e-03
3.471603603603603716e+01 4.823618316607766916e-03
3.475606606606606874e+01 4.810145563233846761e-03
3.479609609609610033e+01 4.796718843359163917e-03
3.483612612612613191e+01 4.783337970310321159e-03
3.487615615615615638e+01 4.770002758289172522e-03
3.491618618618618797e+01 4.756713022368184648e-03
3.495621621621621955e+01 4.743468578485832837e-03
3.499624624624625113e+01 4.730269243442034380e-03
3.503627627627627561e+01 4.717114834893571494e-03
3.507630630630630719e+01 4.704005171349588850e-03
3.511633633633633877e+01 4.690940072167080685e-03
3.515636636636637036e+01 4.677919357546429097e-03
3.519639639639640194e+01 4.664942848526944068e-03
3.523642642642642642e+01 4.652010366982460739e-03
3.527645645645645800e+01 4.639121735616919331e-03
3.531648648648648958e+01 4.626276777960014464e-03
3.535651651651652116e+01 4.613475318362850533e-03
3.539654654654654564e+01 4.600717181993611848e-03
3.543657657657657722e+01 4.588002194833268321e-03
3.547660660660660881e+01 4.575330183671318454e-03
3.551663663663664039e+01 4.562700976101539269e-03
3.555666666666667197e+01 4.550114400517763120e-03
3.559669669669669645e+01 4.537570286109681404e-03
3.563672672672672803e+01 4.525068462858678614e-03
3.567675675675675961e+01 4.512608761533682018e-03
3.571678678678679120e+01 4.500191013687043426e-03
3.575681681681682278e+01 4.487815051650427892e-03
3.579684684684684726e+01 4.475480708530758800e-03
3.583687687687687884e+01 4.463187818206141265e-03
3.587690690690691042e+01 4.450936215321849715e-03
3.591693693693694200e+01 4.438725735286319814e-03
3.595696696696696648e+01 4.426556214267171607e-03
3.599699699699699806e+01 4.414427489187230068e-03
3.603702702702702965e+01 4.402339397720608956e-03
3.607705705705706123e+01 4.390291778288796416e-03
3.611708708708709281e+01 4.378284470056750116e-03
3.615711711711711729e+01 4.366317312929040087e-03
3.619714714714714887e+01 4.354390147545995904e-03
3.623717717717718045e+01 4.342502815279885957e-03
3.627720720720721204e+01 4.330655158231115805e-03
3.631723723723723651e+01 4.318847019224439539e-03
3.635726726726726810e+01 4.307078241805215382e-03
3.639729729729729968e+01 4.295348670235653483e-03
3.643732732732733126e+01 4.283658149491105342e-03
3.647735735735736284e+01 4.272006525256381859e-03
3.651738738738738732e+01 4.260393643922051436e-03
3.655741741741741890e+01 4.248819352580823945e-03
3.659744744744745049e+01 4.237283499023880920e-03
3.663747747747748207e+01 4.225785931737297690e-03
3.667750750750751365e+01 4.214326499898435156e-03
3.671753753753753813e+01 4.202905053372381003e-03
3.675756756756756971e+01 4.191521442708384844e-03
3.679759759759760129e+01 4.180175519136345406e-03
3.683762762762763288e+01 4.168867134563298583e-03
3.687765765765765735e+01 4.157596141569923701e-03
3.691768768768768894e+01 4.146362393407075804e-03
3.695771771771772052e+01 4.135165743992341367e-03
3.699774774774775210e+01 4.124006047906605271e-03
3.703777777777778368e+01 4.112883160390646414e-03
3.707780780780780816e+01 4.101796937341739384e-03
3.711783783783783974e+01 4.090747235310287361e-03
3.715786786786787133e+01 4.079733911496470633e-03
3.719789789789790291e+01 4.068756823746915059e-03
3.723792792792792739e+01 4.057815830551382216e-03
3.727795795795795897e+01 4.046910791039463016e-03
3.731798798798799055e+01 4.036041564977304284e-03
3.735801801801802213e+01 4.025208012764366558e-03
3.739804804804805372e+01 4.014409995430162810e-03
3.743807807807807819e+01 4.003647374631062218e-03
3.747810810810810978e+01 3.992920012647050571e-03
3.751813813813814136e+01 3.982227772378592150e-03
3.755816816816817294e+01 3.971570517343428301e-03
3.759819819819820452e+01 3.960948111673443656e-03
3.763822822822822900e+01 3.950360420111534952e-03
3.767825825825826058e+01 3.939807308008491139e-03
3.771828828828829216e+01 3.929288641319910770e-03
3.775831831831832375e+01 3.918804286603110726e-03
3.779834834834834822e+01 3.908354111014077439e-03
3.783837837837837981e+01 3.897937982304407710e-03
3.787840840840841139e+01 3.887555768818305463e-03
3.791843843843844297e+01 3.877207339489551624e-03
3.795846846846847455e+01 3.866892563838528196e-03
3.799849849849849903e+01 3.856611311969231504e-03
3.803852852852853061e+01 3.846363454566316224e-03
3.807855855855856220e+01 3.836148862892162399e-03
3.811858858858859378e+01 3.825967408783942456e-03
3.815861861861861826e+01 3.815818964650710774e-03
3.819864864864864984e+01 3.805703403470514935e-03
3.823867867867868142e+01 3.795620598787516082e-03
3.827870870870871300e+01 3.785570424709144410e-03
3.831873873873874459e+01 3.775552755903229061e-03
3.835876876876876906e+01 3.765567467595189611e-03
3.839879879879880065e+01 3.755614435565219310e-03
3.843882882882883223e+01 3.745693536145486974e-03
3.847885885885886381e+01 3.735804646217354922e-03
3.851888888888889539e+01 3.725947643208619032e-03
3.855891891891891987e+01 3.716122405090755299e-03
3.859894894894895145e+01 3.706328810376184179e-03
3.863897897897898304e+01 3.696566738115555743e-03
3.867900900900901462e+01 3.686836067895040044e-03
3.871903903903903910e+01 3.677136679833653467e-03
3.875906906906907068e+01 3.667468454580558642e-03
3.879909909909910226e+01 3.657831273312425486e-03
3.883912912912913384e+01 3.648225017730791393e-03
3.887915915915916543e+01 3.638649570059414480e-03
3.891918918918918990e+01 3.629104813041666294e-03
3.895921921921922149e+01 3.619590629937938404e-03
3.899924924924925307e+01 3.610106904523050289e-03
3.903927927927928465e+01 3.600653521083672405e-03
3.907930930930930913e+01 3.591230364415789154e-03
3.911933933933934071e+01 3.581837319822128458e-03
3.915936936936937229e+01 3.572474273109660717e-03
3.919939939939940388e+01 3.563141110587063082e-03
3.923942942942943546e+01 3.553837719062230126e-03
3.927945945945945994e+01 3.544563985839785381e-03
3.931948948948949152e+01 3.535319798718605452e-03
3.935951951951952310e+01 3.526105045989361055e-03
3.939954954954955468e+01 3.516919616432075384e-03
3.943957957957957916e+01 3.507763399313692035e-03
3.947960960960961074e+01 3.498636284385643353e-03
3.951963963963964233e+01 3.489538161881465626e-03
3.955966966966967391e+01 3.480468922514393451e-03
3.959969969969970549e+01 3.471428457474983170e-03
3.963972972972972997e+01 3.462416658428751470e-03
3.967975975975976155e+01 3.453433417513818333e-03
3.971978978978979313e+01 3.444478627338564292e-03
3.975981981981982472e+01 3.435552180979314137e-03
3.979984984984985630e+01 3.426653971978013257e-03
3.983987987987988078e+01 3.417783894339940405e-03
3.987990990990991236e+01 3.408941842531387940e-03
3.991993993993994394e+01 3.400127711477426637e-03
3.995996996996997552e+01 3.391341396559612812e-03
4.000000000000000000e+01 3.382582793613749233e-03
