5.000000000000000000e-01 4.486782913435401099e+01
5.195195195195194682e-01 4.488563870600474814e+01
5.390390390390390474e-01 4.490336867473548210e+01
5.585585585585585155e-01 4.492101937676976320e+01
5.780780780780780947e-01 4.493859114711870717e+01
5.975975975975975629e-01 4.495608431958321916e+01
6.171171171171171421e-01 4.497349922675609690e+01
6.366366366366366103e-01 4.499083620002414108e+01
6.561561561561561895e-01 4.500809556957044322e+01
6.756756756756756577e-01 4.502527766437645340e+01
6.951951951951952369e-01 4.504238281222436768e+01
7.147147147147147050e-01 4.505941133969918155e+01
7.342342342342342842e-01 4.507636357219119816e+01
7.537537537537537524e-01 4.509323983389813151e+01
7.732732732732732206e-01 4.511004044782745126e+01
7.927927927927927998e-01 4.512676573579886252e+01
8.123123123123123790e-01 4.514341601844643037e+01
8.318318318318318472e-01 4.515999161522120886e+01
8.513513513513513153e-01 4.517649284439340107e+01
8.708708708708708945e-01 4.519292002305496680e+01
8.903903903903904737e-01 4.520927346712192474e+01
9.099099099099099419e-01 4.522555349133691749e+01
9.294294294294294101e-01 4.524176040927153508e+01
9.489489489489489893e-01 4.525789453332896528e+01
9.684684684684684575e-01 4.527395617474641654e+01
9.879879879879880367e-01 4.528994564359761199e+01
1.007507507507507505e+00 4.530586324879540427e+01
1.027027027027027195e+00 4.532170929809429794e+01
1.046546546546546441e+00 4.533748409809298607e+01
1.066066066066066131e+00 4.535318795423704330e+01
1.085585585585585600e+00 4.536882117082137000e+01
1.105105105105105068e+00 4.538438405099297057e+01
1.124624624624624758e+00 4.539987689675349003e+01
1.144144144144144004e+00 4.541530000896189279e+01
1.163663663663663694e+00 4.543065368733709875e+01
1.183183183183183163e+00 4.544593823046072600e+01
1.202702702702702631e+00 4.546115393577963459e+01
1.222222222222222321e+00 4.547630109960886102e+01
1.241741741741741789e+00 4.549138001713405544e+01
1.261261261261261257e+00 4.550639098241446590e+01
1.280780780780780947e+00 4.552133428838548213e+01
1.300300300300300194e+00 4.553621022686148478e+01
1.319819819819819884e+00 4.555101908853857395e+01
1.339339339339339352e+00 4.556576116299736157e+01
1.358858858858858820e+00 4.558043673870575674e+01
1.378378378378378510e+00 4.559504610302172978e+01
1.397897897897897979e+00 4.560958954219614014e+01
1.417417417417417447e+00 4.562406734137555731e+01
1.436936936936936915e+00 4.563847978460502475e+01
1.456456456456456383e+00 4.565282715483103715e+01
1.475975975975976073e+00 4.566710973390421202e+01
1.495495495495495542e+00 4.568132780258229531e+01
1.515015015015015010e+00 4.569548164053284722e+01
1.534534534534534478e+00 4.570957152633631893e+01
1.554054054054054168e+00 4.572359773748873124e+01
1.573573573573573636e+00 4.573756055040473711e+01
1.593093093093093104e+00 4.575146024042037851e+01
1.612612612612612573e+00 4.576529708179606359e+01
1.632132132132132263e+00 4.577907134771947284e+01
1.651651651651651731e+00 4.579278331030842253e+01
1.671171171171171199e+00 4.580643324061384192e+01
1.690690690690690667e+00 4.582002140862267225e+01
1.710210210210210358e+00 4.583354808326085106e+01
1.729729729729729826e+00 4.584701353239610455e+01
1.749249249249249294e+00 4.586041802284115221e+01
1.768768768768768762e+00 4.587376182035642813e+01
1.788288288288288230e+00 4.588704518965311507e+01
1.807807807807807920e+00 4.590026839439619266e+01
1.827327327327327389e+00 4.591343169720723694e+01
1.846846846846846857e+00 4.592653535966756806e+01
1.866366366366366325e+00 4.593957964232110669e+01
1.885885885885886015e+00 4.595256480467743643e+01
1.905405405405405483e+00 4.596549110521472414e+01
1.924924924924924952e+00 4.597835880138276110e+01
1.944444444444444420e+00 4.599116814960594013e+01
1.963963963963964110e+00 4.600391940528623991e+01
1.983483483483483578e+00 4.601661282280627319e+01
2.003003003003002824e+00 4.602924865553225686e+01
2.022522522522522515e+00 4.604182715581698204e+01
2.042042042042042205e+00 4.605434857500297596e+01
2.061561561561561895e+00 4.606681316342525179e+01
2.081081081081081141e+00 4.607922117041466237e+01
2.100600600600600387e+00 4.609157284430060031e+01
2.120120120120120077e+00 4.610386843241426647e+01
2.139639639639639768e+00 4.611610818109152632e+01
2.159159159159159458e+00 4.612829233567600795e+01
2.178678678678678704e+00 4.614042114052218579e+01
2.198198198198197950e+00 4.615249483899825833e+01
2.217717717717717640e+00 4.616451367348932422e+01
2.237237237237237331e+00 4.617647788540034526e+01
2.256756756756757021e+00 4.618838771515916619e+01
2.276276276276276267e+00 4.620024340221964820e+01
2.295795795795795957e+00 4.621204518506454662e+01
2.315315315315315203e+00 4.622379330120866570e+01
2.334834834834834894e+00 4.623548798720187136e+01
2.354354354354354584e+00 4.624712947863207546e+01
2.373873873873873830e+00 4.625871801012839768e+01
2.393393393393393520e+00 4.627025381536405035e+01
2.412912912912912766e+00 4.628173712705941512e+01
2.432432432432432456e+00 4.629316817698520481e+01
2.451951951951952147e+00 4.630454719596532698e+01
2.471471471471471837e+00 4.631587441387999604e+01
2.490990990990991083e+00 4.632715005966882416e+01
2.510510510510510773e+00 4.633837436133376997e+01
2.530030030030030019e+00 4.634954754594217974e+01
2.549549549549549710e+00 4.636066983962987820e+01
2.569069069069068956e+00 4.637174146760415994e+01
2.588588588588588646e+00 4.638276265414679500e+01
2.608108108108108336e+00 4.639373362261713396e+01
2.627627627627627582e+00 4.640465459545507088e+01
2.647147147147147273e+00 4.641552579418406310e+01
2.666666666666666963e+00 4.642634743941425057e+01
2.686186186186186209e+00 4.643711975084535482e+01
2.705705705705705899e+00 4.644784294726974849e+01
2.725225225225225145e+00 4.645851724657554627e+01
2.744744744744744835e+00 4.646914286574948960e+01
2.764264264264264526e+00 4.647972002088004473e+01
2.783783783783783772e+00 4.649024892716047219e+01
2.803303303303303462e+00 4.650072979889164060e+01
2.822822822822822708e+00 4.651116284948525958e+01
2.842342342342342398e+00 4.652154829146671489e+01
2.861861861861862089e+00 4.653188633647820893e+01
2.881381381381381335e+00 4.654217719528163144e+01
2.900900900900901025e+00 4.655242107776162186e+01
2.920420420420420715e+00 4.656261819292860338e+01
2.939939939939939961e+00 4.657276874892166774e+01
2.959459459459459651e+00 4.658287295301165187e+01
2.978978978978978898e+00 4.659293101160408668e+01
2.998498498498498588e+00 4.660294313024216706e+01
3.018018018018018278e+00 4.661290951360972912e+01
3.037537537537537524e+00 4.662283036553429127e+01
3.057057057057057214e+00 4.663270588898993907e+01
3.076576576576576461e+00 4.664253628610030944e+01
3.096096096096096151e+00 4.665232175814158211e+01
3.115615615615615841e+00 4.666206250554542834e+01
3.135135135135135087e+00 4.667175872790195257e+01
3.154654654654654777e+00 4.668141062396261276e+01
3.174174174174174468e+00 4.669101839164329704e+01
3.193693693693693714e+00 4.670058222802707348e+01
3.213213213213213404e+00 4.671010232936730233e+01
3.232732732732732650e+00 4.671957889109042839e+01
3.252252252252252340e+00 4.672901210779905767e+01
3.271771771771772030e+00 4.673840217327471436e+01
3.291291291291291277e+00 4.674774928048092448e+01
3.310810810810810967e+00 4.675705362156601552e+01
3.330330330330330213e+00 4.676631538786607933e+01
3.349849849849849903e+00 4.677553476990787829e+01
3.369369369369369593e+00 4.678471195741168032e+01
3.388888888888888840e+00 4.679384713929431427e+01
3.408408408408408530e+00 4.680294050367188419e+01
3.427927927927928220e+00 4.681199223786274644e+01
3.447447447447447466e+00 4.682100252839038745e+01
3.466966966966967156e+00 4.682997156098625169e+01
3.486486486486486402e+00 4.683889952059272588e+01
3.506006006006006093e+00 4.684778659136586754e+01
3.525525525525525783e+00 4.685663295667835371e+01
3.545045045045045029e+00 4.686543879912230892e+01
3.564564564564564719e+00 4.687420430051215448e+01
3.584084084084084409e+00 4.688292964188749323e+01
3.603603603603603656e+00 4.689161500351588785e+01
3.623123123123123346e+00 4.690026056489568163e+01
3.642642642642642592e+00 4.690886650475894015e+01
3.662162162162162282e+00 4.691743300107418690e+01
3.681681681681681972e+00 4.692596023104918146e+01
3.701201201201201219e+00 4.693444837113386114e+01
3.720720720720720909e+00 4.694289759702299847e+01
3.740240240240240155e+00 4.695130808365913566e+01
3.759759759759759845e+00 4.695968000523529184e+01
3.779279279279279535e+00 4.696801353519774125e+01
3.798798798798798781e+00 4.697630884624891223e+01
3.818318318318318472e+00 4.698456611034997366e+01
3.837837837837838162e+00 4.699278549872381205e+01
3.857357357357357408e+00 4.700096718185765354e+01
3.876876876876877098e+00 4.700911132950588467e+01
3.896396396396396344e+00 4.701721811069275248e+01
3.915915915915916035e+00 4.702528769371514983e+01
3.935435435435435725e+00 4.703332024614539364e+01
3.954954954954954971e+00 4.704131593483388230e+01
3.974474474474474661e+00 4.704927492591182414e+01
3.993993993993993907e+00 4.705719738479405123e+01
4.013513513513514042e+00 4.706508347618160570e+01
4.033033033033033732e+00 4.707293336406458906e+01
4.052552552552552534e+00 4.708074721172472721e+01
4.072072072072072224e+00 4.708852518173813451e+01
4.091591591591591914e+00 4.709626743597802800e+01
4.111111111111110716e+00 4.710397413561732805e+01
4.130630630630630407e+00 4.711164544113145070e+01
4.150150150150150097e+00 4.711928151230079465e+01
4.169669669669669787e+00 4.712688250821368996e+01
4.189189189189189477e+00 4.713444858726871445e+01
4.208708708708709167e+00 4.714197990717762110e+01
4.228228228228228858e+00 4.714947662496780367e+01
4.247747747747747660e+00 4.715693889698503227e+01
4.267267267267267350e+00 4.716436687889608237e+01
4.286786786786787040e+00 4.717176072569122880e+01
4.306306306306305842e+00 4.717912059168708083e+01
4.325825825825825532e+00 4.718644663052896249e+01
4.345345345345345223e+00 4.719373899519371207e+01
4.364864864864864913e+00 4.720099783799209803e+01
4.384384384384384603e+00 4.720822331057156163e+01
4.403903903903904293e+00 4.721541556391870387e+01
4.423423423423423984e+00 4.722257474836191449e+01
4.442942942942943674e+00 4.722970101357388018e+01
4.462462462462462476e+00 4.723679450857420647e+01
4.481981981981982166e+00 4.724385538173196863e+01
4.501501501501501856e+00 4.725088378076814877e+01
4.521021021021021546e+00 4.725787985275839276e+01
4.540540540540540349e+00 4.726484374413530531e+01
4.560060060060060039e+00 4.727177560069111451e+01
4.579579579579579729e+00 4.727867556758022261e+01
4.599099099099099419e+00 4.728554378932155799e+01
4.618618618618619109e+00 4.729238040980126812e+01
4.638138138138137911e+00 4.729918557227506426e+01
4.657657657657657602e+00 4.730595941937083637e+01
4.677177177177177292e+00 4.731270209309100494e+01
4.696696696696696982e+00 4.731941373481515001e+01
4.716216216216216672e+00 4.732609448530236307e+01
4.735735735735735474e+00 4.733274448469374818e+01
4.755255255255255165e+00 4.733936387251485911e+01
4.774774774774774855e+00 4.734595278767821469e+01
4.794294294294294545e+00 4.735251136848567910e+01
4.813813813813814235e+00 4.735903975263085641e+01
4.833333333333333925e+00 4.736553807720164855e+01
4.852852852852852727e+00 4.737200647868250059e+01
4.872372372372372418e+00 4.737844509295702267e+01
4.891891891891892108e+00 4.738485405531019268e+01
4.911411411411411798e+00 4.739123350043087868e+01
4.930930930930931488e+00 4.739758356241419790e+01
4.950450450450450290e+00 4.740390437476387575e+01
4.969969969969969981e+00 4.741019607039466877e+01
4.989489489489489671e+00 4.741645878163467387e+01
5.009009009009009361e+00 4.742269264022777975e+01
5.028528528528529051e+00 4.742889777733590506e+01
5.048048048048047853e+00 4.743507432354142139e+01
5.067567567567567544e+00 4.744122240884955488e+01
5.087087087087087234e+00 4.744734216269051075e+01
5.106606606606606924e+00 4.745343371392204546e+01
5.126126126126126614e+00 4.745949719083164808e+01
5.145645645645645416e+00 4.746553272113884248e+01
5.165165165165165106e+00 4.747154043199753914e+01
5.184684684684684797e+00 4.747752044999833032e+01
5.204204204204204487e+00 4.748347290117074238e+01
5.223723723723724177e+00 4.748939791098560192e+01
5.243243243243242979e+00 4.749529560435718167e+01
5.262762762762762669e+00 4.750116610564560204e+01
5.282282282282282360e+00 4.750700953865894149e+01
5.301801801801802050e+00 4.751282602665568078e+01
5.321321321321321740e+00 4.751861569234677063e+01
5.340840840840841430e+00 4.752437865789799076e+01
5.360360360360360232e+00 4.753011504493210992e+01
5.379879879879879923e+00 4.753582497453113120e+01
5.399399399399399613e+00 4.754150856723854446e+01
5.418918918918919303e+00 4.754716594306147925e+01
5.438438438438438993e+00 4.755279722147292176e+01
5.457957957957957795e+00 4.755840252141399560e+01
5.477477477477477485e+00 4.756398196129597267e+01
5.496996996996997176e+00 4.756953565900262504e+01
5.516516516516516866e+00 4.757506373189232107e+01
5.536036036036036556e+00 4.758056629680020677e+01
5.555555555555555358e+00 4.758604347004038004e+01
5.575075075075075048e+00 4.759149536740794417e+01
5.594594594594594739e+00 4.759692210418130998e+01
5.614114114114114429e+00 4.760232379512420664e+01
5.633633633633634119e+00 4.760770055448796256e+01
5.653153153153152921e+00 4.761305249601335277e+01
5.672672672672672611e+00 4.761837973293305737e+01
5.692192192192192302e+00 4.762368237797350901e+01
5.711711711711711992e+00 4.762896054335708840e+01
5.731231231231231682e+00 4.763421434080427019e+01
5.750750750750751372e+00 4.763944388153564091e+01
5.770270270270270174e+00 4.764464927627393820e+01
5.789789789789789864e+00 4.764983063524626061e+01
5.809309309309309555e+00 4.765498806818604294e+01
5.828828828828829245e+00 4.766012168433504570e+01
5.848348348348348935e+00 4.766523159244562180e+01
5.867867867867867737e+00 4.767031790078250708e+01
5.887387387387387427e+00 4.767538071712505143e+01
5.906906906906907118e+00 4.768042014876917278e+01
5.926426426426426808e+00 4.768543630252931109e+01
5.945945945945946498e+00 4.769042928474059551e+01
5.965465465465465300e+00 4.769539920126076282e+01
5.984984984984984990e+00 4.770034615747212570e+01
6.004504504504504681e+00 4.770527025828366874e+01
6.024024024024024371e+00 4.771017160813294566e+01
6.043543543543544061e+00 4.771505031098812566e+01
6.063063063063062863e+00 4.771990647034986210e+01
6.082582582582582553e+00 4.772474018925345973e+01
6.102102102102102243e+00 4.772955157027056572e+01
6.121621621621621934e+00 4.773434071551140079e+01
6.141141141141141624e+00 4.773910772662647872e+01
6.160660660660660426e+00 4.774385270480864563e+01
6.180180180180180116e+00 4.774857575079506233e+01
6.199699699699699806e+00 4.775327696486900209e+01
6.219219219219219497e+00 4.775795644686186847e+01
6.238738738738739187e+00 4.776261429615506415e+01
6.258258258258258877e+00 4.776725061168190223e+01
6.277777777777777679e+00 4.777186549192953890e+01
6.297297297297297369e+00 4.777645903494077828e+01
6.316816816816817060e+00 4.778103133831604055e+01
6.336336336336336750e+00 4.778558249921518808e+01
6.355855855855856440e+00 4.779011261435942259e+01
6.375375375375375242e+00 4.779462178003316097e+01
6.394894894894894932e+00 4.779911009208583295e+01
6.414414414414414622e+00 4.780357764593378533e+01
6.433933933933934313e+00 4.780802453656210815e+01
6.453453453453454003e+00 4.781245085852643939e+01
6.472972972972972805e+00 4.781685670595486215e+01
6.492492492492492495e+00 4.782124217254968102e+01
6.512012012012012185e+00 4.782560735158919840e+01
6.531531531531531876e+00 4.782995233592960460e+01
6.551051051051051566e+00 4.783427721800675414e+01
6.570570570570570368e+00 4.783858208983789240e+01
6.590090090090090058e+00 4.784286704302359539e+01
6.609609609609609748e+00 4.784713216874935426e+01
6.629129129129129439e+00 4.785137755778755064e+01
6.648648648648649129e+00 4.785560330049903399e+01
6.668168168168168819e+00 4.785980948683501879e+01
6.687687687687687621e+00 4.786399620633881113e+01
6.707207207207207311e+00 4.786816354814752827e+01
6.726726726726727001e+00 4.787231160099385363e+01
6.746246246246246692e+00 4.787644045320774921e+01
6.765765765765766382e+00 4.788055019271832435e+01
6.785285285285285184e+00 4.788464090705526388e+01
6.804804804804804874e+00 4.788871268335085318e+01
6.824324324324324564e+00 4.789276560834151297e+01
6.843843843843844255e+00 4.789679976836954722e+01
6.863363363363363945e+00 4.790081524938486268e+01
6.882882882882882747e+00 4.790481213694656049e+01
6.902402402402402437e+00 4.790879051622478357e+01
6.921921921921922127e+00 4.791275047200225856e+01
6.941441441441441818e+00 4.791669208867597973e+01
6.960960960960961508e+00 4.792061545025897118e+01
6.980480480480480310e+00 4.792452064038180026e+01
7.000000000000000000e+00 4.792840774229436818e+01
7.019519519519519690e+00 4.793227683886746604e+01
7.039039039039039380e+00 4.793612801259440914e+01
7.058558558558559071e+00 4.793996134559272804e+01
7.078078078078077873e+00 4.794377691960573884e+01
7.097597597597597563e+00 4.794757481600421301e+01
7.117117117117117253e+00 4.795135511578796894e+01
7.136636636636636943e+00 4.795511789958742810e+01
7.156156156156156634e+00 4.795886324766527764e+01
7.175675675675676324e+00 4.796259123991810469e+01
7.195195195195195126e+00 4.796630195587784584e+01
7.214714714714714816e+00 4.796999547471349956e+01
7.234234234234234506e+00 4.797367187523260412e+01
7.253753753753754197e+00 4.797733123588290738e+01
7.273273273273273887e+00 4.798097363475383759e+01
7.292792792792792689e+00 4.798459914957813766e+01
7.312312312312312379e+00 4.798820785773335018e+01
7.331831831831832069e+00 4.799179983624340906e+01
7.351351351351351759e+00 4.799537516178013163e+01
7.370870870870871450e+00 4.799893391066479609e+01
7.390390390390390252e+00 4.800247615886964780e+01
7.409909909909909942e+00 4.800600198201944835e+01
7.429429429429429632e+00 4.800951145539290366e+01
7.448948948948949322e+00 4.801300465392427697e+01
7.468468468468469013e+00 4.801648165220484543e+01
7.487987987987987815e+00 4.801994252448439227e+01
7.507507507507507505e+00 4.802338734467269177e+01
7.527027027027027195e+00 4.802681618634102989e+01
7.546546546546546885e+00 4.803022912272361822e+01
7.566066066066066576e+00 4.803362622671914295e+01
7.585585585585586266e+00 4.803700757089215756e+01
7.605105105105105068e+00 4.804037322747461758e+01
7.624624624624624758e+00 4.804372326836728746e+01
7.644144144144144448e+00 4.804705776514119009e+01
7.663663663663664138e+00 4.805037678903906340e+01
7.683183183183183829e+00 4.805368041097678855e+01
7.702702702702702631e+00 4.805696870154485367e+01
7.722222222222222321e+00 4.806024173100968966e+01
7.741741741741742011e+00 4.806349956931525469e+01
7.761261261261261701e+00 4.806674228608426347e+01
7.780780780780781392e+00 4.806996995061970779e+01
7.800300300300300194e+00 4.807318263190623497e+01
7.819819819819819884e+00 4.807638039861152635e+01
7.839339339339339574e+00 4.807956331908772540e+01
7.858858858858859264e+00 4.808273146137280918e+01
7.878378378378378954e+00 4.808588489319193116e+01
7.897897897897897757e+00 4.808902368195879973e+01
7.917417417417417447e+00 4.809214789477715613e+01
7.936936936936937137e+00 4.809525759844201076e+01
7.956456456456456827e+00 4.809835285944105010e+01
7.975975975975976517e+00 4.810143374395592986e+01
7.995495495495495319e+00 4.810450031786376002e+01
8.015015015015015010e+00 4.810755264673832698e+01
8.034534534534534700e+00 4.811059079585145781e+01
8.054054054054054390e+00 4.811361483017433471e+01
8.073573573573574080e+00 4.811662481437889483e+01
8.093093093093093771e+00 4.811962081283903814e+01
8.112612612612611684e+00 4.812260288963206989e+01
8.132132132132131375e+00 4.812557110853983744e+01
8.151651651651651065e+00 4.812852553305022951e+01
8.171171171171170755e+00 4.813146622635830596e+01
8.190690690690690445e+00 4.813439325136769753e+01
8.210210210210210136e+00 4.813730667069184221e+01
8.229729729729729826e+00 4.814020654665530685e+01
8.249249249249249516e+00 4.814309294129498085e+01
8.268768768768769206e+00 4.814596591636147593e+01
8.288288288288288896e+00 4.814882553332026305e+01
8.307807807807808587e+00 4.815167185335298683e+01
8.327327327327328277e+00 4.815450493735878013e+01
8.346846846846847967e+00 4.815732484595535823e+01
8.366366366366367657e+00 4.816013163948049680e+01
8.385885885885887348e+00 4.816292537799296269e+01
8.405405405405405261e+00 4.816570612127405582e+01
8.424924924924924952e+00 4.816847392882866785e+01
8.444444444444444642e+00 4.817122885988651859e+01
8.463963963963964332e+00 4.817397097340342071e+01
8.483483483483484022e+00 4.817670032806244507e+01
8.503003003003003712e+00 4.817941698227517122e+01
8.522522522522523403e+00 4.818212099418284566e+01
8.542042042042043093e+00 4.818481242165764655e+01
8.561561561561561007e+00 4.818749132230383481e+01
8.581081081081080697e+00 4.819015775345889097e+01
8.600600600600600387e+00 4.819281177219485812e+01
8.620120120120120077e+00 4.819545343531924431e+01
8.639639639639639768e+00 4.819808279937657858e+01
8.659159159159159458e+00 4.820069992064920683e+01
8.678678678678679148e+00 4.820330485515863472e+01
8.698198198198198838e+00 4.820589765866677112e+01
8.717717717717718529e+00 4.820847838667683760e+01
8.737237237237238219e+00 4.821104709443474690e+01
8.756756756756757909e+00 4.821360383693014029e+01
8.776276276276275823e+00 4.821614866889753159e+01
8.795795795795795513e+00 4.821868164481743690e+01
8.815315315315315203e+00 4.822120281891754701e+01
8.834834834834834894e+00 4.822371224517380739e+01
8.854354354354354584e+00 4.822620997731155512e+01
8.873873873873874274e+00 4.822869606880664861e+01
8.893393393393393964e+00 4.823117057288651921e+01
8.912912912912913654e+00 4.823363354253136492e+01
8.932432432432433345e+00 4.823608503047520202e+01
8.951951951951953035e+00 4.823852508920691662e+01
8.971471471471470949e+00 4.824095377097144421e+01
8.990990990990990639e+00 4.824337112777079284e+01
9.010510510510510329e+00 4.824577721136518704e+01
9.030030030030030019e+00 4.824817207327405555e+01
9.049549549549549710e+00 4.825055576477717523e+01
9.069069069069069400e+00 4.825292833691569427e+01
9.088588588588589090e+00 4.825528984049327619e+01
9.108108108108108780e+00 4.825764032607702347e+01
9.127627627627628470e+00 4.825997984399867136e+01
9.147147147147148161e+00 4.826230844435555412e+01
9.166666666666667851e+00 4.826462617701164248e+01
9.186186186186185765e+00 4.826693309159865208e+01
9.205705705705705455e+00 4.826922923751703109e+01
9.225225225225225145e+00 4.827151466393696921e+01
9.244744744744744835e+00 4.827378941979952032e+01
9.264264264264264526e+00 4.827605355381746932e+01
9.283783783783784216e+00 4.827830711447656142e+01
9.303303303303303906e+00 4.828055015003629080e+01
9.322822822822823596e+00 4.828278270853102327e+01
9.342342342342343287e+00 4.828500483777110475e+01
9.361861861861862977e+00 4.828721658534359307e+01
9.381381381381380891e+00 4.828941799861356543e+01
9.400900900900900581e+00 4.829160912472485023e+01
9.420420420420420271e+00 4.829379001060112842e+01
9.439939939939939961e+00 4.829596070294697796e+01
9.459459459459459651e+00 4.829812124824876207e+01
9.478978978978979342e+00 4.830027169277557419e+01
9.498498498498499032e+00 4.830241208258033225e+01
9.518018018018018722e+00 4.830454246350059577e+01
9.537537537537538412e+00 4.830666288115970275e+01
9.557057057057058103e+00 4.830877338096755125e+01
9.576576576576576016e+00 4.831087400812168653e+01
9.596096096096095707e+00 4.831296480760816792e+01
9.615615615615615397e+00 4.831504582420253513e+01
9.635135135135135087e+00 4.831711710247079594e+01
9.654654654654654777e+00 4.831917868677028594e+01
9.674174174174174468e+00 4.832123062125067037e+01
9.693693693693694158e+00 4.832327294985486787e+01
9.713213213213213848e+00 4.832530571631982497e+01
9.732732732732733538e+00 4.832732896417770974e+01
9.752252252252253228e+00 4.832934273675664372e+01
9.771771771771772919e+00 4.833134707718161138e+01
9.791291291291290833e+00 4.833334202837539806e+01
9.810810810810810523e+00 4.833532763305959179e+01
9.830330330330330213e+00 4.833730393375531520e+01
9.849849849849849903e+00 4.833927097278423446e+01
9.869369369369369593e+00 4.834122879226941905e+01
9.888888888888889284e+00 4.834317743413625124e+01
9.908408408408408974e+00 4.834511694011326455e+01
9.927927927927928664e+00 4.834704735173308876e+01
9.947447447447448354e+00 4.834896871033323862e+01
9.966966966966968045e+00 4.835088105705710149e+01
9.986486486486485958e+00 4.835278443285468342e+01
1.000600600600600565e+01 4.835467887848358970e+01
1.002552552552552534e+01 4.835656443450980646e+01
1.004504504504504503e+01 4.835844114130857463e+01
1.006456456456456472e+01 4.836030903906526390e+01
1.008408408408408441e+01 4.836216816777623251e+01
1.010360360360360410e+01 4.836401856724959458e+01
1.012312312312312379e+01 4.836586027710620073e+01
1.014264264264264348e+01 4.836769333678032723e+01
1.016216216216216317e+01 4.836951778552059977e+01
1.018168168168168286e+01 4.837133366239084609e+01
1.020120120120120077e+01 4.837314100627081359e+01
1.022072072072072046e+01 4.837493985585714285e+01
1.024024024024024015e+01 4.837673024966401414e+01
1.025975975975975985e+01 4.837851222602411383e+01
1.027927927927927954e+01 4.838028582308940173e+01
1.029879879879879923e+01 4.838205107883187850e+01
1.031831831831831892e+01 4.838380803104441696e+01
1.033783783783783861e+01 4.838555671734160768e+01
1.035735735735735830e+01 4.838729717516046236e+01
1.037687687687687799e+01 4.838902944176132337e+01
1.039639639639639590e+01 4.839075355422855296e+01
1.041591591591591559e+01 4.839246954947135038e+01
1.043543543543543528e+01 4.839417746422459032e+01
1.045495495495495497e+01 4.839587733504957612e+01
1.047447447447447466e+01 4.839756919833471471e+01
1.049399399399399435e+01 4.839925309029646883e+01
1.051351351351351404e+01 4.840092904698000353e+01
1.053303303303303373e+01 4.840259710425996786e+01
1.055255255255255342e+01 4.840425729784127640e+01
1.057207207207207311e+01 4.840590966325992639e+01
1.059159159159159280e+01 4.840755423588360173e+01
1.061111111111111072e+01 4.840919105091256824e+01
1.063063063063063041e+01 4.841082014338040551e+01
1.065015015015015010e+01 4.841244154815465350e+01
1.066966966966966979e+01 4.841405529993768653e+01
1.068918918918918948e+01 4.841566143326733140e+01
1.070870870870870917e+01 4.841725998251769880e+01
1.072822822822822886e+01 4.841885098189986536e+01
1.074774774774774855e+01 4.842043446546259133e+01
1.076726726726726824e+01 4.842201046709311640e+01
1.078678678678678793e+01 4.842357902051782759e+01
1.080630630630630584e+01 4.842514015930291293e+01
1.082582582582582553e+01 4.842669391685523550e+01
1.084534534534534522e+01 4.842824032642296572e+01
1.086486486486486491e+01 4.842977942109618539e+01
1.088438438438438460e+01 4.843131123380785397e+01
1.090390390390390429e+01 4.843283579733417099e+01
1.092342342342342398e+01 4.843435314429561345e+01
1.094294294294294367e+01 4.843586330715736921e+01
1.096246246246246336e+01 4.843736631823019678e+01
1.098198198198198305e+01 4.843886220967105061e+01
1.100150150150150274e+01 4.844035101348375605e+01
1.102102102102102066e+01 4.844183276151971285e+01
1.104054054054054035e+01 4.844330748547854881e+01
1.106006006006006004e+01 4.844477521690891564e+01
1.107957957957957973e+01 4.844623598720894364e+01
1.109909909909909942e+01 4.844768982762715837e+01
1.111861861861861911e+01 4.844913676926291402e+01
1.113813813813813880e+01 4.845057684306730295e+01
1.115765765765765849e+01 4.845201007984356067e+01
1.117717717717717818e+01 4.845343651024796117e+01
1.119669669669669787e+01 4.845485616479030710e+01
1.121621621621621578e+01 4.845626907383464044e+01
1.123573573573573547e+01 4.845767526759995292e+01
1.125525525525525516e+01 4.845907477616070480e+01
1.127477477477477485e+01 4.846046762944756381e+01
1.129429429429429455e+01 4.846185385724805172e+01
1.131381381381381424e+01 4.846323348920709151e+01
1.133333333333333393e+01 4.846460655482776048e+01
1.135285285285285362e+01 4.846597308347180189e+01
1.137237237237237331e+01 4.846733310436039943e+01
1.139189189189189300e+01 4.846868664657468884e+01
1.141141141141141269e+01 4.847003373905636181e+01
1.143093093093093060e+01 4.847137441060839791e+01
1.145045045045045029e+01 4.847270868989559034e+01
1.146996996996996998e+01 4.847403660544524229e+01
1.148948948948948967e+01 4.847535818564770693e+01
1.150900900900900936e+01 4.847667345875696299e+01
1.152852852852852905e+01 4.847798245289136077e+01
1.154804804804804874e+01 4.847928519603410535e+01
1.156756756756756843e+01 4.848058171603389610e+01
1.158708708708708812e+01 4.848187204060554478e+01
1.160660660660660781e+01 4.848315619733051562e+01
1.162612612612612573e+01 4.848443421365757899e+01
1.164564564564564542e+01 4.848570611690334431e+01
1.166516516516516511e+01 4.848697193425292795e+01
1.168468468468468480e+01 4.848823169276042222e+01
1.170420420420420449e+01 4.848948541934960588e+01
1.172372372372372418e+01 4.849073314081439179e+01
1.174324324324324387e+01 4.849197488381952326e+01
1.176276276276276356e+01 4.849321067490103587e+01
1.178228228228228325e+01 4.849444054046696095e+01
1.180180180180180294e+01 4.849566450679773055e+01
1.182132132132132085e+01 4.849688260004688800e+01
1.184084084084084054e+01 4.849809484624158529e+01
1.186036036036036023e+01 4.849930127128313728e+01
1.187987987987987992e+01 4.850050190094756175e+01
1.189939939939939961e+01 4.850169676088621884e+01
1.191891891891891930e+01 4.850288587662625162e+01
1.193843843843843899e+01 4.850406927357128950e+01
1.195795795795795868e+01 4.850524697700175381e+01
1.197747747747747837e+01 4.850641901207564644e+01
1.199699699699699806e+01 4.850758540382894779e+01
1.201651651651651775e+01 4.850874617717624915e+01
1.203603603603603567e+01 4.850990135691115768e+01
1.205555555555555536e+01 4.851105096770695724e+01
1.207507507507507505e+01 4.851219503411712708e+01
1.209459459459459474e+01 4.851333358057576817e+01
1.211411411411411443e+01 4.851446663139824977e+01
1.213363363363363412e+01 4.851559421078162870e+01
1.215315315315315381e+01 4.851671634280531009e+01
1.217267267267267350e+01 4.851783305143142400e+01
1.219219219219219319e+01 4.851894436050533699e+01
1.221171171171171288e+01 4.852005029375637690e+01
1.223123123123123079e+01 4.852115087479810285e+01
1.225075075075075048e+01 4.852224612712888785e+01
1.227027027027027017e+01 4.852333607413250149e+01
1.228978978978978986e+01 4.852442073907852205e+01
1.230930930930930955e+01 4.852550014512291199e+01
1.232882882882882924e+01 4.852657431530838750e+01
1.234834834834834894e+01 4.852764327256516452e+01
1.236786786786786863e+01 4.852870703971112931e+01
1.238738738738738832e+01 4.852976563945261290e+01
1.240690690690690801e+01 4.853081909438473218e+01
1.242642642642642770e+01 4.853186742699190148e+01
1.244594594594594561e+01 4.853291065964834416e+01
1.246546546546546530e+01 4.853394881461851895e+01
1.248498498498498499e+01 4.853498191405773809e+01
1.250450450450450468e+01 4.853600998001246580e+01
1.252402402402402437e+01 4.853703303442086536e+01
1.254354354354354406e+01 4.853805109911334625e+01
1.256306306306306375e+01 4.853906419581296916e+01
1.258258258258258344e+01 4.854007234613587229e+01
1.260210210210210313e+01 4.854107557159183273e+01
1.262162162162162282e+01 4.854207389358467850e+01
1.264114114114114074e+01 4.854306733341274338e+01
1.266066066066066043e+01 4.854405591226934291e+01
1.268018018018018012e+01 4.854503965124325759e+01
1.269969969969969981e+01 4.854601857131913789e+01
1.271921921921921950e+01 4.854699269337798029e+01
1.273873873873873919e+01 4.854796203819761047e+01
1.275825825825825888e+01 4.854892662645306700e+01
1.277777777777777857e+01 4.854988647871712004e+01
1.279729729729729826e+01 4.855084161546064792e+01
1.281681681681681795e+01 4.855179205705316292e+01
1.283633633633633764e+01 4.855273782376313108e+01
1.285585585585585555e+01 4.855367893575854765e+01
1.287537537537537524e+01 4.855461541310725693e+01
1.289489489489489493e+01 4.855554727577747087e+01
1.291441441441441462e+01 4.855647454363816706e+01
1.293393393393393431e+01 4.855739723645950079e+01
1.295345345345345400e+01 4.855831537391323849e+01
1.297297297297297369e+01 4.855922897557326934e+01
1.299249249249249338e+01 4.856013806091583973e+01
1.301201201201201307e+01 4.856104264932018566e+01
1.303153153153153276e+01 4.856194276006883115e+01
1.305105105105105068e+01 4.856283841234801457e+01
1.307057057057057037e+01 4.856372962524813630e+01
1.309009009009009006e+01 4.856461641776414950e+01
1.310960960960960975e+01 4.856549880879598646e+01
1.312912912912912944e+01 4.856637681714895649e+01
1.314864864864864913e+01 4.856725046153414382e+01
1.316816816816816882e+01 4.856811976056886948e+01
1.318768768768768851e+01 4.856898473277699679e+01
1.320720720720720820e+01 4.856984539658945010e+01
1.322672672672672789e+01 4.857070177034447056e+01
1.324624624624624758e+01 4.857155387228815613e+01
1.326576576576576549e+01 4.857240172057477423e+01
1.328528528528528518e+01 4.857324533326718097e+01
1.330480480480480487e+01 4.857408472833721191e+01
1.332432432432432456e+01 4.857491992366604450e+01
1.334384384384384425e+01 4.857575093704462432e+01
1.336336336336336394e+01 4.857657778617406308e+01
1.338288288288288364e+01 4.857740048866592986e+01
1.340240240240240333e+01 4.857821906204276985e+01
1.342192192192192302e+01 4.857903352373833172e+01
1.344144144144144271e+01 4.857984389109807921e+01
1.346096096096096062e+01 4.858065018137953928e+01
1.348048048048048031e+01 4.858145241175257922e+01
1.350000000000000000e+01 4.858225059929988277e+01
1.351951951951951969e+01 4.858304476101731240e+01
1.353903903903903938e+01 4.858383491381421493e+01
1.355855855855855907e+01 4.858462107451384071e+01
1.357807807807807876e+01 4.858540325985369890e+01
1.359759759759759845e+01 4.858618148648592694e+01
1.361711711711711814e+01 4.858695577097761742e+01
1.363663663663663783e+01 4.858772612981122307e+01
1.365615615615615575e+01 4.858849257938486943e+01
1.367567567567567544e+01 4.858925513601278112e+01
1.369519519519519513e+01 4.859001381592548796e+01
1.371471471471471482e+01 4.859076863527040757e+01
1.373423423423423451e+01 4.859151961011198040e+01
1.375375375375375420e+01 4.859226675643214577e+01
1.377327327327327389e+01 4.859301009013060479e+01
1.379279279279279358e+01 4.859374962702526091e+01
1.381231231231231327e+01 4.859448538285245434e+01
1.383183183183183296e+01 4.859521737326740265e+01
1.385135135135135265e+01 4.859594561384449207e+01
1.387087087087087056e+01 4.859667012007757592e+01
1.389039039039039025e+01 4.859739090738047906e+01
1.390990990990990994e+01 4.859810799108699797e+01
1.392942942942942963e+01 4.859882138645166805e+01
1.394894894894894932e+01 4.859953110864973524e+01
1.396846846846846901e+01 4.860023717277768895e+01
1.398798798798798870e+01 4.860093959385347517e+01
1.400750750750750839e+01 4.860163838681692283e+01
1.402702702702702808e+01 4.860233356652994985e+01
1.404654654654654777e+01 4.860302514777701077e+01
1.406606606606606569e+01 4.860371314526533837e+01
1.408558558558558538e+01 4.860439757362532021e+01
1.410510510510510507e+01 4.860507844741069761e+01
1.412462462462462476e+01 4.860575578109904882e+01
1.414414414414414445e+01 4.860642958909199507e+01
1.416366366366366414e+01 4.860709988571549189e+01
1.418318318318318383e+01 4.860776668522029809e+01
1.420270270270270352e+01 4.860843000178202544e+01
1.422222222222222321e+01 4.860908984950172140e+01
1.424174174174174290e+01 4.860974624240596853e+01
1.426126126126126259e+01 4.861039919444736057e+01
1.428078078078078050e+01 4.861104871950461614e+01
1.430030030030030019e+01 4.861169483138302638e+01
1.431981981981981988e+01 4.861233754381473204e+01
1.433933933933933957e+01 4.861297687045896510e+01
1.435885885885885926e+01 4.861361282490236135e+01
1.437837837837837895e+01 4.861424542065934418e+01
1.439789789789789864e+01 4.861487467117228078e+01
1.441741741741741833e+01 4.861550058981185174e+01
1.443693693693693803e+01 4.861612318987737069e+01
1.445645645645645772e+01 4.861674248459701175e+01
1.447597597597597563e+01 4.861735848712811503e+01
1.449549549549549532e+01 4.861797121055747084e+01
1.451501501501501501e+01 4.861858066790161814e+01
1.453453453453453470e+01 4.861918687210712164e+01
1.455405405405405439e+01 4.861978983605089155e+01
1.457357357357357408e+01 4.862038957254032567e+01
1.459309309309309377e+01 4.862098609431381391e+01
1.461261261261261346e+01 4.862157941404077377e+01
1.463213213213213315e+01 4.862216954432209803e+01
1.465165165165165284e+01 4.862275649769038210e+01
1.467117117117117253e+01 4.862334028661013008e+01
1.469069069069069045e+01 4.862392092347813843e+01
1.471021021021021014e+01 4.862449842062370919e+01
1.472972972972972983e+01 4.862507279030888441e+01
1.474924924924924952e+01 4.862564404472871615e+01
1.476876876876876921e+01 4.862621219601163602e+01
1.478828828828828890e+01 4.862677725621962566e+01
1.480780780780780859e+01 4.862733923734845831e+01
1.482732732732732828e+01 4.862789815132803284e+01
1.484684684684684797e+01 4.862845401002258683e+01
1.486636636636636766e+01 4.862900682523100215e+01
1.488588588588588557e+01 4.862955660868698970e+01
1.490540540540540526e+01 4.863010337205939493e+01
1.492492492492492495e+01 4.863064712695241809e+01
1.494444444444444464e+01 4.863118788490595534e+01
1.496396396396396433e+01 4.863172565739571240e+01
1.498348348348348402e+01 4.863226045583353851e+01
1.500300300300300371e+01 4.863279229156768935e+01
1.502252252252252340e+01 4.863332117588305437e+01
1.504204204204204309e+01 4.863384712000133447e+01
1.506156156156156278e+01 4.863437013508139017e+01
1.508108108108108247e+01 4.863489023221943341e+01
1.510060060060060039e+01 4.863540742244929760e+01
1.512012012012012008e+01 4.863592171674259390e+01
1.513963963963963977e+01 4.863643312600908075e+01
1.515915915915915946e+01 4.863694166109680594e+01
1.517867867867867915e+01 4.863744733279235533e+01
1.519819819819819884e+01 4.863795015182114412e+01
1.521771771771771853e+01 4.863845012884752350e+01
1.523723723723723822e+01 4.863894727447521404e+01
1.525675675675675791e+01 4.863944159924731281e+01
1.527627627627627760e+01 4.863993311364672678e+01
1.529579579579579551e+01 4.864042182809622261e+01
1.531531531531531520e+01 4.864090775295879610e+01
1.533483483483483489e+01 4.864139089853778586e+01
1.535435435435435458e+01 4.864187127507717889e+01
1.537387387387387427e+01 4.864234889276182372e+01
1.539339339339339396e+01 4.864282376171759381e+01
1.541291291291291365e+01 4.864329589201167181e+01
1.543243243243243334e+01 4.864376529365274138e+01
1.545195195195195303e+01 4.864423197659115772e+01
1.547147147147147273e+01 4.864469595071933838e+01
1.549099099099099064e+01 4.864515722587168511e+01
1.551051051051051033e+01 4.864561581182513095e+01
1.553003003003003002e+01 4.864607171829908339e+01
1.554954954954954971e+01 4.864652495495576545e+01
1.556906906906906940e+01 4.864697553140045017e+01
1.558858858858858909e+01 4.864742345718156002e+01
1.560810810810810878e+01 4.864786874179097254e+01
1.562762762762762847e+01 4.864831139466418364e+01
1.564714714714714816e+01 4.864875142518052797e+01
1.566666666666666785e+01 4.864918884266338495e+01
1.568618618618618754e+01 4.864962365638032082e+01
1.570570570570570545e+01 4.865005587554342981e+01
1.572522522522522515e+01 4.865048550930938376e+01
1.574474474474474484e+01 4.865091256677970932e+01
1.576426426426426453e+01 4.865133705700102240e+01
1.578378378378378422e+01 4.865175898896506368e+01
1.580330330330330391e+01 4.865217837160914627e+01
1.582282282282282360e+01 4.865259521381613439e+01
1.584234234234234329e+01 4.865300952441469207e+01
1.586186186186186298e+01 4.865342131217956734e+01
1.588138138138138267e+01 4.865383058583164910e+01
1.590090090090090058e+01 4.865423735403827976e+01
1.592042042042042027e+01 4.865464162541332627e+01
1.593993993993993996e+01 4.865504340851747145e+01
1.595945945945945965e+01 4.865544271185834901e+01
1.597897897897897934e+01 4.865583954389074250e+01
1.599849849849849903e+01 4.865623391301671319e+01
1.601801801801801872e+01 4.865662582758589849e+01
1.603753753753753841e+01 4.865701529589559726e+01
1.605705705705705810e+01 4.865740232619099004e+01
1.607657657657657779e+01 4.865778692666531668e+01
1.609609609609609748e+01 4.865816910546004692e+01
1.611561561561561717e+01 4.865854887066502243e+01
1.613513513513513686e+01 4.865892623031875530e+01
1.615465465465465655e+01 4.865930119240844220e+01
1.617417417417417624e+01 4.865967376487024154e+01
1.619369369369369593e+01 4.866004395558942264e+01
1.621321321321321562e+01 4.866041177240051496e+01
1.623273273273273531e+01 4.866077722308757103e+01
1.625225225225225500e+01 4.866114031538416640e+01
1.627177177177177470e+01 4.866150105697369099e+01
1.629129129129129439e+01 4.866185945548956937e+01
1.631081081081081052e+01 4.866221551851526073e+01
1.633033033033033021e+01 4.866256925358455021e+01
1.634984984984984990e+01 4.866292066818164841e+01
1.636936936936936959e+01 4.866326976974141871e+01
1.638888888888888928e+01 4.866361656564946259e+01
1.640840840840840897e+01 4.866396106324238247e+01
1.642792792792792866e+01 4.866430326980783150e+01
1.644744744744744835e+01 4.866464319258469828e+01
1.646696696696696804e+01 4.866498083876336977e+01
1.648648648648648773e+01 4.866531621548570286e+01
1.650600600600600742e+01 4.866564932984535830e+01
1.652552552552552712e+01 4.866598018888786470e+01
1.654504504504504681e+01 4.866630879961076062e+01
1.656456456456456650e+01 4.866663516896380060e+01
1.658408408408408619e+01 4.866695930384904756e+01
1.660360360360360588e+01 4.866728121112108596e+01
1.662312312312312201e+01 4.866760089758716390e+01
1.664264264264264170e+01 4.866791837000727128e+01
1.666216216216216139e+01 4.866823363509429612e+01
1.668168168168168108e+01 4.866854669951433721e+01
1.670120120120120077e+01 4.866885756988659750e+01
1.672072072072072046e+01 4.866916625278371100e+01
1.674024024024024015e+01 4.866947275473183510e+01
1.675975975975975985e+01 4.866977708221074295e+01
1.677927927927927954e+01 4.867007924165403665e+01
1.679879879879879923e+01 4.867037923944923250e+01
1.681831831831831892e+01 4.867067708193796705e+01
1.683783783783783861e+01 4.867097277541606815e+01
1.685735735735735830e+01 4.867126632613371839e+01
1.687687687687687799e+01 4.867155774029559012e+01
1.689639639639639768e+01 4.867184702406098040e+01
1.691591591591591737e+01 4.867213418354395316e+01
1.693543543543543706e+01 4.867241922481345284e+01
1.695495495495495675e+01 4.867270215389346077e+01
1.697447447447447644e+01 4.867298297676312302e+01
1.699399399399399613e+01 4.867326169935685698e+01
1.701351351351351582e+01 4.867353832756450061e+01
1.703303303303303196e+01 4.867381286723144029e+01
1.705255255255255165e+01 4.867408532415873879e+01
1.707207207207207134e+01 4.867435570410322754e+01
1.709159159159159103e+01 4.867462401277771988e+01
1.711111111111111072e+01 4.867489025585104656e+01
1.713063063063063041e+01 4.867515443894816940e+01
1.715015015015015010e+01 4.867541656765045843e+01
1.716966966966966979e+01 4.867567664749557821e+01
1.718918918918918948e+01 4.867593468397779333e+01
1.720870870870870917e+01 4.867619068254801817e+01
1.722822822822822886e+01 4.867644464861393772e+01
1.724774774774774855e+01 4.867669658754016382e+01
1.726726726726726824e+01 4.867694650464826367e+01
1.728678678678678793e+01 4.867719440521696583e+01
1.730630630630630762e+01 4.867744029448226684e+01
1.732582582582582731e+01 4.867768417763743827e+01
1.734534534534534700e+01 4.867792605983331811e+01
1.736486486486486669e+01 4.867816594617825388e+01
1.738438438438438638e+01 4.867840384173833002e+01
1.740390390390390607e+01 4.867863975153743894e+01
1.742342342342342576e+01 4.867887368055733077e+01
1.744294294294294190e+01 4.867910563373784782e+01
1.746246246246246159e+01 4.867933561597693171e+01
1.748198198198198128e+01 4.867956363213074411e+01
1.750150150150150097e+01 4.867978968701383025e+01
1.752102102102102066e+01 4.868001378539914725e+01
1.754054054054054035e+01 4.868023593201822763e+01
1.756006006006006004e+01 4.868045613156122897e+01
1.757957957957957973e+01 4.868067438867711871e+01
1.759909909909909942e+01 4.868089070797367413e+01
1.761861861861861911e+01 4.868110509401769548e+01
1.763813813813813880e+01 4.868131755133493499e+01
1.765765765765765849e+01 4.868152808441038815e+01
1.767717717717717818e+01 4.868173669768829370e+01
1.769669669669669787e+01 4.868194339557224026e+01
1.771621621621621756e+01 4.868214818242522313e+01
1.773573573573573725e+01 4.868235106256987166e+01
1.775525525525525694e+01 4.868255204028835692e+01
1.777477477477477663e+01 4.868275111982264747e+01
1.779429429429429632e+01 4.868294830537448803e+01
1.781381381381381601e+01 4.868314360110559136e+01
1.783333333333333570e+01 4.868333701113763823e+01
1.785285285285285184e+01 4.868352853955241244e+01
1.787237237237237153e+01 4.868371819039188608e+01
1.789189189189189122e+01 4.868390596765831901e+01
1.791141141141141091e+01 4.868409187531432281e+01
1.793093093093093060e+01 4.868427591728292469e+01
1.795045045045045029e+01 4.868445809744775232e+01
1.796996996996996998e+01 4.868463841965296979e+01
1.798948948948948967e+01 4.868481688770352633e+01
1.800900900900900936e+01 4.868499350536508530e+01
1.802852852852852905e+01 4.868516827636422306e+01
1.804804804804804874e+01 4.868534120438845036e+01
1.806756756756756843e+01 4.868551229308628336e+01
1.808708708708708812e+01 4.868568154606739284e+01
1.810660660660660781e+01 4.868584896690259001e+01
1.812612612612612750e+01 4.868601455912395437e+01
1.814564564564564719e+01 4.868617832622496877e+01
1.816516516516516688e+01 4.868634027166046963e+01
1.818468468468468657e+01 4.868650039884678193e+01
1.820420420420420626e+01 4.868665871116184007e+01
1.822372372372372595e+01 4.868681521194520911e+01
1.824324324324324564e+01 4.868696990449812745e+01
1.826276276276276178e+01 4.868712279208371996e+01
1.828228228228228147e+01 4.868727387792682038e+01
1.830180180180180116e+01 4.868742316521431945e+01
1.832132132132132085e+01 4.868757065709504417e+01
1.834084084084084054e+01 4.868771635667992825e+01
1.836036036036036023e+01 4.868786026704199088e+01
1.837987987987987992e+01 4.868800239121643614e+01
1.839939939939939961e+01 4.868814273220083777e+01
1.841891891891891930e+01 4.868828129295499707e+01
1.843843843843843899e+01 4.868841807640116315e+01
1.845795795795795868e+01 4.868855308542404003e+01
1.847747747747747837e+01 4.868868632287085774e+01
1.849699699699699806e+01 4.868881779155139355e+01
1.851651651651651775e+01 4.868894749423811419e+01
1.853603603603603744e+01 4.868907543366621127e+01
1.855555555555555713e+01 4.868920161253357293e+01
1.857507507507507682e+01 4.868932603350099697e+01
1.859459459459459651e+01 4.868944869919209140e+01
1.861411411411411621e+01 4.868956961219345914e+01
1.863363363363363590e+01 4.868968877505464832e+01
1.865315315315315203e+01 4.868980619028832990e+01
1.867267267267267172e+01 4.868992186037021952e+01
1.869219219219219141e+01 4.869003578773924801e+01
1.871171171171171110e+01 4.869014797479752588e+01
1.873123123123123079e+01 4.869025842391041436e+01
1.875075075075075048e+01 4.869036713740664624e+01
1.877027027027027017e+01 4.869047411757829025e+01
1.878978978978978986e+01 4.869057936668084352e+01
1.880930930930930955e+01 4.869068288693325286e+01
1.882882882882882924e+01 4.869078468051803554e+01
1.884834834834834894e+01 4.869088474958125090e+01
1.886786786786786863e+01 4.869098309623252163e+01
1.888738738738738832e+01 4.869107972254516881e+01
1.890690690690690801e+01 4.869117463055626160e+01
1.892642642642642770e+01 4.869126782226652495e+01
1.894594594594594739e+01 4.869135929964053844e+01
1.896546546546546708e+01 4.869144906460670796e+01
1.898498498498498677e+01 4.869153711905729409e+01
1.900450450450450646e+01 4.869162346484850445e+01
1.902402402402402615e+01 4.869170810380047953e+01
1.904354354354354584e+01 4.869179103769736372e+01
1.906306306306306197e+01 4.869187226828736215e+01
1.908258258258258167e+01 4.869195179728270517e+01
1.910210210210210136e+01 4.869202962635979759e+01
1.912162162162162105e+01 4.869210575715914047e+01
1.914114114114114074e+01 4.869218019128543773e+01
1.916066066066066043e+01 4.869225293030761748e+01
1.918018018018018012e+01 4.869232397575888172e+01
1.919969969969969981e+01 4.869239332913669216e+01
1.921921921921921950e+01 4.869246099190281285e+01
1.923873873873873919e+01 4.869252696548338832e+01
1.925825825825825888e+01 4.869259125126894361e+01
1.927777777777777857e+01 4.869265385061446239e+01
1.929729729729729826e+01 4.869271476483925198e+01
1.931681681681681795e+01 4.869277399522721339e+01
1.933633633633633764e+01 4.869283154302666361e+01
1.935585585585585733e+01 4.869288740945049909e+01
1.937537537537537702e+01 4.869294159567616731e+01
1.939489489489489671e+01 4.869299410284566676e+01
1.941441441441441640e+01 4.869304493206558249e+01
1.943393393393393609e+01 4.869309408440719977e+01
1.945345345345345578e+01 4.869314156090637624e+01
1.947297297297297192e+01 4.869318736256370528e+01
1.949249249249249161e+01 4.869323149034444498e+01
1.951201201201201130e+01 4.869327394517858210e+01
1.953153153153153099e+01 4.869331472796083915e+01
1.955105105105105068e+01 4.869335383955068153e+01
1.957057057057057037e+01 4.869339128077236012e+01
1.959009009009009006e+01 4.869342705241489710e+01
1.960960960960960975e+01 4.869346115523220675e+01
1.962912912912912944e+01 4.869349358994292487e+01
1.964864864864864913e+01 4.869352435723059358e+01
1.966816816816816882e+01 4.869355345774360444e+01
1.968768768768768851e+01 4.869358089209519136e+01
1.970720720720720820e+01 4.869360666086353007e+01
1.972672672672672789e+01 4.869363076459162443e+01
1.974624624624624758e+01 4.869365320378744144e+01
1.976576576576576727e+01 4.869367397892384020e+01
1.978528528528528696e+01 4.869369309043863581e+01
1.980480480480480665e+01 4.869371053873455679e+01
1.982432432432432634e+01 4.869372632417931612e+01
1.984384384384384603e+01 4.869374044710554728e+01
1.986336336336336572e+01 4.869375290781084686e+01
1.988288288288288186e+01 4.869376370655783859e+01
1.990240240240240155e+01 4.869377284357405244e+01
1.992192192192192124e+01 4.869378031905203841e+01
1.994144144144144093e+01 4.869378613314935933e+01
1.996096096096096062e+01 4.869379028598849857e+01
1.998048048048048031e+01 4.869379277765695946e+01
2.000000000000000000e+01 4.869379360820728664e+01
