3.000000000000000000e+01 5.515082771945335055e-02 3.458151141723077998e-02
6.000000000000000000e+01 1.218916769637183178e-01 2.921982488586537599e-02
9.000000000000000000e+01 2.176524858479643443e-01 2.944499451047646182e-02
1.200000000000000000e+02 2.524005993154529448e-01 3.589899585292806450e-02
1.500000000000000000e+02 3.078438258685051720e-01 2.910243306543532429e-02
1.800000000000000000e+02 2.949436248442826036e-01 2.718100024662361419e-02
2.100000000000000000e+02 2.503595599716075815e-01 2.819389597222550850e-02
2.400000000000000000e+02 2.319351339199662576e-01 4.115741381163761509e-02
2.700000000000000000e+02 1.795787060253056788e-01 1.601010456147601568e-02
3.000000000000000000e+02 1.447185214275342469e-01 1.584721859074735353e-02
3.300000000000000000e+02 1.158479817234302489e-01 1.480629227596540892e-02
3.600000000000000000e+02 8.991865447523848809e-02 2.055016499188953502e-02
3.900000000000000000e+02 6.043134629849153394e-02 1.682839504306050948e-02
4.200000000000000000e+02 6.603797336760340586e-02 1.895543714650254480e-02
4.500000000000000000e+02 6.880650982043740038e-02 1.919092524863962035e-02
4.800000000000000000e+02 5.723277785485604563e-02 2.205237532896767161e-02
5.300000000000000000e+02 5.568039944474257458e-02 1.280899491568320177e-02
5.800000000000000000e+02 4.524876514937128946e-02 1.247339803691306821e-02
6.300000000000000000e+02 4.850596718491941017e-02 1.178767193333030844e-02
6.800000000000000000e+02 3.737896071359242400e-02 1.219902148863236113e-02
7.300000000000000000e+02 3.589820472334732948e-02 9.618716326091729385e-03
7.800000000000000000e+02 3.819707990213789400e-02 8.402119323894669325e-03
8.300000000000000000e+02 3.777021290278699539e-02 9.603216496269837213e-03
8.800000000000000000e+02 2.593185166332488342e-02 1.047147663673531938e-02
9.300000000000000000e+02 2.311218967980743083e-02 7.469105775512434840e-03
9.800000000000000000e+02 1.952501187557266482e-02 6.404229395959451857e-03
1.030000000000000000e+03 1.880402551132451944e-02 6.638043581150784335e-03
1.080000000000000000e+03 1.316847320456306092e-02 8.297454203672307432e-03
1.130000000000000000e+03 1.181068567554644996e-02 6.634716583619136229e-03
1.180000000000000000e+03 1.407165578123237976e-02 7.029726428504319731e-03
1.230000000000000000e+03 8.175344717288309665e-03 5.766733592804666915e-03
1.280000000000000000e+03 6.348375897282283048e-03 5.471614781284669417e-03
1.321275050632020111e+03 7.175120962759714074e-03 5.504321278635410271e-03
