0.000000000000000000e+00 9.701430834980212525e-02
5.374999999999999778e-01 1.031227036376060058e-01
1.074999999999999956e+00 1.090400157715697149e-01
1.612499999999999822e+00 1.147558495709072035e-01
2.149999999999999911e+00 1.202604591627592090e-01
2.687500000000000000e+00 1.255440597018065707e-01
3.224999999999999645e+00 1.305962798196299846e-01
3.762499999999999734e+00 1.354057471643707045e-01
4.299999999999999822e+00 1.399598046578201527e-01
4.837499999999999467e+00 1.442443589442887197e-01
5.375000000000000000e+00 1.482438645604592931e-01
5.912499999999999645e+00 1.519414471963519975e-01
6.449999999999999289e+00 1.553191666872360821e-01
6.987499999999999822e+00 1.583584149212141357e-01
7.524999999999999467e+00 1.610404358607973319e-01
8.062500000000000000e+00 1.633469450128017253e-01
8.599999999999999645e+00 1.652608150929698316e-01
9.137499999999999289e+00 1.667667848993439617e-01
9.674999999999998934e+00 1.678521413294374598e-01
1.021250000000000036e+01 1.685073217424153391e-01
1.075000000000000000e+01 1.687263866844092020e-01
