5.000000000000000000e-01 3.756754233376252614e+02
5.082582582582582109e-01 3.759829465514417848e+02
5.165165165165165329e-01 3.762900844776384019e+02
5.247747747747747438e-01 3.765968371613868158e+02
5.330330330330330657e-01 3.769032046494115775e+02
5.412912912912912766e-01 3.772091869899781500e+02
5.495495495495494875e-01 3.775147842328851198e+02
5.578078078078078095e-01 3.778199964294527149e+02
5.660660660660660204e-01 3.781248236325148468e+02
5.743243243243243423e-01 3.784292658964083103e+02
5.825825825825825532e-01 3.787333232769644837e+02
5.908408408408408752e-01 3.790369958314983592e+02
5.990990990990990861e-01 3.793402836187999583e+02
6.073573573573574080e-01 3.796431866991248967e+02
6.156156156156156189e-01 3.799457051341843226e+02
6.238738738738738299e-01 3.802478389871359354e+02
6.321321321321321518e-01 3.805495883225756302e+02
6.403903903903903627e-01 3.808509532065261851e+02
6.486486486486486847e-01 3.811519337064294746e+02
6.569069069069068956e-01 3.814525298911365780e+02
6.651651651651651065e-01 3.817527418308986285e+02
6.734234234234234284e-01 3.820525695973586267e+02
6.816816816816816393e-01 3.823520132635400728e+02
6.899399399399399613e-01 3.826510729038403724e+02
6.981981981981981722e-01 3.829497485940196952e+02
7.064564564564563831e-01 3.832480404111934718e+02
7.147147147147147050e-01 3.835459484338226162e+02
7.229729729729730270e-01 3.838434727417044883e+02
7.312312312312312379e-01 3.841406134159643671e+02
7.394894894894894488e-01 3.844373705390457303e+02
7.477477477477477708e-01 3.847337441947029220e+02
7.560060060060059817e-01 3.850297344679905223e+02
7.642642642642643036e-01 3.853253414452552192e+02
7.725225225225225145e-01 3.856205652141281917e+02
7.807807807807807254e-01 3.859154058635144793e+02
7.890390390390390474e-01 3.862098634835854796e+02
7.972972972972972583e-01 3.865039381657694548e+02
8.055555555555555802e-01 3.867976300027440288e+02
8.138138138138137911e-01 3.870909390884261825e+02
8.220720720720720021e-01 3.873838655179652619e+02
8.303303303303303240e-01 3.876764093877331447e+02
8.385885885885886459e-01 3.879685707953153155e+02
8.468468468468468568e-01 3.882603498395048405e+02
8.551051051051050678e-01 3.885517466202907144e+02
8.633633633633632787e-01 3.888427612388525745e+02
8.716216216216216006e-01 3.891333937975494450e+02
8.798798798798799226e-01 3.894236443999133144e+02
8.881381381381381335e-01 3.897135131506403809e+02
8.963963963963963444e-01 3.900030001555821855e+02
9.046546546546545553e-01 3.902921055217381650e+02
9.129129129129128772e-01 3.905808293572471257e+02
9.211711711711711992e-01 3.908691717713787170e+02
9.294294294294294101e-01 3.911571328745256437e+02
9.376876876876876210e-01 3.914447127781953100e+02
9.459459459459459429e-01 3.917319115950026003e+02
9.542042042042041539e-01 3.920187294386601593e+02
9.624624624624624758e-01 3.923051664239723095e+02
9.707207207207206867e-01 3.925912226668252742e+02
9.789789789789788976e-01 3.928768982841804700e+02
9.872372372372372196e-01 3.931621933940660938e+02
9.954954954954955415e-01 3.934471081155692787e+02
1.003753753753753752e+00 3.937316425688279651e+02
1.012012012012011963e+00 3.940157968750240229e+02
1.020270270270270174e+00 3.942995711563743271e+02
1.028528528528528607e+00 3.945829655361233677e+02
1.036786786786786596e+00 3.948659801385358605e+02
1.045045045045045029e+00 3.951486150888886755e+02
1.053303303303303240e+00 3.954308705134634465e+02
1.061561561561561451e+00 3.957127465395388413e+02
1.069819819819819884e+00 3.959942432953824891e+02
1.078078078078078095e+00 3.962753609102443306e+02
1.086336336336336306e+00 3.965560995143484320e+02
1.094594594594594517e+00 3.968364592388850269e+02
1.102852852852852727e+00 3.971164402160050031e+02
1.111111111111111160e+00 3.973960425788096131e+02
1.119369369369369371e+00 3.976752664613457000e+02
1.127627627627627582e+00 3.979541119985964315e+02
1.135885885885885793e+00 3.982325793264749336e+02
1.144144144144144004e+00 3.985106685818167875e+02
1.152402402402402437e+00 3.987883799023727533e+02
1.160660660660660648e+00 3.990657134268014943e+02
1.168918918918918859e+00 3.993426692946617891e+02
1.177177177177177292e+00 3.996192476464064498e+02
1.185435435435435281e+00 3.998954486233745911e+02
1.193693693693693714e+00 4.001712723677837857e+02
1.201951951951951925e+00 4.004467190227246647e+02
1.210210210210210136e+00 4.007217887321520493e+02
1.218468468468468568e+00 4.009964816408793808e+02
1.226726726726726557e+00 4.012707978945705918e+02
1.234984984984984990e+00 4.015447376397335688e+02
1.243243243243243201e+00 4.018183010237136727e+02
1.251501501501501412e+00 4.020914881946861215e+02
1.259759759759759845e+00 4.023642993016496234e+02
1.268018018018017834e+00 4.026367344944190449e+02
1.276276276276276267e+00 4.029087939236187026e+02
1.284534534534534478e+00 4.031804777406762810e+02
1.292792792792792689e+00 4.034517860978152726e+02
1.301051051051051122e+00 4.037227191480483839e+02
1.309309309309309111e+00 4.039932770451712258e+02
1.317567567567567544e+00 4.042634599437549241e+02
1.325825825825825754e+00 4.045332679991403779e+02
1.334084084084083965e+00 4.048027013674311547e+02
1.342342342342342398e+00 4.050717602054871236e+02
1.350600600600600387e+00 4.053404446709175204e+02
1.358858858858858820e+00 4.056087549220748656e+02
1.367117117117117031e+00 4.058766911180481998e+02
1.375375375375375242e+00 4.061442534186571152e+02
1.383633633633633675e+00 4.064114419844443660e+02
1.391891891891891886e+00 4.066782569766709798e+02
1.400150150150150097e+00 4.069446985573083566e+02
1.408408408408408308e+00 4.072107668890326408e+02
1.416666666666666519e+00 4.074764621352188101e+02
1.424924924924924952e+00 4.077417844599332284e+02
1.433183183183183163e+00 4.080067340279294399e+02
1.441441441441441373e+00 4.082713110046394718e+02
1.449699699699699806e+00 4.085355155561694005e+02
1.457957957957957795e+00 4.087993478492929285e+02
1.466216216216216228e+00 4.090628080514444491e+02
1.474474474474474439e+00 4.093258963307138742e+02
1.482732732732732650e+00 4.095886128558405517e+02
1.490990990990991083e+00 4.098509577962063304e+02
1.499249249249249072e+00 4.101129313218306720e+02
1.507507507507507505e+00 4.103745336033640001e+02
1.515765765765765716e+00 4.106357648120816179e+02
1.524024024024023927e+00 4.108966251198789337e+02
1.532282282282282138e+00 4.111571146992640138e+02
1.540540540540540571e+00 4.114172337233530925e+02
1.548798798798798781e+00 4.116769823658638643e+02
1.557057057057056992e+00 4.119363608011096858e+02
1.565315315315315203e+00 4.121953692039950852e+02
1.573573573573573414e+00 4.124540077500084294e+02
1.581831831831831847e+00 4.127122766152166946e+02
1.590090090090090058e+00 4.129701759762608049e+02
1.598348348348348269e+00 4.132277060103484700e+02
1.606606606606606480e+00 4.134848668952495245e+02
1.614864864864864691e+00 4.137416588092904703e+02
1.623123123123123124e+00 4.139980819313478833e+02
1.631381381381381335e+00 4.142541364408442632e+02
1.639639639639639546e+00 4.145098225177417817e+02
1.647897897897897757e+00 4.147651403425365970e+02
1.656156156156156189e+00 4.150200900962539095e+02
1.664414414414414400e+00 4.152746719604427881e+02
1.672672672672672611e+00 4.155288861171697476e+02
1.680930930930930822e+00 4.157827327490148832e+02
1.689189189189189033e+00 4.160362120390648784e+02
1.697447447447447466e+00 4.162893241709094809e+02
1.705705705705705677e+00 4.165420693286345681e+02
1.713963963963963888e+00 4.167944476968186791e+02
1.722222222222222099e+00 4.170464594605260231e+02
1.730480480480480310e+00 4.172981048053025575e+02
1.738738738738738743e+00 4.175493839171707577e+02
1.746996996996996954e+00 4.178002969826237063e+02
1.755255255255255165e+00 4.180508441886208857e+02
1.763513513513513375e+00 4.183010257225829491e+02
1.771771771771771586e+00 4.185508417723861498e+02
1.780030030030030019e+00 4.188002925263581915e+02
1.788288288288288230e+00 4.190493781732724869e+02
1.796546546546546441e+00 4.192980989023441225e+02
1.804804804804804652e+00 4.195464549032239461e+02
1.813063063063063085e+00 4.197944463659944745e+02
1.821321321321321296e+00 4.200420734811647776e+02
1.829579579579579507e+00 4.202893364396655898e+02
1.837837837837837718e+00 4.205362354328448760e+02
1.846096096096095929e+00 4.207827706524626024e+02
1.854354354354354362e+00 4.210289422906865866e+02
1.862612612612612573e+00 4.212747505400869272e+02
1.870870870870870784e+00 4.215201955936328773e+02
1.879129129129128994e+00 4.217652776446863641e+02
1.887387387387387205e+00 4.220099968869985787e+02
1.895645645645645638e+00 4.222543535147055422e+02
1.903903903903903849e+00 4.224983477223224781e+02
1.912162162162162060e+00 4.227419797047406860e+02
1.920420420420420271e+00 4.229852496572220275e+02
1.928678678678678482e+00 4.232281577753944362e+02
1.936936936936936915e+00 4.234707042552487906e+02
1.945195195195195126e+00 4.237128892931331734e+02
1.953453453453453337e+00 4.239547130857490060e+02
1.961711711711711548e+00 4.241961758301463306e+02
1.969969969969969981e+00 4.244372777237209675e+02
1.978228228228228192e+00 4.246780189642078085e+02
1.986486486486486402e+00 4.249183997496792244e+02
1.994744744744744613e+00 4.251584202785388129e+02
2.003003003003002824e+00 4.253980807495183285e+02
2.011261261261261257e+00 4.256373813616733628e+02
2.019519519519519690e+00 4.258763223143789105e+02
2.027777777777777679e+00 4.261149038073251063e+02
2.036036036036035668e+00 4.263531260405144394e+02
2.044294294294294101e+00 4.265909892142563535e+02
2.052552552552552534e+00 4.268284935291636657e+02
2.060810810810810523e+00 4.270656391861492125e+02
2.069069069069068956e+00 4.273024263864209615e+02
2.077327327327327389e+00 4.275388553314788851e+02
2.085585585585585378e+00 4.277749262231106400e+02
2.093843843843843811e+00 4.280106392633881001e+02
2.102102102102102243e+00 4.282459946546632636e+02
2.110360360360360232e+00 4.284809925995647859e+02
2.118618618618618221e+00 4.287156333009938294e+02
2.126876876876877098e+00 4.289499169621204828e+02
2.135135135135135087e+00 4.291838437863806348e+02
2.143393393393393076e+00 4.294174139774719379e+02
2.151651651651651509e+00 4.296506277393497157e+02
2.159909909909909942e+00 4.298834852762240644e+02
2.168168168168167931e+00 4.301159867925561002e+02
2.176426426426426364e+00 4.303481324930546066e+02
2.184684684684684797e+00 4.305799225826723386e+02
2.192942942942942786e+00 4.308113572666023288e+02
2.201201201201200774e+00 4.310424367502752148e+02
2.209459459459459651e+00 4.312731612393554883e+02
2.217717717717717640e+00 4.315035309397378569e+02
2.225975975975975629e+00 4.317335460575438333e+02
2.234234234234234062e+00 4.319632067991194049e+02
2.242492492492492495e+00 4.321925133710310547e+02
2.250750750750750484e+00 4.324214659800629192e+02
2.259009009009008917e+00 4.326500648332124115e+02
2.267267267267267350e+00 4.328783101376890841e+02
2.275525525525525339e+00 4.331062021009098544e+02
2.283783783783783772e+00 4.333337409304970720e+02
2.292042042042042205e+00 4.335609268342743690e+02
2.300300300300300194e+00 4.337877600202644999e+02
2.308558558558558182e+00 4.340142406966866133e+02
2.316816816816816615e+00 4.342403690719515907e+02
2.325075075075075048e+00 4.344661453546613643e+02
2.333333333333333037e+00 4.346915697536047674e+02
2.341591591591591470e+00 4.349166424777545217e+02
2.349849849849849903e+00 4.351413637362659301e+02
2.358108108108107892e+00 4.353657337384718744e+02
2.366366366366366325e+00 4.355897526938817350e+02
2.374624624624624758e+00 4.358134208121785491e+02
2.382882882882882747e+00 4.360367383032155431e+02
2.391141141141140736e+00 4.362597053770144839e+02
2.399399399399399613e+00 4.364823222437621553e+02
2.407657657657657602e+00 4.367045891138084244e+02
2.415915915915915591e+00 4.369265061976637412e+02
2.424174174174174023e+00 4.371480737059961257e+02
2.432432432432432456e+00 4.373692918496292918e+02
2.440690690690690445e+00 4.375901608395401468e+02
2.448948948948948878e+00 4.378106808868564030e+02
2.457207207207207311e+00 4.380308522028537936e+02
2.465465465465465300e+00 4.382506749989541959e+02
2.473723723723723289e+00 4.384701494867235283e+02
2.481981981981982166e+00 4.386892758778694201e+02
2.490240240240240155e+00 4.389080543842388238e+02
2.498498498498498144e+00 4.391264852178158549e+02
2.506756756756756577e+00 4.393445685907199163e+02
2.515015015015015010e+00 4.395623047152039931e+02
2.523273273273272999e+00 4.397796938036514121e+02
2.531531531531531432e+00 4.399967360685753306e+02
2.539789789789789864e+00 4.402134317226158942e+02
2.548048048048047853e+00 4.404297809785382469e+02
2.556306306306306286e+00 4.406457840492315086e+02
2.564564564564564275e+00 4.408614411477059321e+02
2.572822822822822708e+00 4.410767524870915963e+02
2.581081081081081141e+00 4.412917182806373830e+02
2.589339339339339130e+00 4.415063387417077934e+02
2.597597597597597563e+00 4.417206140837820385e+02
2.605855855855855552e+00 4.419345445204528460e+02
2.614114114114113985e+00 4.421481302654242995e+02
2.622372372372372418e+00 4.423613715325103612e+02
2.630630630630630407e+00 4.425742685356338484e+02
2.638888888888888840e+00 4.427868214888238185e+02
2.647147147147146828e+00 4.429990306062157401e+02
2.655405405405405261e+00 4.432108961020492188e+02
2.663663663663663694e+00 4.434224181906662920e+02
2.671921921921921683e+00 4.436335970865110312e+02
2.680180180180180116e+00 4.438444330041280637e+02
2.688438438438438105e+00 4.440549261581608675e+02
2.696696696696696538e+00 4.442650767633510327e+02
2.704954954954954971e+00 4.444748850345373512e+02
2.713213213213212960e+00 4.446843511866545668e+02
2.721471471471471393e+00 4.448934754347318403e+02
2.729729729729729382e+00 4.451022579938927493e+02
2.737987987987987815e+00 4.453106990793532987e+02
2.746246246246246248e+00 4.455187989064220346e+02
2.754504504504504236e+00 4.457265576904989643e+02
2.762762762762762669e+00 4.459339756470737939e+02
2.771021021021021102e+00 4.461410529917268377e+02
2.779279279279279091e+00 4.463477899401268587e+02
2.787537537537537524e+00 4.465541867080311818e+02
2.795795795795795513e+00 4.467602435112850117e+02
2.804054054054053946e+00 4.469659605658208648e+02
2.812312312312312379e+00 4.471713380876574888e+02
2.820570570570570368e+00 4.473763762929006589e+02
2.828828828828828801e+00 4.475810753977414720e+02
2.837087087087086790e+00 4.477854356184566313e+02
2.845345345345345223e+00 4.479894571714081621e+02
2.853603603603603656e+00 4.481931402730431842e+02
2.861861861861861644e+00 4.483964851398930023e+02
2.870120120120120077e+00 4.485994919885739023e+02
2.878378378378378066e+00 4.488021610357865256e+02
2.886636636636636499e+00 4.490044924983160399e+02
2.894894894894894932e+00 4.492064865930316842e+02
2.903153153153152921e+00 4.494081435368871666e+02
2.911411411411411354e+00 4.496094635469211198e+02
2.919669669669669343e+00 4.498104468402562475e+02
2.927927927927927776e+00 4.500110936341006322e+02
2.936186186186186209e+00 4.502114041457467692e+02
2.944444444444444198e+00 4.504113785925733850e+02
2.952702702702702631e+00 4.506110171920444714e+02
2.960960960960960620e+00 4.508103201617100808e+02
2.969219219219219053e+00 4.510092877192072365e+02
2.977477477477477485e+00 4.512079200822597045e+02
2.985735735735735474e+00 4.514062174686793583e+02
2.993993993993993907e+00 4.516041800963662354e+02
3.002252252252251896e+00 4.518018081833091060e+02
3.010510510510510329e+00 4.519991019475868370e+02
3.018768768768768762e+00 4.521960616073683354e+02
3.027027027027026751e+00 4.523926873809145377e+02
3.035285285285285184e+00 4.525889794865784097e+02
3.043543543543543173e+00 4.527849381428055722e+02
3.051801801801801606e+00 4.529805635681364038e+02
3.060060060060060039e+00 4.531758559812068370e+02
3.068318318318318028e+00 4.533708156007484718e+02
3.076576576576576461e+00 4.535654426455908492e+02
3.084834834834834894e+00 4.537597373346626455e+02
3.093093093093092882e+00 4.539536998869921831e+02
3.101351351351351315e+00 4.541473305217094207e+02
3.109609609609609304e+00 4.543406294580476583e+02
3.117867867867867737e+00 4.545335969153437645e+02
3.126126126126126170e+00 4.547262331130411326e+02
3.134384384384384159e+00 4.549185382706904193e+02
3.142642642642642592e+00 4.551105126079513070e+02
3.150900900900900581e+00 4.553021563445947777e+02
3.159159159159159014e+00 4.554934697005039652e+02
3.167417417417417447e+00 4.556844528956764862e+02
3.175675675675675436e+00 4.558751061502266566e+02
3.183933933933933869e+00 4.560654296843866291e+02
3.192192192192191857e+00 4.562554237185092916e+02
3.200450450450450290e+00 4.564450884730695748e+02
3.208708708708708723e+00 4.566344241686671808e+02
3.216966966966966712e+00 4.568234310260281177e+02
3.225225225225225145e+00 4.570121092660078261e+02
3.233483483483483134e+00 4.572004591095925434e+02
3.241741741741741567e+00 4.573884807779027142e+02
3.250000000000000000e+00 4.575761744921944114e+02
3.258258258258257989e+00 4.577635404738626903e+02
3.266516516516516422e+00 4.579505789444432935e+02
3.274774774774774411e+00 4.581372901256162322e+02
3.283033033033032844e+00 4.583236742392078895e+02
3.291291291291291277e+00 4.585097315071939192e+02
3.299549549549549265e+00 4.586954621517018040e+02
3.307807807807807698e+00 4.588808663950145501e+02
3.316066066066065687e+00 4.590659444595725063e+02
3.324324324324324120e+00 4.592506965679771724e+02
3.332582582582582553e+00 4.594351229429940986e+02
3.340840840840840542e+00 4.596192238075564660e+02
3.349099099099098975e+00 4.598029993847665082e+02
3.357357357357356964e+00 4.599864498979014229e+02
3.365615615615615397e+00 4.601695755704147928e+02
3.373873873873873830e+00 4.603523766259406216e+02
3.382132132132131819e+00 4.605348532882966310e+02
3.390390390390390252e+00 4.607170057814881829e+02
3.398648648648648685e+00 4.608988343297112920e+02
3.406906906906906674e+00 4.610803391573566614e+02
3.415165165165165106e+00 4.612615204890136056e+02
3.423423423423423095e+00 4.614423785494732329e+02
3.431681681681681528e+00 4.616229135637324816e+02
3.439939939939939961e+00 4.618031257569990657e+02
3.448198198198197950e+00 4.619830153546933502e+02
3.456456456456456383e+00 4.621625825824542062e+02
3.464714714714714372e+00 4.623418276661431605e+02
3.472972972972972805e+00 4.625207508318467831e+02
3.481231231231231238e+00 4.626993523058830533e+02
3.489489489489489227e+00 4.628776323148040319e+02
3.497747747747747660e+00 4.630555910854016020e+02
3.506006006006005649e+00 4.632332288447104816e+02
3.514264264264264082e+00 4.634105458200144199e+02
3.522522522522522515e+00 4.635875422388486413e+02
3.530780780780780503e+00 4.637642183290067806e+02
3.539039039039038936e+00 4.639405743185436677e+02
3.547297297297296925e+00 4.641166104357811832e+02
3.555555555555555358e+00 4.642923269093130898e+02
3.563813813813813791e+00 4.644677239680085563e+02
3.572072072072071780e+00 4.646428018410194341e+02
3.580330330330330213e+00 4.648175607577833262e+02
3.588588588588588202e+00 4.649920009480291014e+02
3.596846846846846635e+00 4.651661226417825219e+02
3.605105105105105068e+00 4.653399260693716428e+02
3.613363363363363057e+00 4.655134114614305076e+02
3.621621621621621490e+00 4.656865790489068786e+02
3.629879879879879478e+00 4.658594290630653063e+02
3.638138138138137911e+00 4.660319617354940647e+02
3.646396396396396344e+00 4.662041772981098688e+02
3.654654654654654333e+00 4.663760759831642417e+02
3.662912912912912766e+00 4.665476580232482888e+02
3.671171171171170755e+00 4.667189236512988941e+02
3.679429429429429188e+00 4.668898731006042340e+02
3.687687687687687621e+00 4.670605066048098593e+02
3.695945945945945610e+00 4.672308243979243230e+02
3.704204204204204043e+00 4.674008267143252056e+02
3.712462462462462476e+00 4.675705137887645719e+02
3.720720720720720465e+00 4.677398858563767590e+02
3.728978978978978898e+00 4.679089431526816725e+02
3.737237237237236887e+00 4.680776859135934842e+02
3.745495495495495319e+00 4.682461143754255204e+02
3.753753753753753752e+00 4.684142287748967988e+02
3.762012012012011741e+00 4.685820293491383950e+02
3.770270270270270174e+00 4.687495163356994681e+02
3.778528528528528163e+00 4.689166899725551048e+02
3.786786786786786596e+00 4.690835504981100144e+02
3.795045045045045029e+00 4.692500981512079647e+02
3.803303303303303018e+00 4.694163331711365004e+02
3.811561561561561451e+00 4.695822557976348435e+02
3.819819819819819440e+00 4.697478662708988963e+02
3.828078078078077873e+00 4.699131648315892562e+02
3.836336336336336306e+00 4.700781517208382638e+02
3.844594594594594295e+00 4.702428271802555741e+02
3.852852852852852727e+00 4.704071914519356596e+02
3.861111111111110716e+00 4.705712447784651431e+02
3.869369369369369149e+00 4.707349874029285957e+02
3.877627627627627582e+00 4.708984195689169496e+02
3.885885885885885571e+00 4.710615415205328986e+02
3.894144144144144004e+00 4.712243535023999357e+02
3.902402402402401993e+00 4.713868557596673554e+02
3.910660660660660426e+00 4.715490485380191217e+02
3.918918918918918859e+00 4.717109320836797792e+02
3.927177177177176848e+00 4.718725066434222981e+02
3.935435435435435281e+00 4.720337724645755202e+02
3.943693693693693270e+00 4.721947297950310940e+02
3.951951951951951703e+00 4.723553788832505802e+02
3.960210210210210136e+00 4.725157199782730117e+02
3.968468468468468124e+00 4.726757533297226814e+02
3.976726726726726557e+00 4.728354791878155652e+02
3.984984984984984990e+00 4.729948978033681328e+02
3.993243243243242979e+00 4.731540094278033735e+02
4.001501501501500968e+00 4.733128143131589241e+02
4.009759759759759845e+00 4.734713127120951413e+02
4.018018018018017834e+00 4.736295048779011836e+02
4.026276276276275823e+00 4.737873910645035949e+02
4.034534534534534700e+00 4.739449715264740917e+02
4.042792792792792689e+00 4.741022465190363846e+02
4.051051051051050678e+00 4.742592162980740227e+02
4.059309309309309555e+00 4.744158811201377830e+02
4.067567567567567544e+00 4.745722412424538561e+02
4.075825825825825532e+00 4.747282969229308947e+02
4.084084084084084409e+00 4.748840484201683694e+02
4.092342342342341510e+00 4.750394959934625376e+02
4.100600600600600387e+00 4.751946399028164478e+02
4.108858858858859264e+00 4.753494804089456238e+02
4.117117117117116365e+00 4.755040177732865345e+02
4.125375375375375242e+00 4.756582522580041541e+02
4.133633633633633231e+00 4.758121841259996359e+02
4.141891891891891220e+00 4.759658136409175313e+02
4.150150150150150097e+00 4.761191410671538620e+02
4.158408408408408086e+00 4.762721666698638501e+02
4.166666666666666075e+00 4.764248907149682850e+02
4.174924924924924952e+00 4.765773134691635278e+02
4.183183183183182940e+00 4.767294351999258311e+02
4.191441441441440929e+00 4.768812561755220827e+02
4.199699699699699806e+00 4.770327766650149215e+02
4.207957957957957795e+00 4.771839969382717186e+02
4.216216216216215784e+00 4.773349172659710007e+02
4.224474474474474661e+00 4.774855379196109766e+02
4.232732732732732650e+00 4.776358591715156194e+02
4.240990990990990639e+00 4.777858812948434775e+02
4.249249249249249516e+00 4.779356045635940404e+02
4.257507507507506617e+00 4.780850292526150156e+02
4.265765765765765494e+00 4.782341556376106269e+02
4.274024024024024371e+00 4.783829839951471854e+02
4.282282282282281471e+00 4.785315146026617867e+02
4.290540540540540349e+00 4.786797477384689046e+02
4.298798798798799226e+00 4.788276836817670414e+02
4.307057057057056326e+00 4.789753227126461752e+02
4.315315315315315203e+00 4.791226651120951487e+02
4.323573573573573192e+00 4.792697111620072974e+02
4.331831831831831181e+00 4.794164611451887481e+02
4.340090090090090058e+00 4.795629153453638196e+02
4.348348348348348047e+00 4.797090740471835488e+02
4.356606606606606036e+00 4.798549375362298406e+02
4.364864864864864913e+00 4.800005060990247330e+02
4.373123123123122902e+00 4.801457800230347743e+02
4.381381381381380891e+00 4.802907595966782992e+02
4.389639639639639768e+00 4.804354451093321359e+02
4.397897897897897757e+00 4.805798368513372907e+02
4.406156156156155745e+00 4.807239351140045187e+02
4.414414414414414622e+00 4.808677401896220545e+02
4.422672672672672611e+00 4.810112523714603299e+02
4.430930930930930600e+00 4.811544719537778292e+02
4.439189189189189477e+00 4.812973992318274554e+02
4.447447447447446578e+00 4.814400345018615326e+02
4.455705705705705455e+00 4.815823780611382858e+02
4.463963963963964332e+00 4.817244302079263321e+02
4.472222222222221433e+00 4.818661912415102506e+02
4.480480480480480310e+00 4.820076614621960971e+02
4.488738738738738299e+00 4.821488411713166897e+02
4.496996996996996288e+00 4.822897306712353611e+02
4.505255255255255165e+00 4.824303302653526657e+02
4.513513513513513153e+00 4.825706402581091083e+02
4.521771771771771142e+00 4.827106609549908285e+02
4.530030030030030019e+00 4.828503926625345457e+02
4.538288288288288008e+00 4.829898356883302313e+02
4.546546546546545997e+00 4.831289903410262241e+02
4.554804804804804874e+00 4.832678569303337781e+02
4.563063063063062863e+00 4.834064357670295635e+02
4.571321321321320852e+00 4.835447271629603279e+02
4.579579579579579729e+00 4.836827314310455677e+02
4.587837837837837718e+00 4.838204488852826444e+02
4.596096096096095707e+00 4.839578798407466707e+02
4.604354354354353696e+00 4.840950246135975021e+02
4.612612612612612573e+00 4.842318835210791690e+02
4.620870870870870561e+00 4.843684568815245370e+02
4.629129129129128550e+00 4.845047450143574679e+02
4.637387387387387427e+00 4.846407482400937852e+02
4.645645645645645416e+00 4.847764668803451968e+02
4.653903903903903405e+00 4.849119012578194656e+02
4.662162162162162282e+00 4.850470516963241039e+02
4.670420420420420271e+00 4.851819185207655778e+02
4.678678678678678260e+00 4.853165020571519790e+02
4.686936936936936249e+00 4.854508026325936498e+02
4.695195195195195126e+00 4.855848205753043203e+02
4.703453453453453115e+00 4.857185562146012785e+02
4.711711711711711104e+00 4.858520098809059959e+02
4.719969969969969981e+00 4.859851819057447528e+02
4.728228228228227970e+00 4.861180726217471602e+02
4.736486486486485958e+00 4.862506823626469554e+02
4.744744744744744835e+00 4.863830114632820596e+02
4.753003003003002824e+00 4.865150602595921896e+02
4.761261261261260813e+00 4.866468290886185741e+02
4.769519519519519690e+00 4.867783182885032147e+02
4.777777777777777679e+00 4.869095281984857593e+02
4.786036036036035668e+00 4.870404591589036158e+02
4.794294294294293657e+00 4.871711115111887693e+02
4.802552552552552534e+00 4.873014855978652804e+02
4.810810810810810523e+00 4.874315817625467275e+02
4.819069069069068512e+00 4.875614003499338764e+02
4.827327327327327389e+00 4.876909417058114400e+02
4.835585585585585378e+00 4.878202061770430760e+02
4.843843843843843366e+00 4.879491941115701366e+02
4.852102102102102243e+00 4.880779058584055292e+02
4.860360360360360232e+00 4.882063417676300219e+02
4.868618618618618221e+00 4.883345021903879797e+02
4.876876876876876210e+00 4.884623874788815669e+02
4.885135135135135087e+00 4.885899979863659723e+02
4.893393393393393076e+00 4.887173340671443498e+02
4.901651651651651065e+00 4.888443960765602583e+02
4.909909909909909942e+00 4.889711843709931145e+02
4.918168168168167931e+00 4.890976993078507462e+02
4.926426426426425920e+00 4.892239412455622869e+02
4.934684684684684797e+00 4.893499105435718661e+02
4.942942942942942786e+00 4.894756075623295715e+02
4.951201201201200774e+00 4.896010326632850251e+02
4.959459459459458763e+00 4.897261862088781754e+02
4.967717717717717640e+00 4.898510685625311112e+02
4.975975975975975629e+00 4.899756800886382280e+02
4.984234234234233618e+00 4.901000211525581562e+02
4.992492492492492495e+00 4.902240921206030180e+02
5.000750750750750484e+00 4.903478933600287633e+02
5.009009009009008473e+00 4.904714252390245974e+02
5.017267267267267350e+00 4.905946881267020672e+02
5.025525525525525339e+00 4.907176823930843170e+02
5.033783783783783328e+00 4.908404084090937545e+02
5.042042042042042205e+00 4.909628665465405675e+02
5.050300300300300194e+00 4.910850571781102758e+02
5.058558558558558182e+00 4.912069806773506571e+02
5.066816816816816171e+00 4.913286374186588432e+02
5.075075075075075048e+00 4.914500277772681898e+02
5.083333333333333037e+00 4.915711521292329280e+02
5.091591591591591026e+00 4.916920108514152616e+02
5.099849849849849903e+00 4.918126043214700758e+02
5.108108108108107892e+00 4.919329329178294188e+02
5.116366366366365881e+00 4.920529970196867566e+02
5.124624624624624758e+00 4.921727970069815115e+02
5.132882882882882747e+00 4.922923332603824065e+02
5.141141141141140736e+00 4.924116061612705266e+02
5.149399399399398725e+00 4.925306160917213560e+02
5.157657657657657602e+00 4.926493634344879524e+02
5.165915915915915591e+00 4.927678485729822455e+02
5.174174174174173579e+00 4.928860718912563357e+02
5.182432432432432456e+00 4.930040337739842471e+02
5.190690690690690445e+00 4.931217346064404410e+02
5.198948948948948434e+00 4.932391747744820236e+02
5.207207207207207311e+00 4.933563546645269184e+02
5.215465465465465300e+00 4.934732746635334024e+02
5.223723723723723289e+00 4.935899351589787329e+02
5.231981981981981278e+00 4.937063365388377179e+02
5.240240240240240155e+00 4.938224791915594096e+02
5.248498498498498144e+00 4.939383635060457891e+02
5.256756756756756133e+00 4.940539898716272091e+02
5.265015015015015010e+00 4.941693586780392593e+02
5.273273273273272999e+00 4.942844703153992896e+02
5.281531531531530987e+00 4.943993251741806603e+02
5.289789789789789864e+00 4.945139236451882994e+02
5.298048048048047853e+00 4.946282661195335777e+02
5.306306306306305842e+00 4.947423529886067399e+02
5.314564564564563831e+00 4.948561846440520640e+02
5.322822822822822708e+00 4.949697614777401782e+02
5.331081081081080697e+00 4.950830838817401514e+02
5.339339339339338686e+00 4.951961522482926625e+02
5.347597597597597563e+00 4.953089669697802719e+02
5.355855855855855552e+00 4.954215284386988856e+02
5.364114114114113541e+00 4.955338370476293903e+02
5.372372372372372418e+00 4.956458931892062196e+02
5.380630630630630407e+00 4.957576972560879085e+02
5.388888888888888395e+00 4.958692496409257160e+02
5.397147147147147273e+00 4.959805507363327592e+02
5.405405405405405261e+00 4.960916009348517264e+02
5.413663663663663250e+00 4.962024006289223621e+02
5.421921921921921239e+00 4.963129502108498627e+02
5.430180180180180116e+00 4.964232500727694628e+02
5.438438438438438105e+00 4.965333006066146027e+02
5.446696696696696094e+00 4.966431022040811740e+02
5.454954954954954971e+00 4.967526552565938687e+02
5.463213213213212960e+00 4.968619601552701965e+02
5.471471471471470949e+00 4.969710172908845607e+02
5.479729729729729826e+00 4.970798270538327301e+02
5.487987987987987815e+00 4.971883898340944938e+02
5.496246246246245803e+00 4.972967060211958028e+02
5.504504504504503792e+00 4.974047760041731294e+02
5.512762762762762669e+00 4.975126001715329949e+02
5.521021021021020658e+00 4.976201789112145093e+02
5.529279279279278647e+00 4.977275126105497520e+02
5.537537537537537524e+00 4.978346016562239811e+02
5.545795795795795513e+00 4.979414464342362407e+02
5.554054054054053502e+00 4.980480473298578659e+02
5.562312312312312379e+00 4.981544047275919525e+02
5.570570570570570368e+00 4.982605190111313505e+02
5.578828828828828357e+00 4.983663905633170543e+02
5.587087087087086346e+00 4.984720197660955705e+02
5.595345345345345223e+00 4.985774070004752616e+02
5.603603603603603212e+00 4.986825526464843961e+02
5.611861861861861200e+00 4.987874570831257302e+02
5.620120120120120077e+00 4.988921206883331934e+02
5.628378378378378066e+00 4.989965438389262431e+02
5.636636636636636055e+00 4.991007269105650153e+02
5.644894894894894932e+00 4.992046702777052474e+02
5.653153153153152921e+00 4.993083743135506438e+02
5.661411411411410910e+00 4.994118393900080832e+02
5.669669669669669787e+00 4.995150658776381647e+02
5.677927927927927776e+00 4.996180541456108699e+02
5.686186186186185765e+00 4.997208045616548588e+02
5.694444444444443754e+00 4.998233174920106308e+02
5.702702702702702631e+00 4.999255933013811841e+02
5.710960960960960620e+00 5.000276323528838702e+02
5.719219219219218608e+00 5.001294350079991204e+02
5.727477477477477485e+00 5.002310016265217314e+02
5.735735735735735474e+00 5.003323325665102743e+02
5.743993993993993463e+00 5.004334281842361065e+02
5.752252252252252340e+00 5.005342888341325533e+02
5.760510510510510329e+00 5.006349148687427828e+02
5.768768768768768318e+00 5.007353066386684759e+02
5.777027027027026307e+00 5.008354644925171328e+02
5.785285285285285184e+00 5.009353887768500044e+02
5.793543543543543173e+00 5.010350798361278635e+02
5.801801801801801162e+00 5.011345380126589362e+02
5.810060060060060039e+00 5.012337636465445598e+02
5.818318318318318028e+00 5.013327570756255795e+02
5.826576576576576016e+00 5.014315186354269258e+02
5.834834834834834894e+00 5.015300486591040112e+02
5.843093093093092882e+00 5.016283474773869671e+02
5.851351351351350871e+00 5.017264154185259031e+02
5.859609609609608860e+00 5.018242528082351441e+02
5.867867867867867737e+00 5.019218599696360457e+02
5.876126126126125726e+00 5.020192372232028788e+02
5.884384384384383715e+00 5.021163848867047932e+02
5.892642642642642592e+00 5.022133032751492010e+02
5.900900900900900581e+00 5.023099927007257861e+02
5.909159159159158570e+00 5.024064534727476712e+02
5.917417417417417447e+00 5.025026858975947448e+02
5.925675675675675436e+00 5.025986902786558517e+02
5.933933933933933424e+00 5.026944669162708124e+02
5.942192192192192302e+00 5.027900161076718177e+02
5.950450450450450290e+00 5.028853381469253350e+02
5.958708708708708279e+00 5.029804333248736725e+02
5.966966966966966268e+00 5.030753019290748398e+02
5.975225225225225145e+00 5.031699442437458742e+02
5.983483483483483134e+00 5.032643605497013937e+02
5.991741741741741123e+00 5.033585511242955022e+02
6.000000000000000000e+00 5.034525162413621615e+02
6.008258258258257989e+00 5.035462561711551075e+02
6.016516516516515978e+00 5.036397711802887898e+02
6.024774774774774855e+00 5.037330615316778335e+02
6.033033033033032844e+00 5.038261274844772970e+02
6.041291291291290833e+00 5.039189692940235545e+02
6.049549549549548821e+00 5.040115872117716549e+02
6.057807807807807698e+00 5.041039814852381369e+02
6.066066066066065687e+00 5.041961523579388427e+02
6.074324324324323676e+00 5.042881000693288911e+02
6.082582582582582553e+00 5.043798248547428784e+02
6.090840840840840542e+00 5.044713269453338853e+02
6.099099099099098531e+00 5.045626065680134502e+02
6.107357357357357408e+00 5.046536639453909174e+02
6.115615615615615397e+00 5.047444992957129557e+02
6.123873873873873386e+00 5.048351128328041568e+02
6.132132132132131375e+00 5.049255047660051900e+02
6.140390390390390252e+00 5.050156753001132870e+02
6.148648648648648241e+00 5.051056246353229540e+02
6.156906906906906229e+00 5.051953529671638989e+02
6.165165165165165106e+00 5.052848604864425965e+02
6.173423423423423095e+00 5.053741473791815224e+02
6.181681681681681084e+00 5.054632138265600929e+02
6.189939939939939961e+00 5.055520600048538427e+02
6.198198198198197950e+00 5.056406860853759326e+02
6.206456456456455939e+00 5.057290922344168393e+02
6.214714714714713928e+00 5.058172786131864314e+02
6.222972972972972805e+00 5.059052453777538858e+02
6.231231231231230794e+00 5.059929926789888555e+02
6.239489489489488783e+00 5.060805206625031474e+02
6.247747747747747660e+00 5.061678294685926858e+02
6.256006006006005649e+00 5.062549192321790770e+02
6.264264264264263637e+00 5.063417900827512312e+02
6.272522522522522515e+00 5.064284421443084057e+02
6.280780780780780503e+00 5.065148755353030765e+02
6.289039039039038492e+00 5.066010903685827316e+02
6.297297297297297369e+00 5.066870867513347889e+02
6.305555555555555358e+00 5.067728647850290145e+02
6.313813813813813347e+00 5.068584245653617586e+02
6.322072072072071336e+00 5.069437661822008181e+02
6.330330330330330213e+00 5.070288897195295021e+02
6.338588588588588202e+00 5.071137952553922901e+02
6.346846846846846191e+00 5.071984828618398069e+02
6.355105105105105068e+00 5.072829526048750495e+02
6.363363363363363057e+00 5.073672045443998968e+02
6.371621621621621046e+00 5.074512387341624162e+02
6.379879879879879923e+00 5.075350552217021800e+02
6.388138138138137911e+00 5.076186540483008685e+02
6.396396396396395900e+00 5.077020352489282118e+02
6.404654654654653889e+00 5.077851988521921385e+02
6.412912912912912766e+00 5.078681448802880709e+02
6.421171171171170755e+00 5.079508733489478232e+02
6.429429429429428744e+00 5.080333842673911136e+02
6.437687687687687621e+00 5.081156776382759404e+02
6.445945945945945610e+00 5.081977534576508333e+02
6.454204204204203599e+00 5.082796117149064230e+02
6.462462462462462476e+00 5.083612523927291704e+02
6.470720720720720465e+00 5.084426754670533910e+02
6.478978978978978454e+00 5.085238809070173147e+02
6.487237237237236442e+00 5.086048686749164744e+02
6.495495495495495319e+00 5.086856387261599366e+02
6.503753753753753308e+00 5.087661910092264748e+02
6.512012012012011297e+00 5.088465254656211414e+02
6.520270270270270174e+00 5.089266420298336016e+02
6.528528528528528163e+00 5.090065406292961825e+02
6.536786786786786152e+00 5.090862211843423779e+02
6.545045045045045029e+00 5.091656836081688766e+02
6.553303303303303018e+00 5.092449278067943510e+02
6.561561561561561007e+00 5.093239536790219404e+02
6.569819819819819884e+00 5.094027611164019618e+02
6.578078078078077873e+00 5.094813500031941658e+02
6.586336336336335862e+00 5.095597202163333463e+02
6.594594594594593850e+00 5.096378716253928474e+02
6.602852852852852727e+00 5.097158040925518776e+02
6.611111111111110716e+00 5.097935174725612910e+02
6.619369369369368705e+00 5.098710116127120386e+02
6.627627627627627582e+00 5.099482863528031089e+02
6.635885885885885571e+00 5.100253415251121965e+02
6.644144144144143560e+00 5.101021769543652340e+02
6.652402402402402437e+00 5.101787924577088802e+02
6.660660660660660426e+00 5.102551878446826095e+02
6.668918918918918415e+00 5.103313629171919956e+02
6.677177177177176404e+00 5.104073174694842123e+02
6.685435435435435281e+00 5.104830512881229652e+02
6.693693693693693270e+00 5.105585641519652995e+02
6.701951951951951258e+00 5.106338558321398864e+02
6.710210210210210136e+00 5.107089260920251377e+02
6.718468468468468124e+00 5.107837746872296520e+02
6.726726726726726113e+00 5.108584013655730018e+02
6.734984984984984990e+00 5.109328058670678274e+02
6.743243243243242979e+00 5.110069879239035799e+02
6.751501501501500968e+00 5.110809472604310031e+02
6.759759759759758957e+00 5.111546835931465580e+02
6.768018018018017834e+00 5.112281966306809409e+02
6.776276276276275823e+00 5.113014860737856111e+02
6.784534534534533812e+00 5.113745516153227300e+02
6.792792792792792689e+00 5.114473929402558952e+02
6.801051051051050678e+00 5.115200097256403069e+02
6.809309309309308667e+00 5.115924016406165720e+02
6.817567567567567544e+00 5.116645683464055878e+02
6.825825825825825532e+00 5.117365094963016645e+02
6.834084084084083521e+00 5.118082247356711036e+02
6.842342342342341510e+00 5.118797137019494130e+02
6.850600600600600387e+00 5.119509760246399424e+02
6.858858858858858376e+00 5.120220113253154750e+02
6.867117117117116365e+00 5.120928192176186258e+02
6.875375375375375242e+00 5.121633993072657631e+02
6.883633633633633231e+00 5.122337511920516135e+02
6.891891891891891220e+00 5.123038744618547753e+02
6.900150150150150097e+00 5.123737686986438575e+02
6.908408408408408086e+00 5.124434334764877121e+02
6.916666666666666075e+00 5.125128683615636191e+02
6.924924924924924952e+00 5.125820729121697923e+02
6.933183183183182940e+00 5.126510466787369751e+02
6.941441441441440929e+00 5.127197892038433338e+02
6.949699699699698918e+00 5.127883000222282135e+02
6.957957957957957795e+00 5.128565786608110102e+02
6.966216216216215784e+00 5.129246246387078827e+02
6.974474474474473773e+00 5.129924374672518752e+02
6.982732732732732650e+00 5.130600166500139494e+02
6.990990990990990639e+00 5.131273616828250397e+02
6.999249249249248628e+00 5.131944720538008369e+02
7.007507507507507505e+00 5.132613472433660036e+02
7.015765765765765494e+00 5.133279867242815726e+02
7.024024024024023483e+00 5.133943899616737099e+02
7.032282282282281471e+00 5.134605564130628181e+02
7.040540540540540349e+00 5.135264855283941188e+02
7.048798798798798337e+00 5.135921767500713031e+02
7.057057057057056326e+00 5.136576295129905247e+02
7.065315315315315203e+00 5.137228432445753015e+02
7.073573573573573192e+00 5.137878173648142592e+02
7.081831831831831181e+00 5.138525512862997857e+02
7.090090090090090058e+00 5.139170444142671386e+02
7.098348348348348047e+00 5.139812961466367369e+02
7.106606606606606036e+00 5.140453058740570214e+02
7.114864864864864025e+00 5.141090729799491328e+02
7.123123123123122902e+00 5.141725968405519325e+02
7.131381381381380891e+00 5.142358768249714558e+02
7.139639639639638879e+00 5.142989122952274101e+02
7.147897897897897757e+00 5.143617026063053572e+02
7.156156156156155745e+00 5.144242471062079858e+02
7.164414414414413734e+00 5.144865451360092266e+02
7.172672672672672611e+00 5.145485960299080261e+02
7.180930930930930600e+00 5.146103991152862136e+02
7.189189189189188589e+00 5.146719537127643207e+02
7.197447447447447466e+00 5.147332591362636549e+02
7.205705705705705455e+00 5.147943146930647345e+02
7.213963963963963444e+00 5.148551196838716351e+02
7.222222222222221433e+00 5.149156734028739493e+02
7.230480480480480310e+00 5.149759751378134069e+02
7.238738738738738299e+00 5.150360241700499273e+02
7.246996996996996288e+00 5.150958197746306269e+02
7.255255255255255165e+00 5.151553612203588273e+02
7.263513513513513153e+00 5.152146477698649960e+02
7.271771771771771142e+00 5.152736786796803017e+02
7.280030030030030019e+00 5.153324532003094873e+02
7.288288288288288008e+00 5.153909705763074953e+02
7.296546546546545997e+00 5.154492300463551828e+02
7.304804804804803986e+00 5.155072308433385615e+02
7.313063063063062863e+00 5.155649721944286057e+02
7.321321321321320852e+00 5.156224533211608332e+02
7.329579579579578841e+00 5.156796734395204567e+02
7.337837837837837718e+00 5.157366317600233288e+02
7.346096096096095707e+00 5.157933274878041630e+02
7.354354354354353696e+00 5.158497598227006620e+02
7.362612612612612573e+00 5.159059279593437850e+02
7.370870870870870561e+00 5.159618310872454003e+02
7.379129129129128550e+00 5.160174683908898032e+02
7.387387387387386539e+00 5.160728390498258022e+02
7.395645645645645416e+00 5.161279422387597151e+02
7.403903903903903405e+00 5.161827771276508656e+02
7.412162162162161394e+00 5.162373428818066259e+02
7.420420420420420271e+00 5.162916386619801870e+02
7.428678678678678260e+00 5.163456636244690117e+02
7.436936936936936249e+00 5.163994169212148790e+02
7.445195195195195126e+00 5.164528976999038150e+02
7.453453453453453115e+00 5.165061051040706843e+02
7.461711711711711104e+00 5.165590382732000307e+02
7.469969969969969981e+00 5.166116963428328290e+02
7.478228228228227970e+00 5.166640784446703947e+02
7.486486486486485958e+00 5.167161837066836370e+02
7.494744744744743947e+00 5.167680112532193561e+02
7.503003003003002824e+00 5.168195602051113156e+02
7.511261261261260813e+00 5.168708296797889261e+02
7.519519519519518802e+00 5.169218187913897964e+02
7.527777777777777679e+00 5.169725266508722825e+02
7.536036036036035668e+00 5.170229523661296298e+02
7.544294294294293657e+00 5.170730950421035459e+02
7.552552552552552534e+00 5.171229537809009571e+02
7.560810810810810523e+00 5.171725276819111059e+02
7.569069069069068512e+00 5.172218158419224210e+02
7.577327327327326500e+00 5.172708173552418884e+02
7.585585585585585378e+00 5.173195313138146503e+02
7.593843843843843366e+00 5.173679568073446262e+02
7.602102102102101355e+00 5.174160929234166133e+02
7.610360360360360232e+00 5.174639387476184993e+02
7.618618618618618221e+00 5.175114933636637033e+02
7.626876876876876210e+00 5.175587558535170274e+02
7.635135135135135087e+00 5.176057252975193705e+02
7.643393393393393076e+00 5.176524007745118752e+02
7.651651651651651065e+00 5.176987813619650751e+02
7.659909909909909054e+00 5.177448661361052018e+02
7.668168168168167931e+00 5.177906541720418545e+02
7.676426426426425920e+00 5.178361445438976034e+02
7.684684684684683909e+00 5.178813363249373651e+02
7.692942942942942786e+00 5.179262285876994838e+02
7.701201201201200774e+00 5.179708204041245381e+02
7.709459459459458763e+00 5.180151108456892644e+02
7.717717717717717640e+00 5.180590989835378650e+02
7.725975975975975629e+00 5.181027838886138852e+02
7.734234234234233618e+00 5.181461646317949317e+02
7.742492492492491607e+00 5.181892402840255727e+02
7.750750750750750484e+00 5.182320099164516023e+02
7.759009009009008473e+00 5.182744726005552138e+02
7.767267267267266462e+00 5.183166274082908558e+02
7.775525525525525339e+00 5.183584734122191549e+02
7.783783783783783328e+00 5.184000096856452728e+02
7.792042042042041317e+00 5.184412353027530571e+02
7.800300300300300194e+00 5.184821493387437386e+02
7.808558558558558182e+00 5.185227508699715600e+02
7.816816816816816171e+00 5.185630389740827013e+02
7.825075075075075048e+00 5.186030127301515904e+02
7.833333333333333037e+00 5.186426712188194870e+02
7.841591591591591026e+00 5.186820135224330670e+02
7.849849849849849015e+00 5.187210387251808470e+02
7.858108108108107892e+00 5.187597459132343829e+02
7.866366366366365881e+00 5.187981341748851492e+02
7.874624624624623870e+00 5.188362026006830092e+02
7.882882882882882747e+00 5.188739502835761641e+02
7.891141141141140736e+00 5.189113763190490545e+02
7.899399399399398725e+00 5.189484798052618544e+02
7.907657657657657602e+00 5.189852598431881461e+02
7.915915915915915591e+00 5.190217155367553232e+02
7.924174174174173579e+00 5.190578459929824930e+02
7.932432432432431568e+00 5.190936503221183784e+02
7.940690690690690445e+00 5.191291276377811528e+02
7.948948948948948434e+00 5.191642770570957737e+02
7.957207207207206423e+00 5.191990977008324535e+02
7.965465465465465300e+00 5.192335886935447888e+02
7.973723723723723289e+00 5.192677491637069807e+02
7.981981981981981278e+00 5.193015782438520773e+02
7.990240240240240155e+00 5.193350750707074894e+02
7.998498498498498144e+00 5.193682387853335740e+02
8.006756756756756133e+00 5.194010685332592629e+02
8.015015015015013233e+00 5.194335634646179187e+02
8.023273273273272110e+00 5.194657227342830765e+02
8.031531531531530987e+00 5.194975455020036179e+02
8.039789789789789864e+00 5.195290309325388307e+02
8.048048048048048742e+00 5.195601781957917638e+02
8.056306306306305842e+00 5.195909864669437184e+02
8.064564564564562943e+00 5.196214549265869209e+02
8.072822822822821820e+00 5.196515827608568543e+02
8.081081081081080697e+00 5.196813691615645894e+02
8.089339339339339574e+00 5.197108133263274112e+02
8.097597597597598451e+00 5.197399144587001274e+02
8.105855855855855552e+00 5.197686717683038751e+02
8.114114114114112652e+00 5.197970844709561788e+02
8.122372372372371530e+00 5.198251517887991895e+02
8.130630630630630407e+00 5.198528729504257626e+02
8.138888888888889284e+00 5.198802471910084932e+02
8.147147147147146384e+00 5.199072737524238619e+02
8.155405405405405261e+00 5.199339518833777447e+02
8.163663663663662362e+00 5.199602808395293323e+02
8.171921921921921239e+00 5.199862598836145935e+02
8.180180180180180116e+00 5.200118882855683751e+02
8.188438438438438993e+00 5.200371653226449098e+02
8.196696696696696094e+00 5.200620902795395750e+02
8.204954954954953195e+00 5.200866624485058765e+02
8.213213213213212072e+00 5.201108811294751604e+02
8.221471471471470949e+00 5.201347456301729153e+02
8.229729729729729826e+00 5.201582552662348462e+02
8.237987987987988703e+00 5.201814093613210161e+02
8.246246246246245803e+00 5.202042072472303289e+02
8.254504504504502904e+00 5.202266482640119420e+02
8.262762762762761781e+00 5.202487317600765664e+02
8.271021021021020658e+00 5.202704570923067422e+02
8.279279279279279535e+00 5.202918236261645006e+02
8.287537537537536636e+00 5.203128307357995936e+02
8.295795795795795513e+00 5.203334778041544268e+02
8.304054054054052614e+00 5.203537642230699021e+02
8.312312312312311491e+00 5.203736893933871670e+02
8.320570570570570368e+00 5.203932527250501607e+02
8.328828828828829245e+00 5.204124536372058856e+02
8.337087087087086346e+00 5.204312915583039967e+02
8.345345345345345223e+00 5.204497659261919580e+02
8.353603603603602323e+00 5.204678761882145182e+02
8.361861861861861200e+00 5.204856218013046600e+02
8.370120120120120077e+00 5.205030022320788703e+02
8.378378378378378954e+00 5.205200169569275204e+02
8.386636636636636055e+00 5.205366654621043381e+02
8.394894894894893156e+00 5.205529472438157654e+02
8.403153153153152033e+00 5.205688618083061101e+02
8.411411411411410910e+00 5.205844086719431516e+02
8.419669669669669787e+00 5.205995873613015874e+02
8.427927927927928664e+00 5.206143974132435233e+02
8.436186186186185765e+00 5.206288383750003277e+02
8.444444444444442865e+00 5.206429098042481201e+02
8.452702702702701743e+00 5.206566112691865555e+02
8.460960960960960620e+00 5.206699423486121532e+02
8.469219219219219497e+00 5.206829026319913964e+02
8.477477477477476597e+00 5.206954917195321286e+02
8.485735735735735474e+00 5.207077092222519923e+02
8.493993993993992575e+00 5.207195547620474372e+02
8.502252252252251452e+00 5.207310279717578396e+02
8.510510510510510329e+00 5.207421284952297356e+02
8.518768768768767430e+00 5.207528559873786662e+02
8.527027027027026307e+00 5.207632101142498868e+02
8.535285285285285184e+00 5.207731905530748691e+02
8.543543543543542285e+00 5.207827969923297360e+02
8.551801801801801162e+00 5.207920291317871033e+02
8.560060060060060039e+00 5.208008866825703080e+02
8.568318318318317139e+00 5.208093693672029758e+02
8.576576576576576016e+00 5.208174769196569969e+02
8.584834834834834894e+00 5.208252090853999334e+02
8.593093093093091994e+00 5.208325656214390165e+02
8.601351351351350871e+00 5.208395462963636646e+02
8.609609609609609748e+00 5.208461508903852746e+02
8.617867867867866849e+00 5.208523791953767841e+02
8.626126126126125726e+00 5.208582310149088244e+02
8.634384384384384603e+00 5.208637061642832577e+02
8.642642642642641704e+00 5.208688044705658058e+02
8.650900900900900581e+00 5.208735257726175405e+02
8.659159159159159458e+00 5.208778699211216008e+02
8.667417417417416559e+00 5.208818367786096815e+02
8.675675675675675436e+00 5.208854262194868170e+02
8.683933933933934313e+00 5.208886381300530957e+02
8.692192192192191413e+00 5.208914724085227590e+02
8.700450450450450290e+00 5.208939289650430737e+02
8.708708708708707391e+00 5.208960077217100206e+02
8.716966966966966268e+00 5.208977086125817095e+02
8.725225225225225145e+00 5.208990315836894069e+02
8.733483483483482246e+00 5.208999765930474268e+02
8.741741741741741123e+00 5.209005436106618845e+02
8.750000000000000000e+00 5.209007326185333113e+02
