5.000000000000000000e-01 7.558232509621132067e+02
5.070070070070069601e-01 7.561331185249248392e+02
5.140140140140140312e-01 7.564427401805439786e+02
5.210210210210209913e-01 7.567521176447731932e+02
5.280280280280280625e-01 7.570612526265865654e+02
5.350350350350350226e-01 7.573701468282193900e+02
5.420420420420419827e-01 7.576788019452581011e+02
5.490490490490490538e-01 7.579872196667320168e+02
5.560560560560560139e-01 7.582954016751979225e+02
5.630630630630630851e-01 7.586033496468332942e+02
5.700700700700700452e-01 7.589110652515107631e+02
5.770770770770771163e-01 7.592185501528980467e+02
5.840840840840840764e-01 7.595258060085320722e+02
5.910910910910911475e-01 7.598328344699020818e+02
5.980980980980981077e-01 7.601396371825359211e+02
6.051051051051050678e-01 7.604462157860767775e+02
6.121121121121121389e-01 7.607525719143666265e+02
6.191191191191190990e-01 7.610587071955224019e+02
6.261261261261261701e-01 7.613646232520165995e+02
6.331331331331331302e-01 7.616703217007504918e+02
6.401401401401400904e-01 7.619758041531381423e+02
6.471471471471471615e-01 7.622810722151717755e+02
6.541541541541541216e-01 7.625861274875049958e+02
6.611611611611611927e-01 7.628909715655250920e+02
6.681681681681681528e-01 7.631956060394219321e+02
6.751751751751751129e-01 7.635000324942637917e+02
6.821821821821821841e-01 7.638042525100693183e+02
6.891891891891892552e-01 7.641082676618788128e+02
6.961961961961962153e-01 7.644120795198184624e+02
7.032032032032031754e-01 7.647156896491810585e+02
7.102102102102102466e-01 7.650190996104843180e+02
7.172172172172172067e-01 7.653223109595446658e+02
7.242242242242242778e-01 7.656253252475435147e+02
7.312312312312312379e-01 7.659281440210914980e+02
7.382382382382381980e-01 7.662307688223003197e+02
7.452452452452452691e-01 7.665332011888426678e+02
7.522522522522522292e-01 7.668354426540223585e+02
7.592592592592593004e-01 7.671374947468324308e+02
7.662662662662662605e-01 7.674393589920260865e+02
7.732732732732732206e-01 7.677410369101748984e+02
7.802802802802802917e-01 7.680425300177328154e+02
7.872872872872873629e-01 7.683438398271011920e+02
7.942942942942943230e-01 7.686449678466849491e+02
8.013013013013012831e-01 7.689459155809581716e+02
8.083083083083082432e-01 7.692466845305234528e+02
8.153153153153153143e-01 7.695472761921726033e+02
8.223223223223223854e-01 7.698476920589429255e+02
8.293293293293293456e-01 7.701479336201817887e+02
8.363363363363363057e-01 7.704480023616016524e+02
8.433433433433432658e-01 7.707478997653381612e+02
8.503503503503503369e-01 7.710476273100091475e+02
8.573573573573574080e-01 7.713471864707738632e+02
8.643643643643643681e-01 7.716465787193855022e+02
8.713713713713713283e-01 7.719458055242481578e+02
8.783783783783783994e-01 7.722448683504801465e+02
8.853853853853853595e-01 7.725437686599577773e+02
8.923923923923924306e-01 7.728425079113823131e+02
8.993993993993993907e-01 7.731410875603244222e+02
9.064064064064063508e-01 7.734395090592855695e+02
9.134134134134134220e-01 7.737377738577520176e+02
9.204204204204204931e-01 7.740358834022424617e+02
9.274274274274274532e-01 7.743338391363689652e+02
9.344344344344344133e-01 7.746316425008841406e+02
9.414414414414413734e-01 7.749292949337371965e+02
9.484484484484484446e-01 7.752267978701236188e+02
9.554554554554555157e-01 7.755241527425415597e+02
9.624624624624624758e-01 7.758213609808357205e+02
9.694694694694694359e-01 7.761184240122559004e+02
9.764764764764763960e-01 7.764153432615064503e+02
9.834834834834834671e-01 7.767121201507927708e+02
9.904904904904905383e-01 7.770087560998778144e+02
9.974974974974974984e-01 7.773052525261258552e+02
1.004504504504504458e+00 7.776016108445580812e+02
1.011511511511511419e+00 7.778978324678962508e+02
1.018518518518518601e+00 7.781939188066177167e+02
1.025525525525525561e+00 7.784898712690006732e+02
1.032532532532532521e+00 7.787856912611721327e+02
1.039539539539539481e+00 7.790813801871605619e+02
1.046546546546546441e+00 7.793769394489378328e+02
1.053553553553553623e+00 7.796723704464720868e+02
1.060560560560560583e+00 7.799676745777751421e+02
1.067567567567567544e+00 7.802628532389436486e+02
1.074574574574574726e+00 7.805579078242169544e+02
1.081581581581581464e+00 7.808528397260093925e+02
1.088588588588588646e+00 7.811476503349753102e+02
1.095595595595595606e+00 7.814423410400377179e+02
1.102602602602602566e+00 7.817369132284455873e+02
1.109609609609609748e+00 7.820313682858145512e+02
1.116616616616616486e+00 7.823257075961755618e+02
1.123623623623623669e+00 7.826199325420196828e+02
1.130630630630630629e+00 7.829140445043395857e+02
1.137637637637637589e+00 7.832080448626832094e+02
1.144644644644644771e+00 7.835019349951882077e+02
1.151651651651651509e+00 7.837957162786350409e+02
1.158658658658658691e+00 7.840893900884873347e+02
1.165665665665665651e+00 7.843829577989364452e+02
1.172672672672672611e+00 7.846764207829480711e+02
1.179679679679679793e+00 7.849697804123005653e+02
1.186686686686686532e+00 7.852630380576357538e+02
1.193693693693693714e+00 7.855561950884978160e+02
1.200700700700700674e+00 7.858492528733787594e+02
1.207707707707707634e+00 7.861422127797617350e+02
1.214714714714714816e+00 7.864350761741587803e+02
1.221721721721721554e+00 7.867278444221642530e+02
1.228728728728728736e+00 7.870205188884887093e+02
1.235735735735735696e+00 7.873131009370023321e+02
1.242742742742742657e+00 7.876055919307827935e+02
1.249749749749749839e+00 7.878979932321512933e+02
1.256756756756756799e+00 7.881903062027199667e+02
1.263763763763763759e+00 7.884825322034284909e+02
1.270770770770770719e+00 7.887746725945901289e+02
1.277777777777777679e+00 7.890667287359331112e+02
1.284784784784784861e+00 7.893587019866390619e+02
1.291791791791791821e+00 7.896505937053869957e+02
1.298798798798798781e+00 7.899424052503937901e+02
1.305805805805805964e+00 7.902341379794554541e+02
1.312812812812812702e+00 7.905257932499889648e+02
1.319819819819819884e+00 7.908173724190712619e+02
1.326826826826826844e+00 7.911088768434816529e+02
1.333833833833833804e+00 7.914003078797402395e+02
1.340840840840840986e+00 7.916916668841520277e+02
1.347847847847847724e+00 7.919829552128448995e+02
1.354854854854854906e+00 7.922741742218080390e+02
1.361861861861861867e+00 7.925653252669360427e+02
1.368868868868868827e+00 7.928564097040676870e+02
1.375875875875876009e+00 7.931474288890213984e+02
1.382882882882882747e+00 7.934383841776441386e+02
1.389889889889889929e+00 7.937292769258410772e+02
1.396896896896896889e+00 7.940201084896225439e+02
1.403903903903903849e+00 7.943108802251377938e+02
1.410910910910911031e+00 7.946015934887209369e+02
1.417917917917917769e+00 7.948922496369243618e+02
1.424924924924924952e+00 7.951828500265601178e+02
1.431931931931931912e+00 7.954733960147384551e+02
1.438938938938938872e+00 7.957638889589076143e+02
1.445945945945946054e+00 7.960543302168914579e+02
1.452952952952952792e+00 7.963447211469288050e+02
1.459959959959959974e+00 7.966350631077125399e+02
1.466966966966966934e+00 7.969253574584266744e+02
1.473973973973973894e+00 7.972156055587865922e+02
1.480980980980981077e+00 7.975058087690746333e+02
1.487987987987987815e+00 7.977959684501821584e+02
1.494994994994994997e+00 7.980860859636444502e+02
1.502002002002001957e+00 7.983761626716797082e+02
1.509009009009008917e+00 7.986661999372277023e+02
1.516016016016016099e+00 7.989561991239819463e+02
1.523023023023023059e+00 7.992461615964446082e+02
1.530030030030030019e+00 7.995360887199370836e+02
1.537037037037036979e+00 7.998259818606626368e+02
1.544044044044043940e+00 8.001158423857276603e+02
1.551051051051051122e+00 8.004056716631888548e+02
1.558058058058058082e+00 8.006954710620859714e+02
1.565065065065065042e+00 8.009852419524763718e+02
1.572072072072072002e+00 8.012749857054787981e+02
1.579079079079078962e+00 8.015647036933038407e+02
1.586086086086086144e+00 8.018543972892950933e+02
1.593093093093093104e+00 8.021440678679646226e+02
1.600100100100100065e+00 8.024337168050293485e+02
1.607107107107107025e+00 8.027233454774477650e+02
1.614114114114114207e+00 8.030129552634560923e+02
1.621121121121121167e+00 8.033025475426061348e+02
1.628128128128128127e+00 8.035921236957988185e+02
1.635135135135135087e+00 8.038816851053221626e+02
1.642142142142142047e+00 8.041712331548892507e+02
1.649149149149149229e+00 8.044607692296732466e+02
1.656156156156156189e+00 8.047502947163339968e+02
1.663163163163163150e+00 8.050398110030740781e+02
1.670170170170170110e+00 8.053293194796530088e+02
1.677177177177177070e+00 8.056188215374359061e+02
1.684184184184184252e+00 8.059083185694288431e+02
1.691191191191191212e+00 8.061978119703040875e+02
1.698198198198198172e+00 8.064873031364476219e+02
1.705205205205205132e+00 8.067767934659871116e+02
1.712212212212212092e+00 8.070662843588268061e+02
1.719219219219219275e+00 8.073557772166886934e+02
1.726226226226226235e+00 8.076452734431383078e+02
1.733233233233233195e+00 8.079347744436289531e+02
1.740240240240240155e+00 8.082242816255302387e+02
1.747247247247247337e+00 8.085137963981629809e+02
1.754254254254254297e+00 8.088033201728362656e+02
1.761261261261261257e+00 8.090928543628779153e+02
1.768268268268268217e+00 8.093824003836742804e+02
1.775275275275275177e+00 8.096719596527015028e+02
1.782282282282282360e+00 8.099615335895542785e+02
1.789289289289289320e+00 8.102511236159909913e+02
1.796296296296296280e+00 8.105407311559559957e+02
1.803303303303303240e+00 8.108303576356191797e+02
1.810310310310310200e+00 8.111200044834114351e+02
1.817317317317317382e+00 8.114096731300554666e+02
1.824324324324324342e+00 8.116993650085934178e+02
1.831331331331331302e+00 8.119890815544302995e+02
1.838338338338338263e+00 8.122788242053597969e+02
1.845345345345345223e+00 8.125685944015971245e+02
1.852352352352352405e+00 8.128583935858187033e+02
1.859359359359359365e+00 8.131482232031847843e+02
1.866366366366366325e+00 8.134380847013834455e+02
1.873373373373373285e+00 8.137279795306483265e+02
1.880380380380380467e+00 8.140179091438041041e+02
1.887387387387387427e+00 8.143078749962937763e+02
1.894394394394394388e+00 8.145978785462041287e+02
1.901401401401401348e+00 8.148879212543070025e+02
1.908408408408408308e+00 8.151780045840863522e+02
1.915415415415415490e+00 8.154681300017759895e+02
1.922422422422422450e+00 8.157582989763717478e+02
1.929429429429429410e+00 8.160485129796891215e+02
1.936436436436436370e+00 8.163387734863725882e+02
1.943443443443443330e+00 8.166290819739334665e+02
1.950450450450450512e+00 8.169194399227928898e+02
1.957457457457457473e+00 8.172098488162837384e+02
1.964464464464464433e+00 8.175003101407093027e+02
1.971471471471471393e+00 8.177908253853623819e+02
1.978478478478478575e+00 8.180813960425476807e+02
1.985485485485485535e+00 8.183720236076230776e+02
1.992492492492492495e+00 8.186627095790212252e+02
1.999499499499499455e+00 8.189534554582822921e+02
2.006506506506506415e+00 8.192442627500875005e+02
2.013513513513513598e+00 8.195351329622751564e+02
2.020520520520520336e+00 8.198260676058789613e+02
2.027527527527527518e+00 8.201170681951584811e+02
2.034534534534534700e+00 8.204081362476223376e+02
2.041541541541541438e+00 8.206992732840503777e+02
2.048548548548548620e+00 8.209904808285408535e+02
2.055555555555555358e+00 8.212817604085106495e+02
2.062562562562562540e+00 8.215731135547484882e+02
2.069569569569569722e+00 8.218645418014286861e+02
2.076576576576576461e+00 8.221560466861360510e+02
2.083583583583583643e+00 8.224476297499015800e+02
2.090590590590590381e+00 8.227392925372184891e+02
2.097597597597597563e+00 8.230310365960805257e+02
2.104604604604604745e+00 8.233228634779981121e+02
2.111611611611611927e+00 8.236147747380181272e+02
2.118618618618618665e+00 8.239067719347729053e+02
2.125625625625625403e+00 8.241988566304854658e+02
2.132632632632632586e+00 8.244910303909958884e+02
2.139639639639639768e+00 8.247832947857909858e+02
2.146646646646646950e+00 8.250756513880271541e+02
2.153653653653653688e+00 8.253681017745576582e+02
2.160660660660660426e+00 8.256606475259443414e+02
2.167667667667667608e+00 8.259532902265040093e+02
2.174674674674674790e+00 8.262460314642944468e+02
2.181681681681681972e+00 8.265388728311843352e+02
2.188688688688688710e+00 8.268318159228402919e+02
2.195695695695695449e+00 8.271248623387573389e+02
2.202702702702702631e+00 8.274180136822820941e+02
2.209709709709709813e+00 8.277112715606486972e+02
2.216716716716716995e+00 8.280046375849751712e+02
2.223723723723723733e+00 8.282981133703023033e+02
2.230730730730730471e+00 8.285917005356020582e+02
2.237737737737737653e+00 8.288854007038219152e+02
2.244744744744744835e+00 8.291792155018569019e+02
2.251751751751752018e+00 8.294731465606207621e+02
2.258758758758758756e+00 8.297671955150410668e+02
2.265765765765765494e+00 8.300613640040784276e+02
2.272772772772772676e+00 8.303556536707345685e+02
2.279779779779779858e+00 8.306500661621142854e+02
2.286786786786787040e+00 8.309446031293708756e+02
2.293793793793793778e+00 8.312392662277983391e+02
2.300800800800800516e+00 8.315340571168023871e+02
2.307807807807807698e+00 8.318289774599154498e+02
2.314814814814814881e+00 8.321240289248491990e+02
2.321821821821822063e+00 8.324192131834718111e+02
2.328828828828828801e+00 8.327145319118355928e+02
2.335835835835835539e+00 8.330099867902122242e+02
2.342842842842842721e+00 8.333055795030699073e+02
2.349849849849849903e+00 8.336013117391211154e+02
2.356856856856857085e+00 8.338971851913147475e+02
2.363863863863863823e+00 8.341932015568648922e+02
2.370870870870870561e+00 8.344893625372387760e+02
2.377877877877877744e+00 8.347856698382049672e+02
2.384884884884884926e+00 8.350821251698147307e+02
2.391891891891892108e+00 8.353787302464286313e+02
2.398898898898898846e+00 8.356754867867148278e+02
2.405905905905905584e+00 8.359723965136723791e+02
2.412912912912912766e+00 8.362694611546417036e+02
2.419919919919919948e+00 8.365666824412928690e+02
2.426926926926927131e+00 8.368640621096692485e+02
2.433933933933933869e+00 8.371616019001695577e+02
2.440940940940940607e+00 8.374593035575402382e+02
2.447947947947947789e+00 8.377571688309373030e+02
2.454954954954954971e+00 8.380551994738855228e+02
2.461961961961962153e+00 8.383533972442967297e+02
2.468968968968968891e+00 8.386517639044831185e+02
2.475975975975975629e+00 8.389503012211523583e+02
2.482982982982982811e+00 8.392490109654229400e+02
2.489989989989989994e+00 8.395478949128165596e+02
2.496996996996997176e+00 8.398469548432647116e+02
2.504004004004003914e+00 8.401461925411259699e+02
2.511011011011011096e+00 8.404456097951681386e+02
2.518018018018017834e+00 8.407452083985662057e+02
2.525025025025025016e+00 8.410449901489367903e+02
2.532032032032032198e+00 8.413449568482964196e+02
2.539039039039038936e+00 8.416451103030893819e+02
2.546046046046046119e+00 8.419454523241878405e+02
2.553053053053052857e+00 8.422459847268487465e+02
2.560060060060060039e+00 8.425467093307826190e+02
2.567067067067067221e+00 8.428476279600878343e+02
2.574074074074073959e+00 8.431487424432826856e+02
2.581081081081081141e+00 8.434500546132758245e+02
2.588088088088087879e+00 8.437515663073810401e+02
2.595095095095095061e+00 8.440532793673115748e+02
2.602102102102102243e+00 8.443551956391712565e+02
2.609109109109108982e+00 8.446573169734188014e+02
2.616116116116116164e+00 8.449596452249148797e+02
2.623123123123122902e+00 8.452621822528599296e+02
2.630130130130130084e+00 8.455649299208340608e+02
2.637137137137137266e+00 8.458678900967229310e+02
2.644144144144144004e+00 8.461710646527922108e+02
2.651151151151151186e+00 8.464744554656145965e+02
2.658158158158157924e+00 8.467780644160536667e+02
2.665165165165165106e+00 8.470818933892734321e+02
2.672172172172172289e+00 8.473859442747815365e+02
2.679179179179179027e+00 8.476902189662652063e+02
2.686186186186186209e+00 8.479947193617089169e+02
2.693193193193193391e+00 8.482994473633599455e+02
2.700200200200200129e+00 8.486044048776504951e+02
2.707207207207207311e+00 8.489095938151959899e+02
2.714214214214214049e+00 8.492150160908865928e+02
2.721221221221221231e+00 8.495206736236734741e+02
2.728228228228228414e+00 8.498265683367161500e+02
2.735235235235235152e+00 8.501327021572849389e+02
2.742242242242242334e+00 8.504390770167310620e+02
2.749249249249249072e+00 8.507456948505167702e+02
2.756256256256256254e+00 8.510525575981632755e+02
2.763263263263263436e+00 8.513596672031902699e+02
2.770270270270270174e+00 8.516670256131142196e+02
2.777277277277277356e+00 8.519746347794929306e+02
2.784284284284284094e+00 8.522824966577929899e+02
2.791291291291291277e+00 8.525906132073828303e+02
2.798298298298298459e+00 8.528989863916008289e+02
2.805305305305305197e+00 8.532076181775572650e+02
2.812312312312312379e+00 8.535165105362536906e+02
2.819319319319319117e+00 8.538256654425099441e+02
2.826326326326326299e+00 8.541350848748447788e+02
2.833333333333333481e+00 8.544447708155677219e+02
2.840340340340340219e+00 8.547547252506620907e+02
2.847347347347347402e+00 8.550649501697899950e+02
2.854354354354354140e+00 8.553754475662467485e+02
2.861361361361361322e+00 8.556862194368825385e+02
2.868368368368368504e+00 8.559972677821127718e+02
2.875375375375375242e+00 8.563085946058783975e+02
2.882382382382382424e+00 8.566202019155996368e+02
2.889389389389389162e+00 8.569320917220314868e+02
2.896396396396396344e+00 8.572442660394416407e+02
2.903403403403403527e+00 8.575567268853518499e+02
2.910410410410410265e+00 8.578694762806037488e+02
2.917417417417417447e+00 8.581825162492872323e+02
2.924424424424424185e+00 8.584958488186404111e+02
2.931431431431431367e+00 8.588094760191811474e+02
2.938438438438438549e+00 8.591233998843501922e+02
2.945445445445445287e+00 8.594376224507815323e+02
2.952452452452452469e+00 8.597521457580618289e+02
2.959459459459459651e+00 8.600669718487022237e+02
2.966466466466466390e+00 8.603821027681213991e+02
2.973473473473473572e+00 8.606975405645648607e+02
2.980480480480480310e+00 8.610132872890779936e+02
2.987487487487487492e+00 8.613293449954020389e+02
2.994494494494494674e+00 8.616457157399761400e+02
3.001501501501501412e+00 8.619624015817256577e+02
3.008508508508508594e+00 8.622794045822915905e+02
3.015515515515515332e+00 8.625967268056806461e+02
3.022522522522522515e+00 8.629143703183214029e+02
3.029529529529529697e+00 8.632323371890015551e+02
3.036536536536536435e+00 8.635506294888056118e+02
3.043543543543543617e+00 8.638692492909996190e+02
3.050550550550550355e+00 8.641881986710765204e+02
3.057557557557557537e+00 8.645074797064834229e+02
3.064564564564564719e+00 8.648270944767581341e+02
3.071571571571571457e+00 8.651470450633338487e+02
3.078578578578578639e+00 8.654673335495267565e+02
3.085585585585585378e+00 8.657879620203700597e+02
3.092592592592592560e+00 8.661089325627095832e+02
3.099599599599599742e+00 8.664302472649735591e+02
3.106606606606606480e+00 8.667519082170865659e+02
3.113613613613613662e+00 8.670739175104922651e+02
3.120620620620620400e+00 8.673962772380099295e+02
3.127627627627627582e+00 8.677189894937723693e+02
3.134634634634634764e+00 8.680420563731315724e+02
3.141641641641641503e+00 8.683654799725331941e+02
3.148648648648648685e+00 8.686892623895453198e+02
3.155655655655655423e+00 8.690134057226039204e+02
3.162662662662662605e+00 8.693379120710660573e+02
3.169669669669669787e+00 8.696627835350917621e+02
3.176676676676676525e+00 8.699880222154082503e+02
3.183683683683683707e+00 8.703136302134680591e+02
3.190690690690690445e+00 8.706396096311384554e+02
3.197697697697697627e+00 8.709659625707112127e+02
3.204704704704704810e+00 8.712926911347498162e+02
3.211711711711711548e+00 8.716197974260309138e+02
3.218718718718718730e+00 8.719472835474477961e+02
3.225725725725725912e+00 8.722751516018256552e+02
3.232732732732732650e+00 8.726034036919670598e+02
3.239739739739739832e+00 8.729320419203631900e+02
3.246746746746746570e+00 8.732610683892444285e+02
3.253753753753753752e+00 8.735904852004031227e+02
3.260760760760760935e+00 8.739202944550170287e+02
3.267767767767767673e+00 8.742504982537693650e+02
3.274774774774774855e+00 8.745810986963699634e+02
3.281781781781781593e+00 8.749120978818015146e+02
3.288788788788788775e+00 8.752434979079588402e+02
3.295795795795795957e+00 8.755753008716978911e+02
3.302802802802802695e+00 8.759075088686124673e+02
3.309809809809809877e+00 8.762401239928259429e+02
3.316816816816816615e+00 8.765731483371614559e+02
3.323823823823823798e+00 8.769065839927851584e+02
3.330830830830830980e+00 8.772404330489639506e+02
3.337837837837837718e+00 8.775746975934043803e+02
3.344844844844844900e+00 8.779093797116252063e+02
3.351851851851851638e+00 8.782444814870287928e+02
3.358858858858858820e+00 8.785800050008558628e+02
3.365865865865866002e+00 8.789159523319189020e+02
3.372872872872872740e+00 8.792523255565909039e+02
3.379879879879879923e+00 8.795891267485335447e+02
3.386886886886886661e+00 8.799263579785665570e+02
3.393893893893893843e+00 8.802640213145879216e+02
3.400900900900901025e+00 8.806021188216859628e+02
3.407907907907907763e+00 8.809406525612797623e+02
3.414914914914914945e+00 8.812796245917958231e+02
3.421921921921921683e+00 8.816190369680493859e+02
3.428928928928928865e+00 8.819588917411284683e+02
3.435935935935936048e+00 8.822991909585389294e+02
3.442942942942942786e+00 8.826399366635132537e+02
3.449949949949949968e+00 8.829811308954551805e+02
3.456956956956957150e+00 8.833227756893876403e+02
3.463963963963963888e+00 8.836648730759020509e+02
3.470970970970971070e+00 8.840074250811029515e+02
3.477977977977977808e+00 8.843504337264479318e+02
3.484984984984984990e+00 8.846939010281290621e+02
3.491991991991992172e+00 8.850378289977536497e+02
3.498998998998998911e+00 8.853822196413798338e+02
3.506006006006006093e+00 8.857270749598741304e+02
3.513013013013012831e+00 8.860723969484641884e+02
3.520020020020020013e+00 8.864181875966523876e+02
3.527027027027027195e+00 8.867644488881152256e+02
3.534034034034033933e+00 8.871111828004256949e+02
3.541041041041041115e+00 8.874583913049186776e+02
3.548048048048047853e+00 8.878060763666093180e+02
3.555055055055055035e+00 8.881542399436965525e+02
3.562062062062062218e+00 8.885028839879726092e+02
3.569069069069068956e+00 8.888520104439339775e+02
3.576076076076076138e+00 8.892016212491568012e+02
3.583083083083082876e+00 8.895517183338162113e+02
3.590090090090090058e+00 8.899023036206928055e+02
3.597097097097097240e+00 8.902533790247109664e+02
3.604104104104103978e+00 8.906049464531325839e+02
3.611111111111111160e+00 8.909570078049449648e+02
3.618118118118117899e+00 8.913095649710932094e+02
3.625125125125125081e+00 8.916626198338981339e+02
3.632132132132132263e+00 8.920161742671899674e+02
3.639139139139139001e+00 8.923702301357917577e+02
3.646146146146146183e+00 8.927247892956044097e+02
3.653153153153152921e+00 8.930798535933190578e+02
3.660160160160160103e+00 8.934354248659656150e+02
3.667167167167167285e+00 8.937915049413134057e+02
3.674174174174174023e+00 8.941480956369706519e+02
3.681181181181181206e+00 8.945051987606854027e+02
3.688188188188187944e+00 8.948628161095741689e+02
3.695195195195195126e+00 8.952209494708315560e+02
3.702202202202202308e+00 8.955796006204786863e+02
3.709209209209209046e+00 8.959387713240597577e+02
3.716216216216216228e+00 8.962984633357840494e+02
3.723223223223223410e+00 8.966586783983169653e+02
3.730230230230230148e+00 8.970194182432067009e+02
3.737237237237237331e+00 8.973806845900975304e+02
3.744244244244244069e+00 8.977424791464407008e+02
3.751251251251251251e+00 8.981048036076076642e+02
3.758258258258258433e+00 8.984676596567064735e+02
3.765265265265265171e+00 8.988310489638647596e+02
3.772272272272272353e+00 8.991949731866448019e+02
3.779279279279279091e+00 8.995594339694245036e+02
3.786286286286286273e+00 8.999244329429532172e+02
3.793293293293293456e+00 9.002899717246828004e+02
3.800300300300300194e+00 9.006560519182191911e+02
3.807307307307307376e+00 9.010226751130958291e+02
3.814314314314314114e+00 9.013898428845637909e+02
3.821321321321321296e+00 9.017575567932684635e+02
3.828328328328328478e+00 9.021258183852515913e+02
3.835335335335335216e+00 9.024946291914287713e+02
3.842342342342342398e+00 9.028639907276620988e+02
3.849349349349349136e+00 9.032339044941620614e+02
3.856356356356356319e+00 9.036043719753226924e+02
3.863363363363363501e+00 9.039753946397916025e+02
3.870370370370370239e+00 9.043469739398514093e+02
3.877377377377377421e+00 9.047191113112946823e+02
3.884384384384384159e+00 9.050918081733979079e+02
3.891391391391391341e+00 9.054650659280110858e+02
3.898398398398398523e+00 9.058388859603415995e+02
3.905405405405405261e+00 9.062132696375382466e+02
3.912412412412412444e+00 9.065882183095530991e+02
3.919419419419419182e+00 9.069637333079011796e+02
3.926426426426426364e+00 9.073398159460308534e+02
3.933433433433433546e+00 9.077164675187730154e+02
3.940440440440440284e+00 9.080936893022920913e+02
3.947447447447447466e+00 9.084714825536567560e+02
3.954454454454454204e+00 9.088498485107434135e+02
3.961461461461461386e+00 9.092287883915033717e+02
3.968468468468468568e+00 9.096083033942529710e+02
3.975475475475475307e+00 9.099883946976187872e+02
3.982482482482482489e+00 9.103690634590441277e+02
3.989489489489489671e+00 9.107503108158588248e+02
3.996496496496496409e+00 9.111321378843599632e+02
4.003503503503504035e+00 9.115145457597781160e+02
4.010510510510510329e+00 9.118975355155504303e+02
4.017517517517517511e+00 9.122811082034668289e+02
4.024524524524524693e+00 9.126652648535693970e+02
4.031531531531530987e+00 9.130500064733021190e+02
4.038538538538539058e+00 9.134353340477046004e+02
4.045545545545545352e+00 9.138212485389898347e+02
4.052552552552552534e+00 9.142077508859326826e+02
4.059559559559559716e+00 9.145948420042938096e+02
4.066566566566566010e+00 9.149825227858588050e+02
4.073573573573574080e+00 9.153707940984969582e+02
4.080580580580580374e+00 9.157596567858979597e+02
4.087587587587587556e+00 9.161491116672115140e+02
4.094594594594594739e+00 9.165391595364368413e+02
4.101601601601601033e+00 9.169298011628155791e+02
4.108608608608609103e+00 9.173210372899322920e+02
4.115615615615615397e+00 9.177128686359286576e+02
4.122622622622622579e+00 9.181052958927095915e+02
4.129629629629629761e+00 9.184983197258904966e+02
4.136636636636636055e+00 9.188919407749211814e+02
4.143643643643644126e+00 9.192861596516643203e+02
4.150650650650650419e+00 9.196809769411465822e+02
4.157657657657657602e+00 9.200763932014847342e+02
4.164664664664664784e+00 9.204724089624078260e+02
4.171671671671671078e+00 9.208690247255038912e+02
4.178678678678679148e+00 9.212662409644029822e+02
4.185685685685685442e+00 9.216640581239608991e+02
4.192692692692692624e+00 9.220624766202794262e+02
4.199699699699699806e+00 9.224614968396327868e+02
4.206706706706706100e+00 9.228611191396777258e+02
4.213713713713714171e+00 9.232613438475301564e+02
4.220720720720720465e+00 9.236621712602819798e+02
4.227727727727727647e+00 9.240636016448673900e+02
4.234734734734734829e+00 9.244656352370822106e+02
4.241741741741741123e+00 9.248682722423396854e+02
4.248748748748749193e+00 9.252715128339019657e+02
4.255755755755755487e+00 9.256753571542318468e+02
4.262762762762762669e+00 9.260798053133104304e+02
4.269769769769769852e+00 9.264848573889310046e+02
4.276776776776776146e+00 9.268905134264011849e+02
4.283783783783784216e+00 9.272967734383461220e+02
4.290790790790790510e+00 9.277036374040840201e+02
4.297797797797797692e+00 9.281111052694636783e+02
4.304804804804804874e+00 9.285191769468425491e+02
4.311811811811811168e+00 9.289278523139852268e+02
4.318818818818819238e+00 9.293371312150293306e+02
4.325825825825825532e+00 9.297470134588619430e+02
4.332832832832832715e+00 9.301574988197548919e+02
4.339839839839839897e+00 9.305685870363082586e+02
4.346846846846846191e+00 9.309802778121936626e+02
4.353853853853854261e+00 9.313925708145972067e+02
4.360860860860860555e+00 9.318054656750022104e+02
4.367867867867867737e+00 9.322189619879568454e+02
4.374874874874874919e+00 9.326330593114061003e+02
4.381881881881881213e+00 9.330477571663961953e+02
4.388888888888889284e+00 9.334630550364396413e+02
4.395895895895895578e+00 9.338789523673998474e+02
4.402902902902902760e+00 9.342954485670663871e+02
4.409909909909909942e+00 9.347125430049727584e+02
4.416916916916916236e+00 9.351302350121669633e+02
4.423923923923924306e+00 9.355485238803283892e+02
4.430930930930930600e+00 9.359674088630696360e+02
4.437937937937937782e+00 9.363868891729853203e+02
4.444944944944944965e+00 9.368069639841182834e+02
4.451951951951951258e+00 9.372276324296927896e+02
4.458958958958959329e+00 9.376488936028787293e+02
4.465965965965965623e+00 9.380707465561299614e+02
4.472972972972972805e+00 9.384931903006573748e+02
4.479979979979979987e+00 9.389162238069178557e+02
4.486986986986987169e+00 9.393398460032109369e+02
4.493993993993994351e+00 9.397640557760280444e+02
4.501001001001000645e+00 9.401888519704907594e+02
4.508008008008007828e+00 9.406142333880853812e+02
4.515015015015015010e+00 9.410401987879880608e+02
4.522022022022022192e+00 9.414667468869682807e+02
4.529029029029029374e+00 9.418938763576334168e+02
4.536036036036035668e+00 9.423215858289885318e+02
4.543043043043042850e+00 9.427498738867984684e+02
4.550050050050050032e+00 9.431787390723014823e+02
4.557057057057057214e+00 9.436081798818025845e+02
4.564064064064064397e+00 9.440381947673400873e+02
4.571071071071070691e+00 9.444687821358565998e+02
4.578078078078077873e+00 9.448999403487571271e+02
4.585085085085085055e+00 9.453316677216271273e+02
4.592092092092092237e+00 9.457639625253375470e+02
4.599099099099099419e+00 9.461968229828562471e+02
4.606106106106105713e+00 9.466302472717569572e+02
4.613113113113112895e+00 9.470642335224541739e+02
4.620120120120120077e+00 9.474987798188965371e+02
4.627127127127127260e+00 9.479338841974870320e+02
4.634134134134134442e+00 9.483695446470433126e+02
4.641141141141140736e+00 9.488057591074907577e+02
4.648148148148147918e+00 9.492425254728556183e+02
4.655155155155155100e+00 9.496798415872652868e+02
4.662162162162162282e+00 9.501177052468791544e+02
4.669169169169169464e+00 9.505561141979877675e+02
4.676176176176175758e+00 9.509950661388176059e+02
4.683183183183182940e+00 9.514345587177454036e+02
4.690190190190190123e+00 9.518745895339625349e+02
4.697197197197197305e+00 9.523151561363906694e+02
4.704204204204204487e+00 9.527562560223685750e+02
4.711211211211210781e+00 9.531978866421591192e+02
4.718218218218217963e+00 9.536400453923254190e+02
4.725225225225225145e+00 9.540827296195616327e+02
4.732232232232232327e+00 9.545259366195153916e+02
4.739239239239239510e+00 9.549696636362082245e+02
4.746246246246245803e+00 9.554139078624455124e+02
4.753253253253252986e+00 9.558586664388493546e+02
4.760260260260260168e+00 9.563039364532348827e+02
4.767267267267267350e+00 9.567497149427226759e+02
4.774274274274274532e+00 9.571959988899691325e+02
4.781281281281280826e+00 9.576427852262909255e+02
4.788288288288288008e+00 9.580900708290164403e+02
4.795295295295295190e+00 9.585378525230019022e+02
4.802302302302302373e+00 9.589861270790162280e+02
4.809309309309309555e+00 9.594348912141687151e+02
4.816316316316315849e+00 9.598841415918687971e+02
4.823323323323323031e+00 9.603338748217087186e+02
4.830330330330330213e+00 9.607840874585065194e+02
4.837337337337337395e+00 9.612347760016558595e+02
4.844344344344344577e+00 9.616859368977393387e+02
4.851351351351350871e+00 9.621375665372564754e+02
4.858358358358358053e+00 9.625896612557920662e+02
4.865365365365365236e+00 9.630422173328439612e+02
4.872372372372372418e+00 9.634952309934949426e+02
4.879379379379379600e+00 9.639486984066923014e+02
4.886386386386386782e+00 9.644026156853343537e+02
4.893393393393393076e+00 9.648569788862959058e+02
4.900400400400400258e+00 9.653117840101793945e+02
4.907407407407407440e+00 9.657670270012064293e+02
4.914414414414414622e+00 9.662227037465008834e+02
4.921421421421421805e+00 9.666788100778597936e+02
4.928428428428428099e+00 9.671353417677643165e+02
4.935435435435435281e+00 9.675922945341263812e+02
4.942442442442442463e+00 9.680496640349102790e+02
4.949449449449449645e+00 9.685074458733455458e+02
4.956456456456456827e+00 9.689656355932977476e+02
4.963463463463463121e+00 9.694242286812138900e+02
4.970470470470470303e+00 9.698832205662134811e+02
4.977477477477477485e+00 9.703426066190384063e+02
4.984484484484484668e+00 9.708023821513947951e+02
4.991491491491491850e+00 9.712625424188297529e+02
4.998498498498498144e+00 9.717230826165091457e+02
5.005505505505505326e+00 9.721839978811543688e+02
5.012512512512512508e+00 9.726452832923849883e+02
5.019519519519519690e+00 9.731069338695435817e+02
5.026526526526526872e+00 9.735689445741168129e+02
5.033533533533533166e+00 9.740313103071480327e+02
5.040540540540540349e+00 9.744940259122377029e+02
5.047547547547547531e+00 9.749570861719566892e+02
5.054554554554554713e+00 9.754204858124913926e+02
5.061561561561561895e+00 9.758842194961898713e+02
5.068568568568568189e+00 9.763482818298992925e+02
5.075575575575575371e+00 9.768126673595032798e+02
5.082582582582582553e+00 9.772773705705128577e+02
5.089589589589589735e+00 9.777423858895440389e+02
5.096596596596596918e+00 9.782077076826435587e+02
5.103603603603603212e+00 9.786733302574717754e+02
5.110610610610610394e+00 9.791392478599859714e+02
5.117617617617617576e+00 9.796054546779596421e+02
5.124624624624624758e+00 9.800719448357915553e+02
5.131631631631631940e+00 9.805387124020538749e+02
5.138638638638638234e+00 9.810057513827688354e+02
5.145645645645645416e+00 9.814730557240524149e+02
5.152652652652652598e+00 9.819406193114959933e+02
5.159659659659659781e+00 9.824084359715830033e+02
5.166666666666666963e+00 9.828764994695703763e+02
5.173673673673673257e+00 9.833448035099750086e+02
5.180680680680680439e+00 9.838133417381264962e+02
5.187687687687687621e+00 9.842821077395352631e+02
5.194694694694694803e+00 9.847510950360097013e+02
5.201701701701701985e+00 9.852202970939925990e+02
5.208708708708708279e+00 9.856897073155048474e+02
5.215715715715715461e+00 9.861593190448437554e+02
5.222722722722722644e+00 9.866291255636615460e+02
5.229729729729729826e+00 9.870991200955438671e+02
5.236736736736737008e+00 9.875692958023547590e+02
5.243743743743743302e+00 9.880396457865311959e+02
5.250750750750750484e+00 9.885101630899754355e+02
5.257757757757757666e+00 9.889808406951082134e+02
5.264764764764764848e+00 9.894516715229792680e+02
5.271771771771772030e+00 9.899226484354693412e+02
5.278778778778778324e+00 9.903937642340910088e+02
5.285785785785785507e+00 9.908650116599754938e+02
5.292792792792792689e+00 9.913363833956771032e+02
5.299799799799799871e+00 9.918078720636906382e+02
5.306806806806807053e+00 9.922794702255375796e+02
5.313813813813813347e+00 9.927511703843995292e+02
5.320820820820820529e+00 9.932229649824514581e+02
5.327827827827827711e+00 9.936948464045780156e+02
5.334834834834834894e+00 9.941668069746041283e+02
5.341841841841842076e+00 9.946388389568535331e+02
5.348848848848848370e+00 9.951109345572499478e+02
5.355855855855855552e+00 9.955830859254434699e+02
5.362862862862862734e+00 9.960552851461853834e+02
5.369869869869869916e+00 9.965275242496454666e+02
5.376876876876877098e+00 9.969997952072843646e+02
5.383883883883884280e+00 9.974720899299153416e+02
5.390890890890890574e+00 9.979444002721794504e+02
5.397897897897897757e+00 9.984167180284375718e+02
5.404904904904904939e+00 9.988890349383189005e+02
5.411911911911912121e+00 9.993613426798225419e+02
5.418918918918919303e+00 9.998336328744796901e+02
5.425925925925925597e+00 1.000305897087413314e+03
5.432932932932932779e+00 1.000778126825708341e+03
5.439939939939939961e+00 1.001250313539633794e+03
5.446946946946947143e+00 1.001722448620071646e+03
5.453953953953954326e+00 1.002194523404450820e+03
5.460960960960960620e+00 1.002666529172499963e+03
5.467967967967967802e+00 1.003138457145718803e+03
5.474974974974974984e+00 1.003610298493365462e+03
5.481981981981982166e+00 1.004082044324384583e+03
5.488988988988989348e+00 1.004553685696190769e+03
5.495995995995995642e+00 1.005025213605868657e+03
5.503003003003002824e+00 1.005496618999445104e+03
5.510010010010010006e+00 1.005967892766752584e+03
5.517017017017017189e+00 1.006439025742116769e+03
5.524024024024024371e+00 1.006910008706696090e+03
5.531031031031030665e+00 1.007380832385464487e+03
5.538038038038037847e+00 1.007851487451103480e+03
5.545045045045045029e+00 1.008321964522821986e+03
5.552052052052052211e+00 1.008792254163761413e+03
5.559059059059059393e+00 1.009262346888665888e+03
5.566066066066065687e+00 1.009732233155053450e+03
5.573073073073072869e+00 1.010201903369512252e+03
5.580080080080080052e+00 1.010671347888725904e+03
5.587087087087087234e+00 1.011140557012191380e+03
5.594094094094094416e+00 1.011609520992633747e+03
5.601101101101100710e+00 1.012078230030240547e+03
5.608108108108107892e+00 1.012546674274440079e+03
5.615115115115115074e+00 1.013014843821598333e+03
5.622122122122122256e+00 1.013482728721481294e+03
5.629129129129129439e+00 1.013950318971334696e+03
5.636136136136135732e+00 1.014417604520330769e+03
5.643143143143142915e+00 1.014884575267551099e+03
5.650150150150150097e+00 1.015351221065600839e+03
5.657157157157157279e+00 1.015817531713838207e+03
5.664164164164164461e+00 1.016283496968735335e+03
5.671171171171170755e+00 1.016749106535693500e+03
5.678178178178177937e+00 1.017214350075392986e+03
5.685185185185185119e+00 1.017679217198832248e+03
5.692192192192192302e+00 1.018143697473119005e+03
5.699199199199199484e+00 1.018607780417614663e+03
5.706206206206205778e+00 1.019071455507066503e+03
5.713213213213212960e+00 1.019534712169382033e+03
5.720220220220220142e+00 1.019997539791070494e+03
5.727227227227227324e+00 1.020459927709785461e+03
5.734234234234234506e+00 1.020921865222452311e+03
5.741241241241240800e+00 1.021383341582602725e+03
5.748248248248247982e+00 1.021844345998473386e+03
5.755255255255255165e+00 1.022304867637965231e+03
5.762262262262262347e+00 1.022764895624981250e+03
5.769269269269269529e+00 1.023224419043872558e+03
5.776276276276275823e+00 1.023683426935387160e+03
5.783283283283283005e+00 1.024141908301063495e+03
5.790290290290290187e+00 1.024599852104182901e+03
5.797297297297297369e+00 1.025057247264965099e+03
5.804304304304304551e+00 1.025514082663561567e+03
5.811311311311310845e+00 1.025970347147257826e+03
5.818318318318318028e+00 1.026426029520796192e+03
5.825325325325325210e+00 1.026881118549925986e+03
5.832332332332332392e+00 1.027335602967437580e+03
5.839339339339339574e+00 1.027789471466967370e+03
5.846346346346345868e+00 1.028242712705605527e+03
5.853353353353353050e+00 1.028695315306759994e+03
5.860360360360360232e+00 1.029147267857713132e+03
5.867367367367367414e+00 1.029598558911593727e+03
5.874374374374374597e+00 1.030049176987160763e+03
5.881381381381380891e+00 1.030499110570638777e+03
5.888388388388388073e+00 1.030948348114832470e+03
5.895395395395395255e+00 1.031396878041169657e+03
5.902402402402402437e+00 1.031844688738489140e+03
5.909409409409409619e+00 1.032291768564123686e+03
5.916416416416416801e+00 1.032738105848314490e+03
5.923423423423423095e+00 1.033183688886325626e+03
5.930430430430430278e+00 1.033628505948020120e+03
5.937437437437437460e+00 1.034072545274976392e+03
5.944444444444444642e+00 1.034515795076586983e+03
5.951451451451451824e+00 1.034958243538246961e+03
5.958458458458458118e+00 1.035399878819656806e+03
5.965465465465465300e+00 1.035840689050244237e+03
5.972472472472472482e+00 1.036280662337110698e+03
5.979479479479479664e+00 1.036719786760634179e+03
5.986486486486486847e+00 1.037158050379752012e+03
5.993493493493493141e+00 1.037595441225187415e+03
6.000500500500500323e+00 1.038031947308735880e+03
6.007507507507507505e+00 1.038467556619033985e+03
6.014514514514514687e+00 1.038902257120533022e+03
6.021521521521521869e+00 1.039336036760188790e+03
6.028528528528528163e+00 1.039768883462401163e+03
6.035535535535535345e+00 1.040200785132314877e+03
6.042542542542542527e+00 1.040631729656055768e+03
6.049549549549549710e+00 1.041061704903897407e+03
6.056556556556556892e+00 1.041490698723348487e+03
6.063563563563563186e+00 1.041918698948988776e+03
6.070570570570570368e+00 1.042345693399447555e+03
6.077577577577577550e+00 1.042771669876935903e+03
6.084584584584584732e+00 1.043196616164251964e+03
6.091591591591591914e+00 1.043620520037768074e+03
6.098598598598598208e+00 1.044043369257067980e+03
6.105605605605605390e+00 1.044465151569563659e+03
6.112612612612612573e+00 1.044885854706089049e+03
6.119619619619619755e+00 1.045305466393757570e+03
6.126626626626626937e+00 1.045723974345920396e+03
6.133633633633633231e+00 1.046141366263254895e+03
6.140640640640640413e+00 1.046557629843395716e+03
6.147647647647647595e+00 1.046972752768219834e+03
6.154654654654654777e+00 1.047386722720571925e+03
6.161661661661661959e+00 1.047799527368381177e+03
6.168668668668668253e+00 1.048211154379984691e+03
6.175675675675675436e+00 1.048621591413490250e+03
6.182682682682682618e+00 1.049030826124706437e+03
6.189689689689689800e+00 1.049438846168707869e+03
6.196696696696696982e+00 1.049845639190343036e+03
6.203703703703703276e+00 1.050251192839310988e+03
6.210710710710710458e+00 1.050655494756320877e+03
6.217717717717717640e+00 1.051058532591837320e+03
6.224724724724724823e+00 1.051460293986240231e+03
6.231731731731732005e+00 1.051860766586340105e+03
6.238738738738738299e+00 1.052259938038853534e+03
6.245745745745745481e+00 1.052657795992862020e+03
6.252752752752752663e+00 1.053054328100981593e+03
6.259759759759759845e+00 1.053449522021436678e+03
6.266766766766767027e+00 1.053843365412850972e+03
6.273773773773773321e+00 1.054235845942891046e+03
6.280780780780780503e+00 1.054626951285813448e+03
6.287787787787787686e+00 1.055016669124093823e+03
6.294794794794794868e+00 1.055404987141240781e+03
6.301801801801802050e+00 1.055791893039718389e+03
6.308808808808808344e+00 1.056177374521587808e+03
6.315815815815815526e+00 1.056561419307048482e+03
6.322822822822822708e+00 1.056944015125417081e+03
6.329829829829829890e+00 1.057325149715267798e+03
6.336836836836837072e+00 1.057704810829270855e+03
6.343843843843843366e+00 1.058082986238852072e+03
6.350850850850850549e+00 1.058459663717488183e+03
6.357857857857857731e+00 1.058834831070633072e+03
6.364864864864864913e+00 1.059208476106881335e+03
6.371871871871872095e+00 1.059580586655360094e+03
6.378878878878878389e+00 1.059951150566403157e+03
6.385885885885885571e+00 1.060320155704905346e+03
6.392892892892892753e+00 1.060687589957496357e+03
6.399899899899899935e+00 1.061053441228225438e+03
6.406906906906907118e+00 1.061417697443790075e+03
6.413913913913914300e+00 1.061780346555649203e+03
6.420920920920920594e+00 1.062141376534691744e+03
6.427927927927927776e+00 1.062500775375914372e+03
6.434934934934934958e+00 1.062858531096479282e+03
6.441941941941942140e+00 1.063214631744504004e+03
6.448948948948949322e+00 1.063569065390306832e+03
6.455955955955955616e+00 1.063921820130915876e+03
6.462962962962962798e+00 1.064272884091319611e+03
6.469969969969969981e+00 1.064622245426324753e+03
6.476976976976977163e+00 1.064969892322518490e+03
6.483983983983984345e+00 1.065315812986936180e+03
6.490990990990990639e+00 1.065659995669696173e+03
6.497997997997997821e+00 1.066002428647424722e+03
6.505005005005005003e+00 1.066343100227421473e+03
6.512012012012012185e+00 1.066681998753558219e+03
6.519019019019019368e+00 1.067019112605122700e+03
6.526026026026025662e+00 1.067354430191826395e+03
6.533033033033032844e+00 1.067687939961940401e+03
6.540040040040040026e+00 1.068019630406692841e+03
6.547047047047047208e+00 1.068349490046014807e+03
6.554054054054054390e+00 1.068677507440387217e+03
6.561061061061060684e+00 1.069003671195237985e+03
6.568068068068067866e+00 1.069327969948418286e+03
6.575075075075075048e+00 1.069650392384495035e+03
6.582082082082082231e+00 1.069970927228705477e+03
6.589089089089089413e+00 1.070289563246150692e+03
6.596096096096095707e+00 1.070606289249741849e+03
6.603103103103102889e+00 1.070921094095108629e+03
6.610110110110110071e+00 1.071233966681592165e+03
6.617117117117117253e+00 1.071544895957463496e+03
6.624124124124124435e+00 1.071853870913009359e+03
6.631131131131130729e+00 1.072160880591515706e+03
6.638138138138137911e+00 1.072465914081263918e+03
6.645145145145145094e+00 1.072768960520426845e+03
6.652152152152152276e+00 1.073070009097071306e+03
6.659159159159159458e+00 1.073369049055371306e+03
6.666166166166165752e+00 1.073666069682605439e+03
6.673173173173172934e+00 1.073961060322383673e+03
6.680180180180180116e+00 1.074254010373778556e+03
6.687187187187187298e+00 1.074544909286101074e+03
6.694194194194194480e+00 1.074833746566481295e+03
6.701201201201200774e+00 1.075120511776219928e+03
6.708208208208207957e+00 1.075405194534264638e+03
6.715215215215215139e+00 1.075687784515479734e+03
6.722222222222222321e+00 1.075968271453721172e+03
6.729229229229229503e+00 1.076246645141157614e+03
6.736236236236235797e+00 1.076522895428335005e+03
6.743243243243242979e+00 1.076797012229127176e+03
6.750250250250250161e+00 1.077068985518700174e+03
6.757257257257257343e+00 1.077338805329524121e+03
6.764264264264264526e+00 1.077606461761245555e+03
6.771271271271270820e+00 1.077871944974517419e+03
6.778278278278278002e+00 1.078135245197524910e+03
6.785285285285285184e+00 1.078396352716825731e+03
6.792292292292292366e+00 1.078655257893012958e+03
6.799299299299299548e+00 1.078911951144526029e+03
6.806306306306305842e+00 1.079166422965892934e+03
6.813313313313313024e+00 1.079418663914199669e+03
6.820320320320320207e+00 1.079668664613946703e+03
6.827327327327327389e+00 1.079916415764923158e+03
6.834334334334334571e+00 1.080161908130689653e+03
6.841341341341340865e+00 1.080405132549940618e+03
6.848348348348348047e+00 1.080646079929363395e+03
6.855355355355355229e+00 1.080884741251496052e+03
6.862362362362362411e+00 1.081121107571671246e+03
6.869369369369369593e+00 1.081355170014722262e+03
6.876376376376375887e+00 1.081586919785023383e+03
6.883383383383383070e+00 1.081816348159711879e+03
6.890390390390390252e+00 1.082043446490995848e+03
6.897397397397397434e+00 1.082268206205901379e+03
6.904404404404404616e+00 1.082490618818221037e+03
6.911411411411411798e+00 1.082710675904491154e+03
6.918418418418418092e+00 1.082928369133144088e+03
6.925425425425425274e+00 1.083143690243375886e+03
6.932432432432432456e+00 1.083356631058663197e+03
6.939439439439439639e+00 1.083567183481666007e+03
6.946446446446446821e+00 1.083775339492359990e+03
6.953453453453453115e+00 1.083981091159983634e+03
6.960460460460460297e+00 1.084184430631639998e+03
6.967467467467467479e+00 1.084385350135295084e+03
6.974474474474474661e+00 1.084583841988699987e+03
6.981481481481481843e+00 1.084779898588466040e+03
6.988488488488488137e+00 1.084973512417045640e+03
6.995495495495495319e+00 1.085164676043058307e+03
7.002502502502502502e+00 1.085353382122582161e+03
7.009509509509509684e+00 1.085539623397754895e+03
7.016516516516516866e+00 1.085723392695707162e+03
7.023523523523523160e+00 1.085904682933497725e+03
7.030530530530530342e+00 1.086083487118068433e+03
7.037537537537537524e+00 1.086259798338056726e+03
7.044544544544544706e+00 1.086433609784646706e+03
7.051551551551551889e+00 1.086604914724178798e+03
7.058558558558558182e+00 1.086773706523717010e+03
7.065565565565565365e+00 1.086939978636479509e+03
7.072572572572572547e+00 1.087103724613337363e+03
7.079579579579579729e+00 1.087264938090871283e+03
7.086586586586586911e+00 1.087423612801027275e+03
7.093593593593593205e+00 1.087579742566918185e+03
7.100600600600600387e+00 1.087733321312672842e+03
7.107607607607607569e+00 1.087884343045322566e+03
7.114614614614614752e+00 1.088032801875645646e+03
7.121621621621621934e+00 1.088178692006481697e+03
7.128628628628628228e+00 1.088322007735390571e+03
7.135635635635635410e+00 1.088462743459764852e+03
7.142642642642642592e+00 1.088600893667213768e+03
7.149649649649649774e+00 1.088736452948702436e+03
7.156656656656656956e+00 1.088869415988913715e+03
7.163663663663663250e+00 1.088999777573093070e+03
7.170670670670670432e+00 1.089127532582715958e+03
7.177677677677677615e+00 1.089252675999892745e+03
7.184684684684684797e+00 1.089375202899716214e+03
7.191691691691691979e+00 1.089495108470222249e+03
7.198698698698698273e+00 1.089612387984883753e+03
7.205705705705705455e+00 1.089727036826421681e+03
7.212712712712712637e+00 1.089839050477076398e+03
7.219719719719719819e+00 1.089948424516848945e+03
7.226726726726727001e+00 1.090055154629416165e+03
7.233733733733733295e+00 1.090159236599154610e+03
7.240740740740740478e+00 1.090260666320127029e+03
7.247747747747747660e+00 1.090359439773792474e+03
7.254754754754754842e+00 1.090455553060332477e+03
7.261761761761762024e+00 1.090549002370754351e+03
7.268768768768768318e+00 1.090639784010174253e+03
7.275775775775775500e+00 1.090727894379602049e+03
7.282782782782782682e+00 1.090813329986159033e+03
7.289789789789789864e+00 1.090896087445296189e+03
7.296796796796797047e+00 1.090976163470214715e+03
7.303803803803803341e+00 1.091053554883536435e+03
7.310810810810810523e+00 1.091128258616815856e+03
7.317817817817817705e+00 1.091200271696859090e+03
7.324824824824824887e+00 1.091269591266919861e+03
7.331831831831832069e+00 1.091336214571544360e+03
7.338838838838838363e+00 1.091400138953279566e+03
7.345845845845845545e+00 1.091461361880419645e+03
7.352852852852852727e+00 1.091519880910491338e+03
7.359859859859859910e+00 1.091575693715641364e+03
7.366866866866867092e+00 1.091628798074326596e+03
7.373873873873873386e+00 1.091679191869988017e+03
7.380880880880880568e+00 1.091726873093881295e+03
7.387887887887887750e+00 1.091771839849068783e+03
7.394894894894894932e+00 1.091814090340789789e+03
7.401901901901902114e+00 1.091853622883950948e+03
7.408908908908908408e+00 1.091890435905465438e+03
7.415915915915915591e+00 1.091924527931524835e+03
7.422922922922922773e+00 1.091955897608312625e+03
7.429929929929929955e+00 1.091984543680710431e+03
7.436936936936937137e+00 1.092010465006068898e+03
7.443943943943944319e+00 1.092033660548854868e+03
7.450950950950950613e+00 1.092054129384388716e+03
7.457957957957957795e+00 1.092071870695634288e+03
7.464964964964964977e+00 1.092086883770976783e+03
7.471971971971972160e+00 1.092099168016506383e+03
7.478978978978979342e+00 1.092108722936530285e+03
7.485985985985985636e+00 1.092115548153434020e+03
7.492992992992992818e+00 1.092119643392281660e+03
7.500000000000000000e+00 1.092121008490372560e+03
