1.000000000000000021e-02 1.001598385371010768e-45
2.500500500500500711e-02 1.219711396204637119e-29
4.001001001001001228e-02 9.205587388658128982e-23
5.501501501501501745e-02 1.245194139718741168e-18
7.002002002002001568e-02 8.699774895700057715e-16
8.502502502502502779e-02 1.125628263033052148e-13
1.000300300300300260e-01 4.978389806031347491e-12
1.150350350350350243e-01 1.055306239256979663e-10
1.300400400400400502e-01 1.315515610072834400e-09
1.450450450450450623e-01 1.100849891120175125e-08
1.600500500500500745e-01 6.767295997253519528e-08
1.750550550550550588e-01 3.257546974565179430e-07
1.900600600600600709e-01 1.286614220663893637e-06
2.050650650650650830e-01 4.318542844443693874e-06
2.200700700700700674e-01 1.265534056040067067e-05
2.350750750750750795e-01 3.306989003494160588e-05
2.500800800800800916e-01 7.836398624564803745e-05
2.650850850850851037e-01 1.706950688808449074e-04
2.800900900900901158e-01 3.455939769856056394e-04
2.950950950950951279e-01 6.563516603996068580e-04
3.101001001001001400e-01 1.178307904816834487e-03
3.251051051051050966e-01 2.012494948349408640e-03
3.401101101101101087e-01 3.288091014203183265e-03
3.551151151151151208e-01 5.163222696172437703e-03
3.701201201201201330e-01 7.823804713029493263e-03
3.851251251251251451e-01 1.148029487373740214e-02
4.001301301301301572e-01 1.636244198388893747e-02
4.151351351351351693e-01 2.271228811228947694e-02
4.301401401401401259e-01 3.077583364682656350e-02
4.451451451451451380e-01 4.079387152094220842e-02
4.601501501501501501e-01 5.299254164402121547e-02
4.751551551551551622e-01 6.757415060575218402e-02
4.901601601601601743e-01 8.470875287235481166e-02
5.051651651651651864e-01 1.045269086533175823e-01
5.201701701701701985e-01 1.271139321764504782e-01
5.351751751751752106e-01 1.525058336247463731e-01
5.501801801801802227e-01 1.806870483410946138e-01
5.651851851851852349e-01 2.115899458978541536e-01
5.801901901901902470e-01 2.450960247616841281e-01
5.951951951951952591e-01 2.810386288371517494e-01
6.102002002002002712e-01 3.192069714601609709e-01
6.252052052052051723e-01 3.593512201571826270e-01
6.402102102102101844e-01 4.011883802287564138e-01
6.552152152152151965e-01 4.444087147091531076e-01
6.702202202202202086e-01 4.886824498167422481e-01
6.852252252252252207e-01 5.336665358139435211e-01
7.002302302302302328e-01 5.790112604901851423e-01
7.152352352352352449e-01 6.243665437465216739e-01
7.302402402402402570e-01 6.693877748069999578e-01
7.452452452452452691e-01 7.137410865993474296e-01
7.602502502502502812e-01 7.571079934169178127e-01
7.752552552552552934e-01 7.991893470509959796e-01
7.902602602602603055e-01 8.397085924640592669e-01
8.052652652652653176e-01 8.784143263524111234e-01
8.202702702702703297e-01 9.150821804579237773e-01
8.352752752752753418e-01 9.495160662655620643e-01
8.502802802802802429e-01 9.815488289450090553e-01
8.652852852852852550e-01 1.011042366344481191e+00
8.802902902902902671e-01 1.037887273873022931e+00
8.952952952952952792e-01 1.062002078600957189e+00
9.103003003003002913e-01 1.083332126264858530e+00
9.253053053053053034e-01 1.101848183474305909e+00
9.403103103103103155e-01 1.117544814652347451e+00
9.553153153153153276e-01 1.130438589439160202e+00
9.703203203203203397e-01 1.140566171751424163e+00
9.853253253253253519e-01 1.147982336682026538e+00
1.000330330330330364e+00 1.152757956169609743e+00
1.015335335335335376e+00 1.154977989050530951e+00
1.030340340340340388e+00 1.154739505876051453e+00
1.045345345345345400e+00 1.152149773851174119e+00
1.060350350350350412e+00 1.147324422515150433e+00
1.075355355355355425e+00 1.140385706398324261e+00
1.090360360360360437e+00 1.131460876894851753e+00
1.105365365365365449e+00 1.120680672006846956e+00
1.120370370370370461e+00 1.108177929448755927e+00
1.135375375375375473e+00 1.094086325845443852e+00
1.150380380380380485e+00 1.078539242398838693e+00
1.165385385385385497e+00 1.061668755414397758e+00
1.180390390390390509e+00 1.043604748443944574e+00
1.195395395395395521e+00 1.024474141486368284e+00
1.210400400400400533e+00 1.004400231661394249e+00
1.225405405405405324e+00 9.835021390029164978e-01
1.240410410410410336e+00 9.618943504762994534e-01
1.255415415415415348e+00 9.396863549788436742e-01
1.270420420420420360e+00 9.169823619060075703e-01
1.285425425425425372e+00 8.938810958317225941e-01
1.300430430430430384e+00 8.704756599349923185e-01
1.315435435435435396e+00 8.468534609849821537e-01
1.330440440440440408e+00 8.230961889533371378e-01
1.345445445445445420e+00 7.992798446379763000e-01
1.360450450450450433e+00 7.754748090418828177e-01
1.375455455455455445e+00 7.517459486401412150e-01
1.390460460460460457e+00 7.281527510773095901e-01
1.405465465465465469e+00 7.047494862556044071e-01
1.420470470470470481e+00 6.815853881942753878e-01
1.435475475475475493e+00 6.587048534554375001e-01
1.450480480480480505e+00 6.361476523362152857e-01
1.465485485485485517e+00 6.139491494172020225e-01
1.480490490490490529e+00 5.921405304297812089e-01
1.495495495495495542e+00 5.707490327575078792e-01
1.510500500500500554e+00 5.497981772179036941e-01
1.525505505505505566e+00 5.293079990797547874e-01
1.540510510510510578e+00 5.092952765568395934e-01
1.555515515515515590e+00 4.897737552819594886e-01
1.570520520520520602e+00 4.707543675055115839e-01
1.585525525525525614e+00 4.522454449812330912e-01
1.600530530530530626e+00 4.342529246989620950e-01
1.615535535535535638e+00 4.167805468012929504e-01
1.630540540540540650e+00 3.998300441789038318e-01
1.645545545545545663e+00 3.834013233792984421e-01
1.660550550550550675e+00 3.674926365869039535e-01
1.675555555555555687e+00 3.521007445401520553e-01
1.690560560560560477e+00 3.372210703445341351e-01
1.705565565565565489e+00 3.228478442208749244e-01
1.720570570570570501e+00 3.089742392963792939e-01
1.735575575575575513e+00 2.955924986034605961e-01
1.750580580580580525e+00 2.826940534990662335e-01
1.765585585585585537e+00 2.702696337561383833e-01
1.780590590590590550e+00 2.583093696099550418e-01
1.795595595595595562e+00 2.468028860662684620e-01
1.810600600600600574e+00 2.357393897961903018e-01
1.825605605605605586e+00 2.251077489554554056e-01
1.840610610610610598e+00 2.148965662736780358e-01
1.855615615615615610e+00 2.050942457631647897e-01
1.870620620620620622e+00 1.956890533973145163e-01
1.885625625625625634e+00 1.866691721061493336e-01
1.900630630630630646e+00 1.780227514315492476e-01
1.915635635635635659e+00 1.697379521777133415e-01
1.930640640640640671e+00 1.618029863836353832e-01
1.945645645645645683e+00 1.542061529342734494e-01
1.960650650650650695e+00 1.469358691159176888e-01
1.975655655655655707e+00 1.399806984092702988e-01
1.990660660660660719e+00 1.333293748011698809e-01
2.005665665665665731e+00 1.269708238829218294e-01
2.020670670670670521e+00 1.208941809899945208e-01
2.035675675675675311e+00 1.150888066245635416e-01
2.050680680680680545e+00 1.095442993891500155e-01
2.065685685685685335e+00 1.042505066465058278e-01
2.080690690690690570e+00 9.919753310803912372e-02
2.095695695695695360e+00 9.437574754051920867e-02
2.110700700700700594e+00 8.977578776859682086e-02
2.125705705705705384e+00 8.538856413888853969e-02
2.140710710710710618e+00 8.120526160001248495e-02
2.155715715715715408e+00 7.721734054208131970e-02
2.170720720720720642e+00 7.341653652874081948e-02
2.185725725725725432e+00 6.979485904493801240e-02
2.200730730730730667e+00 6.634458937417578306e-02
2.215735735735735457e+00 6.305827771010005800e-02
2.230740740740740691e+00 5.992873959883243673e-02
2.245745745745745481e+00 5.694905180052849819e-02
2.260750750750750715e+00 5.411254765117035764e-02
2.275755755755755505e+00 5.141281199860725515e-02
2.290760760760760739e+00 4.884367578029796819e-02
2.305765765765765529e+00 4.639921030409252523e-02
2.320770770770770763e+00 4.407372128767940433e-02
2.335775775775775553e+00 4.186174270701950584e-02
2.350780780780780788e+00 3.975803049915253851e-02
2.365785785785785578e+00 3.775755616019620120e-02
2.380790790790790812e+00 3.585550027512577481e-02
2.395795795795795602e+00 3.404724601202073486e-02
2.410800800800800836e+00 3.232837260986178018e-02
2.425805805805805626e+00 3.069464888565246255e-02
2.440810810810810416e+00 2.914202678359481199e-02
2.455815815815815650e+00 2.766663498626194956e-02
2.470820820820820440e+00 2.626477260515703779e-02
2.485825825825825675e+00 2.493290296571764805e-02
2.500830830830830465e+00 2.366764749970240445e-02
2.515835835835835699e+00 2.246577975596236731e-02
2.530840840840840489e+00 2.132421953884879387e-02
2.545845845845845723e+00 2.024002718191937264e-02
2.560850850850850513e+00 1.921039796317272619e-02
2.575855855855855747e+00 1.823265666674699081e-02
2.590860860860860537e+00 1.730425229485859154e-02
2.605865865865865771e+00 1.642275293271493880e-02
2.620870870870870561e+00 1.558584076820748732e-02
2.635875875875875796e+00 1.479130726736173004e-02
2.650880880880880586e+00 1.403704850578926626e-02
2.665885885885885820e+00 1.332106065573685633e-02
2.680890890890890610e+00 1.264143562775978287e-02
2.695895895895895844e+00 1.199635686554684916e-02
2.710900900900900634e+00 1.138409529199306547e-02
2.725905905905905868e+00 1.080300540424132712e-02
2.740910910910910658e+00 1.025152151509550053e-02
2.755915915915915892e+00 9.728154137935533796e-03
2.770920920920920683e+00 9.231486512039361117e-03
2.785925925925925917e+00 8.760171265028109458e-03
2.800930930930930707e+00 8.312927209001192558e-03
2.815935935935935941e+00 7.888536266807296554e-03
2.830940940940940731e+00 7.485840524808384799e-03
2.845945945945945965e+00 7.103739408428133735e-03
2.860950950950950755e+00 6.741186976735254015e-03
2.875955955955955989e+00 6.397189332290093185e-03
2.890960960960960779e+00 6.070802142480234351e-03
2.905965965965965569e+00 5.761128268582179843e-03
2.920970970970970804e+00 5.467315498813151743e-03
2.935975975975975594e+00 5.188554381674788732e-03
2.950980980980980828e+00 4.924076155938979932e-03
2.965985985985985618e+00 4.673150773684212229e-03
2.980990990990990852e+00 4.435085012855090325e-03
2.995995995995995642e+00 4.209220675890107399e-03
3.011001001001000876e+00 3.994932871038813643e-03
3.026006006006005666e+00 3.791628373071784849e-03
3.041011011011010901e+00 3.598744060170424273e-03
3.056016016016015691e+00 3.415745423872146996e-03
3.071021021021020925e+00 3.242125149035201496e-03
3.086026026026025715e+00 3.077401760878891585e-03
3.101031031031030949e+00 2.921118336246180530e-03
3.116036036036035739e+00 2.772841276328212329e-03
3.131041041041040973e+00 2.632159138181953094e-03
3.146046046046045763e+00 2.498681522464161336e-03
3.161051051051050997e+00 2.372038014895275042e-03
3.176056056056055787e+00 2.251877179057056727e-03
3.191061061061061022e+00 2.137865598216043186e-03
3.206066066066065812e+00 2.029686963951902838e-03
3.221071071071071046e+00 1.927041209455330681e-03
3.236076076076075836e+00 1.829643685443307086e-03
3.251081081081081070e+00 1.737224376721394417e-03
3.266086086086085860e+00 1.649527157502118143e-03
3.281091091091091094e+00 1.566309083665935178e-03
3.296096096096095884e+00 1.487339720226549689e-03
3.311101101101101118e+00 1.412400502335275877e-03
3.326106106106105909e+00 1.341284128230044951e-03
3.341111111111111143e+00 1.273793982602976259e-03
3.356116116116115933e+00 1.209743588926939653e-03
3.371121121121120723e+00 1.148956089345191641e-03
3.386126126126125957e+00 1.091263750790248416e-03
3.401131131131130747e+00 1.036507496057457794e-03
3.416136136136135981e+00 9.845364586161418560e-04
3.431141141141140771e+00 9.352075599964123796e-04
3.446146146146146005e+00 8.883851086427528880e-04
3.461151151151150795e+00 8.439404191765190709e-04
3.476156156156156030e+00 8.017514510584435950e-04
3.491161161161160820e+00 7.617024656892863472e-04
3.506166166166166054e+00 7.236837010317770380e-04
3.521171171171170844e+00 6.875910628802679248e-04
3.536176176176176078e+00 6.533258319458823665e-04
3.551181181181180868e+00 6.207943859645943026e-04
3.566186186186186102e+00 5.899079360735646647e-04
3.581191191191190892e+00 5.605822767374268184e-04
3.596196196196196126e+00 5.327375485408010307e-04
3.611201201201200917e+00 5.062980131965766134e-04
3.626206206206206151e+00 4.811918401510836938e-04
3.641211211211210941e+00 4.573509041976067929e-04
3.656216216216216175e+00 4.347105935384999688e-04
3.671221221221220965e+00 4.132096277637549810e-04
3.686226226226226199e+00 3.927898852401549390e-04
3.701231231231230989e+00 3.733962394302006152e-04
3.716236236236236223e+00 3.549764036838879235e-04
3.731241241241241013e+00 3.374807840692206021e-04
3.746246246246246248e+00 3.208623398289955561e-04
3.761251251251251038e+00 3.050764510721098305e-04
3.776256256256256272e+00 2.900807933272738968e-04
3.791261261261261062e+00 2.758352186058209902e-04
3.806266266266266296e+00 2.623016426380458542e-04
3.821271271271271086e+00 2.494439379645731615e-04
3.836276276276276320e+00 2.372278325803301835e-04
3.851281281281281110e+00 2.256208138440973093e-04
3.866286286286285900e+00 2.145920373812044632e-04
3.881291291291291135e+00 2.041122407208202844e-04
3.896296296296295925e+00 1.941536614225118087e-04
3.911301301301301159e+00 1.846899594592586583e-04
3.926306306306305949e+00 1.756961436360813340e-04
3.941311311311311183e+00 1.671485018347290382e-04
3.956316316316315973e+00 1.590245348856736635e-04
3.971321321321321207e+00 1.513028938788553706e-04
3.986326326326325997e+00 1.439633207343666275e-04
4.001331331331331675e+00 1.369865918634464563e-04
4.016336336336336466e+00 1.303544647589579143e-04
4.031341341341341256e+00 1.240496273627979598e-04
4.046346346346346046e+00 1.180556500656079180e-04
4.061351351351350836e+00 1.123569402016310205e-04
4.076356356356356514e+00 1.069386989086756288e-04
4.091361361361361304e+00 1.017868802298959344e-04
4.106366366366366094e+00 9.688815234049651169e-05
4.121371371371370884e+00 9.222986078854656224e-05
4.136376376376376562e+00 8.779999364485399627e-05
4.151381381381381352e+00 8.358714846231000257e-05
4.166386386386386143e+00 7.958050095030976510e-05
4.181391391391390933e+00 7.576977527476440224e-05
4.196396396396396611e+00 7.214521589889187137e-05
4.211401401401401401e+00 6.869756088439618884e-05
4.226406406406406191e+00 6.541801657683200518e-05
4.241411411411410981e+00 6.229823360294629148e-05
4.256416416416416659e+00 5.933028411154082861e-05
4.271421421421421449e+00 5.650664019299283999e-05
4.286426426426426239e+00 5.382015341594837814e-05
4.301431431431431029e+00 5.126403542292379267e-05
4.316436436436436708e+00 4.883183952959823174e-05
4.331441441441441498e+00 4.651744327546363271e-05
4.346446446446446288e+00 4.431503187623887015e-05
4.361451451451451078e+00 4.221908253105146128e-05
4.376456456456455868e+00 4.022434953984566227e-05
4.391461461461461546e+00 3.832585018880982559e-05
4.406466466466466336e+00 3.651885136382497044e-05
4.421471471471471126e+00 3.479885685402705022e-05
4.436476476476475916e+00 3.316159530956362428e-05
4.451481481481481595e+00 3.160300881950420438e-05
4.466486486486486385e+00 3.011924207764498894e-05
4.481491491491491175e+00 2.870663210563603835e-05
4.496496496496495965e+00 2.736169850446370965e-05
4.511501501501501643e+00 2.608113420683146939e-05
4.526506506506506433e+00 2.486179670442286726e-05
4.541511511511511223e+00 2.370069972538981271e-05
4.556516516516516013e+00 2.259500533870038800e-05
4.571521521521521692e+00 2.154201646320164960e-05
4.586526526526526482e+00 2.053916976041158707e-05
4.601531531531531272e+00 1.958402889115102164e-05
4.616536536536536062e+00 1.867427811716702664e-05
4.631541541541541740e+00 1.780771622988355541e-05
4.646546546546546530e+00 1.698225078934828059e-05
4.661551551551551320e+00 1.619589265732953071e-05
4.676556556556556110e+00 1.544675080935509806e-05
4.691561561561561788e+00 1.473302741127821795e-05
4.706566566566566578e+00 1.405301314670893016e-05
4.721571571571571369e+00 1.340508278235995618e-05
4.736576576576576159e+00 1.278769095903461856e-05
4.751581581581581837e+00 1.219936819662125957e-05
4.766586586586586627e+00 1.163871710206632569e-05
4.781591591591591417e+00 1.110440876987251835e-05
4.796596596596596207e+00 1.059517936521286892e-05
4.811601601601601885e+00 1.010982688026642432e-05
4.826606606606606675e+00 9.647208054871588784e-06
4.841611611611611465e+00 9.206235453054319176e-06
4.856616616616616255e+00 8.785874687428533661e-06
4.871621621621621046e+00 8.385141783881759641e-06
4.886626626626626724e+00 8.003100679351577229e-06
4.901631631631631514e+00 7.638860845874231162e-06
4.916636636636636304e+00 7.291575034437854684e-06
4.931641641641641094e+00 6.960437132510464308e-06
4.946646646646646772e+00 6.644680129428617635e-06
4.961651651651651562e+00 6.343574184135221268e-06
4.976656656656656352e+00 6.056424790038914894e-06
4.991661661661661142e+00 5.782571032039333956e-06
5.006666666666666821e+00 5.521383931017506932e-06
5.021671671671671611e+00 5.272264871334614917e-06
5.036676676676676401e+00 5.034644107111244283e-06
5.051681681681681191e+00 4.807979343279377396e-06
5.066686686686686869e+00 4.591754387603796900e-06
5.081691691691691659e+00 4.385477870067729775e-06
5.096696696696696449e+00 4.188682026201817499e-06
5.111701701701701239e+00 4.000921541112525144e-06
5.126706706706706917e+00 3.821772451132605231e-06
5.141711711711711708e+00 3.650831100174426532e-06
5.156716716716716498e+00 3.487713148017454727e-06
5.171721721721721288e+00 3.332052627902602579e-06
5.186726726726726966e+00 3.183501050941849699e-06
5.201731731731731756e+00 3.041726554978535666e-06
5.216736736736736546e+00 2.906413095655562414e-06
5.231741741741741336e+00 2.777259677563089949e-06
5.246746746746747014e+00 2.653979623446584365e-06
5.261751751751751804e+00 2.536299879559209303e-06
5.276756756756756594e+00 2.423960355340449089e-06
5.291761761761761385e+00 2.316713295695782759e-06
5.306766766766766175e+00 2.214322684240227689e-06
5.321771771771771853e+00 2.116563675952045377e-06
5.336776776776776643e+00 2.023222057762127455e-06
5.351781781781781433e+00 1.934093735679633057e-06
5.366786786786786223e+00 1.848984247125640322e-06
5.381791791791791901e+00 1.767708297214169271e-06
5.396796796796796691e+00 1.690089317783968194e-06
5.411801801801801481e+00 1.615959048045081171e-06
5.426806806806806271e+00 1.545157135762110996e-06
5.441811811811811950e+00 1.477530757950459815e-06
5.456816816816816740e+00 1.412934260113854392e-06
5.471821821821821530e+00 1.351228813100601566e-06
5.486826826826826320e+00 1.292282086702675582e-06
5.501831831831831998e+00 1.235967939165962723e-06
5.516836836836836788e+00 1.182166121822116111e-06
5.531841841841841578e+00 1.130761998092044996e-06
5.546846846846846368e+00 1.081646276149246668e-06
5.561851851851852047e+00 1.034714754566677713e-06
5.576856856856856837e+00 9.898680803051477278e-07
5.591861861861861627e+00 9.470115184333819278e-07
5.606866866866866417e+00 9.060547330006119881e-07
5.621871871871872095e+00 8.669115785116123258e-07
5.636876876876876885e+00 8.294999014816562009e-07
5.651881881881881675e+00 7.937413515751100557e-07
5.666886886886886465e+00 7.595612018562512820e-07
5.681891891891892143e+00 7.268881777043939461e-07
5.696896896896896934e+00 6.956542939679743968e-07
5.711901901901901724e+00 6.657946999532573181e-07
5.726906906906906514e+00 6.372475318637624393e-07
5.741911911911912192e+00 6.099537723254760136e-07
5.756916916916916982e+00 5.838571166511923742e-07
5.771921921921921772e+00 5.589038455145156915e-07
5.786926926926926562e+00 5.350427037205508807e-07
5.801931931931931352e+00 5.122247847757575134e-07
5.816936936936937030e+00 4.904034209742764755e-07
5.831941941941941820e+00 4.695340787320740254e-07
5.846946946946946611e+00 4.495742589134998963e-07
5.861951951951951401e+00 4.304834019076275432e-07
5.876956956956957079e+00 4.122227972236134716e-07
5.891961961961961869e+00 3.947554973858205889e-07
5.906966966966966659e+00 3.780462359202565381e-07
5.921971971971971449e+00 3.620613492341548706e-07
5.936976976976977127e+00 3.467687022003037349e-07
5.951981981981981917e+00 3.321376172670361823e-07
5.966986986986986707e+00 3.181388069235541405e-07
5.981991991991991497e+00 3.047443093587271633e-07
5.996996996996997176e+00 2.919274271593528158e-07
6.012002002002001966e+00 2.796626689015264886e-07
6.027007007007006756e+00 2.679256934958739831e-07
6.042012012012011546e+00 2.566932571542726123e-07
6.057017017017017224e+00 2.459431628521459287e-07
6.072022022022022014e+00 2.356542121665892273e-07
6.087027027027026804e+00 2.258061593764078875e-07
6.102032032032031594e+00 2.163796677157714467e-07
6.117037037037037273e+00 2.073562676784045261e-07
6.132042042042042063e+00 1.987183172743015927e-07
6.147047047047046853e+00 1.904489641457218430e-07
6.162052052052051643e+00 1.825321094537420581e-07
6.177057057057057321e+00 1.749523734509672434e-07
6.192062062062062111e+00 1.676950626601153350e-07
6.207067067067066901e+00 1.607461385820436924e-07
6.222072072072071691e+00 1.540921878605473226e-07
6.237077077077077369e+00 1.477203938347298183e-07
6.252082082082082160e+00 1.416185094131293464e-07
6.267087087087086950e+00 1.357748312069486569e-07
6.282092092092091740e+00 1.301781748627604022e-07
6.297097097097096530e+00 1.248178515379597720e-07
6.312102102102102208e+00 1.196836454649429600e-07
6.327107107107106998e+00 1.147657925526121133e-07
6.342112112112111788e+00 1.100549599762702287e-07
6.357117117117116578e+00 1.055422267093323683e-07
6.372122122122122256e+00 1.012190649525063983e-07
6.387127127127127046e+00 9.707732241823346933e-08
6.402132132132131836e+00 9.310920543019414321e-08
6.417137137137136627e+00 8.930726279962120883e-08
6.432142142142142305e+00 8.566437044198172319e-08
6.447147147147147095e+00 8.217371669934149725e-08
6.462152152152151885e+00 7.882878833537476370e-08
6.477157157157156675e+00 7.562335717156298934e-08
6.492162162162162353e+00 7.255146733462875567e-08
6.507167167167167143e+00 6.960742308666925327e-08
6.522172172172171933e+00 6.678577721082231669e-08
6.537177177177176723e+00 6.408131992658048047e-08
6.552182182182182402e+00 6.148906831010627683e-08
6.567187187187187192e+00 5.900425619606548143e-08
6.582192192192191982e+00 5.662232453860853757e-08
6.597197197197196772e+00 5.433891221019972875e-08
6.612202202202202450e+00 5.214984721798479717e-08
6.627207207207207240e+00 5.005113831836539357e-08
6.642212212212212030e+00 4.803896701134905396e-08
6.657217217217216820e+00 4.610967989711975330e-08
6.672222222222222499e+00 4.425978137810184290e-08
6.687227227227227289e+00 4.248592669057312105e-08
6.702232232232232079e+00 4.078491525063949784e-08
6.717237237237236869e+00 3.915368430009147098e-08
6.732242242242241659e+00 3.758930283835075725e-08
6.747247247247247337e+00 3.608896582735156616e-08
6.762252252252252127e+00 3.464998865683030802e-08
6.777257257257256917e+00 3.326980185807311403e-08
6.792262262262261707e+00 3.194594605473721754e-08
6.807267267267267385e+00 3.067606713989164803e-08
6.822272272272272176e+00 2.945791166892801391e-08
6.837277277277276966e+00 2.828932245847979948e-08
6.852282282282281756e+00 2.716823438194256857e-08
6.867287287287287434e+00 2.609267035263028621e-08
6.882292292292292224e+00 2.506073748601828116e-08
6.897297297297297014e+00 2.407062343291856569e-08
6.912302302302301804e+00 2.312059287581726889e-08
6.927307307307307482e+00 2.220898418095929704e-08
6.942312312312312272e+00 2.133420619911179385e-08
6.957317317317317062e+00 2.049473520826360464e-08
6.972322322322321853e+00 1.968911199183287304e-08
6.987327327327327531e+00 1.891593904624757129e-08
7.002332332332332321e+00 1.817387791205201187e-08
7.017337337337337111e+00 1.746164662295732353e-08
7.032342342342341901e+00 1.677801726751490374e-08
7.047347347347347579e+00 1.612181365833561619e-08
7.062352352352352369e+00 1.549190910400972476e-08
7.077357357357357159e+00 1.488722427910702570e-08
7.092362362362361949e+00 1.430672518784879497e-08
7.107367367367367628e+00 1.374942121724390319e-08
7.122372372372372418e+00 1.321436327567544722e-08
7.137377377377377208e+00 1.270064201310742035e-08
7.152382382382381998e+00 1.220738611925757567e-08
7.167387387387387676e+00 1.173376069624701956e-08
7.182392392392392466e+00 1.127896570239895143e-08
7.197397397397397256e+00 1.084223446400884617e-08
7.212402402402402046e+00 1.042283225205510911e-08
7.227407407407406836e+00 1.002005492095499692e-08
7.242412412412412515e+00 9.633227606603653211e-09
7.257417417417417305e+00 9.261703481060348528e-09
7.272422422422422095e+00 8.904862561362845434e-09
7.287427427427426885e+00 8.562110570068945683e-09
7.302432432432432563e+00 8.232877845229426012e-09
7.317437437437437353e+00 7.916618297602888262e-09
7.332442442442442143e+00 7.612808413021373190e-09
7.347447447447446933e+00 7.320946297909227480e-09
7.362452452452452611e+00 7.040550766049600015e-09
7.377457457457457402e+00 6.771160464777130574e-09
7.392462462462462192e+00 6.512333038858674685e-09
7.407467467467466982e+00 6.263644330401496251e-09
7.422472472472472660e+00 6.024687613203418749e-09
7.437477477477477450e+00 5.795072860030539352e-09
7.452482482482482240e+00 5.574426041375369222e-09
7.467487487487487030e+00 5.362388454315105177e-09
7.482492492492492708e+00 5.158616080148952511e-09
7.497497497497497498e+00 4.962778969554786436e-09
7.512502502502502288e+00 4.774560654060256881e-09
7.527507507507507079e+00 4.593657582678577097e-09
7.542512512512512757e+00 4.419778582609030321e-09
7.557517517517517547e+00 4.252644342952895208e-09
7.572522522522522337e+00 4.091986920440624204e-09
7.587527527527527127e+00 3.937549266212565143e-09
7.602532532532532805e+00 3.789084772736058963e-09
7.617537537537537595e+00 3.646356839984627464e-09
7.632542542542542385e+00 3.509138460041832082e-09
7.647547547547547175e+00 3.377211819331078069e-09
7.662552552552552854e+00 3.250367917706909814e-09
7.677557557557557644e+00 3.128406203677692549e-09
7.692562562562562434e+00 3.011134225061795588e-09
7.707567567567567224e+00 2.898367294410373910e-09
7.722572572572572014e+00 2.789928168558694876e-09
7.737577577577577692e+00 2.685646741696718332e-09
7.752582582582582482e+00 2.585359751376288101e-09
7.767587587587587272e+00 2.488910496897791043e-09
7.782592592592592062e+00 2.396148569543613314e-09
7.797597597597597741e+00 2.306929594149487072e-09
7.812602602602602531e+00 2.221114981526738269e-09
7.827607607607607321e+00 2.138571691269913598e-09
7.842612612612612111e+00 2.059172004504772935e-09
7.857617617617617789e+00 1.982793306151155902e-09
7.872622622622622579e+00 1.909317876293385731e-09
7.887627627627627369e+00 1.838632690269327606e-09
7.902632632632632159e+00 1.770629227105580263e-09
7.917637637637637837e+00 1.705203285943017039e-09
7.932642642642642627e+00 1.642254810112010919e-09
7.947647647647647418e+00 1.581687718531616399e-09
7.962652652652652208e+00 1.523409744121323069e-09
7.977657657657657886e+00 1.467332278927377489e-09
7.992662662662662676e+00 1.413370225678355228e-09
8.007667667667668354e+00 1.361441855497560612e-09
8.022672672672673144e+00 1.311468671511203032e-09
8.037677677677677934e+00 1.263375278102775755e-09
8.052682682682682724e+00 1.217089255574806642e-09
8.067687687687687514e+00 1.172541039989464456e-09
8.082692692692692304e+00 1.129663807969436019e-09
8.097697697697697095e+00 1.088393366249760304e-09
8.112702702702701885e+00 1.048668045780504192e-09
8.127707707707708451e+00 1.010428600188648220e-09
8.142712712712713241e+00 9.736181084157860190e-10
8.157717717717718031e+00 9.381818813562681422e-10
8.172722722722722821e+00 9.040673723277149167e-10
8.187727727727727611e+00 8.712240912132649272e-10
8.202732732732732401e+00 8.396035221215833799e-10
8.217737737737737191e+00 8.091590444174874301e-10
8.232742742742741981e+00 7.798458569820689796e-10
8.247747747747746772e+00 7.516209055674291858e-10
8.262752752752753338e+00 7.244428131168546386e-10
8.277757757757758128e+00 6.982718129266709969e-10
8.292762762762762918e+00 6.730696845313836500e-10
8.307767767767767708e+00 6.487996921987309964e-10
8.322772772772772498e+00 6.254265259261146283e-10
8.337777777777777288e+00 6.029162448343750164e-10
8.352782782782782078e+00 5.812362228594621156e-10
8.367787787787786868e+00 5.603550966466283110e-10
8.382792792792793435e+00 5.402427155558976159e-10
8.397797797797798225e+00 5.208700936913829939e-10
8.412802802802803015e+00 5.022093638707245801e-10
8.427807807807807805e+00 4.842337334544459920e-10
8.442812812812812595e+00 4.669174419585240639e-10
8.457817817817817385e+00 4.502357203764821039e-10
8.472822822822822175e+00 4.341647521406510834e-10
8.487827827827826965e+00 4.186816356550349073e-10
8.502832832832833532e+00 4.037643483351711151e-10
8.517837837837838322e+00 3.893917120930434387e-10
8.532842842842843112e+00 3.755433602076463775e-10
8.547847847847847902e+00 3.621997055244427751e-10
8.562852852852852692e+00 3.493419099291874295e-10
8.577857857857857482e+00 3.369518550439332183e-10
8.592862862862862272e+00 3.250121140952322857e-10
8.607867867867867062e+00 3.135059249066040500e-10
8.622872872872873629e+00 3.024171639693714847e-10
8.637877877877878419e+00 2.917303215478337143e-10
8.652882882882883209e+00 2.814304777766374619e-10
8.667887887887887999e+00 2.715032797099223118e-10
8.682892892892892789e+00 2.619349192835357971e-10
8.697897897897897579e+00 2.527121121531380955e-10
8.712902902902902369e+00 2.438220773726990670e-10
8.727907907907907159e+00 2.352525178792105453e-10
8.742912912912911949e+00 2.269916017509783269e-10
8.757917917917918516e+00 2.190279442081249438e-10
8.772922922922923306e+00 2.113505903252919461e-10
8.787927927927928096e+00 2.039489984277032555e-10
8.802932932932932886e+00 1.968130241430442958e-10
8.817937937937937676e+00 1.899329050826156204e-10
8.832942942942942466e+00 1.832992461264460021e-10
8.847947947947947256e+00 1.769030052879991643e-10
8.862952952952952046e+00 1.707354801351463952e-10
8.877957957957958612e+00 1.647882947450419310e-10
8.892962962962963402e+00 1.590533871714463972e-10
8.907967967967968193e+00 1.535229974039212062e-10
8.922972972972972983e+00 1.481896557991701788e-10
8.937977977977977773e+00 1.430461719656061921e-10
8.952982982982982563e+00 1.380856240829961673e-10
8.967987987987987353e+00 1.333013486397816530e-10
8.982992992992992143e+00 1.286869305713846197e-10
8.997997997997998709e+00 1.242361937834818451e-10
9.013003003003003499e+00 1.199431920448922897e-10
9.028008008008008289e+00 1.158022002353448334e-10
9.043013013013013079e+00 1.118077059339997954e-10
9.058018018018017870e+00 1.079544013351501520e-10
9.073023023023022660e+00 1.042371754781165182e-10
9.088028028028027450e+00 1.006511067788433196e-10
9.103033033033032240e+00 9.719145585122496520e-11
9.118038038038038806e+00 9.385365860668236865e-11
9.133043043043043596e+00 9.063331962095853847e-11
9.148048048048048386e+00 8.752620575756696027e-11
9.163053053053053176e+00 8.452824003773641546e-11
9.178058058058057966e+00 8.163549574711776794e-11
9.193063063063062756e+00 7.884419076990409159e-11
9.208068068068067547e+00 7.615068214140398879e-11
9.223073073073072337e+00 7.355146081044547901e-11
9.238078078078077127e+00 7.104314660337003228e-11
9.253083083083083693e+00 6.862248338166168711e-11
9.268088088088088483e+00 6.628633438563368389e-11
9.283093093093093273e+00 6.403167775683205784e-11
9.298098098098098063e+00 6.185560223217850960e-11
9.313103103103102853e+00 5.975530300309402239e-11
9.328108108108107643e+00 5.772807773316253915e-11
9.343113113113112433e+00 5.577132272811618188e-11
9.358118118118117224e+00 5.388252925219948314e-11
9.373123123123123790e+00 5.205927998518725378e-11
9.388128128128128580e+00 5.029924561457309441e-11
9.403133133133133370e+00 4.860018155764883119e-11
9.418138138138138160e+00 4.695992480843118747e-11
9.433143143143142950e+00 4.537639090455657286e-11
9.448148148148147740e+00 4.384757100949556421e-11
9.463153153153152530e+00 4.237152910559466069e-11
9.478158158158157320e+00 4.094639929365184489e-11
9.493163163163163887e+00 3.957038319488614357e-11
9.508168168168168677e+00 3.824174745133751312e-11
9.523173173173173467e+00 3.695882132088643545e-11
9.538178178178178257e+00 3.571999436322887864e-11
9.553183183183183047e+00 3.452371421329506650e-11
9.568188188188187837e+00 3.336848443873233891e-11
9.583193193193192627e+00 3.225286247820941289e-11
9.598198198198197417e+00 3.117545765742635240e-11
9.613203203203203984e+00 3.013492927983615659e-11
9.628208208208208774e+00 2.912998478920463201e-11
9.643213213213213564e+00 2.815937800124270233e-11
9.658218218218218354e+00 2.722190740166100451e-11
9.673223223223223144e+00 2.631641450809561738e-11
9.688228228228227934e+00 2.544178229345248375e-11
9.703233233233232724e+00 2.459693366832366289e-11
9.718238238238237514e+00 2.378083002020486405e-11
9.733243243243242304e+00 2.299246980734926746e-11
9.748248248248248871e+00 2.223088720516492746e-11
9.763253253253253661e+00 2.149515080314872339e-11
9.778258258258258451e+00 2.078436235043202521e-11
9.793263263263263241e+00 2.009765554808028431e-11
9.808268268268268031e+00 1.943419488637049579e-11
9.823273273273272821e+00 1.879317452532923421e-11
9.838278278278277611e+00 1.817381721689153561e-11
9.853283283283282401e+00 1.757537326709475235e-11
9.868288288288288967e+00 1.699711953679088116e-11
9.883293293293293758e+00 1.643835847941398456e-11
9.898298298298298548e+00 1.589841721439952660e-11
9.913303303303303338e+00 1.537664663490610982e-11
9.928308308308308128e+00 1.487242054853999317e-11
9.943313313313312918e+00 1.438513484983675228e-11
9.958318318318317708e+00 1.391420672329926301e-11
9.973323323323322498e+00 1.345907387584001861e-11
9.988328328328329064e+00 1.301919379751717595e-11
1.000333333333333385e+01 1.259404304950165727e-11
1.001833833833833864e+01 1.218311657824545316e-11
1.003334334334334343e+01 1.178592705487085946e-11
1.004834834834834822e+01 1.140200423882917717e-11
1.006335335335335301e+01 1.103089436491858741e-11
1.007835835835835780e+01 1.067215955278597801e-11
1.009336336336336259e+01 1.032537723806830599e-11
1.010836836836836738e+01 9.990139624363983600e-12
1.012337337337337395e+01 9.666053155254274067e-12
1.013837837837837874e+01 9.352738005625686897e-12
1.015338338338338353e+01 9.049827591571190561e-12
1.016838838838838832e+01 8.756968098177889242e-12
1.018339339339339311e+01 8.473818024533438233e-12
1.019839839839839790e+01 8.200047745309570781e-12
1.021340340340340269e+01 7.935339088305058650e-12
1.022840840840840748e+01 7.679384927355964628e-12
1.024341341341341405e+01 7.431888790039151108e-12
1.025841841841841884e+01 7.192564479622936706e-12
1.027342342342342363e+01 6.961135710733090827e-12
1.028842842842842842e+01 6.737335758227619027e-12
1.030343343343343321e+01 6.520907118790148231e-12
1.031843843843843800e+01 6.311601184771186255e-12
1.033344344344344279e+01 6.109177929823850800e-12
1.034844844844844758e+01 5.913405605899639766e-12
1.036345345345345415e+01 5.724060451182137631e-12
1.037845845845845894e+01 5.540926408558065790e-12
1.039346346346346373e+01 5.363794854234587650e-12
1.040846846846846852e+01 5.192464336130978877e-12
1.042347347347347331e+01 5.026740321683842448e-12
1.043847847847847810e+01 4.866434954720017304e-12
1.045348348348348289e+01 4.711366821064242871e-12
1.046848848848848768e+01 4.561360722560444321e-12
1.048349349349349424e+01 4.416247459197877262e-12
1.049849849849849903e+01 4.275863619046108634e-12
1.051350350350350382e+01 4.140051375711011315e-12
1.052850850850850861e+01 4.008658293038554830e-12
1.054351351351351340e+01 3.881537136799660347e-12
1.055851851851851819e+01 3.758545693102291037e-12
1.057352352352352298e+01 3.639546593284412859e-12
1.058852852852852777e+01 3.524407145051839397e-12
1.060353353353353256e+01 3.412999169633190416e-12
1.061853853853853913e+01 3.305198844732896991e-12
1.063354354354354392e+01 3.200886553071366985e-12
1.064854854854854871e+01 3.099946736308901184e-12
1.066355355355355350e+01 3.002267754158061046e-12
1.067855855855855829e+01 2.907741748496078703e-12
1.069356356356356308e+01 2.816264512295805273e-12
1.070856856856856787e+01 2.727735363200903087e-12
1.072357357357357266e+01 2.642057021576750246e-12
1.073857857857857923e+01 2.559135492875305740e-12
1.075358358358358402e+01 2.478879954158046711e-12
1.076858858858858881e+01 2.401202644626474618e-12
1.078359359359359360e+01 2.326018760016146571e-12
1.079859859859859839e+01 2.253246350714031180e-12
1.081360360360360318e+01 2.182806223465749911e-12
1.082860860860860797e+01 2.114621846543249771e-12
1.084361361361361276e+01 2.048619258248088277e-12
1.085861861861861932e+01 1.984726978630889948e-12
1.087362362362362411e+01 1.922875924311148434e-12
1.088862862862862890e+01 1.862999326286140294e-12
1.090363363363363369e+01 1.805032650621888914e-12
1.091863863863863848e+01 1.748913521922709480e-12
1.093364364364364327e+01 1.694581649479997410e-12
1.094864864864864806e+01 1.641978756004398167e-12
1.096365365365365285e+01 1.591048508848866903e-12
1.097865865865865942e+01 1.541736453633813339e-12
1.099366366366366421e+01 1.493989950188523418e-12
1.100866866866866900e+01 1.447758110726191555e-12
1.102367367367367379e+01 1.402991740173115389e-12
1.103867867867867858e+01 1.359643278575227606e-12
1.105368368368368337e+01 1.317666745508126466e-12
1.106868868868868816e+01 1.277017686419330558e-12
1.108369369369369295e+01 1.237653120834163004e-12
1.109869869869869774e+01 1.199531492359083777e-12
1.111370370370370431e+01 1.162612620418782085e-12
1.112870870870870910e+01 1.126857653665513724e-12
1.114371371371371389e+01 1.092229025001515546e-12
1.115871871871871868e+01 1.058690408157427236e-12
1.117372372372372347e+01 1.026206675771685422e-12
1.118872872872872826e+01 9.947438589178742316e-13
1.120373373373373305e+01 9.642691080289443784e-13
1.121873873873873784e+01 9.347506551689936907e-13
1.123374374374374440e+01 9.061577776051775472e-13
1.124874874874874919e+01 8.784607626338886645e-13
1.126375375375375398e+01 8.516308736171007085e-13
1.127875875875875877e+01 8.256403171864248623e-13
1.129376376376376356e+01 8.004622115736464390e-13
1.130876876876876835e+01 7.760705560284097664e-13
1.132377377377377314e+01 7.524402012847601123e-13
1.133877877877877793e+01 7.295468210399371796e-13
1.135378378378378450e+01 7.073668844097431637e-13
1.136878878878878929e+01 6.858776293265807591e-13
1.138379379379379408e+01 6.650570368469518135e-13
1.139879879879879887e+01 6.448838063368229154e-13
1.141380380380380366e+01 6.253373315040764349e-13
1.142880880880880845e+01 6.063976772486308112e-13
1.144381381381381324e+01 5.880455573015098974e-13
1.145881881881881803e+01 5.702623126257067726e-13
1.147382382382382460e+01 5.530298905519572405e-13
1.148882882882882939e+01 5.363308246241671458e-13
1.150383383383383418e+01 5.201482151296525432e-13
1.151883883883883897e+01 5.044657102904940753e-13
1.153384384384384376e+01 4.892674880930249440e-13
1.154884884884884855e+01 4.745382387333679026e-13
1.156385385385385334e+01 4.602631476576266562e-13
1.157885885885885813e+01 4.464278791762095709e-13
1.159386386386386292e+01 4.330185606323567212e-13
1.160886886886886948e+01 4.200217671057636824e-13
1.162387387387387427e+01 4.074245066328273774e-13
1.163887887887887906e+01 3.952142059256163002e-13
1.165388388388388385e+01 3.833786965724546855e-13
1.166888888888888864e+01 3.719062017034621545e-13
1.168389389389389343e+01 3.607853231050648733e-13
1.169889889889889822e+01 3.500050287680405324e-13
1.171390390390390301e+01 3.395546408541433227e-13
1.172890890890890958e+01 3.294238240670032372e-13
1.174391391391391437e+01 3.196025744133606656e-13
1.175891891891891916e+01 3.100812083412730538e-13
1.177392392392392395e+01 3.008503522423708490e-13
1.178892892892892874e+01 2.919009323056851982e-13
1.180393393393393353e+01 2.832241647110528772e-13
1.181893893893893832e+01 2.748115461504067488e-13
1.183394394394394311e+01 2.666548446658375710e-13
1.184894894894894968e+01 2.587460907935561728e-13
1.186395395395395447e+01 2.510775690033296531e-13
1.187895895895895926e+01 2.436418094233282638e-13
1.189396396396396405e+01 2.364315798406466404e-13
1.190896896896896884e+01 2.294398779681149884e-13
1.192397397397397363e+01 2.226599239683783109e-13
1.193897897897897842e+01 2.160851532264187047e-13
1.195398398398398321e+01 2.097092093621794781e-13
1.196898898898898977e+01 2.035259374750695918e-13
1.198399399399399456e+01 1.975293776125046984e-13
1.199899899899899935e+01 1.917137584549217613e-13
1.201400400400400414e+01 1.860734912098895756e-13
1.202900900900900893e+01 1.806031637082738540e-13
1.204401401401401372e+01 1.752975346956086327e-13
1.205901901901901851e+01 1.701515283120854804e-13
1.207402402402402330e+01 1.651602287548031010e-13
1.208902902902902810e+01 1.603188751160837719e-13
1.210403403403403466e+01 1.556228563919925448e-13
1.211903903903903945e+01 1.510677066552610157e-13
1.213404404404404424e+01 1.466491003871168882e-13
1.214904904904904903e+01 1.423628479626562117e-13
1.216405405405405382e+01 1.382048912846260290e-13
1.217905905905905861e+01 1.341712995605859632e-13
1.219406406406406340e+01 1.302582652186884951e-13
1.220906906906906819e+01 1.264620999573919175e-13
1.222407407407407476e+01 1.227792309246281662e-13
1.223907907907907955e+01 1.192061970221071145e-13
1.225408408408408434e+01 1.157396453305394105e-13
1.226908908908908913e+01 1.123763276517621386e-13
1.228409409409409392e+01 1.091130971638462263e-13
1.229909909909909871e+01 1.059469051854224131e-13
1.231410410410410350e+01 1.028747980455662865e-13
1.232910910910910829e+01 9.989391405574924808e-14
1.234411411411411486e+01 9.700148058043032531e-14
1.235911911911911965e+01 9.419481120301665981e-14
1.237412412412412444e+01 9.147130298402088341e-14
1.238912912912912923e+01 8.882843380834492069e-14
1.240413413413413402e+01 8.626375981874180924e-14
1.241913913913913881e+01 8.377491293257762175e-14
1.243414414414414360e+01 8.135959843914112259e-14
1.244914914914914839e+01 7.901559267484060243e-14
1.246415415415415495e+01 7.674074077368565965e-14
1.247915915915915974e+01 7.453295449058109577e-14
1.249416416416416453e+01 7.239021009501885904e-14
1.250916916916916932e+01 7.031054633284228485e-14
1.252417417417417411e+01 6.829206245383277652e-14
1.253917917917917890e+01 6.633291630294775407e-14
1.255418418418418369e+01 6.443132247311740777e-14
1.256918918918918848e+01 6.258555051755681673e-14
1.258419419419419327e+01 6.079392321965552281e-14
1.259919919919919984e+01 5.905481491852466203e-14
1.261420420420420463e+01 5.736664988839754727e-14
1.262920920920920942e+01 5.572790077009431350e-14
1.264421421421421421e+01 5.413708705285063015e-14
1.265921921921921900e+01 5.259277360485754573e-14
1.267422422422422379e+01 5.109356925091668735e-14
1.268922922922922858e+01 4.963812539566084878e-14
1.270423423423423337e+01 4.822513469085465535e-14
1.271923923923923994e+01 4.685332974533642992e-14
1.273424424424424473e+01 4.552148187619335757e-14
1.274924924924924952e+01 4.422839989984021998e-14
1.276425425425425431e+01 4.297292896168960922e-14
1.277925925925925910e+01 4.175394940315355124e-14
1.279426426426426389e+01 4.057037566476462792e-14
1.280926926926926868e+01 3.942115522424011580e-14
1.282427427427427347e+01 3.830526756834909849e-14
1.283927927927928003e+01 3.722172319748057737e-14
1.285428428428428482e+01 3.616956266186018321e-14
1.286928928928928961e+01 3.514785562837298696e-14
1.288429429429429440e+01 3.415569997701383097e-14
1.289929929929929919e+01 3.319222092599372042e-14
1.291430430430430398e+01 3.225657018457709900e-14
1.292930930930930877e+01 3.134792513275323169e-14
1.294431431431431356e+01 3.046548802687319037e-14
1.295931931931932013e+01 2.960848523040896690e-14
1.297432432432432492e+01 2.877616646902890177e-14
1.298932932932932971e+01 2.796780410919758868e-14
1.300433433433433450e+01 2.718269245954734401e-14
1.301933933933933929e+01 2.642014709428343239e-14
1.303434434434434408e+01 2.567950419791218978e-14
1.304934934934934887e+01 2.496011993060903278e-14
1.306435435435435366e+01 2.426136981355897760e-14
1.307935935935935845e+01 2.358264813362835337e-14
1.309436436436436502e+01 2.292336736674778175e-14
1.310936936936936981e+01 2.228295761940330081e-14
1.312437437437437460e+01 2.166086608765769171e-14
1.313937937937937939e+01 2.105655653313577630e-14
1.315438438438438418e+01 2.046950877543501045e-14
1.316938938938938897e+01 1.989921820043015744e-14
1.318439439439439376e+01 1.934519528396882994e-14
1.319939939939939855e+01 1.880696513046179571e-14
1.321440440440440511e+01 1.828406702589295373e-14
1.322940940940940990e+01 1.777605400479060226e-14
1.324441441441441469e+01 1.728249243071152816e-14
1.325941941941941948e+01 1.680296158981024750e-14
1.327442442442442427e+01 1.633705329707329457e-14
1.328942942942942906e+01 1.588437151481693725e-14
1.330443443443443385e+01 1.544453198305976719e-14
1.331943943943943864e+01 1.501716186138791410e-14
1.333444444444444521e+01 1.460189938195312276e-14
1.334944944944945000e+01 1.419839351324673467e-14
1.336445445445445479e+01 1.380630363430817734e-14
1.337945945945945958e+01 1.342529921903832175e-14
1.339446446446446437e+01 1.305505953029648988e-14
1.340946946946946916e+01 1.269527332347176688e-14
1.342447447447447395e+01 1.234563855922811246e-14
1.343947947947947874e+01 1.200586212513471241e-14
1.345448448448448353e+01 1.167565956589898132e-14
1.346948948948949010e+01 1.135475482193222415e-14
1.348449449449449489e+01 1.104287997598372463e-14
1.349949949949949968e+01 1.073977500758993652e-14
1.351450450450450447e+01 1.044518755509117820e-14
1.352950950950950926e+01 1.015887268497965020e-14
1.354451451451451405e+01 9.880592668345640549e-15
1.355951951951951884e+01 9.610116764200309456e-15
1.357452452452452363e+01 9.347221009458877189e-15
1.358952952952953019e+01 9.091688015373857343e-15
1.360453453453453498e+01 8.843306770218269442e-15
1.361953953953953977e+01 8.601872448019364168e-15
1.363454454454454456e+01 8.367186223157193391e-15
1.364954954954954935e+01 8.139055090641205335e-15
1.366455455455455414e+01 7.917291691889291304e-15
1.367955955955955893e+01 7.701714145835341686e-15
1.369456456456456372e+01 7.492145885200543453e-15
1.370956956956957029e+01 7.288415497766473895e-15
1.372457457457457508e+01 7.090356572493016737e-15
1.373957957957957987e+01 6.897807550331520776e-15
1.375458458458458466e+01 6.710611579586016948e-15
1.376958958958958945e+01 6.528616375680677146e-15
1.378459459459459424e+01 6.351674085197245381e-15
1.379959959959959903e+01 6.179641154048068291e-15
1.381460460460460382e+01 6.012378199658515148e-15
1.382960960960961039e+01 5.849749887031894344e-15
1.384461461461461518e+01 5.691624808577667913e-15
1.385961961961961997e+01 5.537875367586357013e-15
1.387462462462462476e+01 5.388377665236994950e-15
1.388962962962962955e+01 5.243011391029047474e-15
1.390463463463463434e+01 5.101659716531893139e-15
1.391963963963963913e+01 4.964209192349317318e-15
1.393464464464464392e+01 4.830549648200375202e-15
1.394964964964964871e+01 4.700574096019138702e-15
1.396465465465465527e+01 4.574178635981251417e-15
1.397965965965966006e+01 4.451262365366516652e-15
1.399466466466466485e+01 4.331727290169663055e-15
1.400966966966966964e+01 4.215478239375776673e-15
1.402467467467467443e+01 4.102422781817005020e-15
1.403967967967967923e+01 3.992471145532188996e-15
1.405468468468468402e+01 3.885536139551678051e-15
1.406968968968968881e+01 3.781533078033465191e-15
1.408469469469469537e+01 3.680379706678000344e-15
1.409969969969970016e+01 3.581996131351917608e-15
1.411470470470470495e+01 3.486304748852909275e-15
1.412970970970970974e+01 3.393230179750162314e-15
1.414471471471471453e+01 3.302699203236933693e-15
1.415971971971971932e+01 3.214640693933135817e-15
1.417472472472472411e+01 3.128985560579190353e-15
1.418972972972972890e+01 3.045666686562510849e-15
1.420473473473473547e+01 2.964618872221116220e-15
1.421973973973974026e+01 2.885778778869994568e-15
1.423474474474474505e+01 2.809084874497597556e-15
1.424974974974974984e+01 2.734477381081808634e-15
1.426475475475475463e+01 2.661898223475727903e-15
1.427975975975975942e+01 2.591290979815689915e-15
1.429476476476476421e+01 2.522600833405165289e-15
1.430976976976976900e+01 2.455774526029809042e-15
1.432477477477477557e+01 2.390760312659717674e-15
1.433977977977978036e+01 2.327507917497472301e-15
1.435478478478478515e+01 2.265968491330503742e-15
1.436978978978978994e+01 2.206094570148620098e-15
1.438479479479479473e+01 2.147840034988265895e-15
1.439979979979979952e+01 2.091160072966258438e-15
1.441480480480480431e+01 2.036011139467069945e-15
1.442980980980980910e+01 1.982350921448926254e-15
1.444481481481481389e+01 1.930138301834661847e-15
1.445981981981982045e+01 1.879333324954718501e-15
1.447482482482482524e+01 1.829897163010553670e-15
1.448982982982983003e+01 1.781792083527468578e-15
1.450483483483483482e+01 1.734981417767436650e-15
1.451983983983983961e+01 1.689429530072584480e-15
1.453484484484484440e+01 1.645101788111525489e-15
1.454984984984984919e+01 1.601964534001448501e-15
1.456485485485485398e+01 1.559985056279502249e-15
1.457985985985986055e+01 1.519131562697941777e-15
1.459486486486486534e+01 1.479373153818496043e-15
1.460986986986987013e+01 1.440679797381721164e-15
1.462487487487487492e+01 1.403022303428339054e-15
1.463987987987987971e+01 1.366372300149839923e-15
1.465488488488488450e+01 1.330702210446638160e-15
1.466988988988988929e+01 1.295985229172566216e-15
1.468489489489489408e+01 1.262195301045107320e-15
1.469989989989990065e+01 1.229307099201645135e-15
1.471490490490490544e+01 1.197296004382260656e-15
1.472990990990991023e+01 1.166138084720425331e-15
1.474491491491491502e+01 1.135810076123563935e-15
1.475991991991991981e+01 1.106289363225722246e-15
1.477492492492492460e+01 1.077553960895460669e-15
1.478992992992992939e+01 1.049582496282320353e-15
1.480493493493493418e+01 1.022354191385918537e-15
1.481993993993994074e+01 9.958488461321532636e-16
1.483494494494494553e+01 9.700468219412979763e-16
1.484994994994995032e+01 9.449290257735709382e-16
1.486495495495495511e+01 9.204768946379196359e-16
1.487995995995995990e+01 8.966723805502764320e-16
1.489496496496496469e+01 8.734979359279217703e-16
1.490996996996996948e+01 8.509364994072123636e-16
1.492497497497497427e+01 8.289714820719140470e-16
1.493997997997997906e+01 8.075867540801922931e-16
1.495498498498498563e+01 7.867666316783036253e-16
1.496998998998999042e+01 7.664958645897229943e-16
1.498499499499499521e+01 7.467596237685134792e-16
1.500000000000000000e+01 7.275434895062275518e-16
