5.000000000000000000e-01 1.211543682627794141e+02
5.145145145145144649e-01 1.212025174816277797e+02
5.290290290290290409e-01 1.212504678235447102e+02
5.435435435435435059e-01 1.212982200238484296e+02
5.580580580580580818e-01 1.213457748159136145e+02
5.725725725725725468e-01 1.213931329311689353e+02
5.870870870870871228e-01 1.214402950990947971e+02
6.016016016016015877e-01 1.214872620472208524e+02
6.161161161161161637e-01 1.215340345011243244e+02
6.306306306306306286e-01 1.215806131844273636e+02
6.451451451451450936e-01 1.216269988187954283e+02
6.596596596596596696e-01 1.216731921239354364e+02
6.741741741741742455e-01 1.217191938175937338e+02
6.886886886886887105e-01 1.217650046155547017e+02
7.032032032032031754e-01 1.218106252316388236e+02
7.177177177177177514e-01 1.218560563777015062e+02
7.322322322322322163e-01 1.219012987636312459e+02
7.467467467467467923e-01 1.219463530973487764e+02
7.612612612612612573e-01 1.219912200848052350e+02
7.757757757757757222e-01 1.220359004299814814e+02
7.902902902902902982e-01 1.220803948348867038e+02
8.048048048048048742e-01 1.221247039995574966e+02
8.193193193193193391e-01 1.221688286220569495e+02
8.338338338338338041e-01 1.222127693984736680e+02
8.483483483483483800e-01 1.222565270229212757e+02
8.628628628628629560e-01 1.223001021875372061e+02
8.773773773773774209e-01 1.223434955824827313e+02
8.918918918918918859e-01 1.223867078959418961e+02
9.064064064064063508e-01 1.224297398141213193e+02
9.209209209209209268e-01 1.224725920212496533e+02
9.354354354354355028e-01 1.225152651995773709e+02
9.499499499499499677e-01 1.225577600293764533e+02
9.644644644644644327e-01 1.226000771889403040e+02
9.789789789789790087e-01 1.226422173545835221e+02
9.934934934934935846e-01 1.226841812006419872e+02
1.008008008008008050e+00 1.227259693994727314e+02
1.022522522522522515e+00 1.227675826214542525e+02
1.037037037037037202e+00 1.228090215349865559e+02
1.051551551551551444e+00 1.228502868064914537e+02
1.066066066066066131e+00 1.228913791004128626e+02
1.080580580580580596e+00 1.229322990792170600e+02
1.095095095095095061e+00 1.229730474033934371e+02
1.109609609609609748e+00 1.230136247314545699e+02
1.124124124124123991e+00 1.230540317199372140e+02
1.138638638638638678e+00 1.230942690234026600e+02
1.153153153153153143e+00 1.231343372944374011e+02
1.167667667667667608e+00 1.231742371836543128e+02
1.182182182182182295e+00 1.232139693396926958e+02
1.196696696696696760e+00 1.232535344092200376e+02
1.211211211211211225e+00 1.232929330369322400e+02
1.225725725725725912e+00 1.233321658655550408e+02
1.240240240240240155e+00 1.233712335358447660e+02
1.254754754754754842e+00 1.234101366865897518e+02
1.269269269269269307e+00 1.234488759546112533e+02
1.283783783783783772e+00 1.234874519747647241e+02
1.298298298298298459e+00 1.235258653799412372e+02
1.312812812812812702e+00 1.235641168010684936e+02
1.327327327327327389e+00 1.236022068671127130e+02
1.341841841841841854e+00 1.236401362050794432e+02
1.356356356356356319e+00 1.236779054400156355e+02
1.370870870870871006e+00 1.237155151950107239e+02
1.385385385385385471e+00 1.237529660911986156e+02
1.399899899899899935e+00 1.237902587477589407e+02
1.414414414414414622e+00 1.238273937819190706e+02
1.428928928928928865e+00 1.238643718089556529e+02
1.443443443443443552e+00 1.239011934421964014e+02
1.457957957957958017e+00 1.239378592930222425e+02
1.472472472472472482e+00 1.239743699708686933e+02
1.486986986986987169e+00 1.240107260832282066e+02
1.501501501501501634e+00 1.240469282356519187e+02
1.516016016016016099e+00 1.240829770317517813e+02
1.530530530530530564e+00 1.241188730732026073e+02
1.545045045045045029e+00 1.241546169597441462e+02
1.559559559559559716e+00 1.241902092891832581e+02
1.574074074074074181e+00 1.242256506573960735e+02
1.588588588588588646e+00 1.242609416583303670e+02
1.603103103103103111e+00 1.242960828840076601e+02
1.617617617617617576e+00 1.243310749245256517e+02
1.632132132132132263e+00 1.243659183680605196e+02
1.646646646646646728e+00 1.244006138008694080e+02
1.661161161161161193e+00 1.244351618072926868e+02
1.675675675675675658e+00 1.244695629697567512e+02
1.690190190190190345e+00 1.245038178687763093e+02
1.704704704704704810e+00 1.245379270829568128e+02
1.719219219219219275e+00 1.245718911889974265e+02
1.733733733733733740e+00 1.246057107616932598e+02
1.748248248248248204e+00 1.246393863739384642e+02
1.762762762762762891e+00 1.246729185967284650e+02
1.777277277277277356e+00 1.247063079991630872e+02
1.791791791791791821e+00 1.247395551484491136e+02
1.806306306306306286e+00 1.247726606099031983e+02
1.820820820820820973e+00 1.248056249469545804e+02
1.835335335335335438e+00 1.248384487211481400e+02
1.849849849849849903e+00 1.248711324921470833e+02
1.864364364364364368e+00 1.249036768177361694e+02
1.878878878878879055e+00 1.249360822538244236e+02
1.893393393393393520e+00 1.249683493544482360e+02
1.907907907907907985e+00 1.250004786717744025e+02
1.922422422422422450e+00 1.250324707561031090e+02
1.936936936936936915e+00 1.250643261558712140e+02
1.951451451451451602e+00 1.250960454176551337e+02
1.965965965965966067e+00 1.251276290861742524e+02
1.980480480480480532e+00 1.251590777042937930e+02
1.994994994994994997e+00 1.251903918130282847e+02
2.009509509509509684e+00 1.252215719515446750e+02
2.024024024024024371e+00 1.252526186571656837e+02
2.038538538538538614e+00 1.252835324653729145e+02
2.053053053053052857e+00 1.253143139098103376e+02
2.067567567567567544e+00 1.253449635222876140e+02
2.082082082082082231e+00 1.253754818327833220e+02
2.096596596596596918e+00 1.254058693694485669e+02
2.111111111111111160e+00 1.254361266586102488e+02
2.125625625625625403e+00 1.254662542247743602e+02
2.140140140140140090e+00 1.254962525906299788e+02
2.154654654654654777e+00 1.255261222770520106e+02
2.169169169169169464e+00 1.255558638031053107e+02
2.183683683683683707e+00 1.255854776860479660e+02
2.198198198198198394e+00 1.256149644413347772e+02
2.212712712712712637e+00 1.256443245826210529e+02
2.227227227227227324e+00 1.256735586217659915e+02
2.241741741741742011e+00 1.257026670688364050e+02
2.256256256256256254e+00 1.257316504321103139e+02
2.270770770770770941e+00 1.257605092180807418e+02
2.285285285285285184e+00 1.257892439314591542e+02
2.299799799799799871e+00 1.258178550751793665e+02
2.314314314314314558e+00 1.258463431504011965e+02
2.328828828828829245e+00 1.258747086565140165e+02
2.343343343343343488e+00 1.259029520911409179e+02
2.357857857857857731e+00 1.259310739501420215e+02
2.372372372372372418e+00 1.259590747276185994e+02
2.386886886886887105e+00 1.259869549159167263e+02
2.401401401401401792e+00 1.260147150056311602e+02
2.415915915915916035e+00 1.260423554856091499e+02
2.430430430430430278e+00 1.260698768429542582e+02
2.444944944944944965e+00 1.260972795630303409e+02
2.459459459459459651e+00 1.261245641294653126e+02
2.473973973973974338e+00 1.261517310241551826e+02
2.488488488488488581e+00 1.261787807272677640e+02
2.503003003003003268e+00 1.262057137172468515e+02
2.517517517517517511e+00 1.262325304708160303e+02
2.532032032032032198e+00 1.262592314629826262e+02
2.546546546546546441e+00 1.262858171670417278e+02
2.561061061061061128e+00 1.263122880545800939e+02
2.575575575575575815e+00 1.263386445954803321e+02
2.590090090090090058e+00 1.263648872579247069e+02
2.604604604604604745e+00 1.263910165083992467e+02
2.619119119119119432e+00 1.264170328116978510e+02
2.633633633633633675e+00 1.264429366309261837e+02
2.648148148148148362e+00 1.264687284275059369e+02
2.662662662662662605e+00 1.264944086611786247e+02
2.677177177177177292e+00 1.265199777900099889e+02
2.691691691691691979e+00 1.265454362703938358e+02
2.706206206206206222e+00 1.265707845570562711e+02
2.720720720720720909e+00 1.265960231030597924e+02
2.735235235235235152e+00 1.266211523598073256e+02
2.749749749749749839e+00 1.266461727770464734e+02
2.764264264264264526e+00 1.266710848028736507e+02
2.778778778778778769e+00 1.266958888837381210e+02
2.793293293293293456e+00 1.267205854644462875e+02
2.807807807807808143e+00 1.267451749881658287e+02
2.822322322322322385e+00 1.267696578964297629e+02
2.836836836836837072e+00 1.267940346291408105e+02
2.851351351351351315e+00 1.268183056245754017e+02
2.865865865865866002e+00 1.268424713193881672e+02
2.880380380380380689e+00 1.268665321486156472e+02
2.894894894894894932e+00 1.268904885456810518e+02
2.909409409409409619e+00 1.269143409423982689e+02
2.923923923923923862e+00 1.269380897689757859e+02
2.938438438438438549e+00 1.269617354540214933e+02
2.952952952952953236e+00 1.269852784245465216e+02
2.967467467467467479e+00 1.270087191059695044e+02
2.981981981981982166e+00 1.270320579221210693e+02
2.996496496496496409e+00 1.270552952952478307e+02
3.011011011011011096e+00 1.270784316460168242e+02
3.025525525525525783e+00 1.271014673935197692e+02
3.040040040040040026e+00 1.271244029552771622e+02
3.054554554554554713e+00 1.271472387472427386e+02
3.069069069069069400e+00 1.271699751838077077e+02
3.083583583583583643e+00 1.271926126778049877e+02
3.098098098098098330e+00 1.272151516405135823e+02
3.112612612612612573e+00 1.272375924816627304e+02
3.127127127127127260e+00 1.272599356094363685e+02
3.141641641641641947e+00 1.272821814304772658e+02
3.156156156156156189e+00 1.273043303498915293e+02
3.170670670670670876e+00 1.273263827712526250e+02
3.185185185185185119e+00 1.273483390966059687e+02
3.199699699699699806e+00 1.273701997264730750e+02
3.214214214214214493e+00 1.273919650598559201e+02
3.228728728728728736e+00 1.274136354942412339e+02
3.243243243243243423e+00 1.274352114256047912e+02
3.257757757757758110e+00 1.274566932484158599e+02
3.272272272272272353e+00 1.274780813556412511e+02
3.286786786786787040e+00 1.274993761387500513e+02
3.301301301301301283e+00 1.275205779877174592e+02
3.315815815815815970e+00 1.275416872910295041e+02
3.330330330330330657e+00 1.275627044356871949e+02
3.344844844844844900e+00 1.275836298072108548e+02
3.359359359359359587e+00 1.276044637896444272e+02
3.373873873873873830e+00 1.276252067655598808e+02
3.388388388388388517e+00 1.276458591160615015e+02
3.402902902902903204e+00 1.276664212207901130e+02
3.417417417417417447e+00 1.276868934579276242e+02
3.431931931931932134e+00 1.277072762042010510e+02
3.446446446446446377e+00 1.277275698348872055e+02
3.460960960960961064e+00 1.277477747238167041e+02
3.475475475475475751e+00 1.277678912433784575e+02
3.489989989989989994e+00 1.277879197645239202e+02
3.504504504504504681e+00 1.278078606567713535e+02
3.519019019019019368e+00 1.278277142882105295e+02
3.533533533533533610e+00 1.278474810255064256e+02
3.548048048048048297e+00 1.278671612339039996e+02
3.562562562562562540e+00 1.278867552772323677e+02
3.577077077077077227e+00 1.279062635179092098e+02
3.591591591591591914e+00 1.279256863169448195e+02
3.606106106106106157e+00 1.279450240339467086e+02
3.620620620620620844e+00 1.279642770271237566e+02
3.635135135135135087e+00 1.279834456532905875e+02
3.649649649649649774e+00 1.280025302678717765e+02
3.664164164164164461e+00 1.280215312249062549e+02
3.678678678678678704e+00 1.280404488770516593e+02
3.693193193193193391e+00 1.280592835755883812e+02
3.707707707707708078e+00 1.280780356704240148e+02
3.722222222222222321e+00 1.280967055100977348e+02
3.736736736736737008e+00 1.281152934417845017e+02
3.751251251251251251e+00 1.281337998112991841e+02
3.765765765765765938e+00 1.281522249631011618e+02
3.780280280280280625e+00 1.281705692402982208e+02
3.794794794794794868e+00 1.281888329846512988e+02
3.809309309309309555e+00 1.282070165365781804e+02
3.823823823823823798e+00 1.282251202351582720e+02
3.838338338338338485e+00 1.282431444181365521e+02
3.852852852852853172e+00 1.282610894219279487e+02
3.867367367367367414e+00 1.282789555816216307e+02
3.881881881881882101e+00 1.282967432309850437e+02
3.896396396396396788e+00 1.283144527024684862e+02
3.910910910910911031e+00 1.283320843272089746e+02
3.925425425425425718e+00 1.283496384350347626e+02
3.939939939939939961e+00 1.283671153544695187e+02
3.954454454454454648e+00 1.283845154127363912e+02
3.968968968968969335e+00 1.284018389357624415e+02
3.983483483483483578e+00 1.284190862481825945e+02
3.997997997997998265e+00 1.284362576733442438e+02
4.012512512512512508e+00 1.284533535333110024e+02
4.027027027027027195e+00 1.284703741488672506e+02
4.041541541541541882e+00 1.284873198395220868e+02
4.056056056056055681e+00 1.285041909235137041e+02
4.070570570570570368e+00 1.285209877178134832e+02
4.085085085085085055e+00 1.285377105381301988e+02
4.099599599599599742e+00 1.285543596989141122e+02
4.114114114114114429e+00 1.285709355133612064e+02
4.128628628628629116e+00 1.285874382934173070e+02
4.143143143143143803e+00 1.286038683497822603e+02
4.157657657657658490e+00 1.286202259919141966e+02
4.172172172172172289e+00 1.286365115280333953e+02
4.186686686686686976e+00 1.286527252651266338e+02
4.201201201201200774e+00 1.286688675089512799e+02
4.215715715715715461e+00 1.286849385640393280e+02
4.230230230230230148e+00 1.287009387337015767e+02
4.244744744744744835e+00 1.287168683200319208e+02
4.259259259259259522e+00 1.287327276239109324e+02
4.273773773773774209e+00 1.287485169450106355e+02
4.288288288288288896e+00 1.287642365817979169e+02
4.302802802802803583e+00 1.287798868315393008e+02
4.317317317317317382e+00 1.287954679903043598e+02
4.331831831831832069e+00 1.288109803529702617e+02
4.346346346346346756e+00 1.288264242132255788e+02
4.360860860860860555e+00 1.288417998635743800e+02
4.375375375375375242e+00 1.288571075953404943e+02
4.389889889889889929e+00 1.288723476986711205e+02
4.404404404404404616e+00 1.288875204625413460e+02
4.418918918918919303e+00 1.289026261747577848e+02
4.433433433433433990e+00 1.289176651219628127e+02
4.447947947947948677e+00 1.289326375896383752e+02
4.462462462462462476e+00 1.289475438621103933e+02
4.476976976976977163e+00 1.289623842225522310e+02
4.491491491491491850e+00 1.289771589529890718e+02
4.506006006006006537e+00 1.289918683343016710e+02
4.520520520520520336e+00 1.290065126462306182e+02
4.535035035035035023e+00 1.290210921673798623e+02
4.549549549549549710e+00 1.290356071752210880e+02
4.564064064064064397e+00 1.290500579460973825e+02
4.578578578578579084e+00 1.290644447552274130e+02
4.593093093093092882e+00 1.290787678767090085e+02
4.607607607607607569e+00 1.290930275835235364e+02
4.622122122122122256e+00 1.291072241475394549e+02
4.636636636636636943e+00 1.291213578395163779e+02
4.651151151151151630e+00 1.291354289291089401e+02
4.665665665665666317e+00 1.291494376848707759e+02
4.680180180180180116e+00 1.291633843742581860e+02
4.694694694694694803e+00 1.291772692636342867e+02
4.709209209209209490e+00 1.291910926182726200e+02
4.723723723723724177e+00 1.292048547023612741e+02
4.738238238238238864e+00 1.292185557790064934e+02
4.752752752752752663e+00 1.292321961102366288e+02
4.767267267267267350e+00 1.292457759570060034e+02
4.781781781781782037e+00 1.292592955791986356e+02
4.796296296296296724e+00 1.292727552356322462e+02
4.810810810810811411e+00 1.292861551840617551e+02
4.825325325325325210e+00 1.292994956811834015e+02
4.839839839839839897e+00 1.293127769826383542e+02
4.854354354354354584e+00 1.293259993430164911e+02
4.868868868868869271e+00 1.293391630158603505e+02
4.883383383383383958e+00 1.293522682536685409e+02
4.897897897897897757e+00 1.293653153078999480e+02
4.912412412412412444e+00 1.293783044289770601e+02
4.926926926926927131e+00 1.293912358662899749e+02
4.941441441441441818e+00 1.294041098682001234e+02
4.955955955955956505e+00 1.294169266820437940e+02
4.970470470470470303e+00 1.294296865541359693e+02
4.984984984984984990e+00 1.294423897297741632e+02
4.999499499499499677e+00 1.294550364532417461e+02
5.014014014014014364e+00 1.294676269678121514e+02
5.028528528528529051e+00 1.294801615157519166e+02
5.043043043043042850e+00 1.294926403383249465e+02
5.057557557557557537e+00 1.295050636757958102e+02
5.072072072072072224e+00 1.295174317674335214e+02
5.086586586586586911e+00 1.295297448515150904e+02
5.101101101101101598e+00 1.295420031653293336e+02
5.115615615615616285e+00 1.295542069451802547e+02
5.130130130130130084e+00 1.295663564263907119e+02
5.144644644644644771e+00 1.295784518433062829e+02
5.159159159159159458e+00 1.295904934292985331e+02
5.173673673673674145e+00 1.296024814167686827e+02
5.188188188188188832e+00 1.296144160371512442e+02
5.202702702702702631e+00 1.296262975209176318e+02
5.217217217217217318e+00 1.296381260975796010e+02
5.231731731731732005e+00 1.296499019956927725e+02
5.246246246246246692e+00 1.296616254428603270e+02
5.260760760760761379e+00 1.296732966657364727e+02
5.275275275275275177e+00 1.296849158900297425e+02
5.289789789789789864e+00 1.296964833405068873e+02
5.304304304304304551e+00 1.297079992409961449e+02
5.318818818818819238e+00 1.297194638143907355e+02
5.333333333333333925e+00 1.297308772826523011e+02
5.347847847847847724e+00 1.297422398668146002e+02
5.362362362362362411e+00 1.297535517869867192e+02
5.376876876876877098e+00 1.297648132623566539e+02
5.391391391391391785e+00 1.297760245111946347e+02
5.405905905905906472e+00 1.297871857508568496e+02
5.420420420420420271e+00 1.297982971977884574e+02
5.434934934934934958e+00 1.298093590675273674e+02
5.449449449449449645e+00 1.298203715747073943e+02
5.463963963963964332e+00 1.298313349330617257e+02
5.478478478478479019e+00 1.298422493554263895e+02
5.492992992992992818e+00 1.298531150537435508e+02
5.507507507507507505e+00 1.298639322390649795e+02
5.522022022022022192e+00 1.298747011215551197e+02
5.536536536536536879e+00 1.298854219104949266e+02
5.551051051051051566e+00 1.298960948142846803e+02
5.565565565565566253e+00 1.299067200404476239e+02
5.580080080080080052e+00 1.299172977956332318e+02
5.594594594594594739e+00 1.299278282856205919e+02
5.609109109109109426e+00 1.299383117153214471e+02
5.623623623623624113e+00 1.299487482887838325e+02
5.638138138138138800e+00 1.299591382091950038e+02
5.652652652652652598e+00 1.299694816788849892e+02
5.667167167167167285e+00 1.299797788993298013e+02
5.681681681681681972e+00 1.299900300711543935e+02
5.696196196196196659e+00 1.300002353941364674e+02
5.710710710710711346e+00 1.300103950672091457e+02
5.725225225225225145e+00 1.300205092884645524e+02
5.739739739739739832e+00 1.300305782551568825e+02
5.754254254254254519e+00 1.300406021637055289e+02
5.768768768768769206e+00 1.300505812096984926e+02
5.783283283283283893e+00 1.300605155878954804e+02
5.797797797797797692e+00 1.300704054922309751e+02
5.812312312312312379e+00 1.300802511158174752e+02
5.826826826826827066e+00 1.300900526509487349e+02
5.841341341341341753e+00 1.300998102891027202e+02
5.855855855855856440e+00 1.301095242209449907e+02
5.870370370370370239e+00 1.301191946363315992e+02
5.884884884884884926e+00 1.301288217243123881e+02
5.899399399399399613e+00 1.301384056731339456e+02
5.913913913913914300e+00 1.301479466702428454e+02
5.928428428428428987e+00 1.301574449022885460e+02
5.942942942942942786e+00 1.301669005551267446e+02
5.957457457457457473e+00 1.301763138138222473e+02
5.971971971971972160e+00 1.301856848626520389e+02
5.986486486486486847e+00 1.301950138851084660e+02
6.001001001001001534e+00 1.302043010639020792e+02
6.015515515515516221e+00 1.302135465809647883e+02
6.030030030030030019e+00 1.302227506174529879e+02
6.044544544544544706e+00 1.302319133537504001e+02
6.059059059059059393e+00 1.302410349694710590e+02
6.073573573573574080e+00 1.302501156434625216e+02
6.088088088088088767e+00 1.302591555538085686e+02
6.102602602602602566e+00 1.302681548778324725e+02
6.117117117117117253e+00 1.302771137920997262e+02
6.131631631631631940e+00 1.302860324724210557e+02
6.146146146146146627e+00 1.302949110938556032e+02
6.160660660660661314e+00 1.303037498307134001e+02
6.175175175175175113e+00 1.303125488565588057e+02
6.189689689689689800e+00 1.303213083442129800e+02
6.204204204204204487e+00 1.303300284657570955e+02
6.218718718718719174e+00 1.303387093925352360e+02
6.233233233233233861e+00 1.303473512951570967e+02
6.247747747747747660e+00 1.303559543435008834e+02
6.262262262262262347e+00 1.303645187067163818e+02
6.276776776776777034e+00 1.303730445532277713e+02
6.291291291291291721e+00 1.303815320507361548e+02
6.305805805805806408e+00 1.303899813662229406e+02
6.320320320320320207e+00 1.303983926659522297e+02
6.334834834834834894e+00 1.304067661154739142e+02
6.349349349349349581e+00 1.304151018796263486e+02
6.363863863863864268e+00 1.304234001225391069e+02
6.378378378378378954e+00 1.304316610076361087e+02
6.392892892892892753e+00 1.304398846976379787e+02
6.407407407407407440e+00 1.304480713545650872e+02
6.421921921921922127e+00 1.304562211397401654e+02
6.436436436436436814e+00 1.304643342137914033e+02
6.450950950950951501e+00 1.304724107366547230e+02
6.465465465465466188e+00 1.304804508675769341e+02
6.479979979979979987e+00 1.304884547651180640e+02
6.494494494494494674e+00 1.304964225871545409e+02
6.509009009009009361e+00 1.305043544908815818e+02
6.523523523523524048e+00 1.305122506328159773e+02
6.538038038038038735e+00 1.305201111687990192e+02
6.552552552552552534e+00 1.305279362539985470e+02
6.567067067067067221e+00 1.305357260429125290e+02
6.581581581581581908e+00 1.305434806893709947e+02
6.596096096096096595e+00 1.305512003465390478e+02
6.610610610610611282e+00 1.305588851669194241e+02
6.625125125125125081e+00 1.305665353023551631e+02
6.639639639639639768e+00 1.305741509040323081e+02
6.654154154154154455e+00 1.305817321224822933e+02
6.668668668668669142e+00 1.305892791075848720e+02
6.683183183183183829e+00 1.305967920085705032e+02
6.697697697697697627e+00 1.306042709740230521e+02
6.712212212212212314e+00 1.306117161518823195e+02
6.726726726726727001e+00 1.306191276894466853e+02
6.741241241241241688e+00 1.306265057333756374e+02
6.755755755755756375e+00 1.306338504296924157e+02
6.770270270270270174e+00 1.306411619237863704e+02
6.784784784784784861e+00 1.306484403604158047e+02
6.799299299299299548e+00 1.306556858837102766e+02
6.813813813813814235e+00 1.306628986371730718e+02
6.828328328328328922e+00 1.306700787636839891e+02
6.842842842842843609e+00 1.306772264055017558e+02
6.857357357357357408e+00 1.306843417042663873e+02
6.871871871871872095e+00 1.306914248010018298e+02
6.886386386386386782e+00 1.306984758361183481e+02
6.900900900900901469e+00 1.307054949494150833e+02
6.915415415415416156e+00 1.307124822800825257e+02
6.929929929929929955e+00 1.307194379667048167e+02
6.944444444444444642e+00 1.307263621472624777e+02
6.958958958958959329e+00 1.307332549591346549e+02
6.973473473473474016e+00 1.307401165391014501e+02
6.987987987987988703e+00 1.307469470233465927e+02
7.002502502502502502e+00 1.307537465474597695e+02
7.017017017017017189e+00 1.307605152464390130e+02
7.031531531531531876e+00 1.307672532546930597e+02
7.046046046046046563e+00 1.307739607060438232e+02
7.060560560560561250e+00 1.307806377337285539e+02
7.075075075075075048e+00 1.307872844704027386e+02
7.089589589589589735e+00 1.307939010481417768e+02
7.104104104104104422e+00 1.308004875984439366e+02
7.118618618618619109e+00 1.308070442522322878e+02
7.133133133133133796e+00 1.308135711398572596e+02
7.147647647647647595e+00 1.308200683910989142e+02
7.162162162162162282e+00 1.308265361351692775e+02
7.176676676676676969e+00 1.308329745007146130e+02
7.191191191191191656e+00 1.308393836158177805e+02
7.205705705705706343e+00 1.308457636080005955e+02
7.220220220220220142e+00 1.308521146042259033e+02
7.234734734734734829e+00 1.308584367309000527e+02
7.249249249249249516e+00 1.308647301138751686e+02
7.263763763763764203e+00 1.308709948784513415e+02
7.278278278278278890e+00 1.308772311493789005e+02
7.292792792792793577e+00 1.308834390508606305e+02
7.307307307307307376e+00 1.308896187065540460e+02
7.321821821821822063e+00 1.308957702395737499e+02
7.336336336336336750e+00 1.309018937724934517e+02
7.350850850850851437e+00 1.309079894273482125e+02
7.365365365365366124e+00 1.309140573256368612e+02
7.379879879879879923e+00 1.309200975883239551e+02
7.394394394394394610e+00 1.309261103358421110e+02
7.408908908908909297e+00 1.309320956880940230e+02
7.423423423423423984e+00 1.309380537644548781e+02
7.437937937937938671e+00 1.309439846837744881e+02
7.452452452452452469e+00 1.309498885643790800e+02
7.466966966966967156e+00 1.309557655240740246e+02
7.481481481481481843e+00 1.309616156801454849e+02
7.495995995995996530e+00 1.309674391493630026e+02
7.510510510510511217e+00 1.309732360479810893e+02
7.525025025025025016e+00 1.309790064917418704e+02
7.539539539539539703e+00 1.309847505958768181e+02
7.554054054054054390e+00 1.309904684751091111e+02
7.568568568568569077e+00 1.309961602436555950e+02
7.583083083083083764e+00 1.310018260152289145e+02
7.597597597597597563e+00 1.310074659030396163e+02
7.612112112112112250e+00 1.310130800197980250e+02
7.626626626626626937e+00 1.310186684777167727e+02
7.641141141141141624e+00 1.310242313885121916e+02
7.655655655655656311e+00 1.310297688634070710e+02
7.670170170170170110e+00 1.310352810131322485e+02
7.684684684684684797e+00 1.310407679479286003e+02
7.699199199199199484e+00 1.310462297775495131e+02
7.713713713713714171e+00 1.310516666112623057e+02
7.728228228228228858e+00 1.310570785578508435e+02
7.742742742742743545e+00 1.310624657256171020e+02
7.757257257257257343e+00 1.310678282223832980e+02
7.771771771771772030e+00 1.310731661554939365e+02
7.786286286286286717e+00 1.310784796318177996e+02
7.800800800800801404e+00 1.310837687577497093e+02
7.815315315315316091e+00 1.310890336392128859e+02
7.829829829829829890e+00 1.310942743816604548e+02
7.844344344344344577e+00 1.310994910900778052e+02
7.858858858858859264e+00 1.311046838689842673e+02
7.873373373373373951e+00 1.311098528224349877e+02
7.887887887887888638e+00 1.311149980540233173e+02
7.902402402402402437e+00 1.311201196668821467e+02
7.916916916916917124e+00 1.311252177636861802e+02
7.931431431431431811e+00 1.311302924466536979e+02
7.945945945945946498e+00 1.311353438175486588e+02
7.960460460460461185e+00 1.311403719776822072e+02
7.974974974974974984e+00 1.311453770279150604e+02
7.989489489489489671e+00 1.311503590686589007e+02
8.004004004004004358e+00 1.311553181998785078e+02
8.018518518518519045e+00 1.311602545210936341e+02
8.033033033033033732e+00 1.311651681313807103e+02
8.047547547547548419e+00 1.311700591293748630e+02
8.062062062062061329e+00 1.311749276132716773e+02
8.076576576576577793e+00 1.311797736808288732e+02
8.091091091091090703e+00 1.311845974293684378e+02
8.105605605605607167e+00 1.311893989557781879e+02
8.120120120120120077e+00 1.311941783565138167e+02
8.134634634634634764e+00 1.311989357276004000e+02
8.149149149149149451e+00 1.312036711646343292e+02
8.163663663663664138e+00 1.312083847627853004e+02
8.178178178178178825e+00 1.312130766167978777e+02
8.192692692692693512e+00 1.312177468209931135e+02
8.207207207207208199e+00 1.312223954692706513e+02
8.221721721721721110e+00 1.312270226551104599e+02
8.236236236236237573e+00 1.312316284715742256e+02
8.250750750750750484e+00 1.312362130113075125e+02
8.265265265265266947e+00 1.312407763665413256e+02
8.279779779779779858e+00 1.312453186290937026e+02
8.294294294294294545e+00 1.312498398903716748e+02
8.308808808808809232e+00 1.312543402413730291e+02
8.323323323323323919e+00 1.312588197726875592e+02
8.337837837837838606e+00 1.312632785744994806e+02
8.352352352352351517e+00 1.312677167365883406e+02
8.366866866866867980e+00 1.312721343483314342e+02
8.381381381381380891e+00 1.312765314987049123e+02
8.395895895895897354e+00 1.312809082762858282e+02
8.410410410410410265e+00 1.312852647692536721e+02
8.424924924924924952e+00 1.312896010653918495e+02
8.439439439439439639e+00 1.312939172520898410e+02
8.453953953953954326e+00 1.312982134163442822e+02
8.468468468468469013e+00 1.313024896447607830e+02
8.482982982982983700e+00 1.313067460235559167e+02
8.497497497497498387e+00 1.313109826385583858e+02
8.512012012012013074e+00 1.313151995752105847e+02
8.526526526526527761e+00 1.313193969185708454e+02
8.541041041041040671e+00 1.313235747533142614e+02
8.555555555555555358e+00 1.313277331637349619e+02
8.570070070070070045e+00 1.313318722337470774e+02
8.584584584584584732e+00 1.313359920468869007e+02
8.599099099099099419e+00 1.313400926863139659e+02
8.613613613613614106e+00 1.313441742348131243e+02
8.628128128128128793e+00 1.313482367747955095e+02
8.642642642642643480e+00 1.313522803883006702e+02
8.657157157157158167e+00 1.313563051569976778e+02
8.671671671671672854e+00 1.313603111621870312e+02
8.686186186186185765e+00 1.313642984848017932e+02
8.700700700700700452e+00 1.313682672054095804e+02
8.715215215215215139e+00 1.313722174042136146e+02
8.729729729729729826e+00 1.313761491610545988e+02
8.744244244244244513e+00 1.313800625554120529e+02
8.758758758758759200e+00 1.313839576664057915e+02
8.773273273273273887e+00 1.313878345727975727e+02
8.787787787787788574e+00 1.313916933529923767e+02
8.802302302302303261e+00 1.313955340850400262e+02
8.816816816816817948e+00 1.313993568466366639e+02
8.831331331331332635e+00 1.314031617151261742e+02
8.845845845845845545e+00 1.314069487675015466e+02
8.860360360360360232e+00 1.314107180804065251e+02
8.874874874874874919e+00 1.314144697301369717e+02
8.889389389389389606e+00 1.314182037926421174e+02
8.903903903903904293e+00 1.314219203435263239e+02
8.918418418418418980e+00 1.314256194580503347e+02
8.932932932932933667e+00 1.314293012111325822e+02
8.947447447447448354e+00 1.314329656773508646e+02
8.961961961961963041e+00 1.314366129309435109e+02
8.976476476476477728e+00 1.314402430458108029e+02
8.990990990990990639e+00 1.314438560955167077e+02
9.005505505505505326e+00 1.314474521532896460e+02
9.020020020020020013e+00 1.314510312920243678e+02
9.034534534534534700e+00 1.314545935842831454e+02
9.049049049049049387e+00 1.314581391022971673e+02
9.063563563563564074e+00 1.314616679179678442e+02
9.078078078078078761e+00 1.314651801028682598e+02
9.092592592592593448e+00 1.314686757282443921e+02
9.107107107107108135e+00 1.314721548650163641e+02
9.121621621621622822e+00 1.314756175837801493e+02
9.136136136136135732e+00 1.314790639548085665e+02
9.150650650650650419e+00 1.314824940480525584e+02
9.165165165165165106e+00 1.314859079331428120e+02
9.179679679679679793e+00 1.314893056793907249e+02
9.194194194194194480e+00 1.314926873557899398e+02
9.208708708708709167e+00 1.314960530310174818e+02
9.223223223223223854e+00 1.314994027734350652e+02
9.237737737737738541e+00 1.315027366510905154e+02
9.252252252252253228e+00 1.315060547317188195e+02
9.266766766766767915e+00 1.315093570827434348e+02
9.281281281281282602e+00 1.315126437712777658e+02
9.295795795795795513e+00 1.315159148641261027e+02
9.310310310310310200e+00 1.315191704277850420e+02
9.324824824824824887e+00 1.315224105284446523e+02
9.339339339339339574e+00 1.315256352319896962e+02
9.353853853853854261e+00 1.315288446040011081e+02
9.368368368368368948e+00 1.315320387097565913e+02
9.382882882882883635e+00 1.315352176142324652e+02
9.397397397397398322e+00 1.315383813821046033e+02
9.411911911911913009e+00 1.315415300777495702e+02
9.426426426426427696e+00 1.315446637652459287e+02
9.440940940940940607e+00 1.315477825083753203e+02
9.455455455455455294e+00 1.315508863706236582e+02
9.469969969969969981e+00 1.315539754151823786e+02
9.484484484484484668e+00 1.315570497049494918e+02
9.498998998998999355e+00 1.315601093025308614e+02
9.513513513513514042e+00 1.315631542702411707e+02
9.528028028028028729e+00 1.315661846701052013e+02
9.542542542542543416e+00 1.315692005638588853e+02
9.557057057057058103e+00 1.315722020129506404e+02
9.571571571571572790e+00 1.315751890785421381e+02
9.586086086086085700e+00 1.315781618215096103e+02
9.600600600600600387e+00 1.315811203024451004e+02
9.615115115115115074e+00 1.315840645816573158e+02
9.629629629629629761e+00 1.315869947191727931e+02
9.644144144144144448e+00 1.315899107747369783e+02
9.658658658658659135e+00 1.315928128078154202e+02
9.673173173173173822e+00 1.315957008775947656e+02
9.687687687687688509e+00 1.315985750429836969e+02
9.702202202202203196e+00 1.316014353626142679e+02
9.716716716716717883e+00 1.316042818948426998e+02
9.731231231231232570e+00 1.316071146977505464e+02
9.745745745745745481e+00 1.316099338291457457e+02
9.760260260260260168e+00 1.316127393465636430e+02
9.774774774774774855e+00 1.316155313072679007e+02
9.789289289289289542e+00 1.316183097682518621e+02
9.803803803803804229e+00 1.316210747862390349e+02
9.818318318318318916e+00 1.316238264176844837e+02
9.832832832832833603e+00 1.316265647187758532e+02
9.847347347347348290e+00 1.316292897454341642e+02
9.861861861861862977e+00 1.316320015533148080e+02
9.876376376376377664e+00 1.316347001978087121e+02
9.890890890890890574e+00 1.316373857340432778e+02
9.905405405405405261e+00 1.316400582168830340e+02
9.919919919919919948e+00 1.316427177009310299e+02
9.934434434434434635e+00 1.316453642405296875e+02
9.948948948948949322e+00 1.316479978897613137e+02
9.963463463463464009e+00 1.316506187024498331e+02
9.977977977977978696e+00 1.316532267321610448e+02
9.992492492492493383e+00 1.316558220322038437e+02
1.000700700700700807e+01 1.316584046556310739e+02
1.002152152152152276e+01 1.316609746552406079e+02
1.003603603603603567e+01 1.316635320835760012e+02
1.005055055055055035e+01 1.316660769929274863e+02
1.006506506506506504e+01 1.316686094353330532e+02
1.007957957957957973e+01 1.316711294625791311e+02
1.009409409409409442e+01 1.316736371262014984e+02
1.010860860860860910e+01 1.316761324774862771e+02
1.012312312312312379e+01 1.316786155674706720e+02
1.013763763763763848e+01 1.316810864469439935e+02
1.015215215215215316e+01 1.316835451664483685e+02
1.016666666666666785e+01 1.316859917762796215e+02
1.018118118118118254e+01 1.316884263264882975e+02
1.019569569569569545e+01 1.316908488668803159e+02
1.021021021021021014e+01 1.316932594470177378e+02
1.022472472472472482e+01 1.316956581162199313e+02
1.023923923923923951e+01 1.316980449235640549e+02
1.025375375375375420e+01 1.317004199178861370e+02
1.026826826826826888e+01 1.317027831477816164e+02
1.028278278278278357e+01 1.317051346616063654e+02
1.029729729729729826e+01 1.317074745074775421e+02
1.031181181181181294e+01 1.317098027332741026e+02
1.032632632632632763e+01 1.317121193866379087e+02
1.034084084084084054e+01 1.317144245149743540e+02
1.035535535535535523e+01 1.317167181654530452e+02
1.036986986986986992e+01 1.317190003850087407e+02
1.038438438438438460e+01 1.317212712203422598e+02
1.039889889889889929e+01 1.317235307179207382e+02
1.041341341341341398e+01 1.317257789239789076e+02
1.042792792792792866e+01 1.317280158845196922e+02
1.044244244244244335e+01 1.317302416453146634e+02
1.045695695695695804e+01 1.317324562519053472e+02
1.047147147147147273e+01 1.317346597496033951e+02
1.048598598598598564e+01 1.317368521834914930e+02
1.050050050050050032e+01 1.317390335984244700e+02
1.051501501501501501e+01 1.317412040390294123e+02
1.052952952952952970e+01 1.317433635497067428e+02
1.054404404404404438e+01 1.317455121746308464e+02
1.055855855855855907e+01 1.317476499577508093e+02
1.057307307307307376e+01 1.317497769427910725e+02
1.058758758758758844e+01 1.317518931732520002e+02
1.060210210210210313e+01 1.317539986924108462e+02
1.061661661661661782e+01 1.317560935433223221e+02
1.063113113113113251e+01 1.317581777688190812e+02
1.064564564564564542e+01 1.317602514115127121e+02
1.066016016016016010e+01 1.317623145137941094e+02
1.067467467467467479e+01 1.317643671178343538e+02
1.068918918918918948e+01 1.317664092655852812e+02
1.070370370370370416e+01 1.317684409987801928e+02
1.071821821821821885e+01 1.317704623589342816e+02
1.073273273273273354e+01 1.317724733873456557e+02
1.074724724724724823e+01 1.317744741250957361e+02
1.076176176176176291e+01 1.317764646130498249e+02
1.077627627627627760e+01 1.317784448918578732e+02
1.079079079079079051e+01 1.317804150019550775e+02
1.080530530530530520e+01 1.317823749835626188e+02
1.081981981981981988e+01 1.317843248766879185e+02
1.083433433433433457e+01 1.317862647211256331e+02
1.084884884884884926e+01 1.317881945564581940e+02
1.086336336336336394e+01 1.317901144220561207e+02
1.087787787787787863e+01 1.317920243570791001e+02
1.089239239239239332e+01 1.317939244004759871e+02
1.090690690690690801e+01 1.317958145909859979e+02
1.092142142142142269e+01 1.317976949671389093e+02
1.093593593593593560e+01 1.317995655672557973e+02
1.095045045045045029e+01 1.318014264294495206e+02
1.096496496496496498e+01 1.318032775916254025e+02
1.097947947947947966e+01 1.318051190914817994e+02
1.099399399399399435e+01 1.318069509665104135e+02
1.100850850850850904e+01 1.318087732539972876e+02
1.102302302302302373e+01 1.318105859910230322e+02
1.103753753753753841e+01 1.318123892144636784e+02
1.105205205205205310e+01 1.318141829609907063e+02
1.106656656656656779e+01 1.318159672670721534e+02
1.108108108108108247e+01 1.318177421689729840e+02
1.109559559559559538e+01 1.318195077027555158e+02
1.111011011011011007e+01 1.318212639042800163e+02
1.112462462462462476e+01 1.318230108092053001e+02
1.113913913913913944e+01 1.318247484529892120e+02
1.115365365365365413e+01 1.318264768708892234e+02
1.116816816816816882e+01 1.318281960979627740e+02
1.118268268268268351e+01 1.318299061690681526e+02
1.119719719719719819e+01 1.318316071188645822e+02
1.121171171171171288e+01 1.318332989818130159e+02
1.122622622622622757e+01 1.318349817921766487e+02
1.124074074074074048e+01 1.318366555840213437e+02
1.125525525525525516e+01 1.318383203912162003e+02
1.126976976976976985e+01 1.318399762474339809e+02
1.128428428428428454e+01 1.318416231861516792e+02
1.129879879879879923e+01 1.318432612406511737e+02
1.131331331331331391e+01 1.318448904440193132e+02
1.132782782782782860e+01 1.318465108291489400e+02
1.134234234234234329e+01 1.318481224287389466e+02
1.135685685685685797e+01 1.318497252752949578e+02
1.137137137137137266e+01 1.318513194011300129e+02
1.138588588588588557e+01 1.318529048383645943e+02
1.140040040040040026e+01 1.318544816189275650e+02
1.141491491491491495e+01 1.318560497745564533e+02
1.142942942942942963e+01 1.318576093367978217e+02
1.144394394394394432e+01 1.318591603370081202e+02
1.145845845845845901e+01 1.318607028063538280e+02
1.147297297297297369e+01 1.318622367758119367e+02
1.148748748748748838e+01 1.318637622761706609e+02
1.150200200200200307e+01 1.318652793380298078e+02
1.151651651651651775e+01 1.318667879918011181e+02
1.153103103103103244e+01 1.318682882677090333e+02
1.154554554554554535e+01 1.318697801957908382e+02
1.156006006006006004e+01 1.318712638058973710e+02
1.157457457457457473e+01 1.318727391276934213e+02
1.158908908908908941e+01 1.318742061906581569e+02
1.160360360360360410e+01 1.318756650240856345e+02
1.161811811811811879e+01 1.318771156570853691e+02
1.163263263263263347e+01 1.318785581185825606e+02
1.164714714714714816e+01 1.318799924373187764e+02
1.166166166166166285e+01 1.318814186418523207e+02
1.167617617617617753e+01 1.318828367605586891e+02
1.169069069069069045e+01 1.318842468216311943e+02
1.170520520520520513e+01 1.318856488530811077e+02
1.171971971971971982e+01 1.318870428827385410e+02
1.173423423423423451e+01 1.318884289382524457e+02
1.174874874874874919e+01 1.318898070470915513e+02
1.176326326326326388e+01 1.318911772365444222e+02
1.177777777777777857e+01 1.318925395337201962e+02
1.179229229229229325e+01 1.318938939655489833e+02
1.180680680680680794e+01 1.318952405587821204e+02
1.182132132132132263e+01 1.318965793399929964e+02
1.183583583583583554e+01 1.318979103355772793e+02
1.185035035035035023e+01 1.318992335717533422e+02
1.186486486486486491e+01 1.319005490745628890e+02
1.187937937937937960e+01 1.319018568698714091e+02
1.189389389389389429e+01 1.319031569833683477e+02
1.190840840840840897e+01 1.319044494405680439e+02
1.192292292292292366e+01 1.319057342668098443e+02
1.193743743743743835e+01 1.319070114872587283e+02
1.195195195195195303e+01 1.319082811269055924e+02
1.196646646646646772e+01 1.319095432105679890e+02
1.198098098098098241e+01 1.319107977628904678e+02
1.199549549549549532e+01 1.319120448083449162e+02
1.201001001001001001e+01 1.319132843712311285e+02
1.202452452452452469e+01 1.319145164756774875e+02
1.203903903903903938e+01 1.319157411456409648e+02
1.205355355355355407e+01 1.319169584049081152e+02
1.206806806806806875e+01 1.319181682770951340e+02
1.208258258258258344e+01 1.319193707856485958e+02
1.209709709709709813e+01 1.319205659538458235e+02
1.211161161161161282e+01 1.319217538047952587e+02
1.212612612612612750e+01 1.319229343614372283e+02
1.214064064064064041e+01 1.319241076465441154e+02
1.215515515515515510e+01 1.319252736827210697e+02
1.216966966966966979e+01 1.319264324924063203e+02
1.218418418418418447e+01 1.319275840978718009e+02
1.219869869869869916e+01 1.319287285212234906e+02
1.221321321321321385e+01 1.319298657844020681e+02
1.222772772772772854e+01 1.319309959091832241e+02
1.224224224224224322e+01 1.319321189171782294e+02
1.225675675675675791e+01 1.319332348298346176e+02
1.227127127127127260e+01 1.319343436684361848e+02
1.228578578578578551e+01 1.319354454541039843e+02
1.230030030030030019e+01 1.319365402077965825e+02
1.231481481481481488e+01 1.319376279503106559e+02
1.232932932932932957e+01 1.319387087022813319e+02
1.234384384384384425e+01 1.319397824841829276e+02
1.235835835835835894e+01 1.319408493163291780e+02
1.237287287287287363e+01 1.319419092188739455e+02
1.238738738738738832e+01 1.319429622118116185e+02
1.240190190190190300e+01 1.319440083149777649e+02
1.241641641641641769e+01 1.319450475480495015e+02
1.243093093093093238e+01 1.319460799305460057e+02
1.244544544544544529e+01 1.319471054818290838e+02
1.245995995995995997e+01 1.319481242211036260e+02
1.247447447447447466e+01 1.319491361674183167e+02
1.248898898898898935e+01 1.319501413396659757e+02
1.250350350350350404e+01 1.319511397565838706e+02
1.251801801801801872e+01 1.319521314367548257e+02
1.253253253253253341e+01 1.319531163986073352e+02
1.254704704704704810e+01 1.319540946604159330e+02
1.256156156156156278e+01 1.319550662403021022e+02
1.257607607607607747e+01 1.319560311562349000e+02
1.259059059059059038e+01 1.319569894260308445e+02
1.260510510510510507e+01 1.319579410673551365e+02
1.261961961961961975e+01 1.319588860977218303e+02
1.263413413413413444e+01 1.319598245344944587e+02
1.264864864864864913e+01 1.319607563948866584e+02
1.266316316316316382e+01 1.319616816959624543e+02
1.267767767767767850e+01 1.319626004546373395e+02
1.269219219219219319e+01 1.319635126876781612e+02
1.270670670670670788e+01 1.319644184117040311e+02
1.272122122122122256e+01 1.319653176431870918e+02
1.273573573573573547e+01 1.319662103984525174e+02
1.275025025025025016e+01 1.319670966936795367e+02
1.276476476476476485e+01 1.319679765449017737e+02
1.277927927927927954e+01 1.319688499680079588e+02
1.279379379379379422e+01 1.319697169787422695e+02
1.280830830830830891e+01 1.319705775927050411e+02
1.282282282282282360e+01 1.319714318253533918e+02
1.283733733733733828e+01 1.319722796920017345e+02
1.285185185185185297e+01 1.319731212078222882e+02
1.286636636636636766e+01 1.319739563878455897e+02
1.288088088088088234e+01 1.319747852469613747e+02
1.289539539539539525e+01 1.319756077999188619e+02
1.290990990990990994e+01 1.319764240613274353e+02
1.292442442442442463e+01 1.319772340456571271e+02
1.293893893893893932e+01 1.319780377672393854e+02
1.295345345345345400e+01 1.319788352402676423e+02
1.296796796796796869e+01 1.319796264787975701e+02
1.298248248248248338e+01 1.319804114967481325e+02
1.299699699699699806e+01 1.319811903079018691e+02
1.301151151151151275e+01 1.319819629259055773e+02
1.302602602602602744e+01 1.319827293642708810e+02
1.304054054054054035e+01 1.319834896363749124e+02
1.305505505505505504e+01 1.319842437554607386e+02
1.306956956956956972e+01 1.319849917346381289e+02
1.308408408408408441e+01 1.319857335868839812e+02
1.309859859859859910e+01 1.319864693250432026e+02
1.311311311311311378e+01 1.319871989618288808e+02
1.312762762762762847e+01 1.319879225098233348e+02
1.314214214214214316e+01 1.319886399814783147e+02
1.315665665665665784e+01 1.319893513891159671e+02
1.317117117117117253e+01 1.319900567449292055e+02
1.318568568568568722e+01 1.319907560609823065e+02
1.320020020020020013e+01 1.319914493492117060e+02
1.321471471471471482e+01 1.319921366214263685e+02
1.322922922922922950e+01 1.319928178893085544e+02
1.324374374374374419e+01 1.319934931644144172e+02
1.325825825825825888e+01 1.319941624581745145e+02
1.327277277277277356e+01 1.319948257818945478e+02
1.328728728728728825e+01 1.319954831467558449e+02
1.330180180180180294e+01 1.319961345638159855e+02
1.331631631631631763e+01 1.319967800440095971e+02
1.333083083083083231e+01 1.319974195981485252e+02
1.334534534534534522e+01 1.319980532369230843e+02
1.335985985985985991e+01 1.319986809709021145e+02
1.337437437437437460e+01 1.319993028105338055e+02
1.338888888888888928e+01 1.319999187661462656e+02
1.340340340340340397e+01 1.320005288479482886e+02
1.341791791791791866e+01 1.320011330660296665e+02
1.343243243243243334e+01 1.320017314303619855e+02
1.344694694694694803e+01 1.320023239507993651e+02
1.346146146146146272e+01 1.320029106370787417e+02
1.347597597597597741e+01 1.320034914988206936e+02
1.349049049049049032e+01 1.320040665455299518e+02
1.350500500500500500e+01 1.320046357865961397e+02
1.351951951951951969e+01 1.320051992312941991e+02
1.353403403403403438e+01 1.320057568887851289e+02
1.354854854854854906e+01 1.320063087681163836e+02
1.356306306306306375e+01 1.320068548782229811e+02
1.357757757757757844e+01 1.320073952279273897e+02
1.359209209209209313e+01 1.320079298259405505e+02
1.360660660660660781e+01 1.320084586808625033e+02
1.362112112112112250e+01 1.320089818011827845e+02
1.363563563563563719e+01 1.320094991952813075e+02
1.365015015015015010e+01 1.320100108714284488e+02
1.366466466466466478e+01 1.320105168377862128e+02
1.367917917917917947e+01 1.320110171024084025e+02
1.369369369369369416e+01 1.320115116732415856e+02
1.370820820820820884e+01 1.320120005581250382e+02
1.372272272272272353e+01 1.320124837647921368e+02
1.373723723723723822e+01 1.320129613008703302e+02
1.375175175175175291e+01 1.320134331738820208e+02
1.376626626626626759e+01 1.320138993912448484e+02
1.378078078078078228e+01 1.320143599602727704e+02
1.379529529529529519e+01 1.320148148881760051e+02
1.380980980980980988e+01 1.320152641820620261e+02
1.382432432432432456e+01 1.320157078489360458e+02
1.383883883883883925e+01 1.320161458957013849e+02
1.385335335335335394e+01 1.320165783291602963e+02
1.386786786786786863e+01 1.320170051560143349e+02
1.388238238238238331e+01 1.320174263828648975e+02
1.389689689689689800e+01 1.320178420162139901e+02
1.391141141141141269e+01 1.320182520624643985e+02
1.392592592592592737e+01 1.320186565279206263e+02
1.394044044044044028e+01 1.320190554187890939e+02
1.395495495495495497e+01 1.320194487411788771e+02
1.396946946946946966e+01 1.320198365011021053e+02
1.398398398398398434e+01 1.320202187044746438e+02
1.399849849849849903e+01 1.320205953571164628e+02
1.401301301301301372e+01 1.320209664647521492e+02
1.402752752752752841e+01 1.320213320330114470e+02
1.404204204204204309e+01 1.320216920674298535e+02
1.405655655655655778e+01 1.320220465734490460e+02
1.407107107107107247e+01 1.320223955564173082e+02
1.408558558558558715e+01 1.320227390215899845e+02
1.410010010010010006e+01 1.320230769741303618e+02
1.411461461461461475e+01 1.320234094191095267e+02
1.412912912912912944e+01 1.320237363615072752e+02
1.414364364364364413e+01 1.320240578062125678e+02
1.415815815815815881e+01 1.320243737580237280e+02
1.417267267267267350e+01 1.320246842216491530e+02
1.418718718718718819e+01 1.320249892017075695e+02
1.420170170170170287e+01 1.320252887027287727e+02
1.421621621621621756e+01 1.320255827291537116e+02
1.423073073073073225e+01 1.320258712853351426e+02
1.424524524524524516e+01 1.320261543755379989e+02
1.425975975975975985e+01 1.320264320039397887e+02
1.427427427427427453e+01 1.320267041746311349e+02
1.428878878878878922e+01 1.320269708916159743e+02
1.430330330330330391e+01 1.320272321588122111e+02
1.431781781781781859e+01 1.320274879800518306e+02
1.433233233233233328e+01 1.320277383590815248e+02
1.434684684684684797e+01 1.320279832995630613e+02
1.436136136136136265e+01 1.320282228050733409e+02
1.437587587587587734e+01 1.320284568791053630e+02
1.439039039039039025e+01 1.320286855250680276e+02
1.440490490490490494e+01 1.320289087462867030e+02
1.441941941941941963e+01 1.320291265460037096e+02
1.443393393393393431e+01 1.320293389273784612e+02
1.444844844844844900e+01 1.320295458934878354e+02
1.446296296296296369e+01 1.320297474473265993e+02
1.447747747747747837e+01 1.320299435918076938e+02
1.449199199199199306e+01 1.320301343297625181e+02
1.450650650650650775e+01 1.320303196639411283e+02
1.452102102102102243e+01 1.320304995970128630e+02
1.453553553553553712e+01 1.320306741315662293e+02
1.455005005005005003e+01 1.320308432701095285e+02
1.456456456456456472e+01 1.320310070150708555e+02
1.457907907907907941e+01 1.320311653687985824e+02
1.459359359359359409e+01 1.320313183335615577e+02
1.460810810810810878e+01 1.320314659115492759e+02
1.462262262262262347e+01 1.320316081048720775e+02
1.463713713713713815e+01 1.320317449155616885e+02
1.465165165165165284e+01 1.320318763455711348e+02
1.466616616616616753e+01 1.320320023967751695e+02
1.468068068068068222e+01 1.320321230709701581e+02
1.469519519519519513e+01 1.320322383698748183e+02
1.470970970970970981e+01 1.320323482951298217e+02
1.472422422422422450e+01 1.320324528482985045e+02
1.473873873873873919e+01 1.320325520308666114e+02
1.475325325325325387e+01 1.320326458442428077e+02
1.476776776776776856e+01 1.320327342897586789e+02
1.478228228228228325e+01 1.320328173686687308e+02
1.479679679679679793e+01 1.320328950821510148e+02
1.481131131131131262e+01 1.320329674313066164e+02
1.482582582582582731e+01 1.320330344171604509e+02
1.484034034034034022e+01 1.320330960406606380e+02
1.485485485485485491e+01 1.320331523026795253e+02
1.486936936936936959e+01 1.320332032040128922e+02
1.488388388388388428e+01 1.320332487453804617e+02
1.489839839839839897e+01 1.320332889274262698e+02
1.491291291291291365e+01 1.320333237507180968e+02
1.492742742742742834e+01 1.320333532157480363e+02
1.494194194194194303e+01 1.320333773229323810e+02
1.495645645645645772e+01 1.320333960726116231e+02
1.497097097097097240e+01 1.320334094650504824e+02
1.498548548548548709e+01 1.320334175004381621e+02
1.500000000000000000e+01 1.320334201788881501e+02
