5.000000000000000000e-01 7.750831899896958248e+02
5.145145145145144649e-01 7.753797463851956309e+02
5.290290290290290409e-01 7.756762272322657736e+02
5.435435435435435059e-01 7.759726320511156246e+02
5.580580580580580818e-01 7.762689603615806391e+02
5.725725725725725468e-01 7.765652116832043248e+02
5.870870870870871228e-01 7.768613855351686652e+02
6.016016016016015877e-01 7.771574814363235646e+02
6.161161161161161637e-01 7.774534989051931007e+02
6.306306306306306286e-01 7.777494374599693856e+02
6.451451451451450936e-01 7.780452966185166588e+02
6.596596596596596696e-01 7.783410758983728783e+02
6.741741741741742455e-01 7.786367748167516538e+02
6.886886886886887105e-01 7.789323928905450884e+02
7.032032032032031754e-01 7.792279296363223011e+02
7.177177177177177514e-01 7.795233845703296538e+02
7.322322322322322163e-01 7.798187572085028023e+02
7.467467467467467923e-01 7.801140470664640816e+02
7.612612612612612573e-01 7.804092536595135243e+02
7.757757757757757222e-01 7.807043765026435267e+02
7.902902902902902982e-01 7.809994151105358924e+02
8.048048048048048742e-01 7.812943689975647885e+02
8.193193193193193391e-01 7.815892376778026573e+02
8.338338338338338041e-01 7.818840206650017990e+02
8.483483483483483800e-01 7.821787174726298417e+02
8.628628628628629560e-01 7.824733276138437077e+02
8.773773773773774209e-01 7.827678506014989352e+02
8.918918918918918859e-01 7.830622859481600244e+02
9.064064064064063508e-01 7.833566331660931610e+02
9.209209209209209268e-01 7.836508917672729240e+02
9.354354354354355028e-01 7.839450612633736455e+02
9.499499499499499677e-01 7.842391411657843037e+02
9.644644644644644327e-01 7.845331309856125017e+02
9.789789789789790087e-01 7.848270302336629811e+02
9.934934934934935846e-01 7.851208384204801405e+02
1.008008008008008050e+00 7.854145550562973312e+02
1.022522522522522515e+00 7.857081796510851746e+02
1.037037037037037202e+00 7.860017117145233669e+02
1.051551551551551444e+00 7.862951507560262598e+02
1.066066066066066131e+00 7.865884962847271709e+02
1.080580580580580596e+00 7.868817478094795206e+02
1.095095095095095061e+00 7.871749048388710435e+02
1.109609609609609748e+00 7.874679668812198088e+02
1.124124124124123991e+00 7.877609334445631930e+02
1.138638638638638678e+00 7.880538040366946007e+02
1.153153153153153143e+00 7.883465781651211728e+02
1.167667667667667608e+00 7.886392553370930045e+02
1.182182182182182295e+00 7.889318350596059872e+02
1.196696696696696760e+00 7.892243168393863471e+02
1.211211211211211225e+00 7.895167001829114497e+02
1.225725725725725912e+00 7.898089845964026381e+02
1.240240240240240155e+00 7.901011695858111352e+02
1.254754754754754842e+00 7.903932546568587441e+02
1.269269269269269307e+00 7.906852393150038552e+02
1.283783783783783772e+00 7.909771230654550891e+02
1.298298298298298459e+00 7.912689054131792545e+02
1.312812812812812702e+00 7.915605858629023714e+02
1.327327327327327389e+00 7.918521639190889800e+02
1.341841841841841854e+00 7.921436390859855692e+02
1.356356356356356319e+00 7.924350108675863567e+02
1.370870870870871006e+00 7.927262787676447715e+02
1.385385385385385471e+00 7.930174422896930082e+02
1.399899899899899935e+00 7.933085009370104217e+02
1.414414414414414622e+00 7.935994542126578608e+02
1.428928928928928865e+00 7.938903016194558404e+02
1.443443443443443552e+00 7.941810426600141000e+02
1.457957957957958017e+00 7.944716768366946553e+02
1.472472472472472482e+00 7.947622036516432900e+02
1.486986986986987169e+00 7.950526226067856896e+02
1.501501501501501634e+00 7.953429332038185748e+02
1.516016016016016099e+00 7.956331349442243663e+02
1.530530530530530564e+00 7.959232273292784612e+02
1.545045045045045029e+00 7.962132098600136487e+02
1.559559559559559716e+00 7.965030820372779772e+02
1.574074074074074181e+00 7.967928433616880284e+02
1.588588588588588646e+00 7.970824933336521099e+02
1.603103103103103111e+00 7.973720314533813962e+02
1.617617617617617576e+00 7.976614572208715117e+02
1.632132132132132263e+00 7.979507701359102612e+02
1.646646646646646728e+00 7.982399696980926365e+02
1.661161161161161193e+00 7.985290554068026267e+02
1.675675675675675658e+00 7.988180267612285661e+02
1.690190190190190345e+00 7.991068832603752981e+02
1.704704704704704810e+00 7.993956244030158587e+02
1.719219219219219275e+00 7.996842496877745816e+02
1.733733733733733740e+00 7.999727586130497912e+02
1.748248248248248204e+00 8.002611506770633696e+02
1.762762762762762891e+00 8.005494253778510938e+02
1.777277277277277356e+00 8.008375822132561552e+02
1.791791791791791821e+00 8.011256206809363221e+02
1.806306306306306286e+00 8.014135402783745121e+02
1.820820820820820973e+00 8.017013405028658326e+02
1.835335335335335438e+00 8.019890208515253107e+02
1.849849849849849903e+00 8.022765808213021046e+02
1.864364364364364368e+00 8.025640199089576754e+02
1.878878878878879055e+00 8.028513376110803392e+02
1.893393393393393520e+00 8.031385334240975453e+02
1.907907907907907985e+00 8.034256068442549577e+02
1.922422422422422450e+00 8.037125573676389649e+02
1.936936936936936915e+00 8.039993844901555349e+02
1.951451451451451602e+00 8.042860877075711414e+02
1.965965965965966067e+00 8.045726665154670627e+02
1.980480480480480532e+00 8.048591204092699627e+02
1.994994994994994997e+00 8.051454488842596220e+02
2.009509509509509684e+00 8.054316514355382424e+02
2.024024024024024371e+00 8.057177275580700098e+02
2.038538538538538614e+00 8.060036767466609717e+02
2.053053053053052857e+00 8.062894984959602880e+02
2.067567567567567544e+00 8.065751923004754644e+02
2.082082082082082231e+00 8.068607576545573465e+02
2.096596596596596918e+00 8.071461940524214924e+02
2.111111111111111160e+00 8.074315009881302103e+02
2.125625625625625403e+00 8.077166779556081337e+02
2.140140140140140090e+00 8.080017244486423351e+02
2.154654654654654777e+00 8.082866399608731172e+02
2.169169169169169464e+00 8.085714239858153860e+02
2.183683683683683707e+00 8.088560760168364823e+02
2.198198198198198394e+00 8.091405955471803964e+02
2.212712712712712637e+00 8.094249820699570819e+02
2.227227227227227324e+00 8.097092350781454115e+02
2.241741741741742011e+00 8.099933540646059100e+02
2.256256256256256254e+00 8.102773385220530145e+02
2.270770770770770941e+00 8.105611879430978206e+02
2.285285285285285184e+00 8.108449018202240950e+02
2.299799799799799871e+00 8.111284796457993025e+02
2.314314314314314558e+00 8.114119209120542564e+02
2.328828828828829245e+00 8.116952251111251826e+02
2.343343343343343488e+00 8.119783917350298452e+02
2.357857857857857731e+00 8.122614202756612940e+02
2.372372372372372418e+00 8.125443102248104879e+02
2.386886886886887105e+00 8.128270610741640212e+02
2.401401401401401792e+00 8.131096723152879804e+02
2.415915915915916035e+00 8.133921434396650056e+02
2.430430430430430278e+00 8.136744739386499532e+02
2.444944944944944965e+00 8.139566633035087762e+02
2.459459459459459651e+00 8.142387110254173876e+02
2.473973973973974338e+00 8.145206165954305106e+02
2.488488488488488581e+00 8.148023795045216957e+02
2.503003003003003268e+00 8.150839992435758177e+02
2.517517517517517511e+00 8.153654753033752058e+02
2.532032032032032198e+00 8.156468071746123769e+02
2.546546546546546441e+00 8.159279943479042458e+02
2.561061061061061128e+00 8.162090363137583608e+02
2.575575575575575815e+00 8.164899325626189466e+02
2.590090090090090058e+00 8.167706825848324570e+02
2.604604604604604745e+00 8.170512858706796351e+02
2.619119119119119432e+00 8.173317419103439079e+02
2.633633633633633675e+00 8.176120501939492442e+02
2.648148148148148362e+00 8.178922102115341204e+02
2.662662662662662605e+00 8.181722214530650490e+02
2.677177177177177292e+00 8.184520834084307808e+02
2.691691691691691979e+00 8.187317955674704990e+02
2.706206206206206222e+00 8.190113574199283448e+02
2.720720720720720909e+00 8.192907684555036667e+02
2.735235235235235152e+00 8.195700281638200977e+02
2.749749749749749839e+00 8.198491360344476107e+02
2.764264264264264526e+00 8.201280915568835326e+02
2.778778778778778769e+00 8.204068942205785788e+02
2.793293293293293456e+00 8.206855435149249161e+02
2.807807807807808143e+00 8.209640389292474083e+02
2.822322322322322385e+00 8.212423799528387462e+02
2.836836836836837072e+00 8.215205660749131766e+02
2.851351351351351315e+00 8.217985967846666426e+02
2.865865865865866002e+00 8.220764715712261932e+02
2.880380380380380689e+00 8.223541899236845438e+02
2.894894894894894932e+00 8.226317513310809773e+02
2.909409409409409619e+00 8.229091552824154405e+02
2.923923923923923862e+00 8.231864012666565031e+02
2.938438438438438549e+00 8.234634887727240766e+02
2.952952952952953236e+00 8.237404172895121519e+02
2.967467467467467479e+00 8.240171863058669715e+02
2.981981981981982166e+00 8.242937953106180657e+02
2.996496496496496409e+00 8.245702437925465347e+02
3.011011011011011096e+00 8.248465312404147198e+02
3.025525525525525783e+00 8.251226571429667729e+02
3.040040040040040026e+00 8.253986209889008023e+02
3.054554554554554713e+00 8.256744222669165083e+02
3.069069069069069400e+00 8.259500604656717542e+02
3.083583583583583643e+00 8.262255350738107609e+02
3.098098098098098330e+00 8.265008455799608100e+02
3.112612612612612573e+00 8.267759914727466821e+02
3.127127127127127260e+00 8.270509722407538220e+02
3.141641641641641947e+00 8.273257873725705167e+02
3.156156156156156189e+00 8.276004363567831206e+02
3.170670670670670876e+00 8.278749186819493389e+02
3.185185185185185119e+00 8.281492338366347212e+02
3.199699699699699806e+00 8.284233813094010657e+02
3.214214214214214493e+00 8.286973605888017573e+02
3.228728728728728736e+00 8.289711711633844970e+02
3.243243243243243423e+00 8.292448125217101733e+02
3.257757757757758110e+00 8.295182841523385378e+02
3.272272272272272353e+00 8.297915855438263861e+02
3.286786786786787040e+00 8.300647161847491589e+02
3.301301301301301283e+00 8.303376755636909365e+02
3.315815815815815970e+00 8.306104631692267048e+02
3.330330330330330657e+00 8.308830784899635091e+02
3.344844844844844900e+00 8.311555210145204455e+02
3.359359359359359587e+00 8.314277902315275242e+02
3.373873873873873830e+00 8.316998856296299891e+02
3.388388388388388517e+00 8.319718066975029842e+02
3.402902902902903204e+00 8.322435529238273375e+02
3.417417417417417447e+00 8.325151237973271918e+02
3.431931931931932134e+00 8.327865188067374902e+02
3.446446446446446377e+00 8.330577374408248943e+02
3.460960960960961064e+00 8.333287791883941509e+02
3.475475475475475751e+00 8.335996435382578511e+02
3.489989989989989994e+00 8.338703299792864527e+02
3.504504504504504681e+00 8.341408380003725824e+02
3.519019019019019368e+00 8.344111670904394487e+02
3.533533533533533610e+00 8.346813167384650569e+02
3.548048048048048297e+00 8.349512864334624282e+02
3.562562562562562540e+00 8.352210756644660705e+02
3.577077077077077227e+00 8.354906839205987126e+02
3.591591591591591914e+00 8.357601106909814916e+02
3.606106106106106157e+00 8.360293554648119425e+02
3.620620620620620844e+00 8.362984177313262535e+02
3.635135135135135087e+00 8.365672969798241638e+02
3.649649649649649774e+00 8.368359926996423610e+02
3.664164164164164461e+00 8.371045043801846077e+02
3.678678678678678704e+00 8.373728315109003688e+02
3.693193193193193391e+00 8.376409735813174393e+02
3.707707707707708078e+00 8.379089300809984024e+02
3.722222222222222321e+00 8.381767004996021342e+02
3.736736736736737008e+00 8.384442843268147953e+02
3.751251251251251251e+00 8.387116810524124730e+02
3.765765765765765938e+00 8.389788901662346916e+02
3.780280280280280625e+00 8.392459111581936213e+02
3.794794794794794868e+00 8.395127435182698719e+02
3.809309309309309555e+00 8.397793867365107872e+02
3.823823823823823798e+00 8.400458403030594354e+02
3.838338338338338485e+00 8.403121037081159557e+02
3.852852852852853172e+00 8.405781764419699584e+02
3.867367367367367414e+00 8.408440579949869971e+02
3.881881881881882101e+00 8.411097478576311914e+02
3.896396396396396788e+00 8.413752455204362377e+02
3.910910910910911031e+00 8.416405504740162087e+02
3.925425425425425718e+00 8.419056622090995461e+02
3.939939939939939961e+00 8.421705802164834722e+02
3.954454454454454648e+00 8.424353039870657085e+02
3.968968968968969335e+00 8.426998330118358354e+02
3.983483483483483578e+00 8.429641667818895030e+02
3.997997997997998265e+00 8.432283047884080815e+02
4.012512512512512508e+00 8.434922465226717350e+02
4.027027027027027195e+00 8.437559914760721540e+02
4.041541541541541882e+00 8.440195391401041434e+02
4.056056056056055681e+00 8.442828890063624385e+02
4.070570570570570368e+00 8.445460405665577355e+02
4.085085085085085055e+00 8.448089933124938398e+02
4.099599599599599742e+00 8.450717467361059789e+02
4.114114114114114429e+00 8.453343003294248774e+02
4.128628628628629116e+00 8.455966535846071110e+02
4.143143143143143803e+00 8.458588059939279447e+02
4.157657657657658490e+00 8.461207570497679171e+02
4.172172172172172289e+00 8.463825062446389893e+02
4.186686686686686976e+00 8.466440530711756765e+02
4.201201201201200774e+00 8.469053970221310692e+02
4.215715715715715461e+00 8.471665375903827453e+02
4.230230230230230148e+00 8.474274742689552795e+02
4.244744744744744835e+00 8.476882065509769291e+02
4.259259259259259522e+00 8.479487339297214703e+02
4.273773773773774209e+00 8.482090558985934194e+02
4.288288288288288896e+00 8.484691719511324663e+02
4.302802802802803583e+00 8.487290815810220010e+02
4.317317317317317382e+00 8.489887842820733113e+02
4.331831831831832069e+00 8.492482795482467282e+02
4.346346346346346756e+00 8.495075668736411671e+02
4.360860860860860555e+00 8.497666457525028818e+02
4.375375375375375242e+00 8.500255156792220532e+02
4.389889889889889929e+00 8.502841761483443861e+02
4.404404404404404616e+00 8.505426266545516683e+02
4.418918918918919303e+00 8.508008666926912156e+02
4.433433433433433990e+00 8.510588957577617748e+02
4.447947947947948677e+00 8.513167133449127277e+02
4.462462462462462476e+00 8.515743189494608032e+02
4.476976976976977163e+00 8.518317120668586995e+02
4.491491491491491850e+00 8.520888921927530646e+02
4.506006006006006537e+00 8.523458588229345878e+02
4.520520520520520336e+00 8.526026114533542568e+02
4.535035035035035023e+00 8.528591495801474593e+02
4.549549549549549710e+00 8.531154726996114732e+02
4.564064064064064397e+00 8.533715803082053526e+02
4.578578578578579084e+00 8.536274719025639115e+02
4.593093093093092882e+00 8.538831469795014755e+02
4.607607607607607569e+00 8.541386050360129047e+02
4.622122122122122256e+00 8.543938455692614298e+02
4.636636636636636943e+00 8.546488680765896788e+02
4.651151151151151630e+00 8.549036720555282045e+02
4.665665665665666317e+00 8.551582570037907089e+02
4.680180180180180116e+00 8.554126224192687005e+02
4.694694694694694803e+00 8.556667678000499109e+02
4.709209209209209490e+00 8.559206926444123837e+02
4.723723723723724177e+00 8.561743964508077624e+02
4.738238238238238864e+00 8.564278787179057417e+02
4.752752752752752663e+00 8.566811389445542773e+02
4.767267267267267350e+00 8.569341766297993672e+02
4.781781781781782037e+00 8.571869912728873260e+02
4.796296296296296724e+00 8.574395823732675126e+02
4.810810810810811411e+00 8.576919494305883518e+02
4.825325325325325210e+00 8.579440919447008582e+02
4.839839839839839897e+00 8.581960094156593186e+02
4.854354354354354584e+00 8.584477013437414143e+02
4.868868868868869271e+00 8.586991672294109321e+02
4.883383383383383958e+00 8.589504065733624429e+02
4.897897897897897757e+00 8.592014188764801474e+02
4.912412412412412444e+00 8.594522036399007447e+02
4.926926926926927131e+00 8.597027603649344201e+02
4.941441441441441818e+00 8.599530885531452213e+02
4.955955955955956505e+00 8.602031877062981948e+02
4.970470470470470303e+00 8.604530573263848510e+02
4.984984984984984990e+00 8.607026969156174800e+02
4.999499499499499677e+00 8.609521059764447273e+02
5.014014014014014364e+00 8.612012840115314702e+02
5.028528528528529051e+00 8.614502305237821247e+02
5.043043043043042850e+00 8.616989450163221136e+02
5.057557557557557537e+00 8.619474269925283352e+02
5.072072072072072224e+00 8.621956759559833472e+02
5.086586586586586911e+00 8.624436914105256164e+02
5.101101101101101598e+00 8.626914728602394007e+02
5.115615615615616285e+00 8.629390198094274638e+02
5.130130130130130084e+00 8.631863317626630305e+02
5.144644644644644771e+00 8.634334082247294191e+02
5.159159159159159458e+00 8.636802487006946194e+02
5.173673673673674145e+00 8.639268526958337588e+02
5.188188188188188832e+00 8.641732197157082283e+02
5.202702702702702631e+00 8.644193492661113396e+02
5.217217217217217318e+00 8.646652408530932234e+02
5.231731731731732005e+00 8.649108939829487781e+02
5.246246246246246692e+00 8.651563081622491609e+02
5.260760760760761379e+00 8.654014828978176865e+02
5.275275275275275177e+00 8.656464176967352842e+02
5.289789789789789864e+00 8.658911120663439078e+02
5.304304304304304551e+00 8.661355655142501746e+02
5.318818818818819238e+00 8.663797775483365058e+02
5.333333333333333925e+00 8.666237476767312273e+02
5.347847847847847724e+00 8.668674754078585920e+02
5.362362362362362411e+00 8.671109602504008080e+02
5.376876876876877098e+00 8.673542017133077024e+02
5.391391391391391785e+00 8.675971993058202543e+02
5.405905905905906472e+00 8.678399525374470613e+02
5.420420420420420271e+00 8.680824609179599065e+02
5.434934934934934958e+00 8.683247239574483274e+02
5.449449449449449645e+00 8.685667411662540189e+02
5.463963963963964332e+00 8.688085120550123293e+02
5.478478478478479019e+00 8.690500361346439604e+02
5.492992992992992818e+00 8.692913129163661097e+02
5.507507507507507505e+00 8.695323419116539299e+02
5.522022022022022192e+00 8.697731226323264764e+02
5.536536536536536879e+00 8.700136545904512104e+02
5.551051051051051566e+00 8.702539372984078909e+02
5.565565565565566253e+00 8.704939702688731131e+02
5.580080080080080052e+00 8.707337530148208771e+02
5.594594594594594739e+00 8.709732850495267940e+02
5.609109109109109426e+00 8.712125658865650166e+02
5.623623623623624113e+00 8.714515950398206314e+02
5.638138138138138800e+00 8.716903720234722641e+02
5.652652652652652598e+00 8.719288963520183415e+02
5.667167167167167285e+00 8.721671675402693609e+02
5.681681681681681972e+00 8.724051851033275398e+02
5.696196196196196659e+00 8.726429485566322910e+02
5.710710710710711346e+00 8.728804574159178173e+02
5.725225225225225145e+00 8.731177111972515377e+02
5.739739739739739832e+00 8.733547094170002083e+02
5.754254254254254519e+00 8.735914515918761936e+02
5.768768768768769206e+00 8.738279372388901720e+02
5.783283283283283893e+00 8.740641658753957017e+02
5.797797797797797692e+00 8.743001370190434045e+02
5.812312312312312379e+00 8.745358501878524748e+02
5.826826826826827066e+00 8.747713049001297350e+02
5.841341341341341753e+00 8.750065006745471692e+02
5.855855855855856440e+00 8.752414370300894007e+02
5.870370370370370239e+00 8.754761134860802940e+02
5.884884884884884926e+00 8.757105295621831829e+02
5.899399399399399613e+00 8.759446847783941621e+02
5.913913913913914300e+00 8.761785786550479997e+02
5.928428428428428987e+00 8.764122107128398511e+02
5.942942942942942786e+00 8.766455804727770555e+02
5.957457457457457473e+00 8.768786874562415505e+02
5.971971971971972160e+00 8.771115311849371210e+02
5.986486486486486847e+00 8.773441111809396489e+02
6.001001001001001534e+00 8.775764269666615291e+02
6.015515515515516221e+00 8.778084780648642891e+02
6.030030030030030019e+00 8.780402639986757549e+02
6.044544544544544706e+00 8.782717842915748179e+02
6.059059059059059393e+00 8.785030384673925710e+02
6.073573573573574080e+00 8.787340260503266336e+02
6.088088088088088767e+00 8.789647465649359219e+02
6.102602602602602566e+00 8.791951995361303034e+02
6.117117117117117253e+00 8.794253844892048164e+02
6.131631631631631940e+00 8.796553009497979474e+02
6.146146146146146627e+00 8.798849484439323305e+02
6.160660660660661314e+00 8.801143264980025833e+02
6.175175175175175113e+00 8.803434346387630285e+02
6.189689689689689800e+00 8.805722723933452016e+02
6.204204204204204487e+00 8.808008392892662641e+02
6.218718718718719174e+00 8.810291348543980803e+02
6.233233233233233861e+00 8.812571586170154205e+02
6.247747747747747660e+00 8.814849101057661755e+02
6.262262262262262347e+00 8.817123888496714699e+02
6.276776776776777034e+00 8.819395943781457845e+02
6.291291291291291721e+00 8.821665262209844514e+02
6.305805805805806408e+00 8.823931839083752493e+02
6.320320320320320207e+00 8.826195669708873766e+02
6.334834834834834894e+00 8.828456749394911185e+02
6.349349349349349581e+00 8.830715073455432957e+02
6.363863863863864268e+00 8.832970637207961317e+02
6.378378378378378954e+00 8.835223435973964570e+02
6.392892892892892753e+00 8.837473465078983281e+02
6.407407407407407440e+00 8.839720719852402908e+02
6.421921921921922127e+00 8.841965195627753928e+02
6.436436436436436814e+00 8.844206887742495837e+02
6.450950950950951501e+00 8.846445791538304775e+02
6.465465465465466188e+00 8.848681902360639242e+02
6.479979979979979987e+00 8.850915215559352873e+02
6.494494494494494674e+00 8.853145726488219225e+02
6.509009009009009361e+00 8.855373430505223951e+02
6.523523523523524048e+00 8.857598322972341975e+02
6.538038038038038735e+00 8.859820399255936536e+02
6.552552552552552534e+00 8.862039654726221443e+02
6.567067067067067221e+00 8.864256084757959115e+02
6.581581581581581908e+00 8.866469684729881919e+02
6.596096096096096595e+00 8.868680450024990023e+02
6.610610610610611282e+00 8.870888376030529798e+02
6.625125125125125081e+00 8.873093458138024516e+02
6.639639639639639768e+00 8.875295691743301632e+02
6.654154154154154455e+00 8.877495072246385917e+02
6.668668668668669142e+00 8.879691595051692730e+02
6.683183183183183829e+00 8.881885255567965487e+02
6.697697697697697627e+00 8.884076049208244967e+02
6.712212212212212314e+00 8.886263971389869312e+02
6.726726726726727001e+00 8.888449017534708219e+02
6.741241241241241688e+00 8.890631183068960581e+02
6.755755755755756375e+00 8.892810463423203373e+02
6.770270270270270174e+00 8.894986854032501924e+02
6.784784784784784861e+00 8.897160350336284864e+02
6.799299299299299548e+00 8.899330947778570362e+02
6.813813813813814235e+00 8.901498641807609147e+02
6.828328328328328922e+00 8.903663427876516607e+02
6.842842842842843609e+00 8.905825301442657747e+02
6.857357357357357408e+00 8.907984257967879103e+02
6.871871871871872095e+00 8.910140292918860041e+02
6.886386386386386782e+00 8.912293401766589795e+02
6.900900900900901469e+00 8.914443579986702844e+02
6.915415415415416156e+00 8.916590823059475497e+02
6.929929929929929955e+00 8.918735126469787247e+02
6.944444444444444642e+00 8.920876485707174197e+02
6.958958958958959329e+00 8.923014896265716516e+02
6.973473473473474016e+00 8.925150353644282859e+02
6.987987987987988703e+00 8.927282853346332558e+02
7.002502502502502502e+00 8.929412390880092971e+02
7.017017017017017189e+00 8.931538961758515143e+02
7.031531531531531876e+00 8.933662561499237427e+02
7.046046046046046563e+00 8.935783185624507041e+02
7.060560560560561250e+00 8.937900829661801936e+02
7.075075075075075048e+00 8.940015489142820115e+02
7.089589589589589735e+00 8.942127159604368671e+02
7.104104104104104422e+00 8.944235836588024995e+02
7.118618618618619109e+00 8.946341515640326634e+02
7.133133133133133796e+00 8.948444192312298355e+02
7.147647647647647595e+00 8.950543862160222943e+02
7.162162162162162282e+00 8.952640520745051163e+02
7.176676676676676969e+00 8.954734163632707578e+02
7.191191191191191656e+00 8.956824786394029161e+02
7.205705705705706343e+00 8.958912384604697081e+02
7.220220220220220142e+00 8.960996953845585722e+02
7.234734734734734829e+00 8.963078489702198794e+02
7.249249249249249516e+00 8.965156987765234362e+02
7.263763763763764203e+00 8.967232443630427952e+02
7.278278278278278890e+00 8.969304852898405898e+02
7.292792792792793577e+00 8.971374211174926359e+02
7.307307307307307376e+00 8.973440514070654217e+02
7.321821821821822063e+00 8.975503757201452117e+02
7.336336336336336750e+00 8.977563936188314528e+02
7.350850850850851437e+00 8.979621046657126726e+02
7.365365365365366124e+00 8.981675084239097941e+02
7.379879879879879923e+00 8.983726044570412341e+02
7.394394394394394610e+00 8.985773923292640575e+02
7.408908908908909297e+00 8.987818716052131549e+02
7.423423423423423984e+00 8.989860418500746846e+02
7.437937937937938671e+00 8.991899026295400290e+02
7.452452452452452469e+00 8.993934535098258038e+02
7.466966966966967156e+00 8.995966940576745401e+02
7.481481481481481843e+00 8.997996238403500229e+02
7.495995995995996530e+00 9.000022424256358136e+02
7.510510510510511217e+00 9.002045493818625346e+02
7.525025025025025016e+00 9.004065442778644410e+02
7.539539539539539703e+00 9.006082266830289882e+02
7.554054054054054390e+00 9.008095961672599969e+02
7.568568568568569077e+00 9.010106523010038018e+02
7.583083083083083764e+00 9.012113946552510697e+02
7.597597597597597563e+00 9.014118228015156546e+02
7.612112112112112250e+00 9.016119363118532419e+02
7.626626626626626937e+00 9.018117347588651000e+02
7.641141141141141624e+00 9.020112177156971711e+02
7.655655655655656311e+00 9.022103847560254053e+02
7.670170170170170110e+00 9.024092354540867973e+02
7.684684684684684797e+00 9.026077693846693819e+02
7.699199199199199484e+00 9.028059861230917704e+02
7.713713713713714171e+00 9.030038852452223637e+02
7.728228228228228858e+00 9.032014663275049315e+02
7.742742742742743545e+00 9.033987289469250754e+02
7.757257257257257343e+00 9.035956726810081818e+02
7.771771771771772030e+00 9.037922971078577348e+02
7.786286286286286717e+00 9.039886018061379218e+02
7.800800800800801404e+00 9.041845863550440754e+02
7.815315315315316091e+00 9.043802503343573562e+02
7.829829829829829890e+00 9.045755933244247444e+02
7.844344344344344577e+00 9.047706149061492624e+02
7.858858858858859264e+00 9.049653146609914529e+02
7.873373373373373951e+00 9.051596921709972321e+02
7.887887887887888638e+00 9.053537470187695817e+02
7.902402402402402437e+00 9.055474787874918547e+02
7.916916916916917124e+00 9.057408870609066298e+02
7.931431431431431811e+00 9.059339714233415179e+02
7.945945945945946498e+00 9.061267314597146196e+02
7.960460460460461185e+00 9.063191667554826836e+02
7.974974974974974984e+00 9.065112768967081820e+02
7.989489489489489671e+00 9.067030614700363458e+02
8.004004004004004358e+00 9.068945200626806127e+02
8.018518518518519045e+00 9.070856522624474110e+02
8.033033033033033732e+00 9.072764576577201296e+02
8.047547547547548419e+00 9.074669358374853800e+02
8.062062062062061329e+00 9.076570863912961613e+02
8.076576576576577793e+00 9.078469089093026696e+02
8.091091091091090703e+00 9.080364029822658267e+02
8.105605605605607167e+00 9.082255682015016873e+02
8.120120120120120077e+00 9.084144041589660219e+02
8.134634634634634764e+00 9.086029104471690516e+02
8.149149149149149451e+00 9.087910866592445700e+02
8.163663663663664138e+00 9.089789323889087882e+02
8.178178178178178825e+00 9.091664472304939864e+02
8.192692692692693512e+00 9.093536307789316879e+02
8.207207207207208199e+00 9.095404826297467480e+02
8.221721721721721110e+00 9.097270023790711093e+02
8.236236236236237573e+00 9.099131896236572175e+02
8.250750750750750484e+00 9.100990439608500537e+02
8.265265265265266947e+00 9.102845649886096453e+02
8.279779779779779858e+00 9.104697523055132251e+02
8.294294294294294545e+00 9.106546055107406801e+02
8.308808808808809232e+00 9.108391242040938778e+02
8.323323323323323919e+00 9.110233079859906411e+02
8.337837837837838606e+00 9.112071564574589502e+02
8.352352352352351517e+00 9.113906692201521764e+02
8.366866866866867980e+00 9.115738458763407834e+02
8.381381381381380891e+00 9.117566860289198303e+02
8.395895895895897354e+00 9.119391892814069251e+02
8.410410410410410265e+00 9.121213552379423390e+02
8.424924924924924952e+00 9.123031835032961681e+02
8.439439439439439639e+00 9.124846736828612848e+02
8.453953953953954326e+00 9.126658253826643659e+02
8.468468468468469013e+00 9.128466382093619131e+02
8.482982982982983700e+00 9.130271117702450283e+02
8.497497497497498387e+00 9.132072456732367982e+02
8.512012012012013074e+00 9.133870395268863831e+02
8.526526526526527761e+00 9.135664929404017585e+02
8.541041041041040671e+00 9.137456055236010570e+02
8.555555555555555358e+00 9.139243768869710038e+02
8.570070070070070045e+00 9.141028066416179172e+02
8.584584584584584732e+00 9.142808943992936292e+02
8.599099099099099419e+00 9.144586397724140170e+02
8.613613613613614106e+00 9.146360423740228498e+02
8.628128128128128793e+00 9.148131018177950864e+02
8.642642642642643480e+00 9.149898177180909897e+02
8.657157157157158167e+00 9.151661896898992836e+02
8.671671671671672854e+00 9.153422173488590943e+02
8.686186186186185765e+00 9.155179003112804139e+02
8.700700700700700452e+00 9.156932381940905543e+02
8.715215215215215139e+00 9.158682306149253236e+02
8.729729729729729826e+00 9.160428771920239797e+02
8.744244244244244513e+00 9.162171775443273418e+02
8.758758758758759200e+00 9.163911312914094651e+02
8.773273273273273887e+00 9.165647380535227740e+02
8.787787787787788574e+00 9.167379974515704362e+02
8.802302302302303261e+00 9.169109091071258035e+02
8.816816816816817948e+00 9.170834726424254768e+02
8.831331331331332635e+00 9.172556876803849946e+02
8.845845845845845545e+00 9.174275538445760958e+02
8.860360360360360232e+00 9.175990707592393392e+02
8.874874874874874919e+00 9.177702380492928569e+02
8.889389389389389606e+00 9.179410553403279209e+02
8.903903903903904293e+00 9.181115222586192886e+02
8.918418418418418980e+00 9.182816384310951889e+02
8.932932932932933667e+00 9.184514034853737030e+02
8.947447447447448354e+00 9.186208170497668561e+02
8.961961961961963041e+00 9.187898787532337792e+02
8.976476476476477728e+00 9.189585882254432363e+02
8.990990990990990639e+00 9.191269450967427019e+02
9.005505505505505326e+00 9.192949489981521083e+02
9.020020020020020013e+00 9.194625995613811256e+02
9.034534534534534700e+00 9.196298964188437139e+02
9.049049049049049387e+00 9.197968392036005980e+02
9.063563563563564074e+00 9.199634275494578333e+02
9.078078078078078761e+00 9.201296610908808589e+02
9.092592592592593448e+00 9.202955394630230330e+02
9.107107107107108135e+00 9.204610623017438229e+02
9.121621621621622822e+00 9.206262292436063035e+02
9.136136136136135732e+00 9.207910399258471443e+02
9.150650650650650419e+00 9.209554939864215157e+02
9.165165165165165106e+00 9.211195910639783051e+02
9.179679679679679793e+00 9.212833307978671655e+02
9.194194194194194480e+00 9.214467128281346504e+02
9.208708708708709167e+00 9.216097367955328536e+02
9.223223223223223854e+00 9.217724023415380543e+02
9.237737737737738541e+00 9.219347091083129726e+02
9.252252252252253228e+00 9.220966567387273471e+02
9.266766766766767915e+00 9.222582448763596403e+02
9.281281281281282602e+00 9.224194731655189798e+02
9.295795795795795513e+00 9.225803412512123032e+02
9.310310310310310200e+00 9.227408487791510652e+02
9.324824824824824887e+00 9.229009953957818198e+02
9.339339339339339574e+00 9.230607807482504086e+02
9.353853853853854261e+00 9.232202044844269722e+02
9.368368368368368948e+00 9.233792662528969686e+02
9.382882882882883635e+00 9.235379657029803866e+02
9.397397397397398322e+00 9.236963024846988901e+02
9.411911911911913009e+00 9.238542762488027620e+02
9.426426426426427696e+00 9.240118866467777252e+02
9.440940940940940607e+00 9.241691333308148160e+02
9.455455455455455294e+00 9.243260159538496055e+02
9.469969969969969981e+00 9.244825341695456018e+02
9.484484484484484668e+00 9.246386876322790158e+02
9.498998998998999355e+00 9.247944759971746862e+02
9.513513513513514042e+00 9.249498989200806136e+02
9.528028028028028729e+00 9.251049560575715986e+02
9.542542542542543416e+00 9.252596470669839164e+02
9.557057057057058103e+00 9.254139716063594960e+02
9.571571571571572790e+00 9.255679293344860525e+02
9.586086086086085700e+00 9.257215199108975412e+02
9.600600600600600387e+00 9.258747429958721114e+02
9.615115115115115074e+00 9.260275982504122112e+02
9.629629629629629761e+00 9.261800853362763064e+02
9.644144144144144448e+00 9.263322039159536416e+02
9.658658658658659135e+00 9.264839536526958454e+02
9.673173173173173822e+00 9.266353342104886224e+02
9.687687687687688509e+00 9.267863452540639173e+02
9.702202202202203196e+00 9.269369864489162865e+02
9.716716716716717883e+00 9.270872574612826611e+02
9.731231231231232570e+00 9.272371579581395054e+02
9.745745745745745481e+00 9.273866876072305558e+02
9.760260260260260168e+00 9.275358460770627289e+02
9.774774774774774855e+00 9.276846330368628060e+02
9.789289289289289542e+00 9.278330481566658818e+02
9.803803803803804229e+00 9.279810911072071349e+02
9.818318318318318916e+00 9.281287615600315348e+02
9.832832832832833603e+00 9.282760591874155125e+02
9.847347347347348290e+00 9.284229836623978827e+02
9.861861861861862977e+00 9.285695346587928043e+02
9.876376376376377664e+00 9.287157118511745466e+02
9.890890890890890574e+00 9.288615149148845376e+02
9.905405405405405261e+00 9.290069435260141972e+02
9.919919919919919948e+00 9.291519973614454102e+02
9.934434434434434635e+00 9.292966760988128954e+02
9.948948948948949322e+00 9.294409794165393350e+02
9.963463463463464009e+00 9.295849069938024059e+02
9.977977977977978696e+00 9.297284585105487622e+02
9.992492492492493383e+00 9.298716336475208664e+02
1.000700700700700807e+01 9.300144320862239056e+02
1.002152152152152276e+01 9.301568535089354555e+02
1.003603603603603567e+01 9.302988975987109370e+02
1.005055055055055035e+01 9.304405640393968042e+02
1.006506506506506504e+01 9.305818525156039414e+02
1.007957957957957973e+01 9.307227627127399501e+02
1.009409409409409442e+01 9.308632943169825467e+02
1.010860860860860910e+01 9.310034470152921813e+02
1.012312312312312379e+01 9.311432204954379586e+02
1.013763763763763848e+01 9.312826144459398847e+02
1.015215215215215316e+01 9.314216285561255972e+02
1.016666666666666785e+01 9.315602625161120613e+02
1.018118118118118254e+01 9.316985160167967024e+02
1.019569569569569545e+01 9.318363887498821896e+02
1.021021021021021014e+01 9.319738804078474459e+02
1.022472472472472482e+01 9.321109906839723180e+02
1.023923923923923951e+01 9.322477192723233657e+02
1.025375375375375420e+01 9.323840658677809188e+02
1.026826826826826888e+01 9.325200301660055402e+02
1.028278278278278357e+01 9.326556118634521226e+02
1.029729729729729826e+01 9.327908106573988789e+02
1.031181181181181294e+01 9.329256262458970923e+02
1.032632632632632763e+01 9.330600583278292106e+02
1.034084084084084054e+01 9.331941066028313116e+02
1.035535535535535523e+01 9.333277707714015605e+02
1.036986986986986992e+01 9.334610505347989147e+02
1.038438438438438460e+01 9.335939455951134960e+02
1.039889889889889929e+01 9.337264556552279373e+02
1.041341341341341398e+01 9.338585804188448947e+02
1.042792792792792866e+01 9.339903195904687436e+02
1.044244244244244335e+01 9.341216728754138785e+02
1.045695695695695804e+01 9.342526399798077819e+02
1.047147147147147273e+01 9.343832206105968226e+02
1.048598598598598564e+01 9.345134144755352281e+02
1.050050050050050032e+01 9.346432212831969082e+02
1.051501501501501501e+01 9.347726407429615847e+02
1.052952952952952970e+01 9.349016725650344597e+02
1.054404404404404438e+01 9.350303164604436006e+02
1.055855855855855907e+01 9.351585721410185670e+02
1.057307307307307376e+01 9.352864393194361128e+02
1.058758758758758844e+01 9.354139177091756210e+02
1.060210210210210313e+01 9.355410070245477527e+02
1.061661661661661782e+01 9.356677069806713689e+02
1.063113113113113251e+01 9.357940172935220744e+02
1.064564564564564542e+01 9.359199376798635512e+02
1.066016016016016010e+01 9.360454678573139518e+02
1.067467467467467479e+01 9.361706075443162263e+02
1.068918918918918948e+01 9.362953564601259586e+02
1.070370370370370416e+01 9.364197143248510429e+02
1.071821821821821885e+01 9.365436808594156446e+02
1.073273273273273354e+01 9.366672557855871446e+02
1.074724724724724823e+01 9.367904388259648840e+02
1.076176176176176291e+01 9.369132297039593595e+02
1.077627627627627760e+01 9.370356281438546375e+02
1.079079079079079051e+01 9.371576338707541254e+02
1.080530530530530520e+01 9.372792466105865969e+02
1.081981981981981988e+01 9.374004660901462103e+02
1.083433433433433457e+01 9.375212920370468055e+02
1.084884884884884926e+01 9.376417241797464612e+02
1.086336336336336394e+01 9.377617622475577264e+02
1.087787787787787863e+01 9.378814059706221542e+02
1.089239239239239332e+01 9.380006550799215574e+02
1.090690690690690801e+01 9.381195093073147291e+02
1.092142142142142269e+01 9.382379683854624091e+02
1.093593593593593560e+01 9.383560320479025449e+02
1.095045045045045029e+01 9.384737000290244850e+02
1.096496496496496498e+01 9.385909720640356682e+02
1.097947947947947966e+01 9.387078478890277893e+02
1.099399399399399435e+01 9.388243272409233668e+02
1.100850850850850904e+01 9.389404098575032549e+02
1.102302302302302373e+01 9.390560954774236961e+02
1.103753753753753841e+01 9.391713838401386738e+02
1.105205205205205310e+01 9.392862746860250809e+02
1.106656656656656779e+01 9.394007677562590288e+02
1.108108108108108247e+01 9.395148627929223721e+02
1.109559559559559538e+01 9.396285595389242644e+02
1.111011011011011007e+01 9.397418577380331044e+02
1.112462462462462476e+01 9.398547571349006375e+02
1.113913913913913944e+01 9.399672574750210288e+02
1.115365365365365413e+01 9.400793585047499619e+02
1.116816816816816882e+01 9.401910599713155534e+02
1.118268268268268351e+01 9.403023616227960702e+02
1.119719719719719819e+01 9.404132632081750671e+02
1.121171171171171288e+01 9.405237644772378189e+02
1.122622622622622757e+01 9.406338651806968301e+02
1.124074074074074048e+01 9.407435650700958831e+02
1.125525525525525516e+01 9.408528638978702929e+02
1.126976976976976985e+01 9.409617614173023412e+02
1.128428428428428454e+01 9.410702573825706168e+02
1.129879879879879923e+01 9.411783515487052227e+02
1.131331331331331391e+01 9.412860436716173353e+02
1.132782782782782860e+01 9.413933335081078440e+02
1.134234234234234329e+01 9.415002208158095982e+02
1.135685685685685797e+01 9.416067053532805176e+02
1.137137137137137266e+01 9.417127868799270800e+02
1.138588588588588557e+01 9.418184651560302427e+02
1.140040040040040026e+01 9.419237399427767059e+02
1.141491491491491495e+01 9.420286110022004777e+02
1.142942942942942963e+01 9.421330780972340335e+02
1.144394394394394432e+01 9.422371409916901257e+02
1.145845845845845901e+01 9.423407994502609881e+02
1.147297297297297369e+01 9.424440532385171991e+02
1.148748748748748838e+01 9.425469021229226882e+02
1.150200200200200307e+01 9.426493458708205253e+02
1.151651651651651775e+01 9.427513842504386048e+02
1.153103103103103244e+01 9.428530170308961260e+02
1.154554554554554535e+01 9.429542439821958624e+02
1.156006006006006004e+01 9.430550648752348479e+02
1.157457457457457473e+01 9.431554794817989205e+02
1.158908908908908941e+01 9.432554875745445315e+02
1.160360360360360410e+01 9.433550889270527477e+02
1.161811811811811879e+01 9.434542833137751359e+02
1.163263263263263347e+01 9.435530705100605928e+02
1.164714714714714816e+01 9.436514502921406802e+02
1.166166166166166285e+01 9.437494224371705513e+02
1.167617617617617753e+01 9.438469867231774515e+02
1.169069069069069045e+01 9.439441429290832275e+02
1.170520520520520513e+01 9.440408908347250190e+02
1.171971971971971982e+01 9.441372302208146721e+02
1.173423423423423451e+01 9.442331608689859195e+02
1.174874874874874919e+01 9.443286825617627755e+02
1.176326326326326388e+01 9.444237950825593089e+02
1.177777777777777857e+01 9.445184982157148852e+02
1.179229229229229325e+01 9.446127917464442589e+02
1.180680680680680794e+01 9.447066754608908923e+02
1.182132132132132263e+01 9.448001491460688612e+02
1.183583583583583554e+01 9.448932125899373204e+02
1.185035035035035023e+01 9.449858655813289943e+02
1.186486486486486491e+01 9.450781079100133866e+02
1.187937937937937960e+01 9.451699393666231117e+02
1.189389389389389429e+01 9.452613597427484819e+02
1.190840840840840897e+01 9.453523688308489454e+02
1.192292292292292366e+01 9.454429664243153866e+02
1.193743743743743835e+01 9.455331523174454560e+02
1.195195195195195303e+01 9.456229263054433432e+02
1.196646646646646772e+01 9.457122881844284166e+02
1.198098098098098241e+01 9.458012377514251057e+02
1.199549549549549532e+01 9.458897748043942784e+02
1.201001001001001001e+01 9.459778991421758292e+02
1.202452452452452469e+01 9.460656105645623484e+02
1.203903903903903938e+01 9.461529088722371625e+02
1.205355355355355407e+01 9.462397938668133293e+02
1.206806806806806875e+01 9.463262653507965751e+02
1.208258258258258344e+01 9.464123231276485058e+02
1.209709709709709813e+01 9.464979670017298758e+02
1.211161161161161282e+01 9.465831967783157097e+02
1.212612612612612750e+01 9.466680122636114447e+02
1.214064064064064041e+01 9.467524132647372426e+02
1.215515515515515510e+01 9.468363995897432233e+02
1.216966966966966979e+01 9.469199710475918437e+02
1.218418418418418447e+01 9.470031274481806349e+02
1.219869869869869916e+01 9.470858686023279915e+02
1.221321321321321385e+01 9.471681943217648723e+02
1.222772772772772854e+01 9.472501044191667461e+02
1.224224224224224322e+01 9.473315987081173262e+02
1.225675675675675791e+01 9.474126770031521119e+02
1.227127127127127260e+01 9.474933391196972252e+02
1.228578578578578551e+01 9.475735848741486507e+02
1.230030030030030019e+01 9.476534140838077747e+02
1.231481481481481488e+01 9.477328265668988934e+02
1.232932932932932957e+01 9.478118221426013861e+02
1.234384384384384425e+01 9.478904006310117438e+02
1.235835835835835894e+01 9.479685618531509590e+02
1.237287287287287363e+01 9.480463056309965850e+02
1.238738738738738832e+01 9.481236317874195265e+02
1.240190190190190300e+01 9.482005401462718055e+02
1.241641641641641769e+01 9.482770305323253979e+02
1.243093093093093238e+01 9.483531027712596142e+02
1.244544544544544529e+01 9.484287566897191937e+02
1.245995995995995997e+01 9.485039921152840634e+02
1.247447447447447466e+01 9.485788088764570603e+02
1.248898898898898935e+01 9.486532068026847355e+02
1.250350350350350404e+01 9.487271857243720206e+02
1.251801801801801872e+01 9.488007454728300445e+02
1.253253253253253341e+01 9.488738858803383209e+02
1.254704704704704810e+01 9.489466067801010922e+02
1.256156156156156278e+01 9.490189080062629046e+02
1.257607607607607747e+01 9.490907893939227051e+02
1.259059059059059038e+01 9.491622507791178123e+02
1.260510510510510507e+01 9.492332919988185722e+02
1.261961961961961975e+01 9.493039128909583724e+02
1.263413413413413444e+01 9.493741132943905541e+02
1.264864864864864913e+01 9.494438930489354789e+02
1.266316316316316382e+01 9.495132519953588144e+02
1.267767767767767850e+01 9.495821899753548223e+02
1.269219219219219319e+01 9.496507068315797824e+02
1.270670670670670788e+01 9.497188024076314150e+02
1.272122122122122256e+01 9.497864765480594542e+02
1.273573573573573547e+01 9.498537290983557568e+02
1.275025025025025016e+01 9.499205599049782904e+02
1.276476476476476485e+01 9.499869688153142988e+02
1.277927927927927954e+01 9.500529556777132711e+02
1.279379379379379422e+01 9.501185203414745502e+02
1.280830830830830891e+01 9.501836626568497195e+02
1.282282282282282360e+01 9.502483824750419217e+02
1.283733733733733828e+01 9.503126796482065402e+02
1.285185185185185297e+01 9.503765540294525636e+02
1.286636636636636766e+01 9.504400054728440637e+02
1.288088088088088234e+01 9.505030338333983764e+02
1.289539539539539525e+01 9.505656389671004263e+02
1.290990990990990994e+01 9.506278207308703259e+02
1.292442442442442463e+01 9.506895789825940710e+02
1.293893893893893932e+01 9.507509135811137639e+02
1.295345345345345400e+01 9.508118243862438703e+02
1.296796796796796869e+01 9.508723112587349533e+02
1.298248248248248338e+01 9.509323740602919770e+02
1.299699699699699806e+01 9.509920126536101179e+02
1.301151151151151275e+01 9.510512269023221279e+02
1.302602602602602744e+01 9.511100166710261874e+02
1.304054054054054035e+01 9.511683818252712399e+02
1.305505505505505504e+01 9.512263222315812072e+02
1.306956956956956972e+01 9.512838377574445303e+02
1.308408408408408441e+01 9.513409282712925688e+02
1.309859859859859910e+01 9.513975936425408690e+02
1.311311311311311378e+01 9.514538337415502838e+02
1.312762762762762847e+01 9.515096484396609640e+02
1.314214214214214316e+01 9.515650376091609814e+02
1.315665665665665784e+01 9.516200011233248688e+02
1.317117117117117253e+01 9.516745388563722372e+02
1.318568568568568722e+01 9.517286506834989268e+02
1.320020020020020013e+01 9.517823364808682527e+02
1.321471471471471482e+01 9.518355961256073670e+02
1.322922922922922950e+01 9.518884294957953216e+02
1.324374374374374419e+01 9.519408364705147960e+02
1.325825825825825888e+01 9.519928169297843397e+02
1.327277277277277356e+01 9.520443707545950929e+02
1.328728728728728825e+01 9.520954978269320463e+02
1.330180180180180294e+01 9.521461980297190166e+02
1.331631631631631763e+01 9.521964712468716243e+02
1.333083083083083231e+01 9.522463173632559119e+02
1.334534534534534522e+01 9.522957362647352966e+02
1.335985985985985991e+01 9.523447278381237311e+02
1.337437437437437460e+01 9.523932919712092371e+02
1.338888888888888928e+01 9.524414285527579977e+02
1.340340340340340397e+01 9.524891374725146989e+02
1.341791791791791866e+01 9.525364186211818378e+02
1.343243243243243334e+01 9.525832718904412104e+02
1.344694694694694803e+01 9.526296971729479992e+02
1.346146146146146272e+01 9.526756943623431653e+02
1.347597597597597741e+01 9.527212633532330983e+02
1.349049049049049032e+01 9.527664040411877977e+02
1.350500500500500500e+01 9.528111163227802081e+02
1.351951951951951969e+01 9.528554000955409720e+02
1.353403403403403438e+01 9.528992552579643416e+02
1.354854854854854906e+01 9.529426817095601336e+02
1.356306306306306375e+01 9.529856793507742623e+02
1.357757757757757844e+01 9.530282480830560417e+02
1.359209209209209313e+01 9.530703878088318106e+02
1.360660660660660781e+01 9.531120984314768521e+02
1.362112112112112250e+01 9.531533798554002033e+02
1.363563563563563719e+01 9.531942319859340387e+02
1.365015015015015010e+01 9.532346547294141601e+02
1.366466466466466478e+01 9.532746479931640806e+02
1.367917917917917947e+01 9.533142116854837695e+02
1.369369369369369416e+01 9.533533457156306667e+02
1.370820820820820884e+01 9.533920499938835746e+02
1.372272272272272353e+01 9.534303244314676249e+02
1.373723723723723822e+01 9.534681689405958878e+02
1.375175175175175291e+01 9.535055834344872210e+02
1.376626626626626759e+01 9.535425678273140875e+02
1.378078078078078228e+01 9.535791220342484849e+02
1.379529529529529519e+01 9.536152459714328415e+02
1.380980980980980988e+01 9.536509395560033227e+02
1.382432432432432456e+01 9.536862027060810760e+02
1.383883883883883925e+01 9.537210353407590446e+02
1.385335335335335394e+01 9.537554373801224301e+02
1.386786786786786863e+01 9.537894087452477834e+02
1.388238238238238331e+01 9.538229493581802672e+02
1.389689689689689800e+01 9.538560591419661705e+02
1.391141141141141269e+01 9.538887380206160742e+02
1.392592592592592737e+01 9.539209859191628311e+02
1.394044044044044028e+01 9.539528027635751641e+02
1.395495495495495497e+01 9.539841884808638497e+02
1.396946946946946966e+01 9.540151429989712142e+02
1.398398398398398434e+01 9.540456662468666309e+02
1.399849849849849903e+01 9.540757581545026369e+02
1.401301301301301372e+01 9.541054186527953789e+02
1.402752752752752841e+01 9.541346476736644036e+02
1.404204204204204309e+01 9.541634451500199248e+02
1.405655655655655778e+01 9.541918110157539559e+02
1.407107107107107247e+01 9.542197452057494047e+02
1.408558558558558715e+01 9.542472476558893959e+02
1.410010010010010006e+01 9.542743183030096361e+02
1.411461461461461475e+01 9.543009570849841339e+02
1.412912912912912944e+01 9.543271639406418672e+02
1.414364364364364413e+01 9.543529388098087338e+02
1.415815815815815881e+01 9.543782816333111896e+02
1.417267267267267350e+01 9.544031923529523738e+02
1.418718718718718819e+01 9.544276709115392805e+02
1.420170170170170287e+01 9.544517172528538822e+02
1.421621621621621756e+01 9.544753313216813240e+02
1.423073073073073225e+01 9.544985130637953716e+02
1.424524524524524516e+01 9.545212624259593213e+02
1.425975975975975985e+01 9.545435793559212243e+02
1.427427427427427453e+01 9.545654638024329870e+02
1.428878878878878922e+01 9.545869157152374100e+02
1.430330330330330391e+01 9.546079350450568199e+02
1.431781781781781859e+01 9.546285217436188759e+02
1.433233233233233328e+01 9.546486757636358789e+02
1.434684684684684797e+01 9.546683970588139800e+02
1.436136136136136265e+01 9.546876855838705751e+02
1.437587587587587734e+01 9.547065412944732543e+02
1.439039039039039025e+01 9.547249641473288193e+02
1.440490490490490494e+01 9.547429541001065445e+02
1.441941941941941963e+01 9.547605111114910414e+02
1.443393393393393431e+01 9.547776351411332598e+02
1.444844844844844900e+01 9.547943261497027834e+02
1.446296296296296369e+01 9.548105840988685031e+02
1.447747747747747837e+01 9.548264089512590544e+02
1.449199199199199306e+01 9.548418006705255721e+02
1.450650650650650775e+01 9.548567592213150874e+02
1.452102102102102243e+01 9.548712845692407427e+02
1.453553553553553712e+01 9.548853766809519357e+02
1.455005005005005003e+01 9.548990355240546251e+02
1.456456456456456472e+01 9.549122610671704479e+02
1.457907907907907941e+01 9.549250532799162556e+02
1.459359359359359409e+01 9.549374121328914953e+02
1.460810810810810878e+01 9.549493375977021969e+02
1.462262262262262347e+01 9.549608296469511970e+02
1.463713713713713815e+01 9.549718882542241545e+02
1.465165165165165284e+01 9.549825133941112654e+02
1.466616616616616753e+01 9.549927050422018056e+02
1.468068068068068222e+01 9.550024631750782191e+02
1.469519519519519513e+01 9.550117877703024760e+02
1.470970970970970981e+01 9.550206788064683678e+02
1.472422422422422450e+01 9.550291362631259062e+02
1.473873873873873919e+01 9.550371601208504444e+02
1.475325325325325387e+01 9.550447503611981119e+02
1.476776776776776856e+01 9.550519069667316217e+02
1.478228228228228325e+01 9.550586299209990102e+02
1.479679679679679793e+01 9.550649192085514869e+02
1.481131131131131262e+01 9.550707748149366125e+02
1.482582582582582731e+01 9.550761967266992087e+02
1.484034034034034022e+01 9.550811849313760149e+02
1.485485485485485491e+01 9.550857394175013724e+02
1.486936936936936959e+01 9.550898601746166605e+02
1.488388388388388428e+01 9.550935471932446035e+02
1.489839839839839897e+01 9.550968004649100749e+02
1.491291291291291365e+01 9.550996199821447590e+02
1.492742742742742834e+01 9.551020057384595248e+02
1.494194194194194303e+01 9.551039577283738709e+02
1.495645645645645772e+01 9.551054759474112643e+02
1.497097097097097240e+01 9.551065603920646936e+02
1.498548548548548709e+01 9.551072110598547624e+02
1.500000000000000000e+01 9.551074279492875121e+02
