1.000000000000000021e-02 1.411259642058686358e-08
5.003003003003003712e-02 1.782490421991752722e-06
9.006006006006006537e-02 7.819776698106999782e-06
1.300900900900901214e-01 1.823462208521731503e-05
1.701201201201201496e-01 3.255504321164619821e-05
2.101501501501501779e-01 5.024376828699618985e-05
2.501801801801802339e-01 7.080660348242641118e-05
2.902102102102102621e-01 9.381342455201254166e-05
3.302402402402402903e-01 1.188963510549987046e-04
3.702702702702703186e-01 1.457421675524239496e-04
4.103003003003003468e-01 1.740840483065933400e-04
4.503303303303303751e-01 2.036940702200962358e-04
4.903603603603604588e-01 2.343768473445791123e-04
5.303903903903904871e-01 2.659642472932778590e-04
5.704204204204205153e-01 2.983110434958201156e-04
6.104504504504505435e-01 3.312913433055237624e-04
6.504804804804805718e-01 3.647956480740378003e-04
6.905105105105106000e-01 3.987284246803776103e-04
7.305405405405406283e-01 4.330060906178161422e-04
7.705705705705706565e-01 4.675553341643818531e-04
8.106006006006006848e-01 5.023117070337429360e-04
8.506306306306307130e-01 5.372184395804602535e-04
8.906606606606607413e-01 5.722254386573196600e-04
9.306906906906907695e-01 6.072884361199987202e-04
9.707207207207209088e-01 6.423682621976475318e-04
1.010750750750750937e+00 6.774302228628460406e-04
1.050780780780780965e+00 7.124435642297048373e-04
1.090810810810810993e+00 7.473810101089669190e-04
1.130840840840841022e+00 7.822183613276054203e-04
1.170870870870871050e+00 8.169341474116413333e-04
1.210900900900901078e+00 8.515093228382586985e-04
1.250930930930931106e+00 8.859270013671389360e-04
1.290960960960961135e+00 9.201722230233888447e-04
1.330990990990991163e+00 9.542317491743867444e-04
1.371021021021021191e+00 9.880938818582550402e-04
1.411051051051051219e+00 1.021748304112477012e-03
1.451081081081081248e+00 1.055185938541278699e-03
1.491111111111111276e+00 1.088398821768416522e-03
1.531141141141141304e+00 1.121379992763162298e-03
1.571171171171171332e+00 1.154123393313445352e-03
1.611201201201201361e+00 1.186623779161179735e-03
1.651231231231231389e+00 1.218876640518331764e-03
1.691261261261261417e+00 1.250878130855021236e-03
1.731291291291291445e+00 1.282625002997667130e-03
1.771321321321321474e+00 1.314114551700393610e-03
1.811351351351351502e+00 1.345344561960145355e-03
1.851381381381381530e+00 1.376313262437732889e-03
1.891411411411411558e+00 1.407019283426152361e-03
1.931441441441441809e+00 1.437461618875753933e-03
1.971471471471471837e+00 1.467639592044666080e-03
2.011501501501501643e+00 1.497552824394152420e-03
2.051531531531531449e+00 1.527201207392804051e-03
2.091561561561561700e+00 1.556584876932279793e-03
2.131591591591591506e+00 1.585704190090899248e-03
2.171621621621621756e+00 1.614559704011069279e-03
2.211651651651651562e+00 1.643152156682143325e-03
2.251681681681681813e+00 1.671482449443244299e-03
2.291711711711711619e+00 1.699551631040370448e-03
2.331741741741741869e+00 1.727360883089756752e-03
2.371771771771771675e+00 1.754911506815028371e-03
2.411801801801801926e+00 1.782204910939351851e-03
2.451831831831831732e+00 1.809242600625960394e-03
2.491861861861861982e+00 1.836026167371297528e-03
2.531891891891891788e+00 1.862557279764493401e-03
2.571921921921922038e+00 1.888837675035519650e-03
2.611951951951952289e+00 1.914869151321921606e-03
2.651981981981982095e+00 1.940653560590831651e-03
2.692012012012012345e+00 1.966192802159027857e-03
2.732042042042042151e+00 1.991488816759220612e-03
2.772072072072072402e+00 2.016543581105658366e-03
2.812102102102102208e+00 2.041359102916428386e-03
2.852132132132132458e+00 2.065937416353838454e-03
2.892162162162162264e+00 2.090280577847706232e-03
2.932192192192192515e+00 2.114390662269625271e-03
2.972222222222222321e+00 2.138269759429106340e-03
3.012252252252252571e+00 2.161919970865075827e-03
3.052282282282282377e+00 2.185343406908527453e-03
3.092312312312312628e+00 2.208542183994309342e-03
3.132342342342342434e+00 2.231518422201809581e-03
3.172372372372372684e+00 2.254274243006180404e-03
3.212402402402402490e+00 2.276811767223169657e-03
3.252432432432432741e+00 2.299133113132185990e-03
3.292462462462462547e+00 2.321240394763362212e-03
3.332492492492492797e+00 2.343135720335765958e-03
3.372522522522522603e+00 2.364821190834736925e-03
3.412552552552552854e+00 2.386298898717531623e-03
3.452582582582582660e+00 2.407570926737147895e-03
3.492612612612612910e+00 2.428639346875217150e-03
3.532642642642642716e+00 2.449506219375379139e-03
3.572672672672672967e+00 2.470173591869394194e-03
3.612702702702702773e+00 2.490643498588816351e-03
3.652732732732733023e+00 2.510917959655563012e-03
3.692762762762762829e+00 2.530998980445347320e-03
3.732792792792793080e+00 2.550888551018285107e-03
3.772822822822822886e+00 2.570588645611551586e-03
3.812852852852853136e+00 2.590101222189259648e-03
3.852882882882883386e+00 2.609428222045162647e-03
3.892912912912913193e+00 2.628571569454088170e-03
3.932942942942943443e+00 2.647533171368352759e-03
3.972972972972973249e+00 2.666314917155649528e-03
4.013003003003003499e+00 2.684918678375200311e-03
4.053033033033033306e+00 2.703346308589195130e-03
4.093063063063063112e+00 2.721599643206739499e-03
4.133093093093093806e+00 2.739680499357789040e-03
4.173123123123123612e+00 2.757590675794691342e-03
4.213153153153153418e+00 2.775331952819139365e-03
4.253183183183183225e+00 2.792906092232522348e-03
4.293213213213213919e+00 2.810314837307809413e-03
4.333243243243243725e+00 2.827559912781181257e-03
4.373273273273273531e+00 2.844643024861847821e-03
4.413303303303303338e+00 2.861565861258531449e-03
4.453333333333334032e+00 2.878330091221220372e-03
4.493363363363363838e+00 2.894937365596954391e-03
4.533393393393393644e+00 2.911389316898356852e-03
4.573423423423423451e+00 2.927687559383924162e-03
4.613453453453454145e+00 2.943833689148968660e-03
4.653483483483483951e+00 2.959829284226262944e-03
4.693513513513513757e+00 2.975675904695569435e-03
4.733543543543543564e+00 2.991375092801145351e-03
4.773573573573574258e+00 3.006928373076541740e-03
4.813603603603604064e+00 3.022337252475944605e-03
4.853633633633633870e+00 3.037603220511425790e-03
4.893663663663663677e+00 3.052727749395484774e-03
4.933693693693694371e+00 3.067712294188346209e-03
4.973723723723724177e+00 3.082558292949431206e-03
5.013753753753753983e+00 3.097267166892617250e-03
5.053783783783783790e+00 3.111840320544709531e-03
5.093813813813814484e+00 3.126279141906851758e-03
5.133843843843844290e+00 3.140585002618378595e-03
5.173873873873874096e+00 3.154759258122790538e-03
5.213903903903904791e+00 3.168803247835553279e-03
5.253933933933934597e+00 3.182718295313371158e-03
5.293963963963964403e+00 3.196505708424664076e-03
5.333993993993994209e+00 3.210166779521024093e-03
5.374024024024024904e+00 3.223702785609331226e-03
5.414054054054054710e+00 3.237114988524400494e-03
5.454084084084084516e+00 3.250404635101868372e-03
5.494114114114114322e+00 3.263572957351214537e-03
5.534144144144145017e+00 3.276621172628639209e-03
5.574174174174174823e+00 3.289550483809751402e-03
5.614204204204204629e+00 3.302362079461826101e-03
5.654234234234234435e+00 3.315057134015540578e-03
5.694264264264265130e+00 3.327636807936070178e-03
5.734294294294294936e+00 3.340102247893386982e-03
5.774324324324324742e+00 3.352454586931714105e-03
5.814354354354354548e+00 3.364694944637992065e-03
5.854384384384385243e+00 3.376824427309300849e-03
5.894414414414415049e+00 3.388844128119128819e-03
5.934444444444444855e+00 3.400755127282455072e-03
5.974474474474474661e+00 3.412558492219555477e-03
6.014504504504505356e+00 3.424255277718458220e-03
6.054534534534535162e+00 3.435846526096045846e-03
6.094564564564564968e+00 3.447333267357694485e-03
6.134594594594594774e+00 3.458716519355476294e-03
6.174624624624625469e+00 3.469997287944803690e-03
6.214654654654655275e+00 3.481176567139566535e-03
6.254684684684685081e+00 3.492255339265700701e-03
6.294714714714714887e+00 3.503234575113108214e-03
6.334744744744745581e+00 3.514115234086020913e-03
6.374774774774775388e+00 3.524898264351670162e-03
6.414804804804805194e+00 3.535584602987351058e-03
6.454834834834835888e+00 3.546175176125767551e-03
6.494864864864865694e+00 3.556670899098758609e-03
6.534894894894895501e+00 3.567072676579281874e-03
6.574924924924925307e+00 3.577381402721764060e-03
6.614954954954956001e+00 3.587597961300700595e-03
6.654984984984985807e+00 3.597723225847620707e-03
6.695015015015015614e+00 3.607758059786312591e-03
6.735045045045045420e+00 3.617703316566375435e-03
6.775075075075076114e+00 3.627559839795090491e-03
6.815105105105105920e+00 3.637328463367599501e-03
6.855135135135135727e+00 3.647010011595399996e-03
6.895165165165165533e+00 3.656605299333204762e-03
6.935195195195196227e+00 3.666115132104081319e-03
6.975225225225226033e+00 3.675540306223016272e-03
7.015255255255255840e+00 3.684881608918770535e-03
7.055285285285285646e+00 3.694139818454152471e-03
7.095315315315316340e+00 3.703315704244649134e-03
7.135345345345346146e+00 3.712410026975457213e-03
7.175375375375375953e+00 3.721423538716948400e-03
7.215405405405405759e+00 3.730356983038514082e-03
7.255435435435436453e+00 3.739211095120868744e-03
7.295465465465466259e+00 3.747986601866830272e-03
7.335495495495496066e+00 3.756684222010522965e-03
7.375525525525525872e+00 3.765304666225092155e-03
7.415555555555556566e+00 3.773848637228916121e-03
7.455585585585586372e+00 3.782316829890311396e-03
7.495615615615616179e+00 3.790709931330803455e-03
7.535645645645645985e+00 3.799028621026915523e-03
7.575675675675676679e+00 3.807273570910544875e-03
7.615705705705706485e+00 3.815445445467889780e-03
7.655735735735736291e+00 3.823544901837022062e-03
7.695765765765766986e+00 3.831572589904033276e-03
7.735795795795796792e+00 3.839529152397816534e-03
7.775825825825826598e+00 3.847415224983542510e-03
7.815855855855856404e+00 3.855231436354737695e-03
7.855885885885887099e+00 3.862978408324103680e-03
7.895915915915916905e+00 3.870656755912998525e-03
7.935945945945946711e+00 3.878267087439665663e-03
7.975975975975976517e+00 3.885810004606167836e-03
8.016006006006007212e+00 3.893286102584111487e-03
8.056036036036037018e+00 3.900695970099107412e-03
8.096066066066066824e+00 3.908040189514033584e-03
8.136096096096096630e+00 3.915319336911103620e-03
8.176126126126126437e+00 3.922533982172738722e-03
8.216156156156156243e+00 3.929684689061311610e-03
8.256186186186187825e+00 3.936772015297687437e-03
8.296216216216217632e+00 3.943796512638695663e-03
8.336246246246247438e+00 3.950758726953446619e-03
8.376276276276277244e+00 3.957659198298557786e-03
8.416306306306307050e+00 3.964498460992306288e-03
8.456336336336336856e+00 3.971277043687708452e-03
8.496366366366366663e+00 3.977995469444549868e-03
8.536396396396396469e+00 3.984654255800374606e-03
8.576426426426428051e+00 3.991253914840459625e-03
8.616456456456457857e+00 3.997794953266783045e-03
8.656486486486487664e+00 4.004277872466006222e-03
8.696516516516517470e+00 4.010703168576449686e-03
8.736546546546547276e+00 4.017071332554166159e-03
8.776576576576577082e+00 4.023382850238004828e-03
8.816606606606606888e+00 4.029638202413790039e-03
8.856636636636636695e+00 4.035837864877541564e-03
8.896666666666668277e+00 4.041982308497822293e-03
8.936696696696698083e+00 4.048071999277183010e-03
8.976726726726727890e+00 4.054107398412724189e-03
9.016756756756757696e+00 4.060088962355793037e-03
9.056786786786787502e+00 4.066017142870850462e-03
9.096816816816817308e+00 4.071892387093451610e-03
9.136846846846847114e+00 4.077715137587471783e-03
9.176876876876878697e+00 4.083485832401443326e-03
9.216906906906908503e+00 4.089204905124145702e-03
9.256936936936938309e+00 4.094872784939392399e-03
9.296966966966968116e+00 4.100489896680032005e-03
9.336996996996997922e+00 4.106056660881189473e-03
9.377027027027027728e+00 4.111573493832756249e-03
9.417057057057057534e+00 4.117040807631150087e-03
9.457087087087087340e+00 4.122459010230320256e-03
9.497117117117118923e+00 4.127828505492058854e-03
9.537147147147148729e+00 4.133149693235591352e-03
9.577177177177178535e+00 4.138422969286469771e-03
9.617207207207208342e+00 4.143648725524784991e-03
9.657237237237238148e+00 4.148827349932705973e-03
9.697267267267267954e+00 4.153959226641342449e-03
9.737297297297297760e+00 4.159044735976970969e-03
9.777327327327327566e+00 4.164084254506593939e-03
9.817357357357359149e+00 4.169078155082886310e-03
9.857387387387388955e+00 4.174026806888493472e-03
9.897417417417418761e+00 4.178930575479744558e-03
9.937447447447448567e+00 4.183789822829720416e-03
9.977477477477478374e+00 4.188604907370768217e-03
1.001750750750750818e+01 4.193376184036386352e-03
1.005753753753753799e+01 4.198104004302569831e-03
1.009756756756756779e+01 4.202788716228551998e-03
1.013759759759759937e+01 4.207430664497010218e-03
1.017762762762762918e+01 4.212030190453705178e-03
1.021765765765765899e+01 4.216587632146587619e-03
1.025768768768768879e+01 4.221103324364344767e-03
1.029771771771771860e+01 4.225577598674467097e-03
1.033774774774774841e+01 4.230010783460740054e-03
1.037777777777777821e+01 4.234403203960263040e-03
1.041780780780780979e+01 4.238755182299954079e-03
1.045783783783783960e+01 4.243067037532546187e-03
1.049786786786786941e+01 4.247339085672122323e-03
1.053789789789789921e+01 4.251571639729140317e-03
1.057792792792792902e+01 4.255765009745001576e-03
1.061795795795795883e+01 4.259919502826155745e-03
1.065798798798798863e+01 4.264035423177734395e-03
1.069801801801801844e+01 4.268113072136730211e-03
1.073804804804805002e+01 4.272152748204760715e-03
1.077807807807807983e+01 4.276154747080343661e-03
1.081810810810810963e+01 4.280119361690789062e-03
1.085813813813813944e+01 4.284046882223637581e-03
1.089816816816816925e+01 4.287937596157679124e-03
1.093819819819819905e+01 4.291791788293576777e-03
1.097822822822822886e+01 4.295609740784076154e-03
1.101825825825825866e+01 4.299391733163793194e-03
1.105828828828829025e+01 4.303138042378648956e-03
1.109831831831832005e+01 4.306848942814873321e-03
1.113834834834834986e+01 4.310524706327659161e-03
1.117837837837837967e+01 4.314165602269420981e-03
1.121840840840840947e+01 4.317771897517686669e-03
1.125843843843843928e+01 4.321343856502624092e-03
1.129846846846846908e+01 4.324881741234209466e-03
1.133849849849849889e+01 4.328385811329035771e-03
1.137852852852853047e+01 4.331856324036772489e-03
1.141855855855856028e+01 4.335293534266287073e-03
1.145858858858859008e+01 4.338697694611417729e-03
1.149861861861861989e+01 4.342069055376422682e-03
1.153864864864864970e+01 4.345407864601086821e-03
1.157867867867867950e+01 4.348714368085511775e-03
1.161870870870870931e+01 4.351988809414586781e-03
1.165873873873874089e+01 4.355231429982146449e-03
1.169876876876877070e+01 4.358442469014802388e-03
1.173879879879880050e+01 4.361622163595490348e-03
1.177882882882883031e+01 4.364770748686711173e-03
1.181885885885886012e+01 4.367888457153448235e-03
1.185888888888888992e+01 4.370975519785840271e-03
1.189891891891891973e+01 4.374032165321518548e-03
1.193894894894894954e+01 4.377058620467694228e-03
1.197897897897898112e+01 4.380055109922944764e-03
1.201900900900901092e+01 4.383021856398727073e-03
1.205903903903904073e+01 4.385959080640636568e-03
1.209906906906907054e+01 4.388867001449367825e-03
1.213909909909910034e+01 4.391745835701445395e-03
1.217912912912913015e+01 4.394595798369658850e-03
1.221915915915915996e+01 4.397417102543267099e-03
1.225918918918918976e+01 4.400209959447950320e-03
1.229921921921922134e+01 4.402974578465481716e-03
1.233924924924925115e+01 4.405711167153198056e-03
1.237927927927928096e+01 4.408419931263189186e-03
1.241930930930931076e+01 4.411101074761275900e-03
1.245933933933934057e+01 4.413754799845727612e-03
1.249936936936937038e+01 4.416381306965777923e-03
1.253939939939940018e+01 4.418980794839890390e-03
1.257942942942942999e+01 4.421553460473793586e-03
1.261945945945946157e+01 4.424099499178311447e-03
1.265948948948949138e+01 4.426619104586974190e-03
1.269951951951952118e+01 4.429112468673391569e-03
1.273954954954955099e+01 4.431579781768437039e-03
1.277957957957958079e+01 4.434021232577216830e-03
1.281960960960961060e+01 4.436437008195810022e-03
1.285963963963964041e+01 4.438827294127839496e-03
1.289966966966967199e+01 4.441192274300817359e-03
1.293969969969970180e+01 4.443532131082296097e-03
1.297972972972973160e+01 4.445847045295831489e-03
1.301975975975976141e+01 4.448137196236746048e-03
1.305978978978979121e+01 4.450402761687703365e-03
1.309981981981982102e+01 4.452643917934098576e-03
1.313984984984985083e+01 4.454860839779245865e-03
1.317987987987988063e+01 4.457053700559425458e-03
1.321990990990991222e+01 4.459222672158696422e-03
1.325993993993994202e+01 4.461367925023567230e-03
1.329996996996997183e+01 4.463489628177502375e-03
1.334000000000000163e+01 4.465587949235200887e-03
1.338003003003003144e+01 4.467663054416767289e-03
1.342006006006006125e+01 4.469715108561686523e-03
1.346009009009009105e+01 4.471744275142619345e-03
1.350012012012012086e+01 4.473750716279069339e-03
1.354015015015015244e+01 4.475734592750846112e-03
1.358018018018018225e+01 4.477696064011417454e-03
1.362021021021021205e+01 4.479635288201066351e-03
1.366024024024024186e+01 4.481552422159903147e-03
1.370027027027027167e+01 4.483447621440738058e-03
1.374030030030030147e+01 4.485321040321794961e-03
1.378033033033033128e+01 4.487172831819265587e-03
1.382036036036036108e+01 4.489003147699732743e-03
1.386039039039039267e+01 4.490812138492453025e-03
1.390042042042042247e+01 4.492599953501471254e-03
1.394045045045045228e+01 4.494366740817623031e-03
1.398048048048048209e+01 4.496112647330381164e-03
1.402051051051051189e+01 4.497837818739576325e-03
1.406054054054054170e+01 4.499542399566959852e-03
1.410057057057057150e+01 4.501226533167677207e-03
1.414060060060060309e+01 4.502890361741557559e-03
1.418063063063063289e+01 4.504534026344312291e-03
1.422066066066066270e+01 4.506157666898589521e-03
1.426069069069069251e+01 4.507761422204906339e-03
1.430072072072072231e+01 4.509345429952442245e-03
1.434075075075075212e+01 4.510909826729749342e-03
1.438078078078078192e+01 4.512454748035281231e-03
1.442081081081081173e+01 4.513980328287862942e-03
1.446084084084084331e+01 4.515486700836995188e-03
1.450087087087087312e+01 4.516973997973064946e-03
1.454090090090090293e+01 4.518442350937445888e-03
1.458093093093093273e+01 4.519891889932474774e-03
1.462096096096096254e+01 4.521322744131304680e-03
1.466099099099099234e+01 4.522735041687668892e-03
1.470102102102102215e+01 4.524128909745534638e-03
1.474105105105105196e+01 4.525504474448617184e-03
1.478108108108108354e+01 4.526861860949842747e-03
1.482111111111111335e+01 4.528201193420648349e-03
1.486114114114114315e+01 4.529522595060210544e-03
1.490117117117117296e+01 4.530826188104584810e-03
1.494120120120120276e+01 4.532112093835689685e-03
1.498123123123123257e+01 4.533380432590257067e-03
1.502126126126126238e+01 4.534631323768635938e-03
1.506129129129129218e+01 4.535864885843522362e-03
1.510132132132132377e+01 4.537081236368580191e-03
1.514135135135135357e+01 4.538280491986979373e-03
1.518138138138138338e+01 4.539462768439837120e-03
1.522141141141141318e+01 4.540628180574557589e-03
1.526144144144144299e+01 4.541776842353083959e-03
1.530147147147147280e+01 4.542908866860080261e-03
1.534150150150150260e+01 4.544024366310983956e-03
1.538153153153153418e+01 4.545123452060016896e-03
1.542156156156156399e+01 4.546206234608072237e-03
1.546159159159159380e+01 4.547272823610537182e-03
1.550162162162162360e+01 4.548323327885010758e-03
1.554165165165165341e+01 4.549357855418979107e-03
1.558168168168168322e+01 4.550376513377351988e-03
1.562171171171171302e+01 4.551379408109961985e-03
1.566174174174174283e+01 4.552366645158969181e-03
1.570177177177177441e+01 4.553338329266171276e-03
1.574180180180180422e+01 4.554294564380270346e-03
1.578183183183183402e+01 4.555235453664018171e-03
1.582186186186186383e+01 4.556161099501325994e-03
1.586189189189189364e+01 4.557071603504273677e-03
1.590192192192192344e+01 4.557967066520045123e-03
1.594195195195195325e+01 4.558847588637810790e-03
1.598198198198198305e+01 4.559713269195505257e-03
1.602201201201201641e+01 4.560564206786562290e-03
1.606204204204204444e+01 4.561400499266565767e-03
1.610207207207207603e+01 4.562222243759825151e-03
1.614210210210210406e+01 4.563029536665892845e-03
1.618213213213213564e+01 4.563822473666009558e-03
1.622216216216216722e+01 4.564601149729476809e-03
1.626219219219219525e+01 4.565365659119965253e-03
1.630222222222222683e+01 4.566116095401770957e-03
1.634225225225225486e+01 4.566852551445967599e-03
1.638228228228228645e+01 4.567575119436554330e-03
1.642231231231231448e+01 4.568283890876478730e-03
1.646234234234234606e+01 4.568978956593635482e-03
1.650237237237237764e+01 4.569660406746797396e-03
1.654240240240240567e+01 4.570328330831464891e-03
1.658243243243243725e+01 4.570982817685682528e-03
1.662246246246246528e+01 4.571623955495773134e-03
1.666249249249249686e+01 4.572251831802032034e-03
1.670252252252252489e+01 4.572866533504342350e-03
1.674255255255255648e+01 4.573468146867754741e-03
1.678258258258258806e+01 4.574056757527980403e-03
1.682261261261261609e+01 4.574632450496871061e-03
1.686264264264264767e+01 4.575195310167791407e-03
1.690267267267267570e+01 4.575745420320987203e-03
1.694270270270270728e+01 4.576282864128850165e-03
1.698273273273273531e+01 4.576807724161175914e-03
1.702276276276276690e+01 4.577320082390329975e-03
1.706279279279279493e+01 4.577820020196390373e-03
1.710282282282282651e+01 4.578307618372213887e-03
1.714285285285285809e+01 4.578782957128468487e-03
1.718288288288288612e+01 4.579246116098611118e-03
1.722291291291291770e+01 4.579697174343809983e-03
1.726294294294294573e+01 4.580136210357819114e-03
1.730297297297297732e+01 4.580563302071815647e-03
1.734300300300300535e+01 4.580978526859159038e-03
1.738303303303303693e+01 4.581381961540149407e-03
1.742306306306306851e+01 4.581773682386680938e-03
1.746309309309309654e+01 4.582153765126904810e-03
1.750312312312312812e+01 4.582522284949808004e-03
1.754315315315315615e+01 4.582879316509756544e-03
1.758318318318318774e+01 4.583224933930998835e-03
1.762321321321321577e+01 4.583559210812129109e-03
1.766324324324324735e+01 4.583882220230478012e-03
1.770327327327327538e+01 4.584194034746507523e-03
1.774330330330330696e+01 4.584494726408108733e-03
1.778333333333333854e+01 4.584784366754903091e-03
1.782336336336336657e+01 4.585063026822474262e-03
1.786339339339339816e+01 4.585330777146572230e-03
1.790342342342342619e+01 4.585587687767258419e-03
1.794345345345345777e+01 4.585833828233036938e-03
1.798348348348348580e+01 4.586069267604919036e-03
1.802351351351351738e+01 4.586294074460465012e-03
1.806354354354354896e+01 4.586508316897784480e-03
1.810357357357357699e+01 4.586712062539488946e-03
1.814360360360360858e+01 4.586905378536610539e-03
1.818363363363363661e+01 4.587088331572486931e-03
1.822366366366366819e+01 4.587260987866611552e-03
1.826369369369369622e+01 4.587423413178423962e-03
1.830372372372372780e+01 4.587575672811098487e-03
1.834375375375375938e+01 4.587717831615270407e-03
1.838378378378378741e+01 4.587849953992723107e-03
1.842381381381381900e+01 4.587972103900075233e-03
1.846384384384384703e+01 4.588084344852382847e-03
1.850387387387387861e+01 4.588186739926745916e-03
1.854390390390390664e+01 4.588279351765866231e-03
1.858393393393393822e+01 4.588362242581564554e-03
1.862396396396396625e+01 4.588435474158275226e-03
1.866399399399399783e+01 4.588499107856508670e-03
1.870402402402402942e+01 4.588553204616263592e-03
1.874405405405405745e+01 4.588597824960428777e-03
1.878408408408408903e+01 4.588633028998145846e-03
1.882411411411411706e+01 4.588658876428121716e-03
1.886414414414414864e+01 4.588675426541944519e-03
1.890417417417417667e+01 4.588682738227331005e-03
1.894420420420420825e+01 4.588680869971375684e-03
1.898423423423423984e+01 4.588669879863744444e-03
1.902426426426426787e+01 4.588649825599859511e-03
1.906429429429429945e+01 4.588620764484029751e-03
1.910432432432432748e+01 4.588582753432579250e-03
1.914435435435435906e+01 4.588535848976926443e-03
1.918438438438438709e+01 4.588480107266638963e-03
1.922441441441441867e+01 4.588415584072470278e-03
1.926444444444445026e+01 4.588342334789345146e-03
1.930447447447447828e+01 4.588260414439353750e-03
1.934450450450450987e+01 4.588169877674673838e-03
1.938453453453453790e+01 4.588070778780499806e-03
1.942456456456456948e+01 4.587963171677941418e-03
1.946459459459459751e+01 4.587847109926865286e-03
1.950462462462462909e+01 4.587722646728753691e-03
1.954465465465465712e+01 4.587589834929500093e-03
1.958468468468468870e+01 4.587448727022206373e-03
1.962471471471472029e+01 4.587299375149934966e-03
1.966474474474474832e+01 4.587141831108445394e-03
1.970477477477477990e+01 4.586976146348903036e-03
1.974480480480480793e+01 4.586802371980567943e-03
1.978483483483483951e+01 4.586620558773449839e-03
1.982486486486486754e+01 4.586430757160936227e-03
1.986489489489489912e+01 4.586233017242429162e-03
1.990492492492493071e+01 4.586027388785901375e-03
1.994495495495495874e+01 4.585813921230490545e-03
1.998498498498499032e+01 4.585592663689014650e-03
2.002501501501501835e+01 4.585363664950507269e-03
2.006504504504504993e+01 4.585126973482706036e-03
2.010507507507507796e+01 4.584882637434530700e-03
2.014510510510510954e+01 4.584630704638523006e-03
2.018513513513513757e+01 4.584371222613286591e-03
2.022516516516516916e+01 4.584104238565891304e-03
2.026519519519520074e+01 4.583829799394246313e-03
2.030522522522522877e+01 4.583547951689487081e-03
2.034525525525526035e+01 4.583258741738293826e-03
2.038528528528528838e+01 4.582962215525225591e-03
2.042531531531531996e+01 4.582658418735021354e-03
2.046534534534534799e+01 4.582347396754873382e-03
2.050537537537537958e+01 4.582029194676696254e-03
2.054540540540541116e+01 4.581703857299357710e-03
2.058543543543543919e+01 4.581371429130909508e-03
2.062546546546547077e+01 4.581031954390770572e-03
2.066549549549549880e+01 4.580685477011924890e-03
2.070552552552553038e+01 4.580332040643076905e-03
2.074555555555555841e+01 4.579971688650788693e-03
2.078558558558559000e+01 4.579604464121613677e-03
2.082561561561562158e+01 4.579230409864193038e-03
2.086564564564564961e+01 4.578849568411342587e-03
2.090567567567568119e+01 4.578461982022129229e-03
2.094570570570570922e+01 4.578067692683908396e-03
2.098573573573574080e+01 4.577666742114362350e-03
2.102576576576576883e+01 4.577259171763520262e-03
2.106579579579580042e+01 4.576845022815740141e-03
2.110582582582582845e+01 4.576424336191701157e-03
2.114585585585586003e+01 4.575997152550363017e-03
2.118588588588589161e+01 4.575563512290898444e-03
2.122591591591591964e+01 4.575123455554647341e-03
2.126594594594595122e+01 4.574677022226992899e-03
2.130597597597597925e+01 4.574224251939290609e-03
2.134600600600601084e+01 4.573765184070722675e-03
2.138603603603603887e+01 4.573299857750168056e-03
2.142606606606607045e+01 4.572828311858050804e-03
2.146609609609610203e+01 4.572350585028170204e-03
2.150612612612613006e+01 4.571866715649504018e-03
2.154615615615616164e+01 4.571376741868028205e-03
2.158618618618618967e+01 4.570880701588473337e-03
2.162621621621622126e+01 4.570378632476121764e-03
2.166624624624624929e+01 4.569870571958533668e-03
2.170627627627628087e+01 4.569356557227305209e-03
2.174630630630630890e+01 4.568836625239779820e-03
2.178633633633634048e+01 4.568310812720755183e-03
2.182636636636637206e+01 4.567779156164192798e-03
2.186639639639640009e+01 4.567241691834875508e-03
2.190642642642643168e+01 4.566698455770089315e-03
2.194645645645645970e+01 4.566149483781267900e-03
2.198648648648649129e+01 4.565594811455627594e-03
2.202651651651651932e+01 4.565034474157797159e-03
2.206654654654655090e+01 4.564468507031420666e-03
2.210657657657658248e+01 4.563896945000754310e-03
2.214660660660661051e+01 4.563319822772256285e-03
2.218663663663664209e+01 4.562737174836142828e-03
2.222666666666667012e+01 4.562149035467955548e-03
2.226669669669670171e+01 4.561555438730102718e-03
2.230672672672672974e+01 4.560956418473379771e-03
2.234675675675676132e+01 4.560352008338501052e-03
2.238678678678679290e+01 4.559742241757588216e-03
2.242681681681682093e+01 4.559127151955678567e-03
2.246684684684685251e+01 4.558506771952190034e-03
2.250687687687688054e+01 4.557881134562400023e-03
2.254690690690691213e+01 4.557250272398893041e-03
2.258693693693694016e+01 4.556614217873003990e-03
2.262696696696697174e+01 4.555973003196250176e-03
2.266699699699699977e+01 4.555326660381755523e-03
2.270702702702703135e+01 4.554675221245647020e-03
2.274705705705706293e+01 4.554018717408462452e-03
2.278708708708709096e+01 4.553357180296520833e-03
2.282711711711712255e+01 4.552690641143314516e-03
2.286714714714715058e+01 4.552019130990846672e-03
2.290717717717718216e+01 4.551342680690998246e-03
2.294720720720721019e+01 4.550661320906872372e-03
2.298723723723724177e+01 4.549975082114095411e-03
2.302726726726727335e+01 4.549283994602163102e-03
2.306729729729730138e+01 4.548588088475736396e-03
2.310732732732733297e+01 4.547887393655930359e-03
2.314735735735736100e+01 4.547181939881608272e-03
2.318738738738739258e+01 4.546471756710659257e-03
2.322741741741742061e+01 4.545756873521249013e-03
2.326744744744745219e+01 4.545037319513086163e-03
2.330747747747748377e+01 4.544313123708663450e-03
2.334750750750751180e+01 4.543584314954488522e-03
2.338753753753754339e+01 4.542850921922311248e-03
2.342756756756757142e+01 4.542112973110334559e-03
2.346759759759760300e+01 4.541370496844423545e-03
2.350762762762763103e+01 4.540623521279293744e-03
2.354765765765766261e+01 4.539872074399697692e-03
2.358768768768769064e+01 4.539116184021608005e-03
2.362771771771772222e+01 4.538355877793370102e-03
2.366774774774775381e+01 4.537591183196867071e-03
2.370777777777778184e+01 4.536822127548665456e-03
2.374780780780781342e+01 4.536048738001156704e-03
2.378783783783784145e+01 4.535271041543676926e-03
2.382786786786787303e+01 4.534489065003637076e-03
2.386789789789790106e+01 4.533702835047623628e-03
2.390792792792793264e+01 4.532912378182512268e-03
2.394795795795796423e+01 4.532117720756548632e-03
2.398798798798799226e+01 4.531318888960449848e-03
2.402801801801802384e+01 4.530515908828459254e-03
2.406804804804805187e+01 4.529708806239427128e-03
2.410807807807808345e+01 4.528897606917874942e-03
2.414810810810811148e+01 4.528082336435033592e-03
2.418813813813814306e+01 4.527263020209889438e-03
2.422816816816817109e+01 4.526439683510222536e-03
2.426819819819820268e+01 4.525612351453627523e-03
2.430822822822823426e+01 4.524781049008537101e-03
2.434825825825826229e+01 4.523945800995228181e-03
2.438828828828829387e+01 4.523106632086820213e-03
2.442831831831832190e+01 4.522263566810283061e-03
2.446834834834835348e+01 4.521416629547403247e-03
2.450837837837838151e+01 4.520565844535780545e-03
2.454840840840841310e+01 4.519711235869787284e-03
2.458843843843844468e+01 4.518852827501540666e-03
2.462846846846847271e+01 4.517990643241847314e-03
2.466849849849850429e+01 4.517124706761167785e-03
2.470852852852853232e+01 4.516255041590542044e-03
2.474855855855856390e+01 4.515381671122526211e-03
2.478858858858859193e+01 4.514504618612131918e-03
2.482861861861862351e+01 4.513623907177724895e-03
2.486864864864865510e+01 4.512739559801959982e-03
2.490867867867868313e+01 4.511851599332662374e-03
2.494870870870871471e+01 4.510960048483747889e-03
2.498873873873874274e+01 4.510064929836098135e-03
2.502876876876877432e+01 4.509166265838453029e-03
2.506879879879880235e+01 4.508264078808286827e-03
2.510882882882883393e+01 4.507358390932674624e-03
2.514885885885886196e+01 4.506449224269164049e-03
2.518888888888889355e+01 4.505536600746627880e-03
2.522891891891892513e+01 4.504620542166112331e-03
2.526894894894895316e+01 4.503701070201690526e-03
2.530897897897898474e+01 4.502778206401287370e-03
2.534900900900901277e+01 4.501851972187527820e-03
2.538903903903904435e+01 4.500922388858541803e-03
2.542906906906907238e+01 4.499989477588803820e-03
2.546909909909910397e+01 4.499053259429928314e-03
2.550912912912913555e+01 4.498113755311490200e-03
2.554915915915916358e+01 4.497170986041811556e-03
2.558918918918919516e+01 4.496224972308767408e-03
2.562921921921922319e+01 4.495275734680568951e-03
2.566924924924925477e+01 4.494323293606544180e-03
2.570927927927928280e+01 4.493367669417920249e-03
2.574930930930931439e+01 4.492408882328587615e-03
2.578933933933934597e+01 4.491446952435867654e-03
2.582936936936937400e+01 4.490481899721269869e-03
2.586939939939940558e+01 4.489513744051250831e-03
2.590942942942943361e+01 4.488542505177953168e-03
2.594945945945946519e+01 4.487568202739957574e-03
2.598948948948949322e+01 4.486590856263002712e-03
2.602951951951952481e+01 4.485610485160741560e-03
2.606954954954955284e+01 4.484627108735440501e-03
2.610957957957958442e+01 4.483640746178717447e-03
2.614960960960961600e+01 4.482651416572244404e-03
2.618963963963964403e+01 4.481659138888469118e-03
2.622966966966967561e+01 4.480663931991306359e-03
2.626969969969970364e+01 4.479665814636847425e-03
2.630972972972973523e+01 4.478664805474044490e-03
2.634975975975976326e+01 4.477660923045410565e-03
2.638978978978979484e+01 4.476654185787688235e-03
2.642981981981982642e+01 4.475644612032537474e-03
2.646984984984985445e+01 4.474632220007208720e-03
2.650987987987988603e+01 4.473617027835211611e-03
2.654990990990991406e+01 4.472599053536969842e-03
2.658993993993994565e+01 4.471578315030491635e-03
2.662996996996997368e+01 4.470554830132012457e-03
2.667000000000000526e+01 4.469528616556653344e-03
2.671003003003003329e+01 4.468499691919056681e-03
2.675006006006006487e+01 4.467468073734031514e-03
2.679009009009009645e+01 4.466433779417186729e-03
2.683012012012012448e+01 4.465396826285556418e-03
2.687015015015015607e+01 4.464357231558233052e-03
2.691018018018018410e+01 4.463315012356982442e-03
2.695021021021021568e+01 4.462270185706859564e-03
2.699024024024024371e+01 4.461222768536827858e-03
2.703027027027027529e+01 4.460172777680355104e-03
2.707030030030030687e+01 4.459120229876024043e-03
2.711033033033033490e+01 4.458065141768131727e-03
2.715036036036036649e+01 4.457007529907275854e-03
2.719039039039039451e+01 4.455947410750956718e-03
2.723042042042042610e+01 4.454884800664147063e-03
2.727045045045045413e+01 4.453819715919889698e-03
2.731048048048048571e+01 4.452752172699862149e-03
2.735051051051051729e+01 4.451682187094956056e-03
2.739054054054054532e+01 4.450609775105842693e-03
2.743057057057057690e+01 4.449534952643544559e-03
2.747060060060060493e+01 4.448457735529981819e-03
2.751063063063063652e+01 4.447378139498544755e-03
2.755066066066066455e+01 4.446296180194636745e-03
2.759069069069069613e+01 4.445211873176225896e-03
2.763072072072072416e+01 4.444125233914388018e-03
2.767075075075075574e+01 4.443036277793850457e-03
2.771078078078078732e+01 4.441945020113527258e-03
2.775081081081081535e+01 4.440851476087049991e-03
2.779084084084084694e+01 4.439755660843302046e-03
2.783087087087087497e+01 4.438657589426938180e-03
2.787090090090090655e+01 4.437557276798913611e-03
2.791093093093093458e+01 4.436454737836992290e-03
2.795096096096096616e+01 4.435349987336275127e-03
2.799099099099099774e+01 4.434243040009690912e-03
2.803102102102102577e+01 4.433133910488526279e-03
2.807105105105105736e+01 4.432022613322907957e-03
2.811108108108108539e+01 4.430909162982320584e-03
2.815111111111111697e+01 4.429793573856092431e-03
2.819114114114114500e+01 4.428675860253883725e-03
2.823117117117117658e+01 4.427556036406196660e-03
2.827120120120120816e+01 4.426434116464837698e-03
2.831123123123123619e+01 4.425310114503412835e-03
2.835126126126126778e+01 4.424184044517802047e-03
2.839129129129129581e+01 4.423055920426640676e-03
2.843132132132132739e+01 4.421925756071789539e-03
2.847135135135135542e+01 4.420793565218794630e-03
2.851138138138138700e+01 4.419659361557369374e-03
2.855141141141141503e+01 4.418523158701843923e-03
2.859144144144144661e+01 4.417384970191634390e-03
2.863147147147147820e+01 4.416244809491686948e-03
2.867150150150150623e+01 4.415102689992942732e-03
2.871153153153153781e+01 4.413958625012779323e-03
2.875156156156156584e+01 4.412812627795463516e-03
2.879159159159159742e+01 4.411664711512593672e-03
2.883162162162162545e+01 4.410514889263529061e-03
2.887165165165165703e+01 4.409363174075845229e-03
2.891168168168168862e+01 4.408209578905761608e-03
2.895171171171171665e+01 4.407054116638558713e-03
2.899174174174174823e+01 4.405896800089033512e-03
2.903177177177177626e+01 4.404737642001896672e-03
2.907180180180180784e+01 4.403576655052220123e-03
2.911183183183183587e+01 4.402413851845832574e-03
2.915186186186186745e+01 4.401249244919760994e-03
2.919189189189189548e+01 4.400082846742621803e-03
2.923192192192192707e+01 4.398914669715043267e-03
2.927195195195195865e+01 4.397744726170078368e-03
2.931198198198198668e+01 4.396573028373595114e-03
2.935201201201201826e+01 4.395399588524692876e-03
2.939204204204204629e+01 4.394224418756095298e-03
2.943207207207207787e+01 4.393047531134548420e-03
2.947210210210210590e+01 4.391868937661214459e-03
2.951213213213213749e+01 4.390688650272068193e-03
2.955216216216216907e+01 4.389506680838275131e-03
2.959219219219219710e+01 4.388323041166594836e-03
2.963222222222222868e+01 4.387137742999740880e-03
2.967225225225225671e+01 4.385950798016788506e-03
2.971228228228228829e+01 4.384762217833531109e-03
2.975231231231231632e+01 4.383572014002868819e-03
2.979234234234234791e+01 4.382380198015173658e-03
2.983237237237237949e+01 4.381186781298670313e-03
2.987240240240240752e+01 4.379991775219791751e-03
2.991243243243243910e+01 4.378795191083559128e-03
2.995246246246246713e+01 4.377597040133933068e-03
2.999249249249249871e+01 4.376397333554177087e-03
3.003252252252252674e+01 4.375196082467226223e-03
3.007255255255255832e+01 4.373993297936026176e-03
3.011258258258258635e+01 4.372788990963896727e-03
3.015261261261261794e+01 4.371583172494888231e-03
3.019264264264264952e+01 4.370375853414115545e-03
3.023267267267267755e+01 4.369167044548119723e-03
3.027270270270270913e+01 4.367956756665201945e-03
3.031273273273273716e+01 4.366745000475767864e-03
3.035276276276276874e+01 4.365531786632671080e-03
3.039279279279279677e+01 4.364317125731547939e-03
3.043282282282282836e+01 4.363101028311147135e-03
3.047285285285285994e+01 4.361883504853673182e-03
3.051288288288288797e+01 4.360664565785108207e-03
3.055291291291291955e+01 4.359444221475542412e-03
3.059294294294294758e+01 4.358222482239507145e-03
3.063297297297297916e+01 4.356999358336288014e-03
3.067300300300300719e+01 4.355774859970252752e-03
3.071303303303303878e+01 4.354548997291168670e-03
3.075306306306307036e+01 4.353321780394525317e-03
3.079309309309309839e+01 4.352093219321845861e-03
3.083312312312312997e+01 4.350863324060997607e-03
3.087315315315315800e+01 4.349632104546510315e-03
3.091318318318318958e+01 4.348399570659878914e-03
3.095321321321321761e+01 4.347165732229876615e-03
3.099324324324324920e+01 4.345930599032857625e-03
3.103327327327327723e+01 4.344694180793058115e-03
3.107330330330330881e+01 4.343456487182894600e-03
3.111333333333334039e+01 4.342217527823278786e-03
3.115336336336336842e+01 4.340977312283895995e-03
3.119339339339340000e+01 4.339735850083510475e-03
3.123342342342342803e+01 4.338493150690256837e-03
3.127345345345345962e+01 4.337249223521932352e-03
3.131348348348348765e+01 4.336004077946282315e-03
3.135351351351351923e+01 4.334757723281296680e-03
3.139354354354355081e+01 4.333510168795485021e-03
3.143357357357357884e+01 4.332261423708167088e-03
3.147360360360361042e+01 4.331011497189749503e-03
3.151363363363363845e+01 4.329760398362019792e-03
3.155366366366367004e+01 4.328508136298405730e-03
3.159369369369369807e+01 4.327254720024261564e-03
3.163372372372372965e+01 4.326000158517147309e-03
3.167375375375375768e+01 4.324744460707090690e-03
3.171378378378378926e+01 4.323487635476868166e-03
3.175381381381382084e+01 4.322229691662266872e-03
3.179384384384384887e+01 4.320970638052359578e-03
3.183387387387388046e+01 4.319710483389767493e-03
3.187390390390390849e+01 4.318449236370917009e-03
3.191393393393394007e+01 4.317186905646318122e-03
3.195396396396396810e+01 4.315923499820812498e-03
3.199399399399399968e+01 4.314659027453836282e-03
3.203402402402402771e+01 4.313393497059676840e-03
3.207405405405405929e+01 4.312126917107732098e-03
3.211408408408408377e+01 4.310859296022762077e-03
3.215411411411411535e+01 4.309590642185139563e-03
3.219414414414414694e+01 4.308320963931105974e-03
3.223417417417417852e+01 4.307050269553015093e-03
3.227420420420420299e+01 4.305778567299589805e-03
3.231423423423423458e+01 4.304505865376152818e-03
3.235426426426426616e+01 4.303232171944887732e-03
3.239429429429429774e+01 4.301957495125072369e-03
3.243432432432432933e+01 4.300681842993321624e-03
3.247435435435435380e+01 4.299405223583833806e-03
3.251438438438438538e+01 4.298127644888617878e-03
3.255441441441441697e+01 4.296849114857736324e-03
3.259444444444444855e+01 4.295569641399547139e-03
3.263447447447448013e+01 4.294289232380922409e-03
3.267450450450450461e+01 4.293007895627494637e-03
3.271453453453453619e+01 4.291725638923881390e-03
3.275456456456456777e+01 4.290442470013916890e-03
3.279459459459459936e+01 4.289158396600873183e-03
3.283462462462462383e+01 4.287873426347699538e-03
3.287465465465465542e+01 4.286587566877239283e-03
3.291468468468468700e+01 4.285300825772445782e-03
3.295471471471471858e+01 4.284013210576629628e-03
3.299474474474475016e+01 4.282724728793648600e-03
3.303477477477477464e+01 4.281435387888147918e-03
3.307480480480480622e+01 4.280145195285777089e-03
3.311483483483483781e+01 4.278854158373391128e-03
3.315486486486486939e+01 4.277562284499283884e-03
3.319489489489489387e+01 4.276269580973399674e-03
3.323492492492492545e+01 4.274976055067533642e-03
3.327495495495495703e+01 4.273681714015550338e-03
3.331498498498498861e+01 4.272386565013597086e-03
3.335501501501502020e+01 4.271090615220315620e-03
3.339504504504504467e+01 4.269793871757029437e-03
3.343507507507507626e+01 4.268496341707979716e-03
3.347510510510510784e+01 4.267198032120504865e-03
3.351513513513513942e+01 4.265898950005254757e-03
3.355516516516517100e+01 4.264599102336395428e-03
3.359519519519519548e+01 4.263298496051807704e-03
3.363522522522522706e+01 4.261997138053279753e-03
3.367525525525525865e+01 4.260695035206716989e-03
3.371528528528529023e+01 4.259392194342332891e-03
3.375531531531531471e+01 4.258088622254847626e-03
3.379534534534534629e+01 4.256784325703679740e-03
3.383537537537537787e+01 4.255479311413144783e-03
3.387540540540540945e+01 4.254173586072640054e-03
3.391543543543544104e+01 4.252867156336844097e-03
3.395546546546546551e+01 4.251560028825904052e-03
3.399549549549549710e+01 4.250252210125619531e-03
3.403552552552552868e+01 4.248943706787642119e-03
3.407555555555556026e+01 4.247634525329644500e-03
3.411558558558558474e+01 4.246324672235526031e-03
3.415561561561561632e+01 4.245014153955577532e-03
3.419564564564564790e+01 4.243702976906682522e-03
3.423567567567567949e+01 4.242391147472486350e-03
3.427570570570571107e+01 4.241078672003579207e-03
3.431573573573573555e+01 4.239765556817680012e-03
3.435576576576576713e+01 4.238451808199814215e-03
3.439579579579579871e+01 4.237137432402491612e-03
3.443582582582583029e+01 4.235822435645876342e-03
3.447585585585585477e+01 4.234506824117972509e-03
3.451588588588588635e+01 4.233190603974792444e-03
3.455591591591591794e+01 4.231873781340529314e-03
3.459594594594594952e+01 4.230556362307735796e-03
3.463597597597598110e+01 4.229238352937482806e-03
3.467600600600600558e+01 4.227919759259547716e-03
3.471603603603603716e+01 4.226600587272565275e-03
3.475606606606606874e+01 4.225280842944209754e-03
3.479609609609610033e+01 4.223960532211352807e-03
3.483612612612613191e+01 4.222639660980230872e-03
3.487615615615615638e+01 4.221318235126616907e-03
3.491618618618618797e+01 4.219996260495977383e-03
3.495621621621621955e+01 4.218673742903639688e-03
3.499624624624625113e+01 4.217350688134949115e-03
3.503627627627627561e+01 4.216027101945434528e-03
3.507630630630630719e+01 4.214702990060968830e-03
3.511633633633633877e+01 4.213378358177924214e-03
3.515636636636637036e+01 4.212053211963335229e-03
3.519639639639640194e+01 4.210727557055050571e-03
3.523642642642642642e+01 4.209401399061891806e-03
3.527645645645645800e+01 4.208074743563811233e-03
3.531648648648648958e+01 4.206747596112043672e-03
3.535651651651652116e+01 4.205419962229261718e-03
3.539654654654654564e+01 4.204091847409722332e-03
3.543657657657657722e+01 4.202763257119431634e-03
3.547660660660660881e+01 4.201434196796277609e-03
3.551663663663664039e+01 4.200104671850198382e-03
3.555666666666667197e+01 4.198774687663317517e-03
3.559669669669669645e+01 4.197444249590097549e-03
3.563672672672672803e+01 4.196113362957489164e-03
3.567675675675675961e+01 4.194782033065069977e-03
3.571678678678679120e+01 4.193450265185202398e-03
3.575681681681682278e+01 4.192118064563167198e-03
3.579684684684684726e+01 4.190785436417307497e-03
3.583687687687687884e+01 4.189452385939178812e-03
3.587690690690691042e+01 4.188118918293687841e-03
3.591693693693694200e+01 4.186785038619232971e-03
3.595696696696696648e+01 4.185450752027842190e-03
3.599699699699699806e+01 4.184116063605316203e-03
3.603702702702702965e+01 4.182780978411368075e-03
3.607705705705706123e+01 4.181445501479755071e-03
3.611708708708709281e+01 4.180109637818425240e-03
3.615711711711711729e+01 4.178773392409642316e-03
3.619714714714714887e+01 4.177436770210129699e-03
3.623717717717718045e+01 4.176099776151202293e-03
3.627720720720721204e+01 4.174762415138899216e-03
3.631723723723723651e+01 4.173424692054121705e-03
3.635726726726726810e+01 4.172086611752753686e-03
3.639729729729729968e+01 4.170748179065809219e-03
3.643732732732733126e+01 4.169409398799553065e-03
3.647735735735736284e+01 4.168070275735628188e-03
3.651738738738738732e+01 4.166730814631198002e-03
3.655741741741741890e+01 4.165391020219053921e-03
3.659744744744745049e+01 4.164050897207768887e-03
3.663747747747748207e+01 4.162710450281802317e-03
3.667750750750751365e+01 4.161369684101637149e-03
3.671753753753753813e+01 4.160028603303903005e-03
3.675756756756756971e+01 4.158687212501500224e-03
3.679759759759760129e+01 4.157345516283723896e-03
3.683762762762763288e+01 4.156003519216390496e-03
3.687765765765765735e+01 4.154661225841953243e-03
3.691768768768768894e+01 4.153318640679630469e-03
3.695771771771772052e+01 4.151975768225526185e-03
3.699774774774775210e+01 4.150632612952746305e-03
3.703777777777778368e+01 4.149289179311520942e-03
3.707780780780780816e+01 4.147945471729323243e-03
3.711783783783783974e+01 4.146601494610990812e-03
3.715786786786787133e+01 4.145257252338837607e-03
3.719789789789790291e+01 4.143912749272774497e-03
3.723792792792792739e+01 4.142567989750422022e-03
3.727795795795795897e+01 4.141222978087232692e-03
3.731798798798799055e+01 4.139877718576600273e-03
3.735801801801802213e+01 4.138532215489976879e-03
3.739804804804805372e+01 4.137186473076981397e-03
3.743807807807807819e+01 4.135840495565521781e-03
3.747810810810810978e+01 4.134494287161900004e-03
3.751813813813814136e+01 4.133147852050922215e-03
3.755816816816817294e+01 4.131801194396018430e-03
3.759819819819820452e+01 4.130454318339346620e-03
3.763822822822822900e+01 4.129107228001903732e-03
3.767825825825826058e+01 4.127759927483632373e-03
3.771828828828829216e+01 4.126412420863533569e-03
3.775831831831832375e+01 4.125064712199770847e-03
3.779834834834834822e+01 4.123716805529783862e-03
3.783837837837837981e+01 4.122368704870389006e-03
3.787840840840841139e+01 4.121020414217880894e-03
3.791843843843844297e+01 4.119671937548152058e-03
3.795846846846847455e+01 4.118323278816786621e-03
3.799849849849849903e+01 4.116974441959166987e-03
3.803852852852853061e+01 4.115625430890576184e-03
3.807855855855856220e+01 4.114276249506308020e-03
3.811858858858859378e+01 4.112926901681756425e-03
3.815861861861861826e+01 4.111577391272536013e-03
3.819864864864864984e+01 4.110227722114560139e-03
3.823867867867868142e+01 4.108877898024165809e-03
3.827870870870871300e+01 4.107527922798190866e-03
3.831873873873874459e+01 4.106177800214093690e-03
3.835876876876876906e+01 4.104827534030040803e-03
3.839879879879880065e+01 4.103477127985002276e-03
3.843882882882883223e+01 4.102126585798861885e-03
3.847885885885886381e+01 4.100775911172504715e-03
3.851888888888889539e+01 4.099425107787918639e-03
3.855891891891891987e+01 4.098074179308285395e-03
3.859894894894895145e+01 4.096723129378082064e-03
3.863897897897898304e+01 4.095371961623174746e-03
3.867900900900901462e+01 4.094020679650913104e-03
3.871903903903903910e+01 4.092669287050218832e-03
3.875906906906907068e+01 4.091317787391684536e-03
3.879909909909910226e+01 4.089966184227674349e-03
3.883912912912913384e+01 4.088614481092399389e-03
3.887915915915916543e+01 4.087262681502021842e-03
3.891918918918918990e+01 4.085910788954746041e-03
3.895921921921922149e+01 4.084558806930900857e-03
3.899924924924925307e+01 4.083206738893039450e-03
3.903927927927928465e+01 4.081854588286028609e-03
3.907930930930930913e+01 4.080502358537130281e-03
3.911933933933934071e+01 4.079150053056099581e-03
3.915936936936937229e+01 4.077797675235262861e-03
3.919939939939940388e+01 4.076445228449621788e-03
3.923942942942943546e+01 4.075092716056921867e-03
3.927945945945945994e+01 4.073740141397755657e-03
3.931948948948949152e+01 4.072387507795634763e-03
3.935951951951952310e+01 4.071034818557091317e-03
3.939954954954955468e+01 4.069682076971750835e-03
3.943957957957957916e+01 4.068329286312421557e-03
3.947960960960961074e+01 4.066976449835182049e-03
3.951963963963964233e+01 4.065623570779460134e-03
3.955966966966967391e+01 4.064270652368120497e-03
3.959969969969970549e+01 4.062917697807545345e-03
3.963972972972972997e+01 4.061564710287722015e-03
3.967975975975976155e+01 4.060211692982314095e-03
3.971978978978979313e+01 4.058858649048755970e-03
3.975981981981982472e+01 4.057505581628328278e-03
3.979984984984985630e+01 4.056152493846237710e-03
3.983987987987988078e+01 4.054799388811699407e-03
3.987990990990991236e+01 4.053446269618018495e-03
3.991993993993994394e+01 4.052093139342663811e-03
3.995996996996997552e+01 4.050740001047355501e-03
4.000000000000000000e+01 4.049386857778135285e-03
