1.250000000000000000e+01 6.235356454251403058e+00 6.272435339181819280e+00
5.000000000000000000e+01 4.050293287107066931e+01 5.929820950488419840e+00
8.750000000000000000e+01 5.385408133512881079e+01 4.936116127772169015e+00
1.250000000000000000e+02 5.114642230986696347e+01 5.074091203112642390e+00
1.625000000000000000e+02 3.162944151096359846e+01 4.936027859823402864e+00
2.000000000000000000e+02 1.879252922077903776e+01 5.117351029373896409e+00
2.375000000000000000e+02 9.778561379014137245e+00 4.897210720822397612e+00
2.750000000000000000e+02 5.763753612878557142e+00 4.715111142764770946e+00
3.125000000000000000e+02 3.412020257829163850e+00 4.293900869460305358e+00
3.500000000000000000e+02 2.808964099993808805e+00 4.037895717892419967e+00
3.875000000000000000e+02 2.703880157206314916e+00 3.989803932099788231e+00
4.250000000000000000e+02 2.686993338785690355e+00 3.780923689765664175e+00
4.625000000000000000e+02 1.897442374300878365e+00 3.584422017039182506e+00
5.000000000000000000e+02 1.997286313489734733e+00 3.550012680318392899e+00
5.375000000000000000e+02 1.574745419848490480e+00 3.525071867505318757e+00
5.750000000000000000e+02 1.697956264709911345e+00 3.403825462425964066e+00
6.125000000000000000e+02 1.264068409564865991e+00 3.361408568571688793e+00
6.500000000000000000e+02 1.144198489809983732e+00 3.364057749604078662e+00
6.875000000000000000e+02 6.748830986075097238e-01 5.141343572827468122e+00
7.250000000000000000e+02 8.814599285837528830e-01 6.462036342964224467e+00
7.625000000000000000e+02 6.242620286418080200e-01 5.344888602826726398e+00
8.000000000000000000e+02 3.629052280413382348e-01 4.920161009337463476e+00
8.375000000000000000e+02 2.841196298149877841e-01 4.795110307572966413e+00
8.750000000000000000e+02 3.897242085773965914e-01 4.775699265858520448e+00
9.125000000000000000e+02 1.648211714592226484e-01 4.937207914594762492e+00
9.500000000000000000e+02 9.687523726184445183e-02 4.603647461649639006e+00
9.875000000000000000e+02 1.907052668169587628e-01 4.422871289786762361e+00
1.025000000000000000e+03 1.629513816680642213e-01 4.089854714505506195e+00
1.062500000000000000e+03 9.343098019812451360e-02 3.935611233220794425e+00
1.100000000000000000e+03 1.947592997514093205e-01 3.648101541830917061e+00
1.137500000000000000e+03 -7.888476534164809428e-02 3.743506431406633528e+00
1.175000000000000000e+03 -4.699988482513520194e-02 3.471050012260847861e+00
1.212500000000000000e+03 2.484093430887609200e-01 3.366458948548253449e+00
1.250000000000000000e+03 1.250305264722498255e-01 3.222352872451335504e+00
1.287500000000000000e+03 -1.125816045587969827e-01 3.447346391885541816e+00
1.321275050632020111e+03 1.078416310201473910e-01 3.384418120223537940e+00
