1.000000000000000021e-02 0.000000000000000000e+00
5.003003003003003712e-02 0.000000000000000000e+00
9.006006006006006537e-02 0.000000000000000000e+00
1.300900900900901214e-01 0.000000000000000000e+00
1.701201201201201496e-01 0.000000000000000000e+00
2.101501501501501779e-01 0.000000000000000000e+00
2.501801801801802339e-01 0.000000000000000000e+00
2.902102102102102621e-01 0.000000000000000000e+00
3.302402402402402903e-01 0.000000000000000000e+00
3.702702702702703186e-01 5.859715411365738273e-315
4.103003003003003468e-01 2.453439791845603424e-294
4.503303303303303751e-01 3.054380780874270480e-276
4.903603603603604588e-01 3.417466683074994839e-260
5.303903903903904871e-01 7.865601920138630382e-246
5.704204204204205153e-01 7.025075317976822194e-233
6.104504504504505435e-01 3.999582859409542966e-221
6.504804804804805718e-01 2.154285105402544667e-210
6.905105105105106000e-01 1.510012967151530281e-200
7.305405405405406283e-01 1.787802117273225768e-191
7.705705705705706565e-01 4.436660752495056982e-183
8.106006006006006848e-01 2.764140605289030595e-175
8.506306306306307130e-01 5.034496190717816610e-168
8.906606606606607413e-01 3.051409489463961348e-161
9.306906906906907695e-01 6.877240280779072310e-155
9.707207207207209088e-01 6.343254542254270725e-149
1.010750750750750937e+00 2.602152718701230147e-143
1.050780780780780965e+00 5.105502107223243809e-138
1.090810810810810993e+00 5.106697584762531579e-133
1.130840840840841022e+00 2.754773048183771597e-128
1.170870870870871050e+00 8.424459690263265333e-124
1.210900900900901078e+00 1.526830505587120840e-119
1.250930930930931106e+00 1.706314241146708651e-115
1.290960960960961135e+00 1.218410190215621958e-111
1.330990990990991163e+00 5.739743241459358469e-108
1.371021021021021191e+00 1.836117567353023770e-104
1.411051051051051219e+00 4.094252530517844231e-101
1.451081081081081248e+00 6.516672367977088052e-98
1.491111111111111276e+00 7.565551486487363910e-95
1.531141141141141304e+00 6.534086580225790554e-92
1.571171171171171332e+00 4.274596126921154191e-89
1.611201201201201361e+00 2.153555721159317326e-86
1.651231231231231389e+00 8.483396762376913117e-84
1.691261261261261417e+00 2.649808731966768432e-81
1.731291291291291445e+00 6.648103864246329137e-79
1.771321321321321474e+00 1.355820214593824356e-76
1.811351351351351502e+00 2.272614203621815548e-74
1.851381381381381530e+00 3.163141554323729293e-72
1.891411411411411558e+00 3.690748929417017928e-70
1.931441441441441809e+00 3.642160585070011650e-68
1.971471471471471837e+00 3.065035915238177744e-66
2.011501501501501643e+00 2.216599346057621404e-64
2.051531531531531449e+00 1.387514879980268752e-62
2.091561561561561700e+00 7.568489379154345643e-61
2.131591591591591506e+00 3.620255389974896565e-59
2.171621621621621756e+00 1.527547926235413905e-57
2.211651651651651562e+00 5.717241329921558927e-56
2.251681681681681813e+00 1.908007115624805761e-54
2.291711711711711619e+00 5.705678507294162733e-53
2.331741741741741869e+00 1.535948989103352107e-51
2.371771771771771675e+00 3.738369213557879448e-50
2.411801801801801926e+00 8.260585973847652416e-49
2.451831831831831732e+00 1.663609326900771283e-47
2.491861861861861982e+00 3.064787269520595251e-46
2.531891891891891788e+00 5.182853412168177136e-45
2.571921921921922038e+00 8.072135768833370736e-44
2.611951951951952289e+00 1.161490950867330939e-42
2.651981981981982095e+00 1.548596951218176831e-41
2.692012012012012345e+00 1.918573700134167460e-40
2.732042042042042151e+00 2.214611407178112999e-39
2.772072072072072402e+00 2.387810916877666562e-38
2.812102102102102208e+00 2.410663455079464605e-37
2.852132132132132458e+00 2.284063404941660185e-36
2.892162162162162264e+00 2.035486048188459138e-35
2.932192192192192515e+00 1.709722449553744950e-34
2.972222222222222321e+00 1.356275609962660406e-33
3.012252252252252571e+00 1.018036028315493366e-32
3.052282282282282377e+00 7.243727845573954781e-32
3.092312312312312628e+00 4.894415357104278027e-31
3.132342342342342434e+00 3.145590260342665507e-30
3.172372372372372684e+00 1.926006818877495060e-29
3.212402402402402490e+00 1.125200808054917780e-28
3.252432432432432741e+00 6.281351415841366252e-28
3.292462462462462547e+00 3.355327041019150154e-27
3.332492492492492797e+00 1.717347443511858545e-26
3.372522522522522603e+00 8.433000523777018959e-26
3.412552552552552854e+00 3.977803511683281168e-25
3.452582582582582660e+00 1.804500437472692942e-24
3.492612612612612910e+00 7.881666507259133602e-24
3.532642642642642716e+00 3.318196999351121692e-23
3.572672672672672967e+00 1.347927833863952773e-22
3.612702702702702773e+00 5.288729477221758360e-22
3.652732732732733023e+00 2.006224695076915975e-21
3.692762762762762829e+00 7.364762675218418700e-21
3.732792792792793080e+00 2.618673173073604021e-20
3.772822822822822886e+00 9.026621421126248223e-20
3.812852852852853136e+00 3.018942720063486309e-19
3.852882882882883386e+00 9.804410526814466733e-19
3.892912912912913193e+00 3.094310169594525027e-18
3.932942942942943443e+00 9.497488883872685644e-18
3.972972972972973249e+00 2.837081366146978359e-17
4.013003003003003499e+00 8.253865732853593126e-17
4.053033033033033306e+00 2.340236580275313900e-16
4.093063063063063112e+00 6.470875689134830145e-16
4.133093093093093806e+00 1.745990635335414863e-15
4.173123123123123612e+00 4.600042179022371880e-15
4.213153153153153418e+00 1.184075791235763144e-14
4.253183183183183225e+00 2.979499486360294718e-14
4.293213213213213919e+00 7.333200272725904197e-14
4.333243243243243725e+00 1.766293086574464972e-13
4.373273273273273531e+00 4.165586445139133811e-13
4.413303303303303338e+00 9.623914371527975250e-13
4.453333333333334032e+00 2.179218589836135028e-12
4.493363363363363838e+00 4.838691759265036435e-12
4.533393393393393644e+00 1.053978143968127060e-11
4.573423423423423451e+00 2.253222349057061872e-11
4.613453453453454145e+00 4.729680210155780058e-11
4.653483483483483951e+00 9.752044380149785020e-11
4.693513513513513757e+00 1.975928450285669608e-10
4.733543543543543564e+00 3.935760963797771997e-10
4.773573573573574258e+00 7.709628842066386902e-10
4.813603603603604064e+00 1.485750808401818248e-09
4.853633633633633870e+00 2.817877318810372673e-09
4.893663663663663677e+00 5.261543614786159009e-09
4.933693693693694371e+00 9.675342180465599288e-09
4.973723723723724177e+00 1.752768184797020318e-08
5.013753753753753983e+00 3.129151120809527544e-08
5.053783783783783790e+00 5.506904620142177109e-08
5.093813813813814484e+00 9.556499790993403558e-08
5.133843843843844290e+00 1.635792299518775956e-07
5.173873873873874096e+00 2.762610850086974719e-07
5.213903903903904791e+00 4.604626427069747097e-07
5.253933933933934597e+00 7.576521609575263423e-07
5.293963963963964403e+00 1.231007255644827235e-06
5.333993993993994209e+00 1.975504922772420609e-06
5.374024024024024904e+00 3.132066121763317582e-06
5.414054054054054710e+00 4.907098113201561897e-06
5.454084084084084516e+00 7.599106745819841517e-06
5.494114114114114322e+00 1.163441770208522845e-05
5.534144144144145017e+00 1.761443892100269390e-05
5.574174174174174823e+00 2.637729762262115712e-05
5.614204204204204629e+00 3.907706811278845231e-05
5.654234234234234435e+00 5.728413567387822180e-05
5.694264264264265130e+00 8.311047337206059363e-05
5.734294294294294936e+00 1.193636904972991247e-04
5.774324324324324742e+00 1.697335852381813039e-04
5.814354354354354548e+00 2.390145382662541452e-04
5.854384384384385243e+00 3.333663569526202188e-04
5.894414414414415049e+00 4.606150665352028509e-04
5.934444444444444855e+00 6.305936011714429607e-04
5.974474474474474661e+00 8.555203495384717562e-04
6.014504504504505356e+00 1.150411057034709259e-03
6.054534534534535162e+00 1.533516712077902678e-03
6.094564564564564968e+00 2.026776816922219206e-03
6.134594594594594774e+00 2.656273973662396596e-03
6.174624624624625469e+00 3.452672154686337036e-03
6.214654654654655275e+00 4.451617563680463144e-03
6.254684684684685081e+00 5.694077851340796116e-03
6.294714714714714887e+00 7.226592875739742440e-03
6.334744744744745581e+00 9.101408448066087772e-03
6.374774774774775388e+00 1.137646383221129626e-02
6.414804804804805194e+00 1.411520440025043621e-02
6.454834834834835888e+00 1.738619297194425942e-02
6.494864864864865694e+00 2.126249711091126107e-02
6.534894894894895501e+00 2.582083506159577740e-02
6.574924924924925307e+00 3.114047004732546989e-02
6.614954954954956001e+00 3.730185116904343595e-02
6.654984984984985807e+00 4.438500890317810532e-02
6.695015015015015614e+00 5.246772385407985628e-02
6.735045045045045420e+00 6.162349854303766916e-02
6.775075075075076114e+00 7.191937311438928448e-02
6.815105105105105920e+00 8.341363636637366685e-02
6.855135135135135727e+00 9.615349290984183395e-02
6.895165165165165533e+00 1.101727549757843122e-01
6.935195195195196227e+00 1.254896329339107997e-01
6.975225225225226033e+00 1.421047015286867887e-01
7.015255255255255840e+00 1.599991188723048074e-01
7.055285285285285646e+00 1.791331721716096781e-01
7.095315315315316340e+00 1.994452179689989724e-01
7.135345345345346146e+00 2.208510754600739867e-01
7.175375375375375953e+00 2.432439194798473037e-01
7.215405405405405759e+00 2.664947054334235732e-01
7.255435435435436453e+00 2.904531423190868655e-01
7.295465465465466259e+00 3.149492126826572425e-01
7.335495495495496066e+00 3.397952205499238376e-01
7.375525525525525872e+00 3.647883308386826173e-01
7.415555555555556566e+00 3.897135471782557370e-01
7.455585585585586372e+00 4.143470601457244773e-01
7.495615615615616179e+00 4.384598852733367913e-01
7.535645645645645985e+00 4.618217002951899297e-01
7.575675675675676679e+00 4.842047843618121350e-01
7.615705705705706485e+00 5.053879585943299446e-01
7.655735735735736291e+00 5.251604274614629642e-01
7.695765765765766986e+00 5.433254239786124984e-01
7.735795795795796792e+00 5.597035684430792246e-01
7.775825825825826598e+00 5.741358599997632428e-01
7.815855855855856404e+00 5.864862323375366060e-01
7.855885885885887099e+00 5.966436187259269719e-01
7.895915915915916905e+00 6.045234868373422499e-01
7.935945945945946711e+00 6.100688197586487949e-01
7.975975975975976517e+00 6.132505356751376535e-01
8.016006006006007212e+00 6.140673543356029995e-01
8.056036036036037018e+00 6.125451330554062546e-01
8.096066066066066824e+00 6.087357082309163836e-01
8.136096096096096630e+00 6.027152897533688547e-01
8.176126126126126437e+00 5.945824650460957983e-01
8.216156156156156243e+00 5.844558765272208634e-01
8.256186186186187825e+00 5.724716410385852772e-01
8.296216216216217632e+00 5.587805821918770954e-01
8.336246246246247438e+00 5.435453467600621646e-01
8.376276276276277244e+00 5.269374743546662021e-01
8.416306306306307050e+00 5.091344859053568150e-01
8.456336336336336856e+00 4.903170511709508683e-01
8.496366366366366663e+00 4.706662889636635261e-01
8.536396396396396469e+00 4.503612462799404526e-01
8.576426426426428051e+00 4.295765944218092880e-01
8.616456456456457857e+00 4.084805717718945628e-01
8.656486486486487664e+00 3.872331944414492688e-01
8.696516516516517470e+00 3.659847478025193834e-01
8.736546546546547276e+00 3.448745641655528993e-01
8.776576576576577082e+00 3.240300847552866625e-01
8.816606606606606888e+00 3.035661978115251625e-01
8.856636636636636695e+00 2.835848391968310289e-01
8.896666666666668277e+00 2.641748373887654044e-01
8.936696696696698083e+00 2.454119811919146799e-01
8.976726726726727890e+00 2.273592859125064258e-01
9.016756756756757696e+00 2.100674320556292496e-01
9.056786786786787502e+00 1.935753497680311741e-01
9.096816816816817308e+00 1.779109221762291693e-01
9.136846846846847114e+00 1.630917813654709225e-01
9.176876876876878697e+00 1.491261719073287140e-01
9.216906906906908503e+00 1.360138584663615480e-01
9.256936936936938309e+00 1.237470559942583509e-01
9.296966966966968116e+00 1.123113632518965843e-01
9.336996996996997922e+00 1.016866827914824772e-01
9.377027027027027728e+00 9.184811299688334929e-02
9.417057057057057534e+00 8.276680024515631340e-02
9.457087087087087340e+00 7.441074165205331659e-02
9.497117117117118923e+00 6.674553114623395234e-02
9.537147147147148729e+00 5.973504373980300514e-02
9.577177177177178535e+00 5.334205479607910527e-02
9.617207207207208342e+00 4.752879281878782253e-02
9.657237237237238148e+00 4.225742578884402606e-02
9.697267267267267954e+00 3.749048235209795354e-02
9.737297297297297760e+00 3.319121021722986481e-02
9.777327327327327566e+00 2.932387496625513124e-02
9.817357357357359149e+00 2.585400312398759143e-02
9.857387387387388955e+00 2.274857379376809402e-02
9.897417417417418761e+00 1.997616346326111514e-02
9.937447447447448567e+00 1.750704873608914872e-02
9.977477477477478374e+00 1.531327177266093853e-02
1.001750750750750818e+01 1.336867314694656361e-02
1.005753753753753799e+01 1.164889666436712441e-02
1.009756756756756779e+01 1.013137045765049801e-02
1.013759759759759937e+01 8.795268399062831574e-03
1.017762762762762918e+01 7.621455553928615720e-03
1.021765765765765899e+01 6.592421064989399497e-03
1.025768768768768879e+01 5.692201511337906077e-03
1.029771771771771860e+01 4.906297438996113335e-03
1.033774774774774841e+01 4.221585420552327259e-03
1.037777777777777821e+01 3.626227674885071969e-03
1.041780780780780979e+01 3.109580969656894952e-03
1.045783783783783960e+01 2.662106242402494365e-03
1.049786786786786941e+01 2.275280112941033012e-03
1.053789789789789921e+01 1.941509221802398613e-03
1.057792792792792902e+01 1.654048116798305379e-03
1.061795795795795883e+01 1.406921222559743201e-03
1.065798798798798863e+01 1.194849264997507442e-03
1.069801801801801844e+01 1.013180383017841212e-03
1.073804804804805002e+01 8.578260419228483404e-04
1.077807807807807983e+01 7.252017650277666925e-04
1.081810810810810963e+01 6.121726202903341992e-04
1.085813813813813944e+01 5.160033352876280781e-04
1.089816816816816925e+01 4.343128648046364428e-04
1.093819819819819905e+01 3.650331987918747933e-04
1.097822822822822886e+01 3.063721727612917227e-04
1.101825825825825866e+01 2.567800261909453183e-04
1.105828828828829025e+01 2.149194456967194332e-04
1.109831831831832005e+01 1.796388272397892328e-04
1.113834834834834986e+01 1.499484942480122901e-04
1.117837837837837967e+01 1.249996151580664541e-04
1.121840840840840947e+01 1.040655735879267627e-04
1.125843843843843928e+01 8.652555631341825369e-05
1.129846846846846908e+01 7.185013775578300227e-05
1.133849849849849889e+01 5.958865421009919240e-05
1.137852852852853047e+01 4.935817607809705999e-05
1.141855855855856028e+01 4.083390152570840159e-05
1.145858858858859008e+01 3.374080995729292535e-05
1.149861861861861989e+01 2.784642824639696292e-05
1.153864864864864970e+01 2.295457660822319176e-05
1.157867867867867950e+01 1.889997421366494950e-05
1.161870870870870931e+01 1.554359704316496147e-05
1.165873873873874089e+01 1.276869201007454214e-05
1.169876876876877070e+01 1.047736202546513929e-05
1.173879879879880050e+01 8.587646429679928934e-06
1.177882882882883031e+01 7.031030098280630293e-06
1.181885885885886012e+01 5.750322572425035160e-06
1.185888888888888992e+01 4.697855806861352397e-06
1.189891891891891973e+01 3.833955619866567325e-06
1.193894894894894954e+01 3.125647719894667298e-06
1.197897897897898112e+01 2.545564326846217897e-06
1.201900900900901092e+01 2.071021955549235509e-06
1.205903903903904073e+01 1.683244938341134680e-06
1.209906906906907054e+01 1.366712783940513274e-06
1.213909909909910034e+01 1.108612550081580348e-06
1.217912912912913015e+01 8.983800938222776102e-07
1.221915915915915996e+01 7.273163990296391560e-07
1.225918918918918976e+01 5.882672050345842347e-07
1.229921921921922134e+01 4.753559102150849880e-07
1.233924924924925115e+01 3.837612324152493383e-07
1.237927927927928096e+01 3.095324045442013359e-07
1.241930930930931076e+01 2.494357952824227894e-07
1.245933933933934057e+01 2.008277955555628494e-07
1.249936936936937038e+01 1.615496226451681009e-07
1.253939939939940018e+01 1.298403843669022141e-07
1.257942942942942999e+01 1.042653322840550408e-07
1.261945945945946157e+01 8.365673002479246170e-08
1.265948948948949138e+01 6.706518318351494304e-08
1.269951951951952118e+01 5.371963211213547161e-08
1.273954954954955099e+01 4.299450778077226024e-08
1.277957957957958079e+01 3.438280214405446385e-08
1.281960960960961060e+01 2.747401527647497507e-08
1.285963963963964041e+01 2.193611811791020225e-08
1.289966966966967199e+01 1.750081729732450284e-08
1.293969969969970180e+01 1.395153170938415501e-08
1.297972972972973160e+01 1.111359316916647588e-08
1.301975975975976141e+01 8.846268851457938030e-09
1.305978978978979121e+01 7.036274122753688697e-09
1.309981981981982102e+01 5.592503157869016775e-09
1.313984984984985083e+01 4.441753394187949573e-09
1.317987987987988063e+01 3.525260096797093715e-09
1.321990990990991222e+01 2.795890501697610057e-09
1.325993993993994202e+01 2.215874359428725603e-09
1.329996996996997183e+01 1.754970212594052768e-09
1.334000000000000163e+01 1.388985239783591013e-09
1.338003003003003144e+01 1.098581679443928643e-09
1.342006006006006125e+01 8.683152887256574017e-10
1.346009009009009105e+01 6.858614751566412302e-10
1.350012012012012086e+01 5.413930624236636093e-10
1.354015015015015244e+01 4.270804464818400472e-10
1.358018018018018225e+01 3.366904384350490356e-10
1.362021021021021205e+01 2.652646023102447168e-10
1.366024024024024186e+01 2.088615655249806013e-10
1.370027027027027167e+01 1.643507611472485661e-10
1.374030030030030147e+01 1.292474802970226303e-10
1.378033033033033128e+01 1.015810739689780510e-10
1.382036036036036108e+01 7.978973121991338110e-11
1.386039039039039267e+01 6.263654470349477537e-11
1.390042042042042247e+01 4.914261189529818569e-11
1.394045045045045228e+01 3.853375753435179883e-11
1.398048048048048209e+01 3.019813773761330225e-11
1.402051051051051189e+01 2.365252980959994181e-11
1.406054054054054170e+01 1.851554909792981299e-11
1.410057057057057150e+01 1.448638575175127303e-11
1.414060060060060309e+01 1.132793649075689551e-11
1.418063063063063289e+01 8.853432915388252404e-12
1.422066066066066270e+01 6.915849355219983324e-12
1.426069069069069251e+01 5.399518553555027968e-12
1.430072072072072231e+01 4.213499723271205457e-12
1.434075075075075212e+01 3.286336411979567543e-12
1.438078078078078192e+01 2.561915802063948563e-12
1.442081081081081173e+01 1.996200261847989085e-12
1.446084084084084331e+01 1.554649149101946163e-12
1.450087087087087312e+01 1.210186450710962228e-12
1.454090090090090293e+01 9.415997518430351488e-13
1.458093093093093273e+01 7.322798114771360191e-13
1.462096096096096254e+01 5.692289181477811825e-13
1.466099099099099234e+01 4.422812022945253037e-13
1.470102102102102215e+01 3.434899829653801566e-13
1.474105105105105196e+01 2.666466605851173440e-13
1.478108108108108354e+01 2.069031399300574182e-13
1.482111111111111335e+01 1.604756817760639937e-13
1.486114114114114315e+01 1.244127593418195506e-13
1.490117117117117296e+01 9.641319253837868161e-14
1.494120120120120276e+01 7.468375270579105932e-14
1.498123123123123257e+01 5.782773474359733724e-14
1.502126126126126238e+01 4.475781079313184850e-14
1.506129129129129218e+01 3.462791184175590688e-14
1.510132132132132377e+01 2.678001161382472582e-14
1.514135135135135357e+01 2.070257491884615502e-14
1.518138138138138338e+01 1.599813093083755741e-14
1.522141141141141318e+01 1.235798076891151035e-14
1.526144144144144299e+01 9.542479929896529467e-15
1.530147147147147280e+01 7.365674621908650924e-15
1.534150150150150260e+01 5.683336621024928702e-15
1.538153153153153418e+01 4.383649505221530520e-15
1.542156156156156399e+01 3.379962293265710779e-15
1.546159159159159380e+01 2.605154305452060443e-15
1.550162162162162360e+01 2.007255082670865989e-15
1.554165165165165341e+01 1.546041439689566973e-15
1.558168168168168322e+01 1.190394895826270966e-15
1.562171171171171302e+01 9.162505197826360373e-16
1.566174174174174283e+01 7.050055487099202498e-16
1.570177177177177441e+01 5.422852724911280220e-16
1.574180180180180422e+01 4.169863987305587252e-16
1.578183183183183402e+01 3.205358315510147662e-16
1.582186186186186383e+01 2.463166039587226827e-16
1.586189189189189364e+01 1.892234570047947754e-16
1.590192192192192344e+01 1.453189301725159993e-16
1.594195195195195325e+01 1.115673408440773399e-16
1.598198198198198305e+01 8.562909613158200701e-17
1.602201201201201641e+01 6.570171777681041558e-17
1.606204204204204444e+01 5.039701995745995795e-17
1.610207207207207603e+01 3.864625546913986921e-17
1.614210210210210406e+01 2.962688973511340650e-17
1.618213213213213564e+01 2.270609274842214545e-17
1.622216216216216722e+01 1.739714851767274904e-17
1.626219219219219525e+01 1.332584158933898686e-17
1.630222222222222683e+01 1.020454655401932849e-17
1.634225225225225486e+01 7.812262498811376353e-18
1.638228228228228645e+01 5.979233863874927263e-18
1.642231231231231448e+01 4.575108293720553233e-18
1.646234234234234606e+01 3.499821182187925461e-18
1.650237237237237764e+01 2.676581479907322024e-18
1.654240240240240567e+01 2.046476209302939278e-18
1.658243243243243725e+01 1.564321509505288312e-18
1.662246246246246528e+01 1.195473270390158394e-18
1.666249249249249686e+01 9.133762118238385142e-19
1.670252252252252489e+01 6.976810351924011480e-19
1.674255255255255648e+01 5.327984359390598379e-19
1.678258258258258806e+01 4.067889614201252444e-19
1.682261261261261609e+01 3.105109720801640755e-19
1.686264264264264767e+01 2.369668959459627466e-19
1.690267267267267570e+01 1.808017777790730497e-19
1.694270270270270728e+01 1.379187580365164500e-19
1.698273273273273531e+01 1.051843012479990420e-19
1.702276276276276690e+01 8.020229052484183131e-20
1.706279279279279493e+01 6.114094825024781338e-20
1.710282282282282651e+01 4.660026693375781843e-20
1.714285285285285809e+01 3.551049651606167957e-20
1.718288288288288612e+01 2.705443372583854851e-20
1.722291291291291770e+01 2.060794844010494841e-20
1.726294294294294573e+01 1.569447921980040914e-20
1.730297297297297732e+01 1.195022599169082497e-20
1.734300300300300535e+01 9.097532028013919995e-21
1.738303303303303693e+01 6.924533631625936106e-21
1.742306306306306851e+01 5.269605557871729111e-21
1.746309309309309654e+01 4.009474936365020269e-21
1.750312312312312812e+01 3.050140689196358040e-21
1.754315315315315615e+01 2.319937915667687172e-21
1.758318318318318774e+01 1.764241818720357370e-21
1.762321321321321577e+01 1.341424533348304812e-21
1.766324324324324735e+01 1.019769162144617634e-21
1.770327327327327538e+01 7.751149338688459801e-22
1.774330330330330696e+01 5.890606678619109333e-22
1.778333333333333854e+01 4.475944768321405355e-22
1.782336336336336657e+01 3.400488063097619076e-22
1.786339339339339816e+01 2.583037388284477829e-22
1.790342342342342619e+01 1.961797068320114661e-22
1.794345345345345777e+01 1.489746794469432119e-22
1.798348348348348580e+01 1.131115245834211178e-22
1.802351351351351738e+01 8.586937243554338073e-23
1.806354354354354896e+01 6.517901099536744659e-23
1.810357357357357699e+01 4.946708131797320387e-23
1.814360360360360858e+01 3.753745619417451320e-23
1.818363363363363661e+01 2.848094534275950684e-23
1.822366366366366819e+01 2.160657561172596718e-23
1.826369369369369622e+01 1.638930065818754368e-23
1.830372372372372780e+01 1.243021934825214802e-23
1.834375375375375938e+01 9.426315966888487126e-24
1.838378378378378741e+01 7.147447205467781874e-24
1.842381381381381900e+01 5.418843449208543149e-24
1.846384384384384703e+01 4.107805307036277167e-24
1.850387387387387861e+01 3.113591283720552176e-24
1.854390390390390664e+01 2.359732391232456790e-24
1.858393393393393822e+01 1.788192185208052073e-24
1.862396396396396625e+01 1.354929808649286829e-24
1.866399399399399783e+01 1.026529510196734093e-24
1.870402402402402942e+01 7.776406928762186436e-25
1.874405405405405745e+01 5.890338732804316285e-25
1.878408408408408903e+01 4.461245873169586183e-25
1.882411411411411706e+01 3.378527689049400175e-25
1.886414414414414864e+01 2.558321198202732592e-25
1.890417417417417667e+01 1.937045137167735472e-25
1.894420420420420825e+01 1.466500819355795051e-25
1.898423423423423984e+01 1.110154905436113305e-25
1.902426426426426787e+01 8.403193331227097407e-26
1.906429429429429945e+01 6.360121604527982765e-26
1.910432432432432748e+01 4.813351266583024273e-26
1.914435435435435906e+01 3.642432748617561963e-26
1.918438438438438709e+01 2.756120130537565137e-26
1.922441441441441867e+01 2.085297969226352516e-26
1.926444444444445026e+01 1.577619357019674651e-26
1.930447447447447828e+01 1.193441696132288010e-26
1.934450450450450987e+01 9.027464745860851851e-27
1.938453453453453790e+01 6.828050746139158245e-27
1.942456456456456948e+01 5.164101251992556144e-27
1.946459459459459751e+01 3.905355245285026916e-27
1.950462462462462909e+01 2.953213463132041683e-27
1.954465465465465712e+01 2.233049431729751486e-27
1.958468468468468870e+01 1.688385969203217625e-27
1.962471471471472029e+01 1.276485021719246115e-27
1.966474474474474832e+01 9.650081640033971898e-28
1.970477477477477990e+01 7.294880894305385327e-28
1.974480480480480793e+01 5.514143303124149168e-28
1.978483483483483951e+01 4.167841376953323949e-28
1.982486486486486754e+01 3.150055927776637226e-28
1.986489489489489912e+01 2.380674111403832256e-28
1.990492492492493071e+01 1.799106541075997789e-28
1.994495495495495874e+01 1.359532847379413182e-28
1.998498498498499032e+01 1.027304169894301872e-28
2.002501501501501835e+01 7.762212878322291040e-29
2.006504504504504993e+01 5.864754294584540800e-29
2.010507507507507796e+01 4.430905486178383177e-29
2.014510510510510954e+01 3.347450420547797039e-29
2.018513513513513757e+01 2.528805504484273054e-29
2.022516516516516916e+01 1.910279479495542618e-29
2.026519519519520074e+01 1.442976287029236571e-29
2.030522522522522877e+01 1.089940694665400515e-29
2.034525525525526035e+01 8.232438871510380017e-30
2.038528528528528838e+01 6.217799473286081182e-30
2.042531531531531996e+01 4.695999386407379688e-30
2.046534534534534799e+01 3.546525123064131426e-30
2.050537537537537958e+01 2.678318991505634008e-30
2.054540540540541116e+01 2.022583072876656643e-30
2.058543543543543919e+01 1.527340240498507365e-30
2.062546546546547077e+01 1.153323455533328801e-30
2.066549549549549880e+01 8.708691380754065545e-31
2.070552552552553038e+01 6.575694942505452257e-31
2.074555555555555841e+01 4.964984839619970038e-31
2.078558558558559000e+01 3.748713363963929524e-31
2.082561561561562158e+01 2.830317141607584938e-31
2.086564564564564961e+01 2.136864797918582258e-31
2.090567567567568119e+01 1.613275636191663044e-31
2.094570570570570922e+01 1.217952075278805222e-31
2.098573573573574080e+01 9.194802828509959522e-32
2.102576576576576883e+01 6.941378649109455324e-32
2.106579579579580042e+01 5.240112817446254682e-32
2.110582582582582845e+01 3.955738863058115389e-32
2.114585585585586003e+01 2.986119268180769352e-32
2.118588588588589161e+01 2.254133970521691103e-32
2.122591591591591964e+01 1.701554294958182054e-32
2.126594594594595122e+01 1.284416521024924740e-32
2.130597597597597925e+01 9.695281091419652781e-33
2.134600600600601084e+01 7.318293771457584234e-33
2.138603603603603887e+01 5.524012377539252242e-33
2.142606606606607045e+01 4.169608415641102978e-33
2.146609609609610203e+01 3.147256730905411612e-33
2.150612612612613006e+01 2.375558827415503368e-33
2.154615615615616164e+01 1.793067204980122666e-33
2.158618618618618967e+01 1.353396165335608351e-33
2.162621621621622126e+01 1.021530517301688332e-33
2.166624624624624929e+01 7.710387548178403279e-34
2.170627627627628087e+01 5.819691368949009527e-34
2.174630630630630890e+01 4.392613629988603517e-34
2.178633633633634048e+01 3.315475160369034516e-34
2.182636636636637206e+01 2.502468896887840598e-34
2.186639639639640009e+01 1.888826834730586587e-34
2.190642642642643168e+01 1.425661928181174350e-34
2.194645645645645970e+01 1.076074436767426165e-34
2.198648648648649129e+01 8.122128008760276077e-35
2.202651651651651932e+01 6.130550772984370926e-35
2.206654654654655090e+01 4.627343046060490250e-35
2.210657657657658248e+01 3.492744583086728310e-35
2.214660660660661051e+01 2.636363379783408905e-35
2.218663663663664209e+01 1.989974016816179715e-35
2.222666666666667012e+01 1.502081894146855959e-35
2.226669669669670171e+01 1.133820384040643292e-35
2.230672672672672974e+01 8.558540779111702472e-36
2.234675675675676132e+01 6.460414297554397210e-36
2.238678678678679290e+01 4.876705842546566446e-36
2.242681681681682093e+01 3.681278349402619038e-36
2.246684684684685251e+01 2.778926216892751272e-36
2.250687687687688054e+01 2.097789910299515083e-36
2.254690690690691213e+01 1.583630786747728162e-36
2.258693693693694016e+01 1.195509950118825845e-36
2.262696696696697174e+01 9.025268136439733323e-37
2.266699699699699977e+01 6.813574870604410055e-37
2.270702702702703135e+01 5.143968380053808686e-37
2.274705705705706293e+01 3.883561812150830883e-37
2.278708708708709096e+01 2.932048564037649373e-37
2.282711711711712255e+01 2.213713591303566669e-37
2.286714714714715058e+01 1.671403719592767481e-37
2.290717717717718216e+01 1.261976538299543773e-37
2.294720720720721019e+01 9.528652770583090722e-38
2.298723723723724177e+01 7.194859916358030093e-38
2.302726726726727335e+01 5.432805026300905945e-38
2.306729729729730138e+01 4.102391867103007027e-38
2.310732732732733297e+01 3.097859529456316427e-38
2.314735735735736100e+01 2.339365929880959462e-38
2.318738738738739258e+01 1.766634731418833277e-38
2.322741741741742061e+01 1.334159743359137439e-38
2.326744744744745219e+01 1.007584926915027392e-38
2.330747747747748377e+01 7.609717744324735973e-39
2.334750750750751180e+01 5.747365063457247404e-39
2.338753753753754339e+01 4.340928746675587169e-39
2.342756756756757142e+01 3.278766249536977338e-39
2.346759759759760300e+01 2.476580585574182463e-39
2.350762762762763103e+01 1.870720749176510325e-39
2.354765765765766261e+01 1.413123870742353211e-39
2.358768768768769064e+01 1.067496718714450866e-39
2.362771771771772222e+01 8.064328040756241417e-40
2.366774774774775381e+01 6.092357993200059390e-40
2.370777777777778184e+01 4.602761860590985659e-40
2.374780780780781342e+01 3.477504692459807212e-40
2.378783783783784145e+01 2.627443198241488004e-40
2.382786786786787303e+01 1.985251813279639348e-40
2.386789789789790106e+01 1.500081242045731413e-40
2.390792792792793264e+01 1.133525070862275451e-40
2.394795795795796423e+01 8.565740342505626027e-41
2.398798798798799226e+01 6.473160245699526336e-41
2.402801801801802384e+01 4.891992012636064627e-41
2.406804804804805187e+01 3.697202994260200360e-41
2.410807807807808345e+01 2.794340172112341399e-41
2.414810810810811148e+01 2.112048647982875909e-41
2.418813813813814306e+01 1.596421125676175051e-41
2.422816816816817109e+01 1.206730139806170509e-41
2.426819819819820268e+01 9.122045525773939757e-42
2.430822822822823426e+01 6.895947189921344468e-42
2.434825825825826229e+01 5.213333011621779683e-42
2.438828828828829387e+01 3.941459664295575316e-42
2.442831831831832190e+01 2.980018862522177049e-42
2.446834834834835348e+01 2.253208977752079309e-42
2.450837837837838151e+01 1.703745377146428301e-42
2.454840840840841310e+01 1.288335243594139317e-42
2.458843843843844468e+01 9.742586807202347994e-43
2.462846846846847271e+01 7.367855473963079239e-43
2.466849849849850429e+01 5.572236568198532361e-43
2.470852852852853232e+01 4.214439671611060363e-43
2.474855855855856390e+01 3.187661495531823672e-43
2.478858858858859193e+01 2.411164392562615780e-43
2.482861861861862351e+01 1.823912183873572465e-43
2.486864864864865510e+01 1.379760512945671877e-43
2.490867867867868313e+01 1.043821860477268562e-43
2.494870870870871471e+01 7.897182152337049915e-44
2.498873873873874274e+01 5.975045471804890399e-44
2.502876876876877432e+01 4.520992274931407975e-44
2.506879879879880235e+01 3.420975807847523792e-44
2.510882882882883393e+01 2.588750072448876881e-44
2.514885885885886196e+01 1.959089701103968149e-44
2.518888888888889355e+01 1.482664151408219447e-44
2.522891891891892513e+01 1.122162394162519219e-44
2.526894894894895316e+01 8.493628860698906150e-45
2.530897897897898474e+01 6.429181434771690880e-45
2.534900900900901277e+01 4.866795534595307200e-45
2.538903903903904435e+01 3.684306225130981786e-45
2.542906906906907238e+01 2.789290323225014723e-45
2.546909909909910397e+01 2.111821861154006740e-45
2.550912912912913555e+01 1.598993068973283543e-45
2.554915915915916358e+01 1.210770403307429872e-45
2.558918918918919516e+01 9.168601583068834451e-46
2.562921921921922319e+01 6.943375755700592493e-46
2.566924924924925477e+01 5.258533808571104363e-46
2.570927927927928280e+01 3.982770450650897144e-46
2.574930930930931439e+01 3.016703689680823550e-46
2.578933933933934597e+01 2.285109267541841160e-46
2.582936936936937400e+01 1.731045139974456845e-46
2.586939939939940558e+01 1.311405745703313097e-46
2.590942942942943361e+01 9.935579463072216484e-47
2.594945945945946519e+01 7.527953201091117456e-47
2.598948948948949322e+01 5.704116271768743931e-47
2.602951951951952481e+01 4.322427679286362324e-47
2.606954954954955284e+01 3.275632451060819678e-47
2.610957957957958442e+01 2.482508888645314852e-47
2.614960960960961600e+01 1.881545957125967212e-47
2.618963963963964403e+01 1.426157111122791329e-47
2.622966966966967561e+01 1.081056982572707616e-47
2.626969969969970364e+01 8.195182377816522755e-48
2.630972972972973523e+01 6.212946720825142008e-48
2.634975975975976326e+01 4.710486371633302208e-48
2.638978978978979484e+01 3.571602634157956120e-48
2.642981981981982642e+01 2.708257294999273826e-48
2.646984984984985445e+01 2.053743750171414505e-48
2.650987987987988603e+01 1.557515132505931570e-48
2.654990990990991406e+01 1.181267134705498484e-48
2.658993993993994565e+01 8.959709561379894223e-49
2.662996996996997368e+01 6.796257784428337007e-49
2.667000000000000526e+01 5.155561735148187694e-49
2.671003003003003329e+01 3.911222391852337930e-49
2.675006006006006487e+01 2.967423510104478179e-49
2.679009009009009645e+01 2.251527164030164470e-49
2.683012012012012448e+01 1.708463144131480786e-49
2.687015015015015607e+01 1.296477346255548773e-49
2.691018018018018410e+01 9.839097710219603097e-50
2.695021021021021568e+01 7.467526349652083745e-50
2.699024024024024371e+01 5.667995917404851588e-50
2.703027027027027529e+01 4.302428808610390973e-50
2.707030030030030687e+01 3.266099259291099913e-50
2.711033033033033490e+01 2.479571919570841197e-50
2.715036036036036649e+01 1.882590247241524834e-50
2.719039039039039451e+01 1.429442807714583504e-50
2.723042042042042610e+01 1.085449857245690079e-50
2.727045045045045413e+01 8.242991800160221489e-51
2.731048048048048571e+01 6.260257624571327572e-51
2.735051051051051729e+01 4.754796067905088282e-51
2.739054054054054532e+01 3.611636628000134753e-51
2.743057057057057690e+01 2.743524105940842219e-51
2.747060060060060493e+01 2.084232681194715199e-51
2.751063063063063652e+01 1.583494000701476343e-51
2.755066066066066455e+01 1.203149382820124324e-51
2.759069069069069613e+01 9.142304892230304985e-52
2.763072072072072416e+01 6.947442708107058981e-52
2.767075075075075574e+01 5.279921661080750894e-52
2.771078078078078732e+01 4.012946044152844341e-52
2.775081081081081535e+01 3.050230104585316462e-52
2.779084084084084694e+01 2.318651243873872343e-52
2.783087087087087497e+01 1.762673612103270234e-52
2.787090090090090655e+01 1.340115170891305618e-52
2.791093093093093458e+01 1.018934323676451691e-52
2.795096096096096616e+01 7.747903577887952593e-53
2.799099099099099774e+01 5.891912215674801266e-53
2.803102102102102577e+01 4.480871299085949429e-53
2.807105105105105736e+01 3.408026092778131836e-53
2.811108108108108539e+01 2.592254791892774269e-53
2.815111111111111697e+01 1.971909089142996923e-53
2.819114114114114500e+01 1.500135930122895487e-53
2.823117117117117658e+01 1.141324003689069823e-53
2.827120120120120816e+01 8.684043588547139807e-54
2.831123123123123619e+01 6.607996953309658608e-54
2.835126126126126778e+01 5.028663313251055385e-54
2.839129129129129581e+01 3.827103948642534219e-54
2.843132132132132739e+01 2.912882858088105734e-54
2.847135135135135542e+01 2.217230940347675233e-54
2.851138138138138700e+01 1.687850886019108447e-54
2.855141141141141503e+01 1.284968679523482490e-54
2.859144144144144661e+01 9.783323464555802258e-55
2.863147147147147820e+01 7.449305264391901345e-55
2.867150150150150623e+01 5.672580934752784949e-55
2.871153153153153781e+01 4.319975490255127353e-55
2.875156156156156584e+01 3.290164392263646830e-55
2.879159159159159742e+01 2.506049969134376406e-55
2.883162162162162545e+01 1.908964038989377060e-55
2.887165165165165703e+01 1.454258929252295148e-55
2.891168168168168862e+01 1.107954126644325222e-55
2.895171171171171665e+01 8.441856100493248520e-56
2.899174174174174823e+01 6.432655769349768210e-56
2.903177177177177626e+01 4.902063748025350085e-56
2.907180180180180784e+01 3.735974887926477202e-56
2.911183183183183587e+01 2.847510710834410445e-56
2.915186186186186745e+01 2.170517448132711520e-56
2.919189189189189548e+01 1.654618079501030325e-56
2.923192192192192707e+01 1.261446655939413492e-56
2.927195195195195865e+01 9.617821773596603858e-57
2.931198198198198668e+01 7.333669610869439969e-57
2.935201201201201826e+01 5.592458961854240928e-57
2.939204204204204629e+01 4.265021146874105100e-57
2.943207207207207787e+01 3.252943776423804013e-57
2.947210210210210590e+01 2.481241162497186718e-57
2.951213213213213749e+01 1.892772927465050090e-57
2.955216216216216907e+01 1.443993496512375612e-57
2.959219219219219710e+01 1.101714859180029131e-57
2.963222222222222868e+01 8.406408466951413448e-58
2.967225225225225671e+01 6.414888988983943228e-58
2.971228228228228829e+01 4.895592260243859850e-58
2.975231231231231632e+01 3.736447059100976982e-58
2.979234234234234791e+01 2.852003061990727432e-58
2.983237237237237949e+01 2.177101929315357809e-58
2.987240240240240752e+01 1.662054339675271590e-58
2.991243243243243910e+01 1.268964329938933413e-58
2.995246246246246713e+01 9.689277818278117806e-59
2.999249249249249871e+01 7.398969867062541562e-59
3.003252252252252674e+01 5.650527877559222931e-59
3.007255255255255832e+01 4.315635479343185229e-59
3.011258258258258635e+01 3.296389432372298302e-59
3.015261261261261794e+01 2.518084804248233892e-59
3.019264264264264952e+01 1.923713206320777883e-59
3.023267267267267755e+01 1.469766991982228890e-59
3.027270270270270913e+01 1.123039147834115940e-59
3.031273273273273716e+01 8.581823857735703968e-60
3.035276276276276874e+01 6.558471632128612314e-60
3.039279279279279677e+01 5.012612018245414492e-60
3.043282282282282836e+01 3.831457275876717971e-60
3.047285285285285994e+01 2.928885425944710453e-60
3.051288288288288797e+01 2.239130100715197732e-60
3.055291291291291955e+01 1.711964961947195793e-60
3.059294294294294758e+01 1.309028380867331938e-60
3.063297297297297916e+01 1.001018140804404758e-60
3.067300300300300719e+01 7.655500260488067403e-61
3.071303303303303878e+01 5.855230442446176682e-61
3.075306306306307036e+01 4.478713107366395341e-61
3.079309309309309839e+01 3.426110580871380184e-61
3.083312312312312997e+01 2.621129234029634118e-61
3.087315315315315800e+01 2.005462117237414037e-61
3.091318318318318958e+01 1.534544564848067489e-61
3.095321321321321761e+01 1.174312288848575617e-61
3.099324324324324920e+01 8.987249665632220367e-62
3.103327327327327723e+01 6.878744052176468051e-62
3.107330330330330881e+01 5.265391629836932046e-62
3.111333333333334039e+01 4.030801700366742463e-62
3.115336336336336842e+01 3.085968254642291708e-62
3.119339339339340000e+01 2.362820782831451563e-62
3.123342342342342803e+01 1.809295307349860458e-62
3.127345345345345962e+01 1.385566955470836584e-62
3.131348348348348765e+01 1.061170094273186491e-62
3.135351351351351923e+01 8.127967342491668094e-63
3.139354354354355081e+01 6.226133063754677482e-63
3.143357357357357884e+01 4.769736459872274631e-63
3.147360360360361042e+01 3.654348348401333926e-63
3.151363363363363845e+01 2.800045666146326201e-63
3.155366366366367004e+01 2.145655188064925729e-63
3.159369369369369807e+01 1.644350630866832108e-63
3.163372372372372965e+01 1.260284641369503285e-63
3.167375375375375768e+01 9.660121942034225625e-64
3.171378378378378926e+01 7.405192591082272623e-64
3.175381381381382084e+01 5.677144192899855392e-64
3.179384384384384887e+01 4.352746174761008047e-64
3.183387387387388046e+01 3.337618109141803989e-64
3.187390390390390849e+01 2.559468911292559425e-64
3.191393393393394007e+01 1.962921902139468133e-64
3.195396396396396810e+01 1.505553388306141147e-64
3.199399399399399968e+01 1.154859918324065816e-64
3.203402402402402771e+01 8.859362965226050881e-65
3.207405405405405929e+01 6.796976204610470230e-65
3.211408408408408377e+01 5.215177586649571650e-65
3.215411411411411535e+01 4.001866345770912493e-65
3.219414414414414694e+01 3.071115947879498151e-65
3.223417417417417852e+01 2.357056697703125243e-65
3.227420420420420299e+01 1.809189489158824562e-65
3.231423423423423458e+01 1.388795562683499214e-65
3.235426426426426616e+01 1.066185689194602006e-65
3.239429429429429774e+01 8.185923250300582305e-66
3.243432432432432933e+01 6.285543043006207121e-66
3.247435435435435380e+01 4.826788655968914440e-66
3.251438438438438538e+01 3.706927818109556141e-66
3.255441441441441697e+01 2.847150128072081252e-66
3.259444444444444855e+01 2.186991135175364755e-66
3.263447447447448013e+01 1.680057393098110274e-66
3.267450450450450461e+01 1.290748644444797081e-66
3.271453453453453619e+01 9.917443259967631678e-67
3.275456456456456777e+01 7.620759942819425133e-67
3.279459459459459936e+01 5.856489524860152185e-67
3.283462462462462383e+01 4.501082931868789513e-67
3.287465465465465542e+01 3.459690388670776380e-67
3.291468468468468700e+01 2.659488108711175214e-67
3.295471471471471858e+01 2.044558253672712810e-67
3.299474474474475016e+01 1.571960265676545517e-67
3.303477477477477464e+01 1.208716076905041728e-67
3.307480480480480622e+01 9.294963999860487400e-68
3.311483483483483781e+01 7.148449015106717242e-68
3.315486486486486939e+01 5.498150880351369476e-68
3.319489489489489387e+01 4.229238913974233047e-68
3.323492492492492545e+01 3.253482989264748420e-68
3.327495495495495703e+01 2.503085209844673881e-68
3.331498498498498861e+01 1.925943393602552105e-68
3.335501501501502020e+01 1.482013673973715141e-68
3.339504504504504467e+01 1.140516908260622407e-68
3.343507507507507626e+01 8.777929475250690397e-69
3.347510510510510784e+01 6.756523700909038998e-69
3.351513513513513942e+01 5.201102300738423524e-69
3.355516516516517100e+01 4.004131920903475826e-69
3.359519519519519548e+01 3.082920063026361735e-69
3.363522522522522706e+01 2.373870759993558058e-69
3.367525525525525865e+01 1.828069964649513709e-69
3.371528528528529023e+01 1.407892530700827852e-69
3.375531531531531471e+01 1.084394135406797861e-69
3.379534534534534629e+01 8.353063692078844589e-70
3.383537537537537787e+01 6.434953553372646178e-70
3.387540540540540945e+01 4.957766223079403969e-70
3.391543543543544104e+01 3.820038052439518659e-70
3.395546546546546551e+01 2.943678414891262364e-70
3.399549549549549710e+01 2.268579897575175316e-70
3.403552552552552868e+01 1.748472673462062115e-70
3.407555555555556026e+01 1.347735550881353740e-70
3.411558558558558474e+01 1.038942701368866262e-70
3.415561561561561632e+01 8.009761716772595443e-71
3.419564564564564790e+01 6.175735608424227422e-71
3.423567567567567949e+01 4.762104295838858555e-71
3.427570570570571107e+01 3.672402123832867252e-71
3.431573573573573555e+01 2.832322395148222908e-71
3.435576576576576713e+01 2.184621893763934910e-71
3.439579579579579871e+01 1.685198350938571723e-71
3.443582582582583029e+01 1.300070568376454558e-71
3.447585585585585477e+01 1.003053260659281708e-71
3.451588588588588635e+01 7.739666299623087862e-72
3.455591591591591794e+01 5.972575679311986274e-72
3.459594594594594952e+01 4.609377502357624953e-72
3.463597597597598110e+01 3.557657149126123624e-72
3.467600600600600558e+01 2.746168076333651350e-72
3.471603603603603716e+01 2.119977975794230674e-72
3.475606606606606874e+01 1.636729101715293476e-72
3.479609609609610033e+01 1.263756745863119327e-72
3.483612612612613191e+01 9.758687318299190211e-73
3.487615615615615638e+01 7.536341305974519662e-73
3.491618618618618797e+01 5.820642954957353467e-73
3.495621621621621955e+01 4.495961801393912570e-73
3.499624624624625113e+01 3.473085879057078910e-73
3.503627627627627561e+01 2.683179293373708359e-73
3.507630630630630719e+01 2.073123297075845136e-73
3.511633633633633877e+01 1.601923756808373969e-73
3.515636636636637036e+01 1.237940661688889246e-73
3.519639639639640194e+01 9.567513735383369869e-74
3.523642642642642642e+01 7.395024971955931641e-74
3.527645645645645800e+01 5.716385163418693740e-74
3.531648648648648958e+01 4.419209732186813687e-74
3.535651651651652116e+01 3.416717232182767706e-74
3.539654654654654564e+01 2.641890179780817231e-74
3.543657657657657722e+01 2.042969032842347053e-74
3.547660660660660881e+01 1.579974617528607886e-74
3.551663663663664039e+01 1.222024018551580440e-74
3.555666666666667197e+01 9.452586963668165074e-75
3.559669669669669645e+01 7.312450358158175749e-75
3.563672672672672803e+01 5.657394858289580908e-75
3.567675675675675961e+01 4.377350926507436912e-75
3.571678678678679120e+01 3.387252346751712558e-75
3.575681681681682278e+01 2.621350263157365960e-75
3.579684684684684726e+01 2.028821663644660580e-75
3.583687687687687884e+01 1.570377299897168651e-75
3.587690690690691042e+01 1.215641341355557083e-75
3.591693693693694200e+01 9.411269945855745725e-76
3.595696696696696648e+01 7.286723954528989488e-76
3.599699699699699806e+01 5.642320102326618129e-76
3.603702702702702965e+01 4.369426532251735190e-76
3.607705705705706123e+01 3.384016546823509463e-76
3.611708708708709281e+01 2.621089372953460088e-76
3.615711711711711729e+01 2.030357413217901396e-76
3.619714714714714887e+01 1.572912176322721773e-76
3.623717717717718045e+01 1.218646554621764690e-76
3.627720720720721204e+01 9.442616801153525534e-77
3.631723723723723651e+01 7.317256420879180836e-77
3.635726726726726810e+01 5.670815131798976106e-77
3.639729729729729968e+01 4.395254313270774721e-77
3.643732732732733126e+01 3.406934858490526455e-77
3.647735735735736284e+01 2.641100637718300472e-77
3.651738738738738732e+01 2.047610589293467023e-77
3.655741741741741890e+01 1.587636508749070983e-77
3.659744744744745049e+01 1.231107786513145285e-77
3.663747747747748207e+01 9.547339502453492272e-78
3.667750750750751365e+01 7.404742120741526551e-78
3.671753753753753813e+01 5.743528632426103593e-78
3.675756756756756971e+01 4.455422759129049895e-78
3.679759759759760129e+01 3.456529915254991258e-78
3.683762762762763288e+01 2.681840772414857929e-78
3.687765765765765735e+01 2.080975284970432401e-78
3.691768768768768894e+01 1.614886912342003121e-78
3.695771771771772052e+01 1.253310165549387766e-78
3.699774774774775210e+01 9.727836431309625243e-79
3.703777777777778368e+01 7.551186589795612301e-79
3.707780780780780816e+01 5.862129171851111157e-79
3.711783783783783974e+01 4.551314014836349751e-79
3.715786786786787133e+01 3.533942231201464052e-79
3.719789789789790291e+01 2.744247736678947338e-79
3.723792792792792739e+01 2.131220578817006631e-79
3.727795795795795897e+01 1.655292315337203373e-79
3.731798798798799055e+01 1.285766783784400604e-79
3.735801801801802213e+01 9.988284510147711121e-80
3.739804804804805372e+01 7.759983530069884403e-80
3.743807807807807819e+01 6.029369235033258281e-80
3.747810810810810978e+01 4.685156917451840880e-80
3.751813813813814136e+01 3.640973968601409213e-80
3.755816816816817294e+01 2.829776737941430282e-80
3.759819819819820452e+01 2.199520067118345123e-80
3.763822822822822900e+01 1.709798122323305240e-80
3.767825825825826058e+01 1.329238422544482221e-80
3.771828828828829216e+01 1.033479990644091272e-80
3.775831831831832375e+01 8.036045494201735490e-81
3.779834834834834822e+01 6.249191319586153156e-81
3.783837837837837981e+01 4.860112998730468857e-81
3.787840840840841139e+01 3.780158556886565031e-81
3.791843843843844297e+01 2.940456516734797478e-81
3.795846846846847455e+01 2.287497316583946708e-81
3.799849849849849903e+01 1.779702880167028342e-81
3.803852852852853061e+01 1.384763101262432147e-81
3.807855855855856220e+01 1.077567594996080647e-81
3.811858858858859378e+01 8.385995288658779190e-82
3.815861861861861826e+01 6.526881799915576849e-82
3.819864864864864984e+01 5.080400084138057322e-82
3.823867867867868142e+01 3.954859913863774169e-82
3.827870870870871300e+01 3.078968949161848588e-82
3.831873873873874459e+01 2.397289690660173765e-82
3.835876876876876906e+01 1.866709427525824890e-82
3.839879879879880065e+01 1.453697047637742968e-82
3.843882882882883223e+01 1.132171114717174983e-82
3.847885885885886381e+01 8.818428474609102815e-83
3.851888888888889539e+01 6.869280914846532213e-83
3.855891891891891987e+01 5.351460209362584462e-83
3.859894894894895145e+01 4.169406672944263731e-83
3.863897897897898304e+01 3.248756308760329331e-83
3.867900900900901462e+01 2.531634036924460591e-83
3.871903903903903910e+01 1.972993327609722121e-83
3.875906906906907068e+01 1.537769335644736389e-83
3.879909909909910226e+01 1.198664531214380788e-83
3.883912912912913384e+01 9.344261414379131731e-84
3.887915915915916543e+01 7.285060459092620600e-84
3.891918918918918990e+01 5.680181133231334315e-84
3.895921921921922149e+01 4.429268848982874848e-84
3.899924924924925307e+01 3.454162139791680716e-84
3.903927927927928465e+01 2.693979000696598383e-84
3.907930930930930913e+01 2.101292398194738463e-84
3.911933933933934071e+01 1.639153243422619603e-84
3.915936936936937229e+01 1.278772823189332331e-84
3.919939939939940388e+01 9.977184395348115631e-85
3.923942942942943546e+01 7.785084799251100063e-85
3.927945945945945994e+01 6.075183937670817310e-85
3.931948948948949152e+01 4.741286929013497745e-85
3.935951951951952310e+01 3.700613724836710387e-85
3.939954954954955468e+01 2.888630345432361025e-85
3.943957957957957916e+01 2.255022438136954946e-85
3.947960960960961074e+01 1.760558405833570271e-85
3.951963963963964233e+01 1.374645342415165000e-85
3.955966966966967391e+01 1.073424584305678146e-85
3.959969969969970549e+01 8.382875994305430968e-86
3.963972972972972997e+01 6.547193313852497867e-86
3.967975975975976155e+01 5.113966646357239220e-86
3.971978978978979313e+01 3.994856736170169900e-86
3.975981981981982472e+01 3.120937737142881316e-86
3.979984984984985630e+01 2.438425904361645871e-86
3.983987987987988078e+01 1.905349155165823132e-86
3.987990990990991236e+01 1.488950005612848725e-86
3.991993993993994394e+01 1.163660201375434914e-86
3.995996996996997552e+01 9.095210480247457271e-87
4.000000000000000000e+01 7.109512459618338396e-87
