15.0 1000.0 1.628629937430294 0.3099053185388562 0.10000057716329466 0.16137943758555634 1.8 0 0.0 0
15.0 1000.0 2.0854325038854102 1.3163047938154109 0.10000002396851443 0.10676674553678833 1.9254678327495771 0.07861007432545689 0.0 0
15.0 1000.0 0.10140281750460023 1.655101927612533 0.57 0 1.8 0 0.0 0
17.5 800.0 0.10000582019743834 1.4930902073789452 0.57 0 1.8 0 0.0 0
21.5 700.0 26.80391011266227 5238276.584413291 0.57 0 1.8 0 0.0 0
25.0 600.0 22.400533538968833 5275556661.544036 0.57 0 1.8 0 0.0 0
27.5 550.0 0.1076362167192714 1201.3214530023215 0.57 0 1.8 0 0.0 0
27.5 550.0 0.15469148299812024 1007.2666617219221 0.37 0 1.8 0 0.0 0
30.0 500.0 0.1143231086119926 29.904029588676753 0.34 0 1.8 0 0.0 0
32.5 450.0 0.13155097476100586 70.44642114211679 0.32 0 1.8 0 0.0 0
35.0 400.0 0.10004077776776502 75.32274345439029 0.3 0 1.8 0 0.0 0
37.5 375.0 0.11813368070472134 10.064716892347866 0.3 0 1.8 0 0.0 0
40.0 350.0 0.1436684706360737 74.7943230152314 0.3 0 1.8 0 0.0 0
