15.0 2576.6926829606373 447.7532750490689 1278.32196405204 10.84016438824656
15.0 2364.759658682289 1592.886575757249 1465.9603099648366 124.26876853566152
15.0 2546.467118205511 12.624691718467043 1296.4310271259683 7.333660837789499
17.5 2446.3602606956997 45.04496054511573 1193.3922106807738 4.156209012316553
21.5 1691.6596601251354 191.92700706827202 880.9649099045453 5.757210606002242
25.0 1268.546127710562 11.24057145694131 574.5037493037875 4.7566123381222525
27.5 1043.3140475642788 17.393589484319094 339.1392591047926 1.0260854189509774
27.5 1148.159190784786 9.265869987352913 311.2185492599107 5.031282866613241
30.0 828.4629301106195 8.593213374453189 282.57878916988113 3.982851523509036
32.5 733.4248486459716 6.126619714576571 154.67255006568757 3.1900334109076836
35.0 533.8824698434419 5.0077502359491 157.62312148203617 2.65269202716783
37.5 460.36216349691847 4.515832281435136 91.5750262229026 2.34580156877012
40.0 334.38676573059377 4.079965540506259 95.54610168310663 2.175475691721974
