5.000000000000000000e-01 1.121641347864479314e+02
5.145145145145144649e-01 1.122239800108443291e+02
5.290290290290290409e-01 1.122836717818562136e+02
5.435435435435435059e-01 1.123432106802218726e+02
5.580580580580580818e-01 1.124025972847774710e+02
5.725725725725725468e-01 1.124618321724543506e+02
5.870870870870871228e-01 1.125209159182780496e+02
6.016016016016015877e-01 1.125798490953663702e+02
6.161161161161161637e-01 1.126386322749279145e+02
6.306306306306306286e-01 1.126972660262607349e+02
6.451451451451450936e-01 1.127557509167508272e+02
6.596596596596596696e-01 1.128140875118711648e+02
6.741741741741742455e-01 1.128722763751803058e+02
6.886886886886887105e-01 1.129303180683212418e+02
7.032032032032031754e-01 1.129882131510206875e+02
7.177177177177177514e-01 1.130459621810879156e+02
7.322322322322322163e-01 1.131035657144140316e+02
7.467467467467467923e-01 1.131610243049712068e+02
7.612612612612612573e-01 1.132183385048117685e+02
7.757757757757757222e-01 1.132755088640681294e+02
7.902902902902902982e-01 1.133325359309515932e+02
8.048048048048048742e-01 1.133894202517525542e+02
8.193193193193193391e-01 1.134461623708395877e+02
8.338338338338338041e-01 1.135027628306594778e+02
8.483483483483483800e-01 1.135592221717369625e+02
8.628628628628629560e-01 1.136155409326743069e+02
8.773773773773774209e-01 1.136717196501517293e+02
8.918918918918918859e-01 1.137277588589269044e+02
9.064064064064063508e-01 1.137836590918354034e+02
9.209209209209209268e-01 1.138394208797904241e+02
9.354354354354355028e-01 1.138950447517834732e+02
9.499499499499499677e-01 1.139505312348842665e+02
9.644644644644644327e-01 1.140058808542412692e+02
9.789789789789790087e-01 1.140610941330820367e+02
9.934934934934935846e-01 1.141161715927136981e+02
1.008008008008008050e+00 1.141711137525235245e+02
1.022522522522522515e+00 1.142259211299795538e+02
1.037037037037037202e+00 1.142805942406310038e+02
1.051551551551551444e+00 1.143351335981096213e+02
1.066066066066066131e+00 1.143895397141297821e+02
1.080580580580580596e+00 1.144438130984897271e+02
1.095095095095095061e+00 1.144979542590725856e+02
1.109609609609609748e+00 1.145519637018470149e+02
1.124124124124123991e+00 1.146058419308684080e+02
1.138638638638638678e+00 1.146595894482802294e+02
1.153153153153153143e+00 1.147132067543147116e+02
1.167667667667667608e+00 1.147666943472945036e+02
1.182182182182182295e+00 1.148200527236336796e+02
1.196696696696696760e+00 1.148732823778391889e+02
1.211211211211211225e+00 1.149263838025122340e+02
1.225725725725725912e+00 1.149793574883497342e+02
1.240240240240240155e+00 1.150322039241457333e+02
1.254754754754754842e+00 1.150849235967930184e+02
1.269269269269269307e+00 1.151375169912848406e+02
1.283783783783783772e+00 1.151899845907162643e+02
1.298298298298298459e+00 1.152423268762863415e+02
1.312812812812812702e+00 1.152945443272993629e+02
1.327327327327327389e+00 1.153466374211670455e+02
1.341841841841841854e+00 1.153986066334102958e+02
1.356356356356356319e+00 1.154504524376610846e+02
1.370870870870871006e+00 1.155021753056643234e+02
1.385385385385385471e+00 1.155537757072802520e+02
1.399899899899899935e+00 1.156052541104859159e+02
1.414414414414414622e+00 1.156566109813778525e+02
1.428928928928928865e+00 1.157078467841738387e+02
1.443443443443443552e+00 1.157589619812152790e+02
1.457957957957958017e+00 1.158099570329695354e+02
1.472472472472472482e+00 1.158608323980317465e+02
1.486986986986987169e+00 1.159115885331279543e+02
1.501501501501501634e+00 1.159622258931167096e+02
1.516016016016016099e+00 1.160127449309920422e+02
1.530530530530530564e+00 1.160631460978855216e+02
1.545045045045045029e+00 1.161134298430691416e+02
1.559559559559559716e+00 1.161635966139574805e+02
1.574074074074074181e+00 1.162136468561106000e+02
1.588588588588588646e+00 1.162635810132366885e+02
1.603103103103103111e+00 1.163133995271943206e+02
1.617617617617617576e+00 1.163631028379956405e+02
1.632132132132132263e+00 1.164126913838089195e+02
1.646646646646646728e+00 1.164621656009613559e+02
1.661161161161161193e+00 1.165115259239417327e+02
1.675675675675675658e+00 1.165607727854035858e+02
1.690190190190190345e+00 1.166099066161679758e+02
1.704704704704704810e+00 1.166589278452262590e+02
1.719219219219219275e+00 1.167078368997432847e+02
1.733733733733733740e+00 1.167566342050602799e+02
1.748248248248248204e+00 1.168053201846979618e+02
1.762762762762762891e+00 1.168538952603595078e+02
1.777277277277277356e+00 1.169023598519337952e+02
1.791791791791791821e+00 1.169507143774984002e+02
1.806306306306306286e+00 1.169989592533229654e+02
1.820820820820820973e+00 1.170470948938720852e+02
1.835335335335335438e+00 1.170951217118090000e+02
1.849849849849849903e+00 1.171430401179983249e+02
1.864364364364364368e+00 1.171908505215099012e+02
1.878878878878879055e+00 1.172385533296217659e+02
1.893393393393393520e+00 1.172861489478234347e+02
1.907907907907907985e+00 1.173336377798197816e+02
1.922422422422422450e+00 1.173810202275339094e+02
1.936936936936936915e+00 1.174282966911109725e+02
1.951451451451451602e+00 1.174754675689213315e+02
1.965965965965966067e+00 1.175225332575644330e+02
1.980480480480480532e+00 1.175694941518720356e+02
1.994994994994994997e+00 1.176163506449119325e+02
2.009509509509509684e+00 1.176631031279914339e+02
2.024024024024024371e+00 1.177097519906610898e+02
2.038538538538538614e+00 1.177562976207181720e+02
2.053053053053052857e+00 1.178027404042106241e+02
2.067567567567567544e+00 1.178490807254401744e+02
2.082082082082082231e+00 1.178953189669668546e+02
2.096596596596596918e+00 1.179414555096120267e+02
2.111111111111111160e+00 1.179874907324625326e+02
2.125625625625625403e+00 1.180334250128743037e+02
2.140140140140140090e+00 1.180792587264762972e+02
2.154654654654654777e+00 1.181249922471742053e+02
2.169169169169169464e+00 1.181706259471542353e+02
2.183683683683683707e+00 1.182161601968873725e+02
2.198198198198198394e+00 1.182615953651327487e+02
2.212712712712712637e+00 1.183069318189419050e+02
2.227227227227227324e+00 1.183521699236625864e+02
2.241741741741742011e+00 1.183973100429427490e+02
2.256256256256256254e+00 1.184423525387344824e+02
2.270770770770770941e+00 1.184872977712981452e+02
2.285285285285285184e+00 1.185321460992060167e+02
2.299799799799799871e+00 1.185768978793469017e+02
2.314314314314314558e+00 1.186215534669296545e+02
2.328828828828829245e+00 1.186661132154873997e+02
2.343343343343343488e+00 1.187105774768818236e+02
2.357857857857857731e+00 1.187549466013070685e+02
2.372372372372372418e+00 1.187992209372937538e+02
2.386886886886887105e+00 1.188434008317134811e+02
2.401401401401401792e+00 1.188874866297825719e+02
2.415915915915916035e+00 1.189314786750665291e+02
2.430430430430430278e+00 1.189753773094841165e+02
2.444944944944944965e+00 1.190191828733114079e+02
2.459459459459459651e+00 1.190628957051864347e+02
2.473973973973974338e+00 1.191065161421128948e+02
2.488488488488488581e+00 1.191500445194646289e+02
2.503003003003003268e+00 1.191934811709900259e+02
2.517517517517517511e+00 1.192368264288160589e+02
2.532032032032032198e+00 1.192800806234526050e+02
2.546546546546546441e+00 1.193232440837969222e+02
2.561061061061061128e+00 1.193663171371377132e+02
2.575575575575575815e+00 1.194093001091596307e+02
2.590090090090090058e+00 1.194521933239474976e+02
2.604604604604604745e+00 1.194949971039907837e+02
2.619119119119119432e+00 1.195377117701878262e+02
2.633633633633633675e+00 1.195803376418501216e+02
2.648148148148148362e+00 1.196228750367071854e+02
2.662662662662662605e+00 1.196653242709103040e+02
2.677177177177177292e+00 1.197076856590372813e+02
2.691691691691691979e+00 1.197499595140968722e+02
2.706206206206206222e+00 1.197921461475331597e+02
2.720720720720720909e+00 1.198342458692297754e+02
2.735235235235235152e+00 1.198762589875147597e+02
2.749749749749749839e+00 1.199181858091646120e+02
2.764264264264264526e+00 1.199600266394090795e+02
2.778778778778778769e+00 1.200017817819352786e+02
2.793293293293293456e+00 1.200434515388924410e+02
2.807807807807808143e+00 1.200850362108963907e+02
2.822322322322322385e+00 1.201265360970337923e+02
2.836836836836837072e+00 1.201679514948669834e+02
2.851351351351351315e+00 1.202092827004381803e+02
2.865865865865866002e+00 1.202505300082742394e+02
2.880380380380380689e+00 1.202916937113910478e+02
2.894894894894894932e+00 1.203327741012980425e+02
2.909409409409409619e+00 1.203737714680026869e+02
2.923923923923923862e+00 1.204146861000153308e+02
2.938438438438438549e+00 1.204555182843533174e+02
2.952952952952953236e+00 1.204962683065458435e+02
2.967467467467467479e+00 1.205369364506383505e+02
2.981981981981982166e+00 1.205775229991972708e+02
2.996496496496496409e+00 1.206180282333143197e+02
3.011011011011011096e+00 1.206584524326113979e+02
3.025525525525525783e+00 1.206987958752448975e+02
3.040040040040040026e+00 1.207390588379104486e+02
3.054554554554554713e+00 1.207792415958473526e+02
3.069069069069069400e+00 1.208193444228433293e+02
3.083583583583583643e+00 1.208593675912391205e+02
3.098098098098098330e+00 1.208993113719328534e+02
3.112612612612612573e+00 1.209391760343849000e+02
3.127127127127127260e+00 1.209789618466224255e+02
3.141641641641641947e+00 1.210186690752437926e+02
3.156156156156156189e+00 1.210582979854235077e+02
3.170670670670670876e+00 1.210978488409165408e+02
3.185185185185185119e+00 1.211373219040631142e+02
3.199699699699699806e+00 1.211767174357932504e+02
3.214214214214214493e+00 1.212160356956313620e+02
3.228728728728728736e+00 1.212552769417009699e+02
3.243243243243243423e+00 1.212944414307292078e+02
3.257757757757758110e+00 1.213335294180515689e+02
3.272272272272272353e+00 1.213725411576164532e+02
3.286786786786787040e+00 1.214114769019896869e+02
3.301301301301301283e+00 1.214503369023594814e+02
3.315815815815815970e+00 1.214891214085406830e+02
3.330330330330330657e+00 1.215278306689796608e+02
3.344844844844844900e+00 1.215664649307586274e+02
3.359359359359359587e+00 1.216050244396008253e+02
3.373873873873873830e+00 1.216435094398745491e+02
3.388388388388388517e+00 1.216819201745981331e+02
3.402902902902903204e+00 1.217202568854444991e+02
3.417417417417417447e+00 1.217585198127456323e+02
3.431931931931932134e+00 1.217967091954974705e+02
3.446446446446446377e+00 1.218348252713643376e+02
3.460960960960961064e+00 1.218728682766836471e+02
3.475475475475475751e+00 1.219108384464705210e+02
3.489989989989989994e+00 1.219487360144223658e+02
3.504504504504504681e+00 1.219865612129236041e+02
3.519019019019019368e+00 1.220243142730500381e+02
3.533533533533533610e+00 1.220619954245738654e+02
3.548048048048048297e+00 1.220996048959679143e+02
3.562562562562562540e+00 1.221371429144104610e+02
3.577077077077077227e+00 1.221746097057899050e+02
3.591591591591591914e+00 1.222120054947091035e+02
3.606106106106106157e+00 1.222493305044902172e+02
3.620620620620620844e+00 1.222865849571792012e+02
3.635135135135135087e+00 1.223237690735506220e+02
3.649649649649649774e+00 1.223608830731118076e+02
3.664164164164164461e+00 1.223979271741079629e+02
3.678678678678678704e+00 1.224349015935263907e+02
3.693193193193193391e+00 1.224718065471011244e+02
3.707707707707708078e+00 1.225086422493178446e+02
3.722222222222222321e+00 1.225454089134180151e+02
3.736736736736737008e+00 1.225821067514037139e+02
3.751251251251251251e+00 1.226187359740420533e+02
3.765765765765765938e+00 1.226552967908700822e+02
3.780280280280280625e+00 1.226917894101989077e+02
3.794794794794794868e+00 1.227282140391186687e+02
3.809309309309309555e+00 1.227645708835025289e+02
3.823823823823823798e+00 1.228008601480120774e+02
3.838338338338338485e+00 1.228370820361011084e+02
3.852852852852853172e+00 1.228732367500205100e+02
3.867367367367367414e+00 1.229093244908226978e+02
3.881881881881882101e+00 1.229453454583664325e+02
3.896396396396396788e+00 1.229812998513207560e+02
3.910910910910911031e+00 1.230171878671702359e+02
3.925425425425425718e+00 1.230530097022189011e+02
3.939939939939939961e+00 1.230887655515951025e+02
3.954454454454454648e+00 1.231244556092559748e+02
3.968968968968969335e+00 1.231600800679915864e+02
3.983483483483483578e+00 1.231956391194300267e+02
3.997997997997998265e+00 1.232311329540416125e+02
4.012512512512512508e+00 1.232665617611430946e+02
4.027027027027027195e+00 1.233019257289025745e+02
4.041541541541541882e+00 1.233372250443438958e+02
4.056056056056055681e+00 1.233724598933508929e+02
4.070570570570570368e+00 1.234076304606719816e+02
4.085085085085085055e+00 1.234427369299247488e+02
4.099599599599599742e+00 1.234777794836002158e+02
4.114114114114114429e+00 1.235127583030673861e+02
4.128628628628629116e+00 1.235476735685774798e+02
4.143143143143143803e+00 1.235825254592688225e+02
4.157657657657658490e+00 1.236173141531707955e+02
4.172172172172172289e+00 1.236520398272084122e+02
4.186686686686686976e+00 1.236867026572067942e+02
4.201201201201200774e+00 1.237213028178956478e+02
4.215715715715715461e+00 1.237558404829133991e+02
4.230230230230230148e+00 1.237903158248117990e+02
4.244744744744744835e+00 1.238247290150601572e+02
4.259259259259259522e+00 1.238590802240500324e+02
4.273773773773774209e+00 1.238933696210991116e+02
4.288288288288288896e+00 1.239275973744559991e+02
4.302802802802803583e+00 1.239617636513042669e+02
4.317317317317317382e+00 1.239958686177671012e+02
4.331831831831832069e+00 1.240299124389113530e+02
4.346346346346346756e+00 1.240638952787520424e+02
4.360860860860860555e+00 1.240978173002565796e+02
4.375375375375375242e+00 1.241316786653491562e+02
4.389889889889889929e+00 1.241654795349151499e+02
4.404404404404404616e+00 1.241992200688050474e+02
4.418918918918919303e+00 1.242329004258392757e+02
4.433433433433433990e+00 1.242665207638119540e+02
4.447947947947948677e+00 1.243000812394955261e+02
4.462462462462462476e+00 1.243335820086450099e+02
4.476976976976977163e+00 1.243670232260020043e+02
4.491491491491491850e+00 1.244004050452991521e+02
4.506006006006006537e+00 1.244337276192643884e+02
4.520520520520520336e+00 1.244669910996250763e+02
4.535035035035035023e+00 1.245001956371121850e+02
4.549549549549549710e+00 1.245333413814647230e+02
4.564064064064064397e+00 1.245664284814337179e+02
4.578578578578579084e+00 1.245994570847866640e+02
4.593093093093092882e+00 1.246324273383113592e+02
4.607607607607607569e+00 1.246653393878204099e+02
4.622122122122122256e+00 1.246981933781552527e+02
4.636636636636636943e+00 1.247309894531904320e+02
4.651151151151151630e+00 1.247637277558374649e+02
4.665665665665666317e+00 1.247964084280494035e+02
4.680180180180180116e+00 1.248290316108246856e+02
4.694694694694694803e+00 1.248615974442114123e+02
4.709209209209209490e+00 1.248941060673111849e+02
4.723723723723724177e+00 1.249265576182836952e+02
4.738238238238238864e+00 1.249589522343503489e+02
4.752752752752752663e+00 1.249912900517987850e+02
4.767267267267267350e+00 1.250235712059864426e+02
4.781781781781782037e+00 1.250557958313452076e+02
4.796296296296296724e+00 1.250879640613850370e+02
4.810810810810811411e+00 1.251200760286982074e+02
4.825325325325325210e+00 1.251521318649633940e+02
4.839839839839839897e+00 1.251841317009495782e+02
4.854354354354354584e+00 1.252160756665201120e+02
4.868868868868869271e+00 1.252479638906367967e+02
4.883383383383383958e+00 1.252797965013638475e+02
4.897897897897897757e+00 1.253115736258719295e+02
4.912412412412412444e+00 1.253432953904419236e+02
4.926926926926927131e+00 1.253749619204693175e+02
4.941441441441441818e+00 1.254065733404679008e+02
4.955955955955956505e+00 1.254381297740736443e+02
4.970470470470470303e+00 1.254696313440488211e+02
4.984984984984984990e+00 1.255010781722859576e+02
4.999499499499499677e+00 1.255324703798116417e+02
5.014014014014014364e+00 1.255638080867905302e+02
5.028528528528529051e+00 1.255950914125291149e+02
5.043043043043042850e+00 1.256263204754799006e+02
5.057557557557557537e+00 1.256574953932450569e+02
5.072072072072072224e+00 1.256886162825802842e+02
5.086586586586586911e+00 1.257196832593988063e+02
5.101101101101101598e+00 1.257506964387752504e+02
5.115615615615616285e+00 1.257816559349493986e+02
5.130130130130130084e+00 1.258125618613300389e+02
5.144644644644644771e+00 1.258434143304987316e+02
5.159159159159159458e+00 1.258742134542138729e+02
5.173673673673674145e+00 1.259049593434142764e+02
5.188188188188188832e+00 1.259356521082229392e+02
5.202702702702702631e+00 1.259662918579510489e+02
5.217217217217217318e+00 1.259968787011015650e+02
5.231731731731732005e+00 1.260274127453730557e+02
5.246246246246246692e+00 1.260578940976635351e+02
5.260760760760761379e+00 1.260883228640740157e+02
5.275275275275275177e+00 1.261186991499124019e+02
5.289789789789789864e+00 1.261490230596971998e+02
5.304304304304304551e+00 1.261792946971610831e+02
5.318818818818819238e+00 1.262095141652550012e+02
5.333333333333333925e+00 1.262396815661513614e+02
5.347847847847847724e+00 1.262697970012478521e+02
5.362362362362362411e+00 1.262998605711715072e+02
5.376876876876877098e+00 1.263298723757818181e+02
5.391391391391391785e+00 1.263598325141747978e+02
5.405905905905906472e+00 1.263897410846863778e+02
5.420420420420420271e+00 1.264195981848961168e+02
5.434934934934934958e+00 1.264494039116309665e+02
5.449449449449449645e+00 1.264791583609686541e+02
5.463963963963964332e+00 1.265088616282411635e+02
5.478478478478479019e+00 1.265385138080389851e+02
5.492992992992992818e+00 1.265681149942139427e+02
5.507507507507507505e+00 1.265976652798831310e+02
5.522022022022022192e+00 1.266271647574324106e+02
5.536536536536536879e+00 1.266566135185200750e+02
5.551051051051051566e+00 1.266860116540800760e+02
5.565565565565566253e+00 1.267153592543258753e+02
5.580080080080080052e+00 1.267446564087538263e+02
5.594594594594594739e+00 1.267739032061466702e+02
5.609109109109109426e+00 1.268030997345769038e+02
5.623623623623624113e+00 1.268322460814106876e+02
5.638138138138138800e+00 1.268613423333108301e+02
5.652652652652652598e+00 1.268903885762405821e+02
5.667167167167167285e+00 1.269193848954668624e+02
5.681681681681681972e+00 1.269483313755638534e+02
5.696196196196196659e+00 1.269772281004163546e+02
5.710710710710711346e+00 1.270060751532232501e+02
5.725225225225225145e+00 1.270348726165009623e+02
5.739739739739739832e+00 1.270636205720867196e+02
5.754254254254254519e+00 1.270923191011420244e+02
5.768768768768769206e+00 1.271209682841560209e+02
5.783283283283283893e+00 1.271495682009489627e+02
5.797797797797797692e+00 1.271781189306753248e+02
5.812312312312312379e+00 1.272066205518274131e+02
5.826826826826827066e+00 1.272350731422384484e+02
5.841341341341341753e+00 1.272634767790862043e+02
5.855855855855856440e+00 1.272918315388961190e+02
5.870370370370370239e+00 1.273201374975444224e+02
5.884884884884884926e+00 1.273483947302619441e+02
5.899399399399399613e+00 1.273766033116368845e+02
5.913913913913914300e+00 1.274047633156182542e+02
5.928428428428428987e+00 1.274328748155193836e+02
5.942942942942942786e+00 1.274609378840208080e+02
5.957457457457457473e+00 1.274889525931736785e+02
5.971971971971972160e+00 1.275169190144029443e+02
5.986486486486486847e+00 1.275448372185106791e+02
6.001001001001001534e+00 1.275727072756793206e+02
6.015515515515516221e+00 1.276005292554744557e+02
6.030030030030030019e+00 1.276283032268485584e+02
6.044544544544544706e+00 1.276560292581438745e+02
6.059059059059059393e+00 1.276837074170956328e+02
6.073573573573574080e+00 1.277113377708352004e+02
6.088088088088088767e+00 1.277389203858931950e+02
6.102602602602602566e+00 1.277664553282027100e+02
6.117117117117117253e+00 1.277939426631023849e+02
6.131631631631631940e+00 1.278213824553395170e+02
6.146146146146146627e+00 1.278487747690731879e+02
6.160660660660661314e+00 1.278761196678772478e+02
6.175175175175175113e+00 1.279034172147436408e+02
6.189689689689689800e+00 1.279306674720852897e+02
6.204204204204204487e+00 1.279578705017389808e+02
6.218718718718719174e+00 1.279850263649689737e+02
6.233233233233233861e+00 1.280121351224694592e+02
6.247747747747747660e+00 1.280391968343678855e+02
6.262262262262262347e+00 1.280662115602278845e+02
6.276776776776777034e+00 1.280931793590524705e+02
6.291291291291291721e+00 1.281201002892866541e+02
6.305805805805806408e+00 1.281469744088208245e+02
6.320320320320320207e+00 1.281738017749935921e+02
6.334834834834834894e+00 1.282005824445944597e+02
6.349349349349349581e+00 1.282273164738674609e+02
6.363863863863864268e+00 1.282540039185133196e+02
6.378378378378378954e+00 1.282806448336930316e+02
6.392892892892892753e+00 1.283072392740302519e+02
6.407407407407407440e+00 1.283337872936148187e+02
6.421921921921922127e+00 1.283602889460050562e+02
6.436436436436436814e+00 1.283867442842311561e+02
6.450950950950951501e+00 1.284131533607973950e+02
6.465465465465466188e+00 1.284395162276860560e+02
6.479979979979979987e+00 1.284658329363592486e+02
6.494494494494494674e+00 1.284921035377624321e+02
6.509009009009009361e+00 1.285183280823270024e+02
6.523523523523524048e+00 1.285445066199730775e+02
6.538038038038038735e+00 1.285706392001124811e+02
6.552552552552552534e+00 1.285967258716514152e+02
6.567067067067067221e+00 1.286227666829934435e+02
6.581581581581581908e+00 1.286487616820419930e+02
6.596096096096096595e+00 1.286747109162035656e+02
6.610610610610611282e+00 1.287006144323899832e+02
6.625125125125125081e+00 1.287264722770215997e+02
6.639639639639639768e+00 1.287522844960299437e+02
6.654154154154154455e+00 1.287780511348601351e+02
6.668668668668669142e+00 1.288037722384740675e+02
6.683183183183183829e+00 1.288294478513529953e+02
6.697697697697697627e+00 1.288550780175002330e+02
6.712212212212212314e+00 1.288806627804436005e+02
6.726726726726727001e+00 1.289062021832384346e+02
6.741241241241241688e+00 1.289316962684702617e+02
6.755755755755756375e+00 1.289571450782574118e+02
6.770270270270270174e+00 1.289825486542535486e+02
6.784784784784784861e+00 1.290079070376503410e+02
6.799299299299299548e+00 1.290332202691806458e+02
6.813813813813814235e+00 1.290584883891200150e+02
6.828328328328328922e+00 1.290837114372905603e+02
6.842842842842843609e+00 1.291088894530627726e+02
6.857357357357357408e+00 1.291340224753584209e+02
6.871871871871872095e+00 1.291591105426530817e+02
6.886386386386386782e+00 1.291841536929786400e+02
6.900900900900901469e+00 1.292091519639262174e+02
6.915415415415416156e+00 1.292341053926480470e+02
6.929929929929929955e+00 1.292590140158608847e+02
6.944444444444444642e+00 1.292838778698478279e+02
6.958958958958959329e+00 1.293086969904613284e+02
6.973473473473474016e+00 1.293334714131254373e+02
6.987987987987988703e+00 1.293582011728385055e+02
7.002502502502502502e+00 1.293828863041755710e+02
7.017017017017017189e+00 1.294075268412909168e+02
7.031531531531531876e+00 1.294321228179205718e+02
7.046046046046046563e+00 1.294566742673846989e+02
7.060560560560561250e+00 1.294811812225900667e+02
7.075075075075075048e+00 1.295056437160328642e+02
7.089589589589589735e+00 1.295300617798003771e+02
7.104104104104104422e+00 1.295544354455744553e+02
7.118618618618619109e+00 1.295787647446330197e+02
7.133133133133133796e+00 1.296030497078529038e+02
7.147647647647647595e+00 1.296272903657123834e+02
7.162162162162162282e+00 1.296514867482933653e+02
7.176676676676676969e+00 1.296756388852837176e+02
7.191191191191191656e+00 1.296997468059799417e+02
7.205705705705706343e+00 1.297238105392892464e+02
7.220220220220220142e+00 1.297478301137323058e+02
7.234734734734734829e+00 1.297718055574450204e+02
7.249249249249249516e+00 1.297957368981813602e+02
7.263763763763764203e+00 1.298196241633156376e+02
7.278278278278278890e+00 1.298434673798446966e+02
7.292792792792793577e+00 1.298672665743901860e+02
7.307307307307307376e+00 1.298910217732012313e+02
7.321821821821822063e+00 1.299147330021561686e+02
7.336336336336336750e+00 1.299384002867653294e+02
7.350850850850851437e+00 1.299620236521730874e+02
7.365365365365366124e+00 1.299856031231602742e+02
7.379879879879879923e+00 1.300091387241462826e+02
7.394394394394394610e+00 1.300326304791913969e+02
7.408908908908909297e+00 1.300560784119990956e+02
7.423423423423423984e+00 1.300794825459182391e+02
7.437937937937938671e+00 1.301028429039453727e+02
7.452452452452452469e+00 1.301261595087267438e+02
7.466966966966967156e+00 1.301494323825606898e+02
7.481481481481481843e+00 1.301726615473998834e+02
7.495995995995996530e+00 1.301958470248533786e+02
7.510510510510511217e+00 1.302189888361889700e+02
7.525025025025025016e+00 1.302420870023350119e+02
7.539539539539539703e+00 1.302651415438833453e+02
7.554054054054054390e+00 1.302881524810903500e+02
7.568568568568569077e+00 1.303111198338800421e+02
7.583083083083083764e+00 1.303340436218460070e+02
7.597597597597597563e+00 1.303569238642531047e+02
7.612112112112112250e+00 1.303797605800400561e+02
7.626626626626626937e+00 1.304025537878213754e+02
7.641141141141141624e+00 1.304253035058895307e+02
7.655655655655656311e+00 1.304480097522169899e+02
7.670170170170170110e+00 1.304706725444582958e+02
7.684684684684684797e+00 1.304932918999523110e+02
7.699199199199199484e+00 1.305158678357241513e+02
7.713713713713714171e+00 1.305384003684871175e+02
7.728228228228228858e+00 1.305608895146451118e+02
7.742742742742743545e+00 1.305833352902943432e+02
7.757257257257257343e+00 1.306057377112256290e+02
7.771771771771772030e+00 1.306280967929263284e+02
7.786286286286286717e+00 1.306504125505822174e+02
7.800800800800801404e+00 1.306726849990797064e+02
7.815315315315316091e+00 1.306949141530076872e+02
7.829829829829829890e+00 1.307171000266599208e+02
7.844344344344344577e+00 1.307392426340364011e+02
7.858858858858859264e+00 1.307613419888459134e+02
7.873373373373373951e+00 1.307833981045075689e+02
7.887887887887888638e+00 1.308054109941529930e+02
7.902402402402402437e+00 1.308273806706284290e+02
7.916916916916917124e+00 1.308493071464964714e+02
7.931431431431431811e+00 1.308711904340378851e+02
7.945945945945946498e+00 1.308930305452539358e+02
7.960460460460461185e+00 1.309148274918679533e+02
7.974974974974974984e+00 1.309365812853273781e+02
7.989489489489489671e+00 1.309582919368057787e+02
8.004004004004004358e+00 1.309799594572046431e+02
8.018518518518519045e+00 1.310015838571553388e+02
8.033033033033033732e+00 1.310231651470207623e+02
8.047547547547548419e+00 1.310447033368976690e+02
8.062062062062061329e+00 1.310661984366179809e+02
8.076576576576577793e+00 1.310876504557512305e+02
8.091091091091090703e+00 1.311090594036059827e+02
8.105605605605607167e+00 1.311304252892319653e+02
8.120120120120120077e+00 1.311517481214216616e+02
8.134634634634634764e+00 1.311730279087123847e+02
8.149149149149149451e+00 1.311942646593878408e+02
8.163663663663664138e+00 1.312154583814800901e+02
8.178178178178178825e+00 1.312366090827716505e+02
8.192692692692693512e+00 1.312577167707966339e+02
8.207207207207208199e+00 1.312787814528430204e+02
8.221721721721721110e+00 1.312998031359544768e+02
8.236236236236237573e+00 1.313207818269318921e+02
8.250750750750750484e+00 1.313417175323352808e+02
8.265265265265266947e+00 1.313626102584854038e+02
8.279779779779779858e+00 1.313834600114658429e+02
8.294294294294294545e+00 1.314042667971244498e+02
8.308808808808809232e+00 1.314250306210751660e+02
8.323323323323323919e+00 1.314457514886996705e+02
8.337837837837838606e+00 1.314664294051495403e+02
8.352352352352351517e+00 1.314870643753473303e+02
8.366866866866867980e+00 1.315076564039887614e+02
8.381381381381380891e+00 1.315282054955443130e+02
8.395895895895897354e+00 1.315487116542606145e+02
8.410410410410410265e+00 1.315691748841628055e+02
8.424924924924924952e+00 1.315895951890554159e+02
8.439439439439439639e+00 1.316099725725247254e+02
8.453953953953954326e+00 1.316303070379398719e+02
8.468468468468469013e+00 1.316505985884551535e+02
8.482982982982983700e+00 1.316708472270109667e+02
8.497497497497498387e+00 1.316910529563360797e+02
8.512012012012013074e+00 1.317112157789487981e+02
8.526526526526527761e+00 1.317313356971588121e+02
8.541041041041040671e+00 1.317514127130691293e+02
8.555555555555555358e+00 1.317714468285768987e+02
8.570070070070070045e+00 1.317914380453758838e+02
8.584584584584584732e+00 1.318113863649574853e+02
8.599099099099099419e+00 1.318312917886126741e+02
8.613613613613614106e+00 1.318511543174334406e+02
8.628128128128128793e+00 1.318709739523142446e+02
8.642642642642643480e+00 1.318907506939539189e+02
8.657157157157158167e+00 1.319104845428570343e+02
8.671671671671672854e+00 1.319301754993354621e+02
8.686186186186185765e+00 1.319498235635099093e+02
8.700700700700700452e+00 1.319694287353117090e+02
8.715215215215215139e+00 1.319889910144840997e+02
8.729729729729729826e+00 1.320085104005838161e+02
8.744244244244244513e+00 1.320279868929826534e+02
8.758758758758759200e+00 1.320474204908691149e+02
8.773273273273273887e+00 1.320668111932496345e+02
8.787787787787788574e+00 1.320861589989504807e+02
8.802302302302303261e+00 1.321054639066188656e+02
8.816816816816817948e+00 1.321247259147247632e+02
8.831331331331332635e+00 1.321439450215620752e+02
8.845845845845845545e+00 1.321631212252505634e+02
8.860360360360360232e+00 1.321822545237368729e+02
8.874874874874874919e+00 1.322013449147963513e+02
8.889389389389389606e+00 1.322203923960343275e+02
8.903903903903904293e+00 1.322393969648874759e+02
8.918418418418418980e+00 1.322583586186257207e+02
8.932932932932933667e+00 1.322772773543530604e+02
8.947447447447448354e+00 1.322961531690094432e+02
8.961961961961963041e+00 1.323149860593722167e+02
8.976476476476477728e+00 1.323337760220572363e+02
8.990990990990990639e+00 1.323525230535205139e+02
9.005505505505505326e+00 1.323712271500596671e+02
9.020020020020020013e+00 1.323898883078151698e+02
9.034534534534534700e+00 1.324085065227719440e+02
9.049049049049049387e+00 1.324270817907604965e+02
9.063563563563564074e+00 1.324456141074587379e+02
9.078078078078078761e+00 1.324641034683928922e+02
9.092592592592593448e+00 1.324825498689390884e+02
9.107107107107108135e+00 1.325009533043247814e+02
9.121621621621622822e+00 1.325193137696302585e+02
9.136136136136135732e+00 1.325376312597894355e+02
9.150650650650650419e+00 1.325559057695919023e+02
9.165165165165165106e+00 1.325741372936836910e+02
9.179679679679679793e+00 1.325923258265692652e+02
9.194194194194194480e+00 1.326104713626121736e+02
9.208708708708709167e+00 1.326285738960368406e+02
9.223223223223223854e+00 1.326466334209295894e+02
9.237737737737738541e+00 1.326646499312402341e+02
9.252252252252253228e+00 1.326826234207833579e+02
9.266766766766767915e+00 1.327005538832393938e+02
9.281281281281282602e+00 1.327184413121560169e+02
9.295795795795795513e+00 1.327362857009498498e+02
9.310310310310310200e+00 1.327540870429070026e+02
9.324824824824824887e+00 1.327718453311848066e+02
9.339339339339339574e+00 1.327895605588133492e+02
9.353853853853854261e+00 1.328072327186961274e+02
9.368368368368368948e+00 1.328248618036118387e+02
9.382882882882883635e+00 1.328424478062152900e+02
9.397397397397398322e+00 1.328599907190389047e+02
9.411911911911913009e+00 1.328774905344939157e+02
9.426426426426427696e+00 1.328949472448713323e+02
9.440940940940940607e+00 1.329123608423437872e+02
9.455455455455455294e+00 1.329297313189660201e+02
9.469969969969969981e+00 1.329470586666767247e+02
9.484484484484484668e+00 1.329643428772995435e+02
9.498998998998999355e+00 1.329815839425442903e+02
9.513513513513514042e+00 1.329987818540079729e+02
9.528028028028028729e+00 1.330159366031762147e+02
9.542542542542543416e+00 1.330330481814247889e+02
9.557057057057058103e+00 1.330501165800199885e+02
9.571571571571572790e+00 1.330671417901206155e+02
9.586086086086085700e+00 1.330841238027784925e+02
9.600600600600600387e+00 1.331010626089403388e+02
9.615115115115115074e+00 1.331179581994484238e+02
9.629629629629629761e+00 1.331348105650419598e+02
9.644144144144144448e+00 1.331516196963580967e+02
9.658658658658659135e+00 1.331683855839334001e+02
9.673173173173173822e+00 1.331851082182047037e+02
9.687687687687688509e+00 1.332017875895103032e+02
9.702202202202203196e+00 1.332184236880911783e+02
9.716716716716717883e+00 1.332350165040922434e+02
9.731231231231232570e+00 1.332515660275632570e+02
9.745745745745745481e+00 1.332680722484600153e+02
9.760260260260260168e+00 1.332845351566455179e+02
9.774774774774774855e+00 1.333009547418912462e+02
9.789289289289289542e+00 1.333173309938778459e+02
9.803803803803804229e+00 1.333336639021966903e+02
9.818318318318318916e+00 1.333499534563507609e+02
9.832832832832833603e+00 1.333661996457557279e+02
9.847347347347348290e+00 1.333824024597410585e+02
9.861861861861862977e+00 1.333985618875511818e+02
9.876376376376377664e+00 1.334146779183467686e+02
9.890890890890890574e+00 1.334307505412051285e+02
9.905405405405405261e+00 1.334467797451220861e+02
9.919919919919919948e+00 1.334627655190125779e+02
9.934434434434434635e+00 1.334787078517118744e+02
9.948948948948949322e+00 1.334946067319765177e+02
9.963463463463464009e+00 1.335104621484855159e+02
9.977977977977978696e+00 1.335262740898413654e+02
9.992492492492493383e+00 1.335420425445710748e+02
1.000700700700700807e+01 1.335577675011270742e+02
1.002152152152152276e+01 1.335734489478885507e+02
1.003603603603603567e+01 1.335890868731622732e+02
1.005055055055055035e+01 1.336046812651835580e+02
1.006506506506506504e+01 1.336202321121174350e+02
1.007957957957957973e+01 1.336357394020596416e+02
1.009409409409409442e+01 1.336512031230376465e+02
1.010860860860860910e+01 1.336666232630115019e+02
1.012312312312312379e+01 1.336819998098750659e+02
1.013763763763763848e+01 1.336973327514569689e+02
1.015215215215215316e+01 1.337126220755213239e+02
1.016666666666666785e+01 1.337278677697691194e+02
1.018118118118118254e+01 1.337430698218388727e+02
1.019569569569569545e+01 1.337582282193080232e+02
1.021021021021021014e+01 1.337733429496933013e+02
1.022472472472472482e+01 1.337884140004522351e+02
1.023923923923923951e+01 1.338034413589839744e+02
1.025375375375375420e+01 1.338184250126301436e+02
1.026826826826826888e+01 1.338333649486757793e+02
1.028278278278278357e+01 1.338482611543504106e+02
1.029729729729729826e+01 1.338631136168290539e+02
1.031181181181181294e+01 1.338779223232330082e+02
1.032632632632632763e+01 1.338926872606307654e+02
1.034084084084084054e+01 1.339074084160391749e+02
1.035535535535535523e+01 1.339220857764242112e+02
1.036986986986986992e+01 1.339367193287018551e+02
1.038438438438438460e+01 1.339513090597392306e+02
1.039889889889889929e+01 1.339658549563552015e+02
1.041341341341341398e+01 1.339803570053216220e+02
1.042792792792792866e+01 1.339948151933639906e+02
1.044244244244244335e+01 1.340092295071625870e+02
1.045695695695695804e+01 1.340235999333531538e+02
1.047147147147147273e+01 1.340379264585278065e+02
1.048598598598598564e+01 1.340522090692362269e+02
1.050050050050050032e+01 1.340664477519862317e+02
1.051501501501501501e+01 1.340806424932446532e+02
1.052952952952952970e+01 1.340947932794385622e+02
1.054404404404404438e+01 1.341089000969557787e+02
1.055855855855855907e+01 1.341229629321458390e+02
1.057307307307307376e+01 1.341369817713209613e+02
1.058758758758758844e+01 1.341509566007568424e+02
1.060210210210210313e+01 1.341648874066937083e+02
1.061661661661661782e+01 1.341787741753366845e+02
1.063113113113113251e+01 1.341926168928571030e+02
1.064564564564564542e+01 1.342064155453932983e+02
1.066016016016016010e+01 1.342201701190512608e+02
1.067467467467467479e+01 1.342338805999057172e+02
1.068918918918918948e+01 1.342475469740005281e+02
1.070370370370370416e+01 1.342611692273501092e+02
1.071821821821821885e+01 1.342747473459398861e+02
1.073273273273273354e+01 1.342882813157273176e+02
1.074724724724724823e+01 1.343017711226423501e+02
1.076176176176176291e+01 1.343152167525887251e+02
1.077627627627627760e+01 1.343286181914443773e+02
1.079079079079079051e+01 1.343419754250626283e+02
1.080530530530530520e+01 1.343552884392727265e+02
1.081981981981981988e+01 1.343685572198806710e+02
1.083433433433433457e+01 1.343817817526699514e+02
1.084884884884884926e+01 1.343949620234026838e+02
1.086336336336336394e+01 1.344080980178199525e+02
1.087787787787787863e+01 1.344211897216430316e+02
1.089239239239239332e+01 1.344342371205737550e+02
1.090690690690690801e+01 1.344472402002953970e+02
1.092142142142142269e+01 1.344601989464737812e+02
1.093593593593593560e+01 1.344731133447577918e+02
1.095045045045045029e+01 1.344859833807799703e+02
1.096496496496496498e+01 1.344988090401574539e+02
1.097947947947947966e+01 1.345115903084929698e+02
1.099399399399399435e+01 1.345243271713752904e+02
1.100850850850850904e+01 1.345370196143799433e+02
1.102302302302302373e+01 1.345496676230701496e+02
1.103753753753753841e+01 1.345622711829977050e+02
1.105205205205205310e+01 1.345748302797031215e+02
1.106656656656656779e+01 1.345873448987170775e+02
1.108108108108108247e+01 1.345998150255606731e+02
1.109559559559559538e+01 1.346122406457466241e+02
1.111011011011011007e+01 1.346246217447790912e+02
1.112462462462462476e+01 1.346369583081558972e+02
1.113913913913913944e+01 1.346492503213674468e+02
1.115365365365365413e+01 1.346614977698989435e+02
1.116816816816816882e+01 1.346737006392303329e+02
1.118268268268268351e+01 1.346858589148371266e+02
1.119719719719719819e+01 1.346979725821914258e+02
1.121171171171171288e+01 1.347100416267621199e+02
1.122622622622622757e+01 1.347220660340159668e+02
1.124074074074074048e+01 1.347340457894180190e+02
1.125525525525525516e+01 1.347459808784327322e+02
1.126976976976976985e+01 1.347578712865242210e+02
1.128428428428428454e+01 1.347697169991571116e+02
1.129879879879879923e+01 1.347815180017971954e+02
1.131331331331331391e+01 1.347932742799123673e+02
1.132782782782782860e+01 1.348049858189726820e+02
1.134234234234234329e+01 1.348166526044517184e+02
1.135685685685685797e+01 1.348282746218268926e+02
1.137137137137137266e+01 1.348398518565800259e+02
1.138588588588588557e+01 1.348513842941984535e+02
1.140040040040040026e+01 1.348628719201750528e+02
1.141491491491491495e+01 1.348743147200094370e+02
1.142942942942942963e+01 1.348857126792083250e+02
1.144394394394394432e+01 1.348970657832863935e+02
1.145845845845845901e+01 1.349083740177666186e+02
1.147297297297297369e+01 1.349196373681812986e+02
1.148748748748748838e+01 1.349308558200721393e+02
1.150200200200200307e+01 1.349420293589917605e+02
1.151651651651651775e+01 1.349531579705034403e+02
1.153103103103103244e+01 1.349642416401821663e+02
1.154554554554554535e+01 1.349752803536153181e+02
1.156006006006006004e+01 1.349862740964030934e+02
1.157457457457457473e+01 1.349972228541592756e+02
1.158908908908908941e+01 1.350081266125116315e+02
1.160360360360360410e+01 1.350189853571030483e+02
1.161811811811811879e+01 1.350297990735912776e+02
1.163263263263263347e+01 1.350405677476506128e+02
1.164714714714714816e+01 1.350512913649713767e+02
1.166166166166166285e+01 1.350619699112615137e+02
1.167617617617617753e+01 1.350726033722463910e+02
1.169069069069069045e+01 1.350831917336699064e+02
1.170520520520520513e+01 1.350937349812950004e+02
1.171971971971971982e+01 1.351042331009041391e+02
1.173423423423423451e+01 1.351146860782997408e+02
1.174874874874874919e+01 1.351250938993050283e+02
1.176326326326326388e+01 1.351354565497645410e+02
1.177777777777777857e+01 1.351457740155448164e+02
1.179229229229229325e+01 1.351560462825346463e+02
1.180680680680680794e+01 1.351662733366457587e+02
1.182132132132132263e+01 1.351764551638137277e+02
1.183583583583583554e+01 1.351865917499982004e+02
1.185035035035035023e+01 1.351966830811831812e+02
1.186486486486486491e+01 1.352067291433783396e+02
1.187937937937937960e+01 1.352167299226190949e+02
1.189389389389389429e+01 1.352266854049670428e+02
1.190840840840840897e+01 1.352365955765107230e+02
1.192292292292292366e+01 1.352464604233663010e+02
1.193743743743743835e+01 1.352562799316778808e+02
1.195195195195195303e+01 1.352660540876178743e+02
1.196646646646646772e+01 1.352757828773879965e+02
1.198098098098098241e+01 1.352854662872195775e+02
1.199549549549549532e+01 1.352951043033739893e+02
1.201001001001001001e+01 1.353046969121432426e+02
1.202452452452452469e+01 1.353142440998504696e+02
1.203903903903903938e+01 1.353237458528508057e+02
1.205355355355355407e+01 1.353332021575313604e+02
1.206806806806806875e+01 1.353426130003118146e+02
1.208258258258258344e+01 1.353519783676455859e+02
1.209709709709709813e+01 1.353612982460195155e+02
1.211161161161161282e+01 1.353705726219547216e+02
1.212612612612612750e+01 1.353798014820070819e+02
1.214064064064064041e+01 1.353889848127680580e+02
1.215515515515515510e+01 1.353981226008643830e+02
1.216966966966966979e+01 1.354072148329593688e+02
1.218418418418418447e+01 1.354162614957530195e+02
1.219869869869869916e+01 1.354252625759826856e+02
1.221321321321321385e+01 1.354342180604231203e+02
1.222772772772772854e+01 1.354431279358877021e+02
1.224224224224224322e+01 1.354519921892282355e+02
1.225675675675675791e+01 1.354608108073357471e+02
1.227127127127127260e+01 1.354695837771410254e+02
1.228578578578578551e+01 1.354783110856147346e+02
1.230030030030030019e+01 1.354869927197684092e+02
1.231481481481481488e+01 1.354956286666544827e+02
1.232932932932932957e+01 1.355042189133669126e+02
1.234384384384384425e+01 1.355127634470415217e+02
1.235835835835835894e+01 1.355212622548570494e+02
1.237287287287287363e+01 1.355297153240344414e+02
1.238738738738738832e+01 1.355381226418384131e+02
1.240190190190190300e+01 1.355464841955774489e+02
1.241641641641641769e+01 1.355547999726041724e+02
1.243093093093093238e+01 1.355630699603159144e+02
1.244544544544544529e+01 1.355712941461551679e+02
1.245995995995995997e+01 1.355794725176099575e+02
1.247447447447447466e+01 1.355876050622143225e+02
1.248898898898898935e+01 1.355956917675486579e+02
1.250350350350350404e+01 1.356037326212403968e+02
1.251801801801801872e+01 1.356117276109641807e+02
1.253253253253253341e+01 1.356196767244421721e+02
1.254704704704704810e+01 1.356275799494449359e+02
1.256156156156156278e+01 1.356354372737916094e+02
1.257607607607607747e+01 1.356432486853500450e+02
1.259059059059059038e+01 1.356510141720377476e+02
1.260510510510510507e+01 1.356587337218218181e+02
1.261961961961961975e+01 1.356664073227197491e+02
1.263413413413413444e+01 1.356740349627994533e+02
1.264864864864864913e+01 1.356816166301800308e+02
1.266316316316316382e+01 1.356891523130318831e+02
1.267767767767767850e+01 1.356966419995773094e+02
1.269219219219219319e+01 1.357040856780907916e+02
1.270670670670670788e+01 1.357114833368992777e+02
1.272122122122122256e+01 1.357188349643830350e+02
1.273573573573573547e+01 1.357261405489754225e+02
1.275025025025025016e+01 1.357334000791634594e+02
1.276476476476476485e+01 1.357406135434888483e+02
1.277927927927927954e+01 1.357477809305472931e+02
1.279379379379379422e+01 1.357549022289895504e+02
1.280830830830830891e+01 1.357619774275216287e+02
1.282282282282282360e+01 1.357690065149054419e+02
1.283733733733733828e+01 1.357759894799585254e+02
1.285185185185185297e+01 1.357829263115550589e+02
1.286636636636636766e+01 1.357898169986258381e+02
1.288088088088088234e+01 1.357966615301588433e+02
1.289539539539539525e+01 1.358034598951995804e+02
1.290990990990990994e+01 1.358102120828511374e+02
1.292442442442442463e+01 1.358169180822750377e+02
1.293893893893893932e+01 1.358235778826911826e+02
1.295345345345345400e+01 1.358301914733783065e+02
1.296796796796796869e+01 1.358367588436744882e+02
1.298248248248248338e+01 1.358432799829773217e+02
1.299699699699699806e+01 1.358497548807443991e+02
1.301151151151151275e+01 1.358561835264931972e+02
1.302602602602602744e+01 1.358625659098021004e+02
1.304054054054054035e+01 1.358689020203104576e+02
1.305505505505505504e+01 1.358751918477184120e+02
1.306956956956956972e+01 1.358814353817881511e+02
1.308408408408408441e+01 1.358876326123435092e+02
1.309859859859859910e+01 1.358937835292705358e+02
1.311311311311311378e+01 1.358998881225178934e+02
1.312762762762762847e+01 1.359059463820969427e+02
1.314214214214214316e+01 1.359119582980823395e+02
1.315665665665665784e+01 1.359179238606121487e+02
1.317117117117117253e+01 1.359238430598882701e+02
1.318568568568568722e+01 1.359297158861766377e+02
1.320020020020020013e+01 1.359355423298075891e+02
1.321471471471471482e+01 1.359413223811761782e+02
1.322922922922922950e+01 1.359470560307423739e+02
1.324374374374374419e+01 1.359527432690315152e+02
1.325825825825825888e+01 1.359583840866345099e+02
1.327277277277277356e+01 1.359639784742081474e+02
1.328728728728728825e+01 1.359695264224753259e+02
1.330180180180180294e+01 1.359750279222253937e+02
1.331631631631631763e+01 1.359804829643145752e+02
1.333083083083083231e+01 1.359858915396660279e+02
1.334534534534534522e+01 1.359912536392700133e+02
1.335985985985985991e+01 1.359965692541847204e+02
1.337437437437437460e+01 1.360018383755359253e+02
1.338888888888888928e+01 1.360070609945175875e+02
1.340340340340340397e+01 1.360122371023921346e+02
1.341791791791791866e+01 1.360173666904905474e+02
1.343243243243243334e+01 1.360224497502127292e+02
1.344694694694694803e+01 1.360274862730278755e+02
1.346146146146146272e+01 1.360324762504744740e+02
1.347597597597597741e+01 1.360374196741609012e+02
1.349049049049049032e+01 1.360423165357651953e+02
1.350500500500500500e+01 1.360471668270358521e+02
1.351951951951951969e+01 1.360519705397917676e+02
1.353403403403403438e+01 1.360567276659224376e+02
1.354854854854854906e+01 1.360614381973884406e+02
1.356306306306306375e+01 1.360661021262214376e+02
1.357757757757757844e+01 1.360707194445245136e+02
1.359209209209209313e+01 1.360752901444725183e+02
1.360660660660660781e+01 1.360798142183120660e+02
1.362112112112112250e+01 1.360842916583620479e+02
1.363563563563563719e+01 1.360887224570135459e+02
1.365015015015015010e+01 1.360931066067303732e+02
1.366466466466466478e+01 1.360974441000491879e+02
1.367917917917917947e+01 1.361017349295793792e+02
1.369369369369369416e+01 1.361059790880040339e+02
1.370820820820820884e+01 1.361101765680792823e+02
1.372272272272272353e+01 1.361143273626352652e+02
1.373723723723723822e+01 1.361184314645759343e+02
1.375175175175175291e+01 1.361224888668791664e+02
1.376626626626626759e+01 1.361264995625975587e+02
1.378078078078078228e+01 1.361304635448576903e+02
1.379529529529529519e+01 1.361343808068613725e+02
1.380980980980980988e+01 1.361382513418850522e+02
1.382432432432432456e+01 1.361420751432803797e+02
1.383883883883883925e+01 1.361458522044743518e+02
1.385335335335335394e+01 1.361495825189694244e+02
1.386786786786786863e+01 1.361532660803437693e+02
1.388238238238238331e+01 1.361569028822516429e+02
1.389689689689689800e+01 1.361604929184229889e+02
1.391141141141141269e+01 1.361640361826642902e+02
1.392592592592592737e+01 1.361675326688584846e+02
1.394044044044044028e+01 1.361709823709650209e+02
1.395495495495495497e+01 1.361743852830202570e+02
1.396946946946946966e+01 1.361777413991373749e+02
1.398398398398398434e+01 1.361810507135068917e+02
1.399849849849849903e+01 1.361843132203965183e+02
1.401301301301301372e+01 1.361875289141513576e+02
1.402752752752752841e+01 1.361906977891943598e+02
1.404204204204204309e+01 1.361938198400262081e+02
1.405655655655655778e+01 1.361968950612255469e+02
1.407107107107107247e+01 1.361999234474490663e+02
1.408558558558558715e+01 1.362029049934318721e+02
1.410010010010010006e+01 1.362058396939874285e+02
1.411461461461461475e+01 1.362087275440077576e+02
1.412912912912912944e+01 1.362115685384636947e+02
1.414364364364364413e+01 1.362143626724049170e+02
1.415815815815815881e+01 1.362171099409600288e+02
1.417267267267267350e+01 1.362198103393369593e+02
1.418718718718718819e+01 1.362224638628226501e+02
1.420170170170170287e+01 1.362250705067840499e+02
1.421621621621621756e+01 1.362276302666669494e+02
1.423073073073073225e+01 1.362301431379972882e+02
1.424524524524524516e+01 1.362326091163807575e+02
1.425975975975975985e+01 1.362350281975029702e+02
1.427427427427427453e+01 1.362374003771296316e+02
1.428878878878878922e+01 1.362397256511064825e+02
1.430330330330330391e+01 1.362420040153599530e+02
1.431781781781781859e+01 1.362442354658965087e+02
1.433233233233233328e+01 1.362464199988033897e+02
1.434684684684684797e+01 1.362485576102484401e+02
1.436136136136136265e+01 1.362506482964801933e+02
1.437587587587587734e+01 1.362526920538283264e+02
1.439039039039039025e+01 1.362546888787031492e+02
1.440490490490490494e+01 1.362566387675962858e+02
1.441941941941941963e+01 1.362585417170804192e+02
1.443393393393393431e+01 1.362603977238096036e+02
1.444844844844844900e+01 1.362622067845192646e+02
1.446296296296296369e+01 1.362639688960261708e+02
1.447747747747747837e+01 1.362656840552288884e+02
1.449199199199199306e+01 1.362673522591074686e+02
1.450650650650650775e+01 1.362689735047236184e+02
1.452102102102102243e+01 1.362705477892210979e+02
1.453553553553553712e+01 1.362720751098252947e+02
1.455005005005005003e+01 1.362735554638437918e+02
1.456456456456456472e+01 1.362749888486662542e+02
1.457907907907907941e+01 1.362763752617642297e+02
1.459359359359359409e+01 1.362777147006917176e+02
1.460810810810810878e+01 1.362790071630847137e+02
1.462262262262262347e+01 1.362802526466620066e+02
1.463713713713713815e+01 1.362814511492242673e+02
1.465165165165165284e+01 1.362826026686549596e+02
1.466616616616616753e+01 1.362837072029199987e+02
1.468068068068068222e+01 1.362847647500678363e+02
1.469519519519519513e+01 1.362857753082295744e+02
1.470970970970970981e+01 1.362867388756190508e+02
1.472422422422422450e+01 1.362876554505327533e+02
1.473873873873873919e+01 1.362885250313501331e+02
1.475325325325325387e+01 1.362893476165332913e+02
1.476776776776776856e+01 1.362901232046272924e+02
1.478228228228228325e+01 1.362908517942601065e+02
1.479679679679679793e+01 1.362915333841426389e+02
1.481131131131131262e+01 1.362921679730688425e+02
1.482582582582582731e+01 1.362927555599157472e+02
1.484034034034034022e+01 1.362932961436432606e+02
1.485485485485485491e+01 1.362937897232945659e+02
1.486936936936936959e+01 1.362942362979958091e+02
1.488388388388388428e+01 1.362946358669564120e+02
1.489839839839839897e+01 1.362949884294689014e+02
1.491291291291291365e+01 1.362952939849089660e+02
1.492742742742742834e+01 1.362955525327356554e+02
1.494194194194194303e+01 1.362957640724908970e+02
1.495645645645645772e+01 1.362959286038002631e+02
1.497097097097097240e+01 1.362960461263721186e+02
1.498548548548548709e+01 1.362961166399985871e+02
1.500000000000000000e+01 1.362961401445546130e+02
