5.000000000000000000e-01 2.772349416635775583e+02
5.170170170170169666e-01 2.773268751413839368e+02
5.340340340340340441e-01 2.774190749995648275e+02
5.510510510510510107e-01 2.775115417790383390e+02
5.680680680680680883e-01 2.776042760186663827e+02
5.850850850850850549e-01 2.776972782552422245e+02
6.021021021021021324e-01 2.777905490234805370e+02
6.191191191191190990e-01 2.778840888559961968e+02
6.361361361361361766e-01 2.779778982832928023e+02
6.531531531531531432e-01 2.780719778337610251e+02
6.701701701701702207e-01 2.781663280336454136e+02
6.871871871871871873e-01 2.782609494070471783e+02
7.042042042042042649e-01 2.783558424758937235e+02
7.212212212212212314e-01 2.784510077599501301e+02
7.382382382382381980e-01 2.785464457767782278e+02
7.552552552552552756e-01 2.786421570417380167e+02
7.722722722722723532e-01 2.787381420679693065e+02
7.892892892892893197e-01 2.788344013663818828e+02
8.063063063063062863e-01 2.789309354456359529e+02
8.233233233233233639e-01 2.790277448121320276e+02
8.403403403403404415e-01 2.791248299699964264e+02
8.573573573573574080e-01 2.792221914210633713e+02
8.743743743743743746e-01 2.793198296648690189e+02
8.913913913913914522e-01 2.794177451986318488e+02
9.084084084084084187e-01 2.795159385172325415e+02
9.254254254254254963e-01 2.796144101132183550e+02
9.424424424424424629e-01 2.797131604767646991e+02
9.594594594594594295e-01 2.798121900956847981e+02
9.764764764764765070e-01 2.799114994553958695e+02
9.934934934934935846e-01 2.800110890389218525e+02
1.010510510510510551e+00 2.801109593268590174e+02
1.027527527527527518e+00 2.802111107973836965e+02
1.044544544544544706e+00 2.803115439262210771e+02
1.061561561561561451e+00 2.804122591866423022e+02
1.078578578578578639e+00 2.805132570494461106e+02
1.095595595595595606e+00 2.806145379829342232e+02
1.112612612612612573e+00 2.807161024529171414e+02
1.129629629629629761e+00 2.808179509226800974e+02
1.146646646646646728e+00 2.809200838529863518e+02
1.163663663663663694e+00 2.810225017020476344e+02
1.180680680680680883e+00 2.811252049255170959e+02
1.197697697697697627e+00 2.812281939764752110e+02
1.214714714714714816e+00 2.813314693054104509e+02
1.231731731731731783e+00 2.814350313602136566e+02
1.248748748748748749e+00 2.815388805861472861e+02
1.265765765765765938e+00 2.816430174258546799e+02
1.282782782782782904e+00 2.817474423193219195e+02
1.299799799799799871e+00 2.818521557038775427e+02
1.316816816816816837e+00 2.819571580141748086e+02
1.333833833833833804e+00 2.820624496821706089e+02
1.350850850850850993e+00 2.821680311371231937e+02
1.367867867867867959e+00 2.822739028055619315e+02
1.384884884884884926e+00 2.823800651112914579e+02
1.401901901901902114e+00 2.824865184753548419e+02
1.418918918918918859e+00 2.825932633160460909e+02
1.435935935935936048e+00 2.827003000488614930e+02
1.452952952952953014e+00 2.828076290865149076e+02
1.469969969969969981e+00 2.829152508389109926e+02
1.486986986986987169e+00 2.830231657131247403e+02
1.504004004004004136e+00 2.831313741133990334e+02
1.521021021021021102e+00 2.832398764411165075e+02
1.538038038038038069e+00 2.833486730947981300e+02
1.555055055055055258e+00 2.834577644700777910e+02
1.572072072072072224e+00 2.835671509596976989e+02
1.589089089089089191e+00 2.836768329534698978e+02
1.606106106106106157e+00 2.837868108383024719e+02
1.623123123123123124e+00 2.838970849981399169e+02
1.640140140140140312e+00 2.840076558139840586e+02
1.657157157157157279e+00 2.841185236638587526e+02
1.674174174174174246e+00 2.842296889227955035e+02
1.691191191191191212e+00 2.843411519628278938e+02
1.708208208208208401e+00 2.844529131529708934e+02
1.725225225225225367e+00 2.845649728592136398e+02
1.742242242242242334e+00 2.846773314444820926e+02
1.759259259259259300e+00 2.847899892686558019e+02
1.776276276276276489e+00 2.849029466885267539e+02
1.793293293293293456e+00 2.850162040578013602e+02
1.810310310310310422e+00 2.851297617270726050e+02
1.827327327327327389e+00 2.852436200438124843e+02
1.844344344344344577e+00 2.853577793523600690e+02
1.861361361361361544e+00 2.854722399938947319e+02
1.878378378378378510e+00 2.855870023064313727e+02
1.895395395395395477e+00 2.857020666247999543e+02
1.912412412412412444e+00 2.858174332806414100e+02
1.929429429429429632e+00 2.859331026023725713e+02
1.946446446446446599e+00 2.860490749151848604e+02
1.963463463463463565e+00 2.861653505410316711e+02
1.980480480480480532e+00 2.862819297986054607e+02
1.997497497497497720e+00 2.863988130033205834e+02
2.014514514514514687e+00 2.865160004673134608e+02
2.031531531531531876e+00 2.866334924994090443e+02
2.048548548548548620e+00 2.867512894051135390e+02
2.065565565565565809e+00 2.868693914866065029e+02
2.082582582582582553e+00 2.869877990427082750e+02
2.099599599599599742e+00 2.871065123688846938e+02
2.116616616616616930e+00 2.872255317572243598e+02
2.133633633633633675e+00 2.873448574964091335e+02
2.150650650650650864e+00 2.874644898717259593e+02
2.167667667667667608e+00 2.875844291650279274e+02
2.184684684684684797e+00 2.877046756547341033e+02
2.201701701701701985e+00 2.878252296158073023e+02
2.218718718718719174e+00 2.879460913197433456e+02
2.235735735735735918e+00 2.880672610345496309e+02
2.252752752752752663e+00 2.881887390247394478e+02
2.269769769769769852e+00 2.883105255513048064e+02
2.286786786786787040e+00 2.884326208717085933e+02
2.303803803803804229e+00 2.885550252398795124e+02
2.320820820820820973e+00 2.886777389061739996e+02
2.337837837837837718e+00 2.888007621173800885e+02
2.354854854854854906e+00 2.889240951166968898e+02
2.371871871871872095e+00 2.890477381437134454e+02
2.388888888888889284e+00 2.891716914344023621e+02
2.405905905905906028e+00 2.892959552210971879e+02
2.422922922922922773e+00 2.894205297324912749e+02
2.439939939939939961e+00 2.895454151936023095e+02
2.456956956956957150e+00 2.896706118257795310e+02
2.473973973973974338e+00 2.897961198466564952e+02
2.490990990990991083e+00 2.899219394701835881e+02
2.508008008008008272e+00 2.900480709065727183e+02
2.525025025025025016e+00 2.901745143622882779e+02
2.542042042042042205e+00 2.903012700400536801e+02
2.559059059059059393e+00 2.904283381388213456e+02
2.576076076076076138e+00 2.905557188537476350e+02
2.593093093093093326e+00 2.906834123762043873e+02
2.610110110110110515e+00 2.908114188937355493e+02
2.627127127127127260e+00 2.909397385900650761e+02
2.644144144144144448e+00 2.910683716450683391e+02
2.661161161161161193e+00 2.911973182347646798e+02
2.678178178178178381e+00 2.913265785312989351e+02
2.695195195195195570e+00 2.914561527029258059e+02
2.712212212212212314e+00 2.915860409139949638e+02
2.729229229229229503e+00 2.917162433249504829e+02
2.746246246246246248e+00 2.918467600922800216e+02
2.763263263263263436e+00 2.919775913685448359e+02
2.780280280280280625e+00 2.921087373023356122e+02
2.797297297297297369e+00 2.922401980382667830e+02
2.814314314314314558e+00 2.923719737169600421e+02
2.831331331331331747e+00 2.925040644750315550e+02
2.848348348348348491e+00 2.926364704450749059e+02
2.865365365365365680e+00 2.927691917556533099e+02
2.882382382382382424e+00 2.929022285312696567e+02
2.899399399399399613e+00 2.930355808923754921e+02
2.916416416416416801e+00 2.931692489553308292e+02
2.933433433433433546e+00 2.933032328324061382e+02
2.950450450450450735e+00 2.934375326317676809e+02
2.967467467467467479e+00 2.935721484574544888e+02
2.984484484484484668e+00 2.937070804093657443e+02
3.001501501501501856e+00 2.938423285832475926e+02
3.018518518518518601e+00 2.939778930706955293e+02
3.035535535535535789e+00 2.941137739591052878e+02
3.052552552552552978e+00 2.942499713316848897e+02
3.069569569569569722e+00 2.943864852674375925e+02
3.086586586586586911e+00 2.945233158411347176e+02
3.103603603603603656e+00 2.946604631233102509e+02
3.120620620620620844e+00 2.947979271802574885e+02
3.137637637637638033e+00 2.949357080739937373e+02
3.154654654654654777e+00 2.950738058622524704e+02
3.171671671671671966e+00 2.952122205984823609e+02
3.188688688688689155e+00 2.953509523318137440e+02
3.205705705705705899e+00 2.954900011070574806e+02
3.222722722722723088e+00 2.956293669646965441e+02
3.239739739739739832e+00 2.957690499408461164e+02
3.256756756756757021e+00 2.959090500672708686e+02
3.273773773773774209e+00 2.960493673713496037e+02
3.290790790790790954e+00 2.961900018760637749e+02
3.307807807807808143e+00 2.963309535999944728e+02
3.324824824824824887e+00 2.964722225573069636e+02
3.341841841841842076e+00 2.966138087577182318e+02
3.358858858858859264e+00 2.967557122065065869e+02
3.375875875875876009e+00 2.968979329044911992e+02
3.392892892892893197e+00 2.970404708480030536e+02
3.409909909909910386e+00 2.971833260288924521e+02
3.426926926926927131e+00 2.973264984345102562e+02
3.443943943943944319e+00 2.974699880476762246e+02
3.460960960960961064e+00 2.976137948466993066e+02
3.477977977977978252e+00 2.977579188053275061e+02
3.494994994994995441e+00 2.979023598927595913e+02
3.512012012012012185e+00 2.980471180736197994e+02
3.529029029029029374e+00 2.981921933079561882e+02
3.546046046046046119e+00 2.983375855512071553e+02
3.563063063063063307e+00 2.984832947542119541e+02
3.580080080080080496e+00 2.986293208631781226e+02
3.597097097097097240e+00 2.987756638196713652e+02
3.614114114114114429e+00 2.989223235606256708e+02
3.631131131131131617e+00 2.990693000182935180e+02
3.648148148148148362e+00 2.992165931202553111e+02
3.665165165165165551e+00 2.993642027894049988e+02
3.682182182182182295e+00 2.995121289439239263e+02
3.699199199199199484e+00 2.996603714972927150e+02
3.716216216216216672e+00 2.998089303582540310e+02
3.733233233233233417e+00 2.999578054308035462e+02
3.750250250250250605e+00 3.001069966141909617e+02
3.767267267267267350e+00 3.002565038029043762e+02
3.784284284284284539e+00 3.004063268866311205e+02
3.801301301301301727e+00 3.005564657502951036e+02
3.818318318318318472e+00 3.007069202739809270e+02
3.835335335335335660e+00 3.008576903329807237e+02
3.852352352352352849e+00 3.010087757977579486e+02
3.869369369369369593e+00 3.011601765339026997e+02
3.886386386386386782e+00 3.013118924021881071e+02
3.903403403403403527e+00 3.014639232585001878e+02
3.920420420420420715e+00 3.016162689538433597e+02
3.937437437437437904e+00 3.017689293343293002e+02
3.954454454454454648e+00 3.019219042411791065e+02
3.971471471471471837e+00 3.020751935106832207e+02
3.988488488488489025e+00 3.022287969741973370e+02
4.005505505505505326e+00 3.023827144581639459e+02
4.022522522522523403e+00 3.025369457840546374e+02
4.039539539539539703e+00 3.026914907683620868e+02
4.056556556556556892e+00 3.028463492226330231e+02
4.073573573573574080e+00 3.030015209533987104e+02
4.090590590590590381e+00 3.031570057622133731e+02
4.107607607607608458e+00 3.033128034455969555e+02
4.124624624624624758e+00 3.034689137950699660e+02
4.141641641641641947e+00 3.036253365971007270e+02
4.158658658658659135e+00 3.037820716331028734e+02
4.175675675675675436e+00 3.039391186794637747e+02
4.192692692692693512e+00 3.040964775074692170e+02
4.209709709709709813e+00 3.042541478833452402e+02
4.226726726726727001e+00 3.044121295682176083e+02
4.243743743743744190e+00 3.045704223181017483e+02
4.260760760760760490e+00 3.047290258839160515e+02
4.277777777777778567e+00 3.048879400114392411e+02
4.294794794794794868e+00 3.050471644413216836e+02
4.311811811811812056e+00 3.052066989090586162e+02
4.328828828828829245e+00 3.053665431449969105e+02
4.345845845845845545e+00 3.055266968743014218e+02
4.362862862862863622e+00 3.056871598169719846e+02
4.379879879879879923e+00 3.058479316878136274e+02
4.396896896896897111e+00 3.060090121964205991e+02
4.413913913913914300e+00 3.061704010471844981e+02
4.430930930930931488e+00 3.063320979392779009e+02
4.447947947947948677e+00 3.064941025666329892e+02
4.464964964964964977e+00 3.066564146179419481e+02
4.481981981981982166e+00 3.068190337766442894e+02
4.498998998998999355e+00 3.069819597209199742e+02
4.516016016016016543e+00 3.071451921236664475e+02
4.533033033033033732e+00 3.073087306525051758e+02
4.550050050050050032e+00 3.074725749697687434e+02
4.567067067067067221e+00 3.076367247324675986e+02
4.584084084084084409e+00 3.078011795923254681e+02
4.601101101101101598e+00 3.079659391957229104e+02
4.618118118118118787e+00 3.081310031837142560e+02
4.635135135135135087e+00 3.082963711920134529e+02
4.652152152152152276e+00 3.084620428509785484e+02
4.669169169169169464e+00 3.086280177856091314e+02
4.686186186186186653e+00 3.087942956155507659e+02
4.703203203203203842e+00 3.089608759550279729e+02
4.720220220220221030e+00 3.091277584129199454e+02
4.737237237237237331e+00 3.092949425926796039e+02
4.754254254254254519e+00 3.094624280923674746e+02
4.771271271271271708e+00 3.096302145046239502e+02
4.788288288288288896e+00 3.097983014166550788e+02
4.805305305305306085e+00 3.099666884102542781e+02
4.822322322322322385e+00 3.101353750617531091e+02
4.839339339339339574e+00 3.103043609420344637e+02
4.856356356356356763e+00 3.104736456165329628e+02
4.873373373373373951e+00 3.106432286451992013e+02
4.890390390390391140e+00 3.108131095825231114e+02
4.907407407407407440e+00 3.109832879774982075e+02
4.924424424424424629e+00 3.111537633736298858e+02
4.941441441441441818e+00 3.113245353089168930e+02
4.958458458458459006e+00 3.114956033158542255e+02
4.975475475475476195e+00 3.116669669214217038e+02
4.992492492492492495e+00 3.118386256470677154e+02
5.009509509509509684e+00 3.120105790087031892e+02
5.026526526526526872e+00 3.121828265167062568e+02
5.043543543543544061e+00 3.123553676759132713e+02
5.060560560560561250e+00 3.125282019855827684e+02
5.077577577577578438e+00 3.127013289394387812e+02
5.094594594594594739e+00 3.128747480256020594e+02
5.111611611611611927e+00 3.130484587266407743e+02
5.128628628628629116e+00 3.132224605195281129e+02
5.145645645645646304e+00 3.133967528756412548e+02
5.162662662662663493e+00 3.135713352607658635e+02
5.179679679679679793e+00 3.137462071350756219e+02
5.196696696696696982e+00 3.139213679531376897e+02
5.213713713713714171e+00 3.140968171638861008e+02
5.230730730730731359e+00 3.142725542106391572e+02
5.247747747747748548e+00 3.144485785310779988e+02
5.264764764764764848e+00 3.146248895572542779e+02
5.281781781781782037e+00 3.148014867155551997e+02
5.298798798798799226e+00 3.149783694267304668e+02
5.315815815815816414e+00 3.151555371058632886e+02
5.332832832832833603e+00 3.153329891623783965e+02
5.349849849849849903e+00 3.155107250000272643e+02
5.366866866866867092e+00 3.156887440168836747e+02
5.383883883883884280e+00 3.158670456053428097e+02
5.400900900900901469e+00 3.160456291521068692e+02
5.417917917917918658e+00 3.162244940381921197e+02
5.434934934934934958e+00 3.164036396389126367e+02
5.451951951951952147e+00 3.165830653238721766e+02
5.468968968968969335e+00 3.167627704569775346e+02
5.485985985985986524e+00 3.169427543964048368e+02
5.503003003003003712e+00 3.171230164946250625e+02
5.520020020020020901e+00 3.173035560983834102e+02
5.537037037037037202e+00 3.174843725486808239e+02
5.554054054054054390e+00 3.176654651808003109e+02
5.571071071071071579e+00 3.178468333242718700e+02
5.588088088088088767e+00 3.180284763029046076e+02
5.605105105105105956e+00 3.182103934347244945e+02
5.622122122122122256e+00 3.183925840320400766e+02
5.639139139139139445e+00 3.185750474013788107e+02
5.656156156156156634e+00 3.187577828435231027e+02
5.673173173173173822e+00 3.189407896534748943e+02
5.690190190190191011e+00 3.191240671204877799e+02
5.707207207207207311e+00 3.193076145280201672e+02
5.724224224224224500e+00 3.194914311537604590e+02
5.741241241241241688e+00 3.196755162696280763e+02
5.758258258258258877e+00 3.198598691417510054e+02
5.775275275275276066e+00 3.200444890304693786e+02
5.792292292292292366e+00 3.202293751903375210e+02
5.809309309309309555e+00 3.204145268701013833e+02
5.826326326326326743e+00 3.205999433127356610e+02
5.843343343343343932e+00 3.207856237553866663e+02
5.860360360360361121e+00 3.209715674294296832e+02
5.877377377377378309e+00 3.211577735603988799e+02
5.894394394394394610e+00 3.213442413680489835e+02
5.911411411411411798e+00 3.215309700663143531e+02
5.928428428428428987e+00 3.217179588633193248e+02
5.945445445445446175e+00 3.219052069613607046e+02
5.962462462462463364e+00 3.220927135569269808e+02
5.979479479479479664e+00 3.222804778406958803e+02
5.996496496496496853e+00 3.224684989975121425e+02
6.013513513513514042e+00 3.226567762063913278e+02
6.030530530530531230e+00 3.228453086405496606e+02
6.047547547547548419e+00 3.230340954673394549e+02
6.064564564564564719e+00 3.232231358483178383e+02
6.081581581581581908e+00 3.234124289391908746e+02
6.098598598598599096e+00 3.236019738898513083e+02
6.115615615615616285e+00 3.237917698443363861e+02
6.132632632632633474e+00 3.239818159408704332e+02
6.149649649649649774e+00 3.241721113118372841e+02
6.166666666666666963e+00 3.243626550837811919e+02
6.183683683683684151e+00 3.245534463774195615e+02
6.200700700700701340e+00 3.247444843076226562e+02
6.217717717717718529e+00 3.249357679834257624e+02
6.234734734734734829e+00 3.251272965080477775e+02
6.251751751751752018e+00 3.253190689788339682e+02
6.268768768768769206e+00 3.255110844873206588e+02
6.285785785785786395e+00 3.257033421191950993e+02
6.302802802802803583e+00 3.258958409543013772e+02
6.319819819819820772e+00 3.260885800666636669e+02
6.336836836836837072e+00 3.262815585244608201e+02
6.353853853853854261e+00 3.264747753900273892e+02
6.370870870870871450e+00 3.266682297198690890e+02
6.387887887887888638e+00 3.268619205646448904e+02
6.404904904904905827e+00 3.270558469692215340e+02
6.421921921921922127e+00 3.272500079725717228e+02
6.438938938938939316e+00 3.274444026078855359e+02
6.455955955955956505e+00 3.276390299024755564e+02
6.472972972972973693e+00 3.278338888778775981e+02
6.489989989989990882e+00 3.280289785497657249e+02
6.507007007007007182e+00 3.282242979280009081e+02
6.524024024024024371e+00 3.284198460165943061e+02
6.541041041041041559e+00 3.286156218137716110e+02
6.558058058058058748e+00 3.288116243119058595e+02
6.575075075075075937e+00 3.290078524975673986e+02
6.592092092092092237e+00 3.292043053515126303e+02
6.609109109109109426e+00 3.294009818486697441e+02
6.626126126126126614e+00 3.295978809581602036e+02
6.643143143143143803e+00 3.297950016433040332e+02
6.660160160160160991e+00 3.299923428616061756e+02
6.677177177177178180e+00 3.301899035647664391e+02
6.694194194194194480e+00 3.303876826986858646e+02
6.711211211211211669e+00 3.305856792034756495e+02
6.728228228228228858e+00 3.307838920134294085e+02
6.745245245245246046e+00 3.309823200570876907e+02
6.762262262262263235e+00 3.311809622571599334e+02
6.779279279279279535e+00 3.313798175306069425e+02
6.796296296296296724e+00 3.315788847885851283e+02
6.813313313313313913e+00 3.317781629364881155e+02
6.830330330330331101e+00 3.319776508739262226e+02
6.847347347347348290e+00 3.321773474947491991e+02
6.864364364364364590e+00 3.323772516870367895e+02
6.881381381381381779e+00 3.325773623331252224e+02
6.898398398398398967e+00 3.327776783095592350e+02
6.915415415415416156e+00 3.329781984871686973e+02
6.932432432432433345e+00 3.331789217310266054e+02
6.949449449449449645e+00 3.333798469004570961e+02
6.966466466466466834e+00 3.335809728490586394e+02
6.983483483483484022e+00 3.337822984246827218e+02
7.000500500500501211e+00 3.339838224694730116e+02
7.017517517517518399e+00 3.341855438198396655e+02
7.034534534534534700e+00 3.343874613065070207e+02
7.051551551551551889e+00 3.345895737544320809e+02
7.068568568568569077e+00 3.347918799829264458e+02
7.085585585585586266e+00 3.349943788055735467e+02
7.102602602602603454e+00 3.351970690302844105e+02
7.119619619619620643e+00 3.353999494592709993e+02
7.136636636636636943e+00 3.356030188890613886e+02
7.153653653653654132e+00 3.358062761105317122e+02
7.170670670670671321e+00 3.360097199088821185e+02
7.187687687687688509e+00 3.362133490636376791e+02
7.204704704704705698e+00 3.364171623487017087e+02
7.221721721721721998e+00 3.366211585323262625e+02
7.238738738738739187e+00 3.368253363770978694e+02
7.255755755755756375e+00 3.370296946399997751e+02
7.272772772772773564e+00 3.372342320723913645e+02
7.289789789789790753e+00 3.374389474200042400e+02
7.306806806806807053e+00 3.376438394229808750e+02
7.323823823823824242e+00 3.378489068158321516e+02
7.340840840840841430e+00 3.380541483275134169e+02
7.357857857857858619e+00 3.382595626813666740e+02
7.374874874874875808e+00 3.384651485951919199e+02
7.391891891891892108e+00 3.386709047811801838e+02
7.408908908908909297e+00 3.388768299459843547e+02
7.425925925925926485e+00 3.390829227907256609e+02
7.442942942942943674e+00 3.392891820109593368e+02
7.459959959959960862e+00 3.394956062967049775e+02
7.476976976976978051e+00 3.397021943324769495e+02
7.493993993993994351e+00 3.399089447972700668e+02
7.511011011011011540e+00 3.401158563645769277e+02
7.528028028028028729e+00 3.403229277023709187e+02
7.545045045045045917e+00 3.405301574731930714e+02
7.562062062062063106e+00 3.407375443340405354e+02
7.579079079079079406e+00 3.409450869364937944e+02
7.596096096096096595e+00 3.411527839266609590e+02
7.613113113113113783e+00 3.413606339452051657e+02
7.630130130130130972e+00 3.415686356273563433e+02
7.647147147147148161e+00 3.417767876029143963e+02
7.664164164164164461e+00 3.419850884962737609e+02
7.681181181181181650e+00 3.421935369264128894e+02
7.698198198198198838e+00 3.424021315069235243e+02
7.715215215215216027e+00 3.426108708460249090e+02
7.732232232232233216e+00 3.428197535465314445e+02
7.749249249249249516e+00 3.430287782059493225e+02
7.766266266266266705e+00 3.432379434163980250e+02
7.783283283283283893e+00 3.434472477646696689e+02
7.800300300300301082e+00 3.436566898322364523e+02
7.817317317317318270e+00 3.438662681952406501e+02
7.834334334334335459e+00 3.440759814245712391e+02
7.851351351351351759e+00 3.442858280857697650e+02
7.868368368368368948e+00 3.444958067391249870e+02
7.885385385385386137e+00 3.447059159396598034e+02
7.902402402402403325e+00 3.449161542371469977e+02
7.919419419419420514e+00 3.451265201761237904e+02
7.936436436436436814e+00 3.453370122959034347e+02
7.953453453453454003e+00 3.455476291305639052e+02
7.970470470470471192e+00 3.457583692089992269e+02
7.987487487487488380e+00 3.459692310549198737e+02
8.004504504504506457e+00 3.461802131868511765e+02
8.021521521521520981e+00 3.463913141181624269e+02
8.038538538538539058e+00 3.466025323570802357e+02
8.055555555555557135e+00 3.468138664066809156e+02
8.072572572572573435e+00 3.470253147649556240e+02
8.089589589589589735e+00 3.472368759247600565e+02
8.106606606606607812e+00 3.474485483738579319e+02
8.123623623623624113e+00 3.476603305949409446e+02
8.140640640640640413e+00 3.478722210656755465e+02
8.157657657657658490e+00 3.480842182586100080e+02
8.174674674674676567e+00 3.482963206413154467e+02
8.191691691691691091e+00 3.485085266763313712e+02
8.208708708708709167e+00 3.487208348211742077e+02
8.225725725725727244e+00 3.489332435284067060e+02
8.242742742742743545e+00 3.491457512455722849e+02
8.259759759759759845e+00 3.493583564153108227e+02
8.276776776776777922e+00 3.495710574752835100e+02
8.293793793793794222e+00 3.497838528582406639e+02
8.310810810810810523e+00 3.499967409919966030e+02
8.327827827827828600e+00 3.502097202995146290e+02
8.344844844844846676e+00 3.504227891988384727e+02
8.361861861861862977e+00 3.506359461031936462e+02
8.378878878878879277e+00 3.508491894209066686e+02
8.395895895895897354e+00 3.510625175555114197e+02
8.412912912912913654e+00 3.512759289057460137e+02
8.429929929929929955e+00 3.514894218654874294e+02
8.446946946946948032e+00 3.517029948238895258e+02
8.463963963963964332e+00 3.519166461653414899e+02
8.480980980980980632e+00 3.521303742694743732e+02
8.497997997997998709e+00 3.523441775111730294e+02
8.515015015015015010e+00 3.525580542606446670e+02
8.532032032032033086e+00 3.527720028834009440e+02
8.549049049049049387e+00 3.529860217402664944e+02
8.566066066066067464e+00 3.532001091873977430e+02
8.583083083083083764e+00 3.534142635763560634e+02
8.600100100100100065e+00 3.536284832540379170e+02
8.617117117117118141e+00 3.538427665627601755e+02
8.634134134134134442e+00 3.540571118402579600e+02
8.651151151151152519e+00 3.542715174196789576e+02
8.668168168168168819e+00 3.544859816296698796e+02
8.685185185185185119e+00 3.547005027942913102e+02
8.702202202202203196e+00 3.549150792331565185e+02
8.719219219219219497e+00 3.551297092613217501e+02
8.736236236236237573e+00 3.553443911894361804e+02
8.753253253253253874e+00 3.555591233236756921e+02
8.770270270270270174e+00 3.557739039657602120e+02
8.787287287287288251e+00 3.559887314130331788e+02
8.804304304304304551e+00 3.562036039584311311e+02
8.821321321321322628e+00 3.564185198905326502e+02
8.838338338338338929e+00 3.566334774935270389e+02
8.855355355355357005e+00 3.568484750473232907e+02
8.872372372372373306e+00 3.570635108274796607e+02
8.889389389389389606e+00 3.572785831052794379e+02
8.906406406406407683e+00 3.574936901477346964e+02
8.923423423423423984e+00 3.577088302176048273e+02
8.940440440440442060e+00 3.579240015734466169e+02
8.957457457457458361e+00 3.581392024695560394e+02
8.974474474474474661e+00 3.583544311560658002e+02
8.991491491491492738e+00 3.585696858789845010e+02
9.008508508508509038e+00 3.587849648801211515e+02
9.025525525525527115e+00 3.590002663971945367e+02
9.042542542542543416e+00 3.592155886638008155e+02
9.059559559559559716e+00 3.594309299094709331e+02
9.076576576576577793e+00 3.596462883596873894e+02
9.093593593593594093e+00 3.598616622358770201e+02
9.110610610610612170e+00 3.600770497554631220e+02
9.127627627627628470e+00 3.602924491318882474e+02
9.144644644644644771e+00 3.605078585745869759e+02
9.161661661661662848e+00 3.607232762891177344e+02
9.178678678678679148e+00 3.609387004770713929e+02
9.195695695695697225e+00 3.611541293361161706e+02
9.212712712712713525e+00 3.613695610601010344e+02
9.229729729729729826e+00 3.615849938389825979e+02
9.246746746746747903e+00 3.618004258588744051e+02
9.263763763763764203e+00 3.620158553021287844e+02
9.280780780780782280e+00 3.622312803472916585e+02
9.297797797797798580e+00 3.624466991691236331e+02
9.314814814814814881e+00 3.626621099386794072e+02
9.331831831831832957e+00 3.628775108232910043e+02
9.348848848848849258e+00 3.630928999866000026e+02
9.365865865865867335e+00 3.633082755885980077e+02
9.382882882882883635e+00 3.635236357856032328e+02
9.399899899899899935e+00 3.637389787303492312e+02
9.416916916916918012e+00 3.639543025719544858e+02
9.433933933933934313e+00 3.641696054559832874e+02
9.450950950950952389e+00 3.643848855244434617e+02
9.467967967967968690e+00 3.646001409158624824e+02
9.484984984984984990e+00 3.648153697652261371e+02
9.502002002002003067e+00 3.650305702040818119e+02
9.519019019019019368e+00 3.652457403605137642e+02
9.536036036036037444e+00 3.654608783592169630e+02
9.553053053053053745e+00 3.656759823214667335e+02
9.570070070070070045e+00 3.658910503651961790e+02
9.587087087087088122e+00 3.661060806049629264e+02
9.604104104104104422e+00 3.663210711520544578e+02
9.621121121121122499e+00 3.665360201144276289e+02
9.638138138138138800e+00 3.667509255967997888e+02
9.655155155155156876e+00 3.669657857006414474e+02
9.672172172172173177e+00 3.671805985242349379e+02
9.689189189189189477e+00 3.673953621626317272e+02
9.706206206206207554e+00 3.676100747077814503e+02
9.723223223223223854e+00 3.678247342484499995e+02
9.740240240240241931e+00 3.680393388703408846e+02
9.757257257257258232e+00 3.682538866560528277e+02
9.774274274274274532e+00 3.684683756851410976e+02
9.791291291291292609e+00 3.686828040341551400e+02
9.808308308308308909e+00 3.688971697766009470e+02
9.825325325325326986e+00 3.691114709830731613e+02
9.842342342342343287e+00 3.693257057211975507e+02
9.859359359359359587e+00 3.695398720556643184e+02
9.876376376376377664e+00 3.697539680483248503e+02
9.893393393393393964e+00 3.699679917581149766e+02
9.910410410410412041e+00 3.701819412412143038e+02
9.927427427427428341e+00 3.703958145508969437e+02
9.944444444444444642e+00 3.706096097377698584e+02
9.961461461461462719e+00 3.708233248496200076e+02
9.978478478478479019e+00 3.710369579315329247e+02
9.995495495495497096e+00 3.712505070259355762e+02
1.001251251251251340e+01 3.714639701725440091e+02
1.002952952952952970e+01 3.716773454084830064e+02
1.004654654654654777e+01 3.718906307682533452e+02
1.006356356356356407e+01 3.721038242837661301e+02
1.008058058058058215e+01 3.723169239844239655e+02
1.009759759759759845e+01 3.725299278970765045e+02
1.011461461461461475e+01 3.727428340461224252e+02
1.013163163163163283e+01 3.729556404534557146e+02
1.014864864864864913e+01 3.731683451385815715e+02
1.016566566566566721e+01 3.733809461185618943e+02
1.018268268268268351e+01 3.735934414081364707e+02
1.019969969969969981e+01 3.738058290196943290e+02
1.021671671671671788e+01 3.740181069632743061e+02
1.023373373373373418e+01 3.742302732466845328e+02
1.025075075075075226e+01 3.744423258754468975e+02
1.026776776776776856e+01 3.746542628528641217e+02
1.028478478478478486e+01 3.748660821800809799e+02
1.030180180180180294e+01 3.750777818560534911e+02
1.031881881881881924e+01 3.752893598775992814e+02
1.033583583583583732e+01 3.755008142394682409e+02
1.035285285285285362e+01 3.757121429343311547e+02
1.036986986986986992e+01 3.759233439527841938e+02
1.038688688688688799e+01 3.761344152834649321e+02
1.040390390390390429e+01 3.763453549130086344e+02
1.042092092092092237e+01 3.765561608261211859e+02
1.043793793793793867e+01 3.767668310055663028e+02
1.045495495495495675e+01 3.769773634322638145e+02
1.047197197197197305e+01 3.771877560852291253e+02
1.048898898898898935e+01 3.773980069417144136e+02
1.050600600600600742e+01 3.776081139771497988e+02
1.052302302302302373e+01 3.778180751651849505e+02
1.054004004004004180e+01 3.780278884778065276e+02
1.055705705705705810e+01 3.782375518852502978e+02
1.057407407407407440e+01 3.784470633561279556e+02
1.059109109109109248e+01 3.786564208573652195e+02
1.060810810810810878e+01 3.788656223543677584e+02
1.062512512512512686e+01 3.790746658109128475e+02
1.064214214214214316e+01 3.792835491892647042e+02
1.065915915915915946e+01 3.794922704501786370e+02
1.067617617617617753e+01 3.797008275529493062e+02
1.069319319319319384e+01 3.799092184554307323e+02
1.071021021021021191e+01 3.801174411140534630e+02
1.072722722722722821e+01 3.803254934839033581e+02
1.074424424424424451e+01 3.805333735187226694e+02
1.076126126126126259e+01 3.807410791709255591e+02
1.077827827827827889e+01 3.809486083916821144e+02
1.079529529529529697e+01 3.811559591308859467e+02
1.081231231231231327e+01 3.813631293372340565e+02
1.082932932932932957e+01 3.815701169582620764e+02
1.084634634634634764e+01 3.817769199403542189e+02
1.086336336336336394e+01 3.819835362287874432e+02
1.088038038038038202e+01 3.821899637677694272e+02
1.089739739739739832e+01 3.823962005004474918e+02
1.091441441441441462e+01 3.826022443689489592e+02
1.093143143143143270e+01 3.828080933144785831e+02
1.094844844844844900e+01 3.830137452772465281e+02
1.096546546546546708e+01 3.832191981965978584e+02
1.098248248248248338e+01 3.834244500109536489e+02
1.099949949949949968e+01 3.836294986579276838e+02
1.101651651651651775e+01 3.838343420743232173e+02
1.103353353353353405e+01 3.840389781961915219e+02
1.105055055055055213e+01 3.842434049587693607e+02
1.106756756756756843e+01 3.844476202966866367e+02
1.108458458458458473e+01 3.846516221438184289e+02
1.110160160160160281e+01 3.848554084334896856e+02
1.111861861861861911e+01 3.850589770983532958e+02
1.113563563563563719e+01 3.852623260704774566e+02
1.115265265265265349e+01 3.854654532814979007e+02
1.116966966966966979e+01 3.856683566624635660e+02
1.118668668668668786e+01 3.858710341439792728e+02
1.120370370370370416e+01 3.860734836562320424e+02
1.122072072072072224e+01 3.862757031290119016e+02
1.123773773773773854e+01 3.864776904917463867e+02
1.125475475475475662e+01 3.866794436735380032e+02
1.127177177177177292e+01 3.868809606031915109e+02
1.128878878878878922e+01 3.870822392092766222e+02
1.130580580580580730e+01 3.872832774201157235e+02
1.132282282282282360e+01 3.874840731638397529e+02
1.133983983983984167e+01 3.876846243685025684e+02
1.135685685685685797e+01 3.878849289619420802e+02
1.137387387387387427e+01 3.880849848719794863e+02
1.139089089089089235e+01 3.882847900263764132e+02
1.140790790790790865e+01 3.884843423528695325e+02
1.142492492492492673e+01 3.886836397792476419e+02
1.144194194194194303e+01 3.888826802333503565e+02
1.145895895895895933e+01 3.890814616431221111e+02
1.147597597597597741e+01 3.892799819366027805e+02
1.149299299299299371e+01 3.894782390420522233e+02
1.151001001001001178e+01 3.896762308878843442e+02
1.152702702702702808e+01 3.898739554027952181e+02
1.154404404404404438e+01 3.900714105157502445e+02
1.156106106106106246e+01 3.902685941559765297e+02
1.157807807807807876e+01 3.904655042531216509e+02
1.159509509509509684e+01 3.906621387371611149e+02
1.161211211211211314e+01 3.908584955384925479e+02
1.162912912912912944e+01 3.910545725880097052e+02
1.164614614614614752e+01 3.912503678170594981e+02
1.166316316316316382e+01 3.914458791575262921e+02
1.168018018018018189e+01 3.916411045418511776e+02
1.169719719719719819e+01 3.918360419030589128e+02
1.171421421421421449e+01 3.920306891748615499e+02
1.173123123123123257e+01 3.922250442915921553e+02
1.174824824824824887e+01 3.924191051882972943e+02
1.176526526526526695e+01 3.926128698007896674e+02
1.178228228228228325e+01 3.928063360656449277e+02
1.179929929929929955e+01 3.929995019202580693e+02
1.181631631631631763e+01 3.931923653028696890e+02
1.183333333333333393e+01 3.933849241526287415e+02
1.185035035035035200e+01 3.935771764095784988e+02
1.186736736736736830e+01 3.937691200147448853e+02
1.188438438438438460e+01 3.939607529101637056e+02
1.190140140140140268e+01 3.941520730388850779e+02
1.191841841841841898e+01 3.943430783450208423e+02
1.193543543543543706e+01 3.945337667738193659e+02
1.195245245245245336e+01 3.947241362716586082e+02
1.196946946946946966e+01 3.949141847860753387e+02
1.198648648648648773e+01 3.951039102658812681e+02
1.200350350350350404e+01 3.952933106610707910e+02
1.202052052052052211e+01 3.954823839229923124e+02
1.203753753753753841e+01 3.956711280042793533e+02
1.205455455455455649e+01 3.958595408589525846e+02
1.207157157157157279e+01 3.960476204424531375e+02
1.208858858858858909e+01 3.962353647115663762e+02
1.210560560560560717e+01 3.964227716246751925e+02
1.212262262262262347e+01 3.966098391415894184e+02
1.213963963963964154e+01 3.967965652237230643e+02
1.215665665665665784e+01 3.969829478340170681e+02
1.217367367367367414e+01 3.971689849370994807e+02
1.219069069069069222e+01 3.973546744991871265e+02
1.220770770770770852e+01 3.975400144882434006e+02
1.222472472472472660e+01 3.977250028739645700e+02
1.224174174174174290e+01 3.979096376277900617e+02
1.225875875875875920e+01 3.980939167229633995e+02
1.227577577577577728e+01 3.982778381345951857e+02
1.229279279279279358e+01 3.984613998396810075e+02
1.230980980980981165e+01 3.986445998171041083e+02
1.232682682682682795e+01 3.988274360477073515e+02
1.234384384384384425e+01 3.990099065143494954e+02
1.236086086086086233e+01 3.991920092018904711e+02
1.237787787787787863e+01 3.993737420972784662e+02
1.239489489489489671e+01 3.995551031895486176e+02
1.241191191191191301e+01 3.997360904698768991e+02
1.242892892892892931e+01 3.999167019316186042e+02
1.244594594594594739e+01 4.000969355703357451e+02
1.246296296296296369e+01 4.002767893838517352e+02
1.247997997997998176e+01 4.004562613722578135e+02
1.249699699699699806e+01 4.006353495379949550e+02
1.251401401401401436e+01 4.008140518858467658e+02
1.253103103103103244e+01 4.009923664229881410e+02
1.254804804804804874e+01 4.011702911590630833e+02
1.256506506506506682e+01 4.013478241061312133e+02
1.258208208208208312e+01 4.015249632788288636e+02
1.259909909909909942e+01 4.017017066942834163e+02
1.261611611611611750e+01 4.018780523722164162e+02
1.263313313313313380e+01 4.020539983349881936e+02
1.265015015015015187e+01 4.022295426075696696e+02
1.266716716716716817e+01 4.024046832177172632e+02
1.268418418418418447e+01 4.025794181958071363e+02
1.270120120120120255e+01 4.027537455750576783e+02
1.271821821821821885e+01 4.029276633914545869e+02
1.273523523523523693e+01 4.031011696838349394e+02
1.275225225225225323e+01 4.032742624939379539e+02
1.276926926926926953e+01 4.034469398663573543e+02
1.278628628628628761e+01 4.036191998486934835e+02
1.280330330330330391e+01 4.037910404915155596e+02
1.282032032032032198e+01 4.039624598483877094e+02
1.283733733733733828e+01 4.041334559760094294e+02
1.285435435435435636e+01 4.043040269340912118e+02
1.287137137137137266e+01 4.044741707855159802e+02
1.288838838838838896e+01 4.046438855963723427e+02
1.290540540540540704e+01 4.048131694358798995e+02
1.292242242242242334e+01 4.049820203765903557e+02
1.293943943943944141e+01 4.051504364942632037e+02
1.295645645645645772e+01 4.053184158679897564e+02
1.297347347347347402e+01 4.054859565802752286e+02
1.299049049049049209e+01 4.056530567169245955e+02
1.300750750750750839e+01 4.058197143672273342e+02
1.302452452452452647e+01 4.059859276239212136e+02
1.304154154154154277e+01 4.061516945832558463e+02
1.305855855855855907e+01 4.063170133449872878e+02
1.307557557557557715e+01 4.064818820124519902e+02
1.309259259259259345e+01 4.066462986926318308e+02
1.310960960960961152e+01 4.068102614960969277e+02
1.312662662662662783e+01 4.069737685371450198e+02
1.314364364364364413e+01 4.071368179337566744e+02
1.316066066066066220e+01 4.072994078076975484e+02
1.317767767767767850e+01 4.074615362844876927e+02
1.319469469469469658e+01 4.076232014934930703e+02
1.321171171171171288e+01 4.077844015679362997e+02
1.322872872872872918e+01 4.079451346449246216e+02
1.324574574574574726e+01 4.081053988655443163e+02
1.326276276276276356e+01 4.082651923747800424e+02
1.327977977977978163e+01 4.084245133216666090e+02
1.329679679679679793e+01 4.085833598592901694e+02
1.331381381381381424e+01 4.087417301447703721e+02
1.333083083083083231e+01 4.088996223393620539e+02
1.334784784784784861e+01 4.090570346084606399e+02
1.336486486486486669e+01 4.092139651216596121e+02
1.338188188188188299e+01 4.093704120527547161e+02
1.339889889889889929e+01 4.095263735798008611e+02
1.341591591591591737e+01 4.096818478851567988e+02
1.343293293293293367e+01 4.098368331554567021e+02
1.344994994994995174e+01 4.099913275817370959e+02
1.346696696696696804e+01 4.101453293594370848e+02
1.348398398398398434e+01 4.102988366883883486e+02
1.350100100100100242e+01 4.104518477729308756e+02
1.351801801801801872e+01 4.106043608218543568e+02
1.353503503503503680e+01 4.107563740485217636e+02
1.355205205205205310e+01 4.109078856708676426e+02
1.356906906906906940e+01 4.110588939114143727e+02
1.358608608608608748e+01 4.112093969973082039e+02
1.360310310310310378e+01 4.113593931604008276e+02
1.362012012012012185e+01 4.115088806372516501e+02
1.363713713713713815e+01 4.116578576691462672e+02
1.365415415415415623e+01 4.118063225021490439e+02
1.367117117117117253e+01 4.119542733871700193e+02
1.368818818818818883e+01 4.121017085799086317e+02
1.370520520520520691e+01 4.122486263409822413e+02
1.372222222222222321e+01 4.123950249359302234e+02
1.373923923923924129e+01 4.125409026352201067e+02
1.375625625625625759e+01 4.126862577143320436e+02
1.377327327327327389e+01 4.128310884537308993e+02
1.379029029029029196e+01 4.129753931389573154e+02
1.380730730730730826e+01 4.131191700606134418e+02
1.382432432432432634e+01 4.132624175144409264e+02
1.384134134134134264e+01 4.134051338013407531e+02
1.385835835835835894e+01 4.135473172273614750e+02
1.387537537537537702e+01 4.136889661038241002e+02
1.389239239239239332e+01 4.138300787473085620e+02
1.390940940940941140e+01 4.139706534795632251e+02
1.392642642642642770e+01 4.141106886278308821e+02
1.394344344344344400e+01 4.142501825245906275e+02
1.396046046046046207e+01 4.143891335077440772e+02
1.397747747747747837e+01 4.145275399206190627e+02
1.399449449449449645e+01 4.146654001119513850e+02
1.401151151151151275e+01 4.148027124360625066e+02
1.402852852852852905e+01 4.149394752526804950e+02
1.404554554554554713e+01 4.150756869271499454e+02
1.406256256256256343e+01 4.152113458303776952e+02
1.407957957957958151e+01 4.153464503388972844e+02
1.409659659659659781e+01 4.154809988349001060e+02
1.411361361361361411e+01 4.156149897062118725e+02
1.413063063063063218e+01 4.157484213464235268e+02
1.414764764764764848e+01 4.158812921548684471e+02
1.416466466466466656e+01 4.160136005366236986e+02
1.418168168168168286e+01 4.161453449026029716e+02
1.419869869869869916e+01 4.162765236695494195e+02
1.421571571571571724e+01 4.164071352600972205e+02
1.423273273273273354e+01 4.165371781027572524e+02
1.424974974974975162e+01 4.166666506319860446e+02
1.426676676676676792e+01 4.167955512882417679e+02
1.428378378378378422e+01 4.169238785179376237e+02
1.430080080080080229e+01 4.170516307735358623e+02
1.431781781781781859e+01 4.171788065135759780e+02
1.433483483483483667e+01 4.173054042026325874e+02
1.435185185185185297e+01 4.174314223114938045e+02
1.436886886886887105e+01 4.175568593170311260e+02
1.438588588588588735e+01 4.176817137023416535e+02
1.440290290290290365e+01 4.178059839566955134e+02
1.441991991991992172e+01 4.179296685756544321e+02
1.443693693693693803e+01 4.180527660610530347e+02
1.445395395395395610e+01 4.181752749209945250e+02
1.447097097097097240e+01 4.182971936699501612e+02
1.448798798798798870e+01 4.184185208287600517e+02
1.450500500500500678e+01 4.185392549246470253e+02
1.452202202202202308e+01 4.186593944912752931e+02
1.453903903903904116e+01 4.187789380687878520e+02
1.455605605605605746e+01 4.188978842037306549e+02
1.457307307307307376e+01 4.190162314492722544e+02
1.459009009009009183e+01 4.191339783650712434e+02
1.460710710710710813e+01 4.192511235173578825e+02
1.462412412412412621e+01 4.193676654789746863e+02
1.464114114114114251e+01 4.194836028293828463e+02
1.465815815815815881e+01 4.195989341547743265e+02
1.467517517517517689e+01 4.197136580479417489e+02
1.469219219219219319e+01 4.198277731084572792e+02
1.470920920920921127e+01 4.199412779425857138e+02
1.472622622622622757e+01 4.200541711634609783e+02
1.474324324324324387e+01 4.201664513909067296e+02
1.476026026026026194e+01 4.202781172516638435e+02
1.477727727727727824e+01 4.203891673793222026e+02
1.479429429429429632e+01 4.204996004143229698e+02
1.481131131131131262e+01 4.206094150040484010e+02
1.482832832832832892e+01 4.207186098028449805e+02
1.484534534534534700e+01 4.208271834720101197e+02
1.486236236236236330e+01 4.209351346798148370e+02
1.487937937937938138e+01 4.210424621016181845e+02
1.489639639639639768e+01 4.211491644197941469e+02
1.491341341341341398e+01 4.212552403237875751e+02
1.493043043043043205e+01 4.213606885101772832e+02
1.494744744744744835e+01 4.214655076826567779e+02
1.496446446446446643e+01 4.215696965521070751e+02
1.498148148148148273e+01 4.216732538365772598e+02
1.499849849849849903e+01 4.217761782613251853e+02
1.501551551551551711e+01 4.218784685588471461e+02
1.503253253253253341e+01 4.219801234689454077e+02
1.504954954954955149e+01 4.220811417386778430e+02
1.506656656656656779e+01 4.221815221224169363e+02
1.508358358358358409e+01 4.222812633819040684e+02
1.510060060060060216e+01 4.223803642862426955e+02
1.511761761761761846e+01 4.224788236118895384e+02
1.513463463463463654e+01 4.225766401428006702e+02
1.515165165165165284e+01 4.226738126703099283e+02
1.516866866866867092e+01 4.227703399932486263e+02
1.518568568568568722e+01 4.228662209179386764e+02
1.520270270270270352e+01 4.229614542582245349e+02
1.521971971971972160e+01 4.230560388354916199e+02
1.523673673673673790e+01 4.231499734786737008e+02
1.525375375375375597e+01 4.232432570243479404e+02
1.527077077077077227e+01 4.233358883166704345e+02
1.528778778778778857e+01 4.234278662074383988e+02
1.530480480480480665e+01 4.235191895561210913e+02
1.532182182182182295e+01 4.236098572298717500e+02
1.533883883883884103e+01 4.236998681035813661e+02
1.535585585585585733e+01 4.237892210598046177e+02
1.537287287287287363e+01 4.238779149889408018e+02
1.538988988988989171e+01 4.239659487891256049e+02
1.540690690690690801e+01 4.240533213662872640e+02
1.542392392392392608e+01 4.241400316342287624e+02
1.544094094094094238e+01 4.242260785145335831e+02
1.545795795795795868e+01 4.243114609367077037e+02
1.547497497497497676e+01 4.243961778381627710e+02
1.549199199199199306e+01 4.244802281641345871e+02
1.550900900900901114e+01 4.245636108679394738e+02
1.552602602602602744e+01 4.246463249107470119e+02
1.554304304304304374e+01 4.247283692617167503e+02
1.556006006006006182e+01 4.248097428980544237e+02
1.557707707707707812e+01 4.248904448049586335e+02
1.559409409409409619e+01 4.249704739757016796e+02
1.561111111111111249e+01 4.250498294115552085e+02
1.562812812812812879e+01 4.251285101219781950e+02
1.564514514514514687e+01 4.252065151244281651e+02
1.566216216216216317e+01 4.252838434445961298e+02
1.567917917917918125e+01 4.253604941162354862e+02
1.569619619619619755e+01 4.254364661813197017e+02
1.571321321321321385e+01 4.255117586899996240e+02
1.573023023023023192e+01 4.255863707006276400e+02
1.574724724724724823e+01 4.256603012797399401e+02
1.576426426426426630e+01 4.257335495022223313e+02
1.578128128128128260e+01 4.258061144511602834e+02
1.579829829829829890e+01 4.258779952179244219e+02
1.581531531531531698e+01 4.259491909022302707e+02
1.583233233233233328e+01 4.260197006120388892e+02
1.584934934934935136e+01 4.260895234637322346e+02
1.586636636636636766e+01 4.261586585820242590e+02
1.588338338338338396e+01 4.262271051000172974e+02
1.590040040040040203e+01 4.262948621591809797e+02
1.591741741741741833e+01 4.263619289094493752e+02
1.593443443443443641e+01 4.264283045091274289e+02
1.595145145145145271e+01 4.264939881250496683e+02
1.596846846846847079e+01 4.265589789324595813e+02
1.598548548548548709e+01 4.266232761150795341e+02
1.600250250250250161e+01 4.266868788651827344e+02
1.601951951951951969e+01 4.267497863835317276e+02
1.603653653653653777e+01 4.268119978794373992e+02
1.605355355355355584e+01 4.268735125707262341e+02
1.607057057057057392e+01 4.269343296838757738e+02
1.608758758758758844e+01 4.269944484538658571e+02
1.610460460460460652e+01 4.270538681243336896e+02
1.612162162162162105e+01 4.271125879474788007e+02
1.613863863863863912e+01 4.271706071841992980e+02
1.615565565565565720e+01 4.272279251040013150e+02
1.617267267267267528e+01 4.272845409850568217e+02
1.618968968968969335e+01 4.273404541142412540e+02
1.620670670670670788e+01 4.273956637871087878e+02
1.622372372372372595e+01 4.274501693078879043e+02
1.624074074074074048e+01 4.275039699896192360e+02
1.625775775775775855e+01 4.275570651539972573e+02
1.627477477477477663e+01 4.276094541315130186e+02
1.629179179179179471e+01 4.276611362614056588e+02
1.630880880880881278e+01 4.277121108917002630e+02
1.632582582582582731e+01 4.277623773792240627e+02
1.634284284284284183e+01 4.278119350896183732e+02
1.635985985985985991e+01 4.278607833973188121e+02
1.637687687687687799e+01 4.279089216856109488e+02
1.639389389389389606e+01 4.279563493466368982e+02
1.641091091091091414e+01 4.280030657813896369e+02
1.642792792792792866e+01 4.280490703997211313e+02
1.644494494494494674e+01 4.280943626204220891e+02
1.646196196196196126e+01 4.281389418711152643e+02
1.647897897897897934e+01 4.281828075883678366e+02
1.649599599599599742e+01 4.282259592176502565e+02
1.651301301301301550e+01 4.282683962134185549e+02
1.653003003003003002e+01 4.283101180389774072e+02
1.654704704704704810e+01 4.283511241666946034e+02
1.656406406406406617e+01 4.283914140778287560e+02
1.658108108108108425e+01 4.284309872626537299e+02
1.659809809809809877e+01 4.284698432204170331e+02
1.661511511511511685e+01 4.285079814593842684e+02
1.663213213213213493e+01 4.285454014967951935e+02
1.664914914914914945e+01 4.285821028589663797e+02
1.666616616616616753e+01 4.286180850811957157e+02
1.668318318318318561e+01 4.286533477078305623e+02
1.670020020020020013e+01 4.286878902922817360e+02
1.671721721721721821e+01 4.287217123970287957e+02
1.673423423423423628e+01 4.287548135935918481e+02
1.675125125125125436e+01 4.287871934625609924e+02
1.676826826826826888e+01 4.288188515936493559e+02
1.678528528528528696e+01 4.288497875856834298e+02
1.680230230230230504e+01 4.288800010465190553e+02
1.681931931931931956e+01 4.289094915931884771e+02
1.683633633633633764e+01 4.289382588517869976e+02
1.685335335335335571e+01 4.289663024576000225e+02
1.687037037037037024e+01 4.289936220550317785e+02
1.688738738738738832e+01 4.290202172975716621e+02
1.690440440440440639e+01 4.290460878479482290e+02
1.692142142142142447e+01 4.290712333779705432e+02
1.693843843843843899e+01 4.290956535686998450e+02
1.695545545545545707e+01 4.291193481102679925e+02
1.697247247247247515e+01 4.291423167020672054e+02
1.698948948948948967e+01 4.291645590525927219e+02
1.700650650650650775e+01 4.291860748796431722e+02
1.702352352352352582e+01 4.292068639101201484e+02
1.704054054054054035e+01 4.292269258801427441e+02
1.705755755755755843e+01 4.292462605350593776e+02
1.707457457457457650e+01 4.292648676294484744e+02
1.709159159159159458e+01 4.292827469270630445e+02
1.710860860860860910e+01 4.292998982008910502e+02
1.712562562562562718e+01 4.293163212331720615e+02
1.714264264264264526e+01 4.293320158153600232e+02
1.715965965965965978e+01 4.293469817481429800e+02
1.717667667667667786e+01 4.293612188414904267e+02
1.719369369369369593e+01 4.293747269145487735e+02
1.721071071071071401e+01 4.293875057957576473e+02
1.722772772772772854e+01 4.293995553228406266e+02
1.724474474474474661e+01 4.294108753426801854e+02
1.726176176176176469e+01 4.294214657115220461e+02
1.727877877877877921e+01 4.294313262947972589e+02
1.729579579579579729e+01 4.294404569672734624e+02
1.731281281281281537e+01 4.294488576129634794e+02
1.732982982982982989e+01 4.294565281250851285e+02
1.734684684684684797e+01 4.294634684062156111e+02
1.736386386386386604e+01 4.294696783681717989e+02
1.738088088088088412e+01 4.294751579320447945e+02
1.739789789789789864e+01 4.294799070282131197e+02
1.741491491491491672e+01 4.294839255963030951e+02
1.743193193193193480e+01 4.294872135853208306e+02
1.744894894894894932e+01 4.294897709534220667e+02
1.746596596596596740e+01 4.294915976681453458e+02
1.748298298298298548e+01 4.294926937062608658e+02
1.750000000000000000e+01 4.294930590538386923e+02
