5.000000000000000000e-01 4.579856051329290949e+02
5.170170170170169666e-01 4.582133437223967007e+02
5.340340340340340441e-01 4.584409473967312465e+02
5.510510510510510107e-01 4.586684159036733490e+02
5.680680680680680883e-01 4.588957489910811205e+02
5.850850850850850549e-01 4.591229464069297137e+02
6.021021021021021324e-01 4.593500078993130273e+02
6.191191191191190990e-01 4.595769332164417733e+02
6.361361361361361766e-01 4.598037221066471147e+02
6.531531531531531432e-01 4.600303743183779375e+02
6.701701701701702207e-01 4.602568896002032375e+02
6.871871871871871873e-01 4.604832677008119504e+02
7.042042042042042649e-01 4.607095083690127240e+02
7.212212212212212314e-01 4.609356113537353963e+02
7.382382382382381980e-01 4.611615764040299155e+02
7.552552552552552756e-01 4.613874032690691820e+02
7.722722722722723532e-01 4.616130916981458654e+02
7.892892892892893197e-01 4.618386414406759286e+02
8.063063063063062863e-01 4.620640522461978890e+02
8.233233233233233639e-01 4.622893238643725908e+02
8.403403403403404415e-01 4.625144560449841720e+02
8.573573573573574080e-01 4.627394485379412572e+02
8.743743743743743746e-01 4.629643010932751963e+02
8.913913913913914522e-01 4.631890134611422241e+02
9.084084084084084187e-01 4.634135853918241423e+02
9.254254254254254963e-01 4.636380166357267285e+02
9.424424424424424629e-01 4.638623069433819524e+02
9.594594594594594295e-01 4.640864560654471234e+02
9.764764764764765070e-01 4.643104637527065961e+02
9.934934934934935846e-01 4.645343297560706333e+02
1.010510510510510551e+00 4.647580538265767132e+02
1.027527527527527518e+00 4.649816357153900981e+02
1.044544544544544706e+00 4.652050751738034933e+02
1.061561561561561451e+00 4.654283719532376153e+02
1.078578578578578639e+00 4.656515258052417607e+02
1.095595595595595606e+00 4.658745364814944878e+02
1.112612612612612573e+00 4.660974037338030485e+02
1.129629629629629761e+00 4.663201273141046386e+02
1.146646646646646728e+00 4.665427069744662845e+02
1.163663663663663694e+00 4.667651424670859228e+02
1.180680680680680883e+00 4.669874335442917754e+02
1.197697697697697627e+00 4.672095799585429177e+02
1.214714714714714816e+00 4.674315814624305290e+02
1.231731731731731783e+00 4.676534378086778361e+02
1.248748748748748749e+00 4.678751487501393740e+02
1.265765765765765938e+00 4.680967140398028050e+02
1.282782782782782904e+00 4.683181334307892598e+02
1.299799799799799871e+00 4.685394066763517458e+02
1.316816816816816837e+00 4.687605335298791829e+02
1.333833833833833804e+00 4.689815137448927658e+02
1.350850850850850993e+00 4.692023470750490901e+02
1.367867867867867959e+00 4.694230332741391862e+02
1.384884884884884926e+00 4.696435720960893150e+02
1.401901901901902114e+00 4.698639632949618203e+02
1.418918918918918859e+00 4.700842066249542199e+02
1.435935935935936048e+00 4.703043018404006830e+02
1.452952952952953014e+00 4.705242486957724850e+02
1.469969969969969981e+00 4.707440469456770984e+02
1.486986986986987169e+00 4.709636963448605798e+02
1.504004004004004136e+00 4.711831966482054668e+02
1.521021021021021102e+00 4.714025476107333930e+02
1.538038038038038069e+00 4.716217489876046329e+02
1.555055055055055258e+00 4.718408005341169087e+02
1.572072072072072224e+00 4.720597020057093118e+02
1.589089089089089191e+00 4.722784531579587224e+02
1.606106106106106157e+00 4.724970537465832763e+02
1.623123123123123124e+00 4.727155035274408306e+02
1.640140140140140312e+00 4.729338022565301003e+02
1.657157157157157279e+00 4.731519496899908290e+02
1.674174174174174246e+00 4.733699455841045847e+02
1.691191191191191212e+00 4.735877896952939636e+02
1.708208208208208401e+00 4.738054817801248646e+02
1.725225225225225367e+00 4.740230215953047264e+02
1.742242242242242334e+00 4.742404088976847447e+02
1.759259259259259300e+00 4.744576434442584514e+02
1.776276276276276489e+00 4.746747249921639877e+02
1.793293293293293456e+00 4.748916532986827406e+02
1.810310310310310422e+00 4.751084281212412179e+02
1.827327327327327389e+00 4.753250492174094006e+02
1.844344344344344577e+00 4.755415163449041529e+02
1.861361361361361544e+00 4.757578292615861528e+02
1.878378378378378510e+00 4.759739877254629619e+02
1.895395395395395477e+00 4.761899914946880585e+02
1.912412412412412444e+00 4.764058403275609521e+02
1.929429429429429632e+00 4.766215339825288311e+02
1.946446446446446599e+00 4.768370722181855399e+02
1.963463463463463565e+00 4.770524547932729433e+02
1.980480480480480532e+00 4.772676814666806422e+02
1.997497497497497720e+00 4.774827519974467123e+02
2.014514514514514687e+00 4.776976661447584434e+02
2.031531531531531876e+00 4.779124236679509181e+02
2.048548548548548620e+00 4.781270243265096269e+02
2.065565565565565809e+00 4.783414678800698425e+02
2.082582582582582553e+00 4.785557540884167906e+02
2.099599599599599742e+00 4.787698827114861047e+02
2.116616616616616930e+00 4.789838535093643372e+02
2.133633633633633675e+00 4.791976662422891877e+02
2.150650650650650864e+00 4.794113206706500137e+02
2.167667667667667608e+00 4.796248165549879445e+02
2.184684684684684797e+00 4.798381536559975871e+02
2.201701701701701985e+00 4.800513317345240125e+02
2.218718718718719174e+00 4.802643505515670768e+02
2.235735735735735918e+00 4.804772098682793171e+02
2.252752752752752663e+00 4.806899094459669755e+02
2.269769769769769852e+00 4.809024490460906236e+02
2.286786786786787040e+00 4.811148284302649358e+02
2.303803803803804229e+00 4.813270473602599395e+02
2.320820820820820973e+00 4.815391055979997645e+02
2.337837837837837718e+00 4.817510029055654286e+02
2.354854854854854906e+00 4.819627390451925635e+02
2.371871871871872095e+00 4.821743137792739162e+02
2.388888888888889284e+00 4.823857268703575869e+02
2.405905905905906028e+00 4.825969780811504393e+02
2.422922922922922773e+00 4.828080671745148038e+02
2.439939939939939961e+00 4.830189939134715473e+02
2.456956956956957150e+00 4.832297580611995613e+02
2.473973973973974338e+00 4.834403593810356483e+02
2.490990990990991083e+00 4.836507976364750334e+02
2.508008008008008272e+00 4.838610725911730697e+02
2.525025025025025016e+00 4.840711840089435896e+02
2.542042042042042205e+00 4.842811316537604966e+02
2.559059059059059393e+00 4.844909152897571403e+02
2.576076076076076138e+00 4.847005346812287030e+02
2.593093093093093326e+00 4.849099895926293584e+02
2.610110110110110515e+00 4.851192797885757386e+02
2.627127127127127260e+00 4.853284050338453426e+02
2.644144144144144448e+00 4.855373650933783551e+02
2.661161161161161193e+00 4.857461597322759417e+02
2.678178178178178381e+00 4.859547887158023514e+02
2.695195195195195570e+00 4.861632518093846898e+02
2.712212212212212314e+00 4.863715487786132599e+02
2.729229229229229503e+00 4.865796793892423011e+02
2.746246246246246248e+00 4.867876434071890230e+02
2.763263263263263436e+00 4.869954405985361063e+02
2.780280280280280625e+00 4.872030707295302818e+02
2.797297297297297369e+00 4.874105335665827283e+02
2.814314314314314558e+00 4.876178288762706075e+02
2.831331331331331747e+00 4.878249564253369499e+02
2.848348348348348491e+00 4.880319159806896323e+02
2.865365365365365680e+00 4.882387073094045036e+02
2.882382382382382424e+00 4.884453301787228270e+02
2.899399399399399613e+00 4.886517843560532697e+02
2.916416416416416801e+00 4.888580696089720732e+02
2.933433433433433546e+00 4.890641857052229398e+02
2.950450450450450735e+00 4.892701324127178850e+02
2.967467467467467479e+00 4.894759094995369537e+02
2.984484484484484668e+00 4.896815167339294135e+02
3.001501501501501856e+00 4.898869538843136979e+02
3.018518518518518601e+00 4.900922207192765541e+02
3.035535535535535789e+00 4.902973170075766234e+02
3.052552552552552978e+00 4.905022425181404628e+02
3.069569569569569722e+00 4.907069970200662965e+02
3.086586586586586911e+00 4.909115802826228787e+02
3.103603603603603656e+00 4.911159920752502899e+02
3.120620620620620844e+00 4.913202321675604480e+02
3.137637637637638033e+00 4.915243003293356310e+02
3.154654654654654777e+00 4.917281963305322847e+02
3.171671671671671966e+00 4.919319199412776697e+02
3.188688688688689155e+00 4.921354709318729874e+02
3.205705705705705899e+00 4.923388490727921862e+02
3.222722722722723088e+00 4.925420541346828145e+02
3.239739739739739832e+00 4.927450858883667024e+02
3.256756756756757021e+00 4.929479441048385411e+02
3.273773773773774209e+00 4.931506285552696909e+02
3.290790790790790954e+00 4.933531390110044299e+02
3.307807807807808143e+00 4.935554752435635351e+02
3.324824824824824887e+00 4.937576370246423494e+02
3.341841841841842076e+00 4.939596241261132832e+02
3.358858858858859264e+00 4.941614363200242792e+02
3.375875875875876009e+00 4.943630733785992675e+02
3.392892892892893197e+00 4.945645350742404958e+02
3.409909909909910386e+00 4.947658211795263696e+02
3.426926926926927131e+00 4.949669314672135556e+02
3.443943943943944319e+00 4.951678657102360717e+02
3.460960960960961064e+00 4.953686236817063104e+02
3.477977977977978252e+00 4.955692051549157213e+02
3.494994994994995441e+00 4.957696099033337305e+02
3.512012012012012185e+00 4.959698377006102419e+02
3.529029029029029374e+00 4.961698883205738184e+02
3.546046046046046119e+00 4.963697615372331597e+02
3.563063063063063307e+00 4.965694571247780118e+02
3.580080080080080496e+00 4.967689748575767794e+02
3.597097097097097240e+00 4.969683145101807895e+02
3.614114114114114429e+00 4.971674758573216195e+02
3.631131131131131617e+00 4.973664586739127458e+02
3.648148148148148362e+00 4.975652627350496005e+02
3.665165165165165551e+00 4.977638878160096851e+02
3.682182182182182295e+00 4.979623336922530825e+02
3.699199199199199484e+00 4.981606001394225700e+02
3.716216216216216672e+00 4.983586869333445861e+02
3.733233233233233417e+00 4.985565938500293441e+02
3.750250250250250605e+00 4.987543206656700931e+02
3.767267267267267350e+00 4.989518671566447097e+02
3.784284284284284539e+00 4.991492330995163229e+02
3.801301301301301727e+00 4.993464182710320074e+02
3.818318318318318472e+00 4.995434224481240904e+02
3.835335335335335660e+00 4.997402454079115159e+02
3.852352352352352849e+00 4.999368869276974578e+02
3.869369369369369593e+00 5.001333467849727299e+02
3.886386386386386782e+00 5.003296247574136260e+02
3.903403403403403527e+00 5.005257206228843643e+02
3.920420420420420715e+00 5.007216341594347568e+02
3.937437437437437904e+00 5.009173651453041884e+02
3.954454454454454648e+00 5.011129133589184903e+02
3.971471471471471837e+00 5.013082785788911337e+02
3.988488488488489025e+00 5.015034605840257882e+02
4.005505505505505326e+00 5.016984591533135358e+02
4.022522522522523403e+00 5.018932740659353158e+02
4.039539539539539703e+00 5.020879051012611285e+02
4.056556556556556892e+00 5.022823520388510588e+02
4.073573573573574080e+00 5.024766146584544799e+02
4.090590590590590381e+00 5.026706927400123277e+02
4.107607607607608458e+00 5.028645860636559632e+02
4.124624624624624758e+00 5.030582944097070595e+02
4.141641641641641947e+00 5.032518175586801590e+02
4.158658658658659135e+00 5.034451552912794341e+02
4.175675675675675436e+00 5.036383073884029500e+02
4.192692692692693512e+00 5.038312736311403341e+02
4.209709709709709813e+00 5.040240538007740270e+02
4.226726726726727001e+00 5.042166476787792817e+02
4.243743743743744190e+00 5.044090550468248466e+02
4.260760760760760490e+00 5.046012756867733060e+02
4.277777777777778567e+00 5.047933093806806824e+02
4.294794794794794868e+00 5.049851559107976868e+02
4.311811811811812056e+00 5.051768150595695488e+02
4.328828828828829245e+00 5.053682866096364137e+02
4.345845845845845545e+00 5.055595703438330020e+02
4.362862862862863622e+00 5.057506660451909966e+02
4.379879879879879923e+00 5.059415734969369964e+02
4.396896896896897111e+00 5.061322924824934262e+02
4.413913913913914300e+00 5.063228227854799570e+02
4.430930930930931488e+00 5.065131641897128247e+02
4.447947947947948677e+00 5.067033164792056255e+02
4.464964964964964977e+00 5.068932794381689746e+02
4.481981981981982166e+00 5.070830528510109616e+02
4.498998998998999355e+00 5.072726365023391963e+02
4.516016016016016543e+00 5.074620301769583648e+02
4.533033033033033732e+00 5.076512336598714796e+02
4.550050050050050032e+00 5.078402467362826087e+02
4.567067067067067221e+00 5.080290691915928960e+02
4.584084084084084409e+00 5.082177008114042565e+02
4.601101101101101598e+00 5.084061413815188644e+02
4.618118118118118787e+00 5.085943906879384144e+02
4.635135135135135087e+00 5.087824485168655997e+02
4.652152152152152276e+00 5.089703146547038273e+02
4.669169169169169464e+00 5.091579888880577300e+02
4.686186186186186653e+00 5.093454710037337350e+02
4.703203203203203842e+00 5.095327607887401200e+02
4.720220220220221030e+00 5.097198580302865594e+02
4.737237237237237331e+00 5.099067625157858288e+02
4.754254254254254519e+00 5.100934740328537487e+02
4.771271271271271708e+00 5.102799923693088431e+02
4.788288288288288896e+00 5.104663173131722260e+02
4.805305305305306085e+00 5.106524486526703868e+02
4.822322322322322385e+00 5.108383861762325751e+02
4.839339339339339574e+00 5.110241296724927906e+02
4.856356356356356763e+00 5.112096789302898401e+02
4.873373373373373951e+00 5.113950337386665979e+02
4.890390390390391140e+00 5.115801938868721663e+02
4.907407407407407440e+00 5.117651591643605684e+02
4.924424424424424629e+00 5.119499293607919412e+02
4.941441441441441818e+00 5.121345042660329909e+02
4.958458458458459006e+00 5.123188836701555147e+02
4.975475475475476195e+00 5.125030673634398681e+02
4.992492492492492495e+00 5.126870551363721233e+02
5.009509509509509684e+00 5.128708467796465129e+02
5.026526526526526872e+00 5.130544420841647479e+02
5.043543543543544061e+00 5.132378408410359043e+02
5.060560560560561250e+00 5.134210428415782417e+02
5.077577577577578438e+00 5.136040478773180666e+02
5.094594594594594739e+00 5.137868557399915517e+02
5.111611611611611927e+00 5.139694662215420067e+02
5.128628628628629116e+00 5.141518791141241991e+02
5.145645645645646304e+00 5.143340942101024211e+02
5.162662662662663493e+00 5.145161113020498078e+02
5.179679679679679793e+00 5.146979301827516338e+02
5.196696696696696982e+00 5.148795506452024711e+02
5.213713713713714171e+00 5.150609724826084630e+02
5.230730730730731359e+00 5.152421954883876651e+02
5.247747747747748548e+00 5.154232194561685674e+02
5.264764764764764848e+00 5.156040441797924814e+02
5.281781781781782037e+00 5.157846694533120626e+02
5.298798798798799226e+00 5.159650950709936978e+02
5.315815815815816414e+00 5.161453208273154587e+02
5.332832832832833603e+00 5.163253465169691481e+02
5.349849849849849903e+00 5.165051719348601864e+02
5.366866866866867092e+00 5.166847968761064749e+02
5.383883883883884280e+00 5.168642211360413512e+02
5.400900900900901469e+00 5.170434445102115433e+02
5.417917917917918658e+00 5.172224667943789882e+02
5.434934934934934958e+00 5.174012877845200364e+02
5.451951951951952147e+00 5.175799072768262477e+02
5.468968968968969335e+00 5.177583250677054139e+02
5.485985985985986524e+00 5.179365409537795131e+02
5.503003003003003712e+00 5.181145547318885747e+02
5.520020020020020901e+00 5.182923661990876099e+02
5.537037037037037202e+00 5.184699751526480895e+02
5.554054054054054390e+00 5.186473813900604455e+02
5.571071071071071579e+00 5.188245847090296365e+02
5.588088088088088767e+00 5.190015849074802645e+02
5.605105105105105956e+00 5.191783817835536183e+02
5.622122122122122256e+00 5.193549751356096067e+02
5.639139139139139445e+00 5.195313647622266444e+02
5.656156156156156634e+00 5.197075504622013113e+02
5.673173173173173822e+00 5.198835320345497166e+02
5.690190190190191011e+00 5.200593092785068166e+02
5.707207207207207311e+00 5.202348819935275515e+02
5.724224224224224500e+00 5.204102499792870731e+02
5.741241241241241688e+00 5.205854130356794940e+02
5.758258258258258877e+00 5.207603709628206161e+02
5.775275275275276066e+00 5.209351235610464528e+02
5.792292292292292366e+00 5.211096706309134561e+02
5.809309309309309555e+00 5.212840119732007906e+02
5.826326326326326743e+00 5.214581473889082872e+02
5.843343343343343932e+00 5.216320766792573522e+02
5.860360360360361121e+00 5.218057996456929004e+02
5.877377377377378309e+00 5.219793160898805127e+02
5.894394394394394610e+00 5.221526258137103014e+02
5.911411411411411798e+00 5.223257286192942956e+02
5.928428428428428987e+00 5.224986243089682603e+02
5.945445445445446175e+00 5.226713126852911273e+02
5.962462462462463364e+00 5.228437935510467014e+02
5.979479479479479664e+00 5.230160667092422955e+02
5.996496496496496853e+00 5.231881319631091856e+02
6.013513513513514042e+00 5.233599891161045434e+02
6.030530530530531230e+00 5.235316379719095039e+02
6.047547547547548419e+00 5.237030783344318934e+02
6.064564564564564719e+00 5.238743100078036150e+02
6.081581581581581908e+00 5.240453327963838319e+02
6.098598598598599096e+00 5.242161465047560114e+02
6.115615615615616285e+00 5.243867509377320175e+02
6.132632632632633474e+00 5.245571459003499513e+02
6.149649649649649774e+00 5.247273311978735819e+02
6.166666666666666963e+00 5.248973066357962125e+02
6.183683683683684151e+00 5.250670720198370418e+02
6.200700700700701340e+00 5.252366271559438928e+02
6.217717717717718529e+00 5.254059718502917349e+02
6.234734734734734829e+00 5.255751059092860942e+02
6.251751751751752018e+00 5.257440291395583927e+02
6.268768768768769206e+00 5.259127413479702682e+02
6.285785785785786395e+00 5.260812423416143702e+02
6.302802802802803583e+00 5.262495319278103807e+02
6.319819819819820772e+00 5.264176099141083114e+02
6.336836836836837072e+00 5.265854761082892992e+02
6.353853853853854261e+00 5.267531303183634463e+02
6.370870870870871450e+00 5.269205723525730036e+02
6.387887887887888638e+00 5.270878020193895281e+02
6.404904904904905827e+00 5.272548191275174077e+02
6.421921921921922127e+00 5.274216234858907910e+02
6.438938938938939316e+00 5.275882149036773399e+02
6.455955955955956505e+00 5.277545931902756138e+02
6.472972972972973693e+00 5.279207581553166619e+02
6.489989989989990882e+00 5.280867096086635684e+02
6.507007007007007182e+00 5.282524473604139530e+02
6.524024024024024371e+00 5.284179712208957653e+02
6.541041041041041559e+00 5.285832810006735372e+02
6.558058058058058748e+00 5.287483765105430393e+02
6.575075075075075937e+00 5.289132575615358292e+02
6.592092092092092237e+00 5.290779239649151577e+02
6.609109109109109426e+00 5.292423755321813132e+02
6.626126126126126614e+00 5.294066120750684377e+02
6.643143143143143803e+00 5.295706334055445268e+02
6.660160160160160991e+00 5.297344393358144998e+02
6.677177177177178180e+00 5.298980296783179256e+02
6.694194194194194480e+00 5.300614042457307278e+02
6.711211211211211669e+00 5.302245628509645030e+02
6.728228228228228858e+00 5.303875053071673165e+02
6.745245245245246046e+00 5.305502314277240430e+02
6.762262262262263235e+00 5.307127410262560261e+02
6.779279279279279535e+00 5.308750339166219874e+02
6.796296296296296724e+00 5.310371099129180266e+02
6.813313313313313913e+00 5.311989688294787584e+02
6.830330330330331101e+00 5.313606104808757209e+02
6.847347347347348290e+00 5.315220346819183987e+02
6.864364364364364590e+00 5.316832412476561558e+02
6.881381381381381779e+00 5.318442299933756203e+02
6.898398398398398967e+00 5.320050007346044367e+02
6.915415415415416156e+00 5.321655532871068317e+02
6.932432432432433345e+00 5.323258874668887302e+02
6.949449449449449645e+00 5.324860030901952541e+02
6.966466466466466834e+00 5.326458999735109501e+02
6.983483483483484022e+00 5.328055779335620628e+02
7.000500500500501211e+00 5.329650367873138066e+02
7.017517517517518399e+00 5.331242763519740038e+02
7.034534534534534700e+00 5.332832964449902420e+02
7.051551551551551889e+00 5.334420968840519208e+02
7.068568568568569077e+00 5.336006774870905929e+02
7.085585585585586266e+00 5.337590380722783721e+02
7.102602602602603454e+00 5.339171784580315716e+02
7.119619619619620643e+00 5.340750984630075209e+02
7.136636636636636943e+00 5.342327979061058159e+02
7.153653653653654132e+00 5.343902766064708203e+02
7.170670670670671321e+00 5.345475343834885962e+02
7.187687687687688509e+00 5.347045710567889500e+02
7.204704704704705698e+00 5.348613864462454330e+02
7.221721721721721998e+00 5.350179803719764777e+02
7.238738738738739187e+00 5.351743526543433518e+02
7.255755755755756375e+00 5.353305031139530001e+02
7.272772772772773564e+00 5.354864315716562260e+02
7.289789789789790753e+00 5.356421378485492824e+02
7.306806806806807053e+00 5.357976217659742133e+02
7.323823823823824242e+00 5.359528831455171485e+02
7.340840840840841430e+00 5.361079218090119411e+02
7.357857857857858619e+00 5.362627375785365302e+02
7.374874874874875808e+00 5.364173302764161235e+02
7.391891891891892108e+00 5.365716997252229703e+02
7.408908908908909297e+00 5.367258457477752245e+02
7.425925925925926485e+00 5.368797681671383089e+02
7.442942942942943674e+00 5.370334668066252561e+02
7.459959959959960862e+00 5.371869414897963679e+02
7.476976976976978051e+00 5.373401920404595558e+02
7.493993993993994351e+00 5.374932182826714779e+02
7.511011011011011540e+00 5.376460200407365164e+02
7.528028028028028729e+00 5.377985971392078000e+02
7.545045045045045917e+00 5.379509494028869767e+02
7.562062062062063106e+00 5.381030766568259196e+02
7.579079079079079406e+00 5.382549787263241114e+02
7.596096096096096595e+00 5.384066554369320556e+02
7.613113113113113783e+00 5.385581066144486613e+02
7.630130130130130972e+00 5.387093320849241991e+02
7.647147147147148161e+00 5.388603316746587097e+02
7.664164164164164461e+00 5.390111052102021176e+02
7.681181181181181650e+00 5.391616525183574140e+02
7.698198198198198838e+00 5.393119734261753138e+02
7.715215215215216027e+00 5.394620677609605082e+02
7.732232232232233216e+00 5.396119353502684817e+02
7.749249249249249516e+00 5.397615760219055119e+02
7.766266266266266705e+00 5.399109896039312844e+02
7.783283283283283893e+00 5.400601759246570737e+02
7.800300300300301082e+00 5.402091348126467665e+02
7.817317317317318270e+00 5.403578660967170890e+02
7.834334334334335459e+00 5.405063696059377207e+02
7.851351351351351759e+00 5.406546451696318627e+02
7.868368368368368948e+00 5.408026926173755555e+02
7.885385385385386137e+00 5.409505117789989299e+02
7.902402402402403325e+00 5.410981024845868887e+02
7.919419419419420514e+00 5.412454645644770608e+02
7.936436436436436814e+00 5.413925978492627564e+02
7.953453453453454003e+00 5.415395021697913762e+02
7.970470470470471192e+00 5.416861773571654339e+02
7.987487487487488380e+00 5.418326232427426703e+02
8.004504504504506457e+00 5.419788396581367351e+02
8.021521521521520981e+00 5.421248264352153683e+02
8.038538538538539058e+00 5.422705834061042651e+02
8.055555555555557135e+00 5.424161104031836658e+02
8.072572572572573435e+00 5.425614072590910837e+02
8.089589589589589735e+00 5.427064738067203962e+02
8.106606606606607812e+00 5.428513098792224127e+02
8.123623623623624113e+00 5.429959153100047615e+02
8.140640640640640413e+00 5.431402899327330260e+02
8.157657657657658490e+00 5.432844335813293810e+02
8.174674674674676567e+00 5.434283460899746387e+02
8.191691691691691091e+00 5.435720272931074533e+02
8.208708708708709167e+00 5.437154770254250025e+02
8.225725725725727244e+00 5.438586951218817376e+02
8.242742742742743545e+00 5.440016814176925664e+02
8.259759759759759845e+00 5.441444357483305794e+02
8.276776776776777922e+00 5.442869579495277321e+02
8.293793793793794222e+00 5.444292478572760956e+02
8.310810810810810523e+00 5.445713053078264920e+02
8.327827827827828600e+00 5.447131301376913370e+02
8.344844844844846676e+00 5.448547221836416838e+02
8.361861861861862977e+00 5.449960812827093832e+02
8.378878878878879277e+00 5.451372072721865152e+02
8.395895895895897354e+00 5.452780999896268668e+02
8.412912912912913654e+00 5.454187592728450227e+02
8.429929929929929955e+00 5.455591849599163652e+02
8.446946946946948032e+00 5.456993768891784384e+02
8.463963963963964332e+00 5.458393348992299252e+02
8.480980980980980632e+00 5.459790588289316702e+02
8.497997997997998709e+00 5.461185485174074756e+02
8.515015015015015010e+00 5.462578038040425099e+02
8.532032032032033086e+00 5.463968245284854675e+02
8.549049049049049387e+00 5.465356105306473182e+02
8.566066066066067464e+00 5.466741616507025583e+02
8.583083083083083764e+00 5.468124777290887550e+02
8.600100100100100065e+00 5.469505586065071157e+02
8.617117117117118141e+00 5.470884041239230555e+02
8.634134134134134442e+00 5.472260141225656298e+02
8.651151151151152519e+00 5.473633884439279882e+02
8.668168168168168819e+00 5.475005269297683981e+02
8.685185185185185119e+00 5.476374294221085393e+02
8.702202202202203196e+00 5.477740957632369145e+02
8.719219219219219497e+00 5.479105257957062349e+02
8.736236236236237573e+00 5.480467193623334197e+02
8.753253253253253874e+00 5.481826763062026657e+02
8.770270270270270174e+00 5.483183964706641973e+02
8.787287287287288251e+00 5.484538796993323331e+02
8.804304304304304551e+00 5.485891258360893517e+02
8.821321321321322628e+00 5.487241347250836725e+02
8.838338338338338929e+00 5.488589062107299696e+02
8.855355355355357005e+00 5.489934401377098538e+02
8.872372372372373306e+00 5.491277363509724410e+02
8.889389389389389606e+00 5.492617946957343520e+02
8.906406406406407683e+00 5.493956150174794857e+02
8.923423423423423984e+00 5.495291971619595870e+02
8.940440440440442060e+00 5.496625409751945881e+02
8.957457457457458361e+00 5.497956463034719263e+02
8.974474474474474661e+00 5.499285129933484768e+02
8.991491491491492738e+00 5.500611408916496430e+02
9.008508508508509038e+00 5.501935298454684471e+02
9.025525525525527115e+00 5.503256797021691682e+02
9.042542542542543416e+00 5.504575903093831357e+02
9.059559559559559716e+00 5.505892615150136180e+02
9.076576576576577793e+00 5.507206931672312749e+02
9.093593593593594093e+00 5.508518851144789323e+02
9.110610610610612170e+00 5.509828372054668080e+02
9.127627627627628470e+00 5.511135492891780814e+02
9.144644644644644771e+00 5.512440212148657110e+02
9.161661661661662848e+00 5.513742528320537986e+02
9.178678678678679148e+00 5.515042439905357696e+02
9.195695695695697225e+00 5.516339945403786942e+02
9.212712712712713525e+00 5.517635043319197621e+02
9.229729729729729826e+00 5.518927732157674200e+02
9.246746746746747903e+00 5.520218010428035313e+02
9.263763763763764203e+00 5.521505876641806481e+02
9.280780780780782280e+00 5.522791329313237156e+02
9.297797797797798580e+00 5.524074366959314375e+02
9.314814814814814881e+00 5.525354988099741149e+02
9.331831831831832957e+00 5.526633191256945565e+02
9.348848848848849258e+00 5.527908974956102384e+02
9.365865865865867335e+00 5.529182337725108027e+02
9.382882882882883635e+00 5.530453278094596499e+02
9.399899899899899935e+00 5.531721794597943926e+02
9.416916916916918012e+00 5.532987885771257197e+02
9.433933933933934313e+00 5.534251550153392145e+02
9.450950950950952389e+00 5.535512786285946731e+02
9.467967967967968690e+00 5.536771592713264454e+02
9.484984984984984990e+00 5.538027967982441169e+02
9.502002002002003067e+00 5.539281910643312585e+02
9.519019019019019368e+00 5.540533419248471318e+02
9.536036036036037444e+00 5.541782492353270300e+02
9.553053053053053745e+00 5.543029128515805724e+02
9.570070070070070045e+00 5.544273326296944333e+02
9.587087087087088122e+00 5.545515084260302956e+02
9.604104104104104422e+00 5.546754400972272379e+02
9.621121121121122499e+00 5.547991275001991198e+02
9.638138138138138800e+00 5.549225704921377655e+02
9.655155155155156876e+00 5.550457689305114855e+02
9.672172172172173177e+00 5.551687226730654174e+02
9.689189189189189477e+00 5.552914315778215268e+02
9.706206206206207554e+00 5.554138955030801981e+02
9.723223223223223854e+00 5.555361143074185293e+02
9.740240240240241931e+00 5.556580878496923788e+02
9.757257257257258232e+00 5.557798159890340912e+02
9.774274274274274532e+00 5.559012985848557946e+02
9.791291291291292609e+00 5.560225354968473539e+02
9.808308308308308909e+00 5.561435265849770531e+02
9.825325325325326986e+00 5.562642717094925047e+02
9.842342342342343287e+00 5.563847707309196267e+02
9.859359359359359587e+00 5.565050235100641203e+02
9.876376376376377664e+00 5.566250299080111290e+02
9.893393393393393964e+00 5.567447897861242154e+02
9.910410410410412041e+00 5.568643030060491128e+02
9.927427427427428341e+00 5.569835694297083819e+02
9.944444444444444642e+00 5.571025889193072089e+02
9.961461461461462719e+00 5.572213613373311318e+02
9.978478478478479019e+00 5.573398865465446761e+02
9.995495495495497096e+00 5.574581644099936284e+02
1.001251251251251340e+01 5.575761947910056051e+02
1.002952952952952970e+01 5.576939775531883470e+02
1.004654654654654777e+01 5.578115125604317655e+02
1.006356356356356407e+01 5.579287996769066922e+02
1.008058058058058215e+01 5.580458387670654474e+02
1.009759759759759845e+01 5.581626296956433180e+02
1.011461461461461475e+01 5.582791723276561697e+02
1.013163163163163283e+01 5.583954665284036309e+02
1.014864864864864913e+01 5.585115121634672732e+02
1.016566566566566721e+01 5.586273090987104979e+02
1.018268268268268351e+01 5.587428572002801275e+02
1.019969969969969981e+01 5.588581563346070880e+02
1.021671671671671788e+01 5.589732063684042487e+02
1.023373373373373418e+01 5.590880071686676729e+02
1.025075075075075226e+01 5.592025586026777546e+02
1.026776776776776856e+01 5.593168605379988776e+02
1.028478478478478486e+01 5.594309128424787332e+02
1.030180180180180294e+01 5.595447153842490025e+02
1.031881881881881924e+01 5.596582680317267204e+02
1.033583583583583732e+01 5.597715706536127982e+02
1.035285285285285362e+01 5.598846231188919091e+02
1.036986986986986992e+01 5.599974252968355586e+02
1.038688688688688799e+01 5.601099770569992415e+02
1.040390390390390429e+01 5.602222782692232386e+02
1.042092092092092237e+01 5.603343288036346621e+02
1.043793793793793867e+01 5.604461285306446143e+02
1.045495495495495675e+01 5.605576773209510293e+02
1.047197197197197305e+01 5.606689750455385592e+02
1.048898898898898935e+01 5.607800215756752777e+02
1.050600600600600742e+01 5.608908167829187050e+02
1.052302302302302373e+01 5.610013605391112606e+02
1.054004004004004180e+01 5.611116527163817409e+02
1.055705705705705810e+01 5.612216931871472525e+02
1.057407407407407440e+01 5.613314818241107105e+02
1.059109109109109248e+01 5.614410185002627713e+02
1.060810810810810878e+01 5.615503030888816056e+02
1.062512512512512686e+01 5.616593354635324431e+02
1.064214214214214316e+01 5.617681154980691645e+02
1.065915915915915946e+01 5.618766430666327096e+02
1.067617617617617753e+01 5.619849180436525558e+02
1.069319319319319384e+01 5.620929403038463761e+02
1.071021021021021191e+01 5.622007097222208358e+02
1.072722722722722821e+01 5.623082261740700005e+02
1.074424424424424451e+01 5.624154895349782919e+02
1.076126126126126259e+01 5.625224996808179867e+02
1.077827827827827889e+01 5.626292564877509221e+02
1.079529529529529697e+01 5.627357598322287231e+02
1.081231231231231327e+01 5.628420095909920065e+02
1.082932932932932957e+01 5.629480056410702673e+02
1.084634634634634764e+01 5.630537478597846075e+02
1.086336336336336394e+01 5.631592361247455756e+02
1.088038038038038202e+01 5.632644703138525983e+02
1.089739739739739832e+01 5.633694503052978462e+02
1.091441441441441462e+01 5.634741759775621404e+02
1.093143143143143270e+01 5.635786472094172268e+02
1.094844844844844900e+01 5.636828638799264581e+02
1.096546546546546708e+01 5.637868258684437706e+02
1.098248248248248338e+01 5.638905330546152754e+02
1.099949949949949968e+01 5.639939853183765308e+02
1.101651651651651775e+01 5.640971825399560657e+02
1.103353353353353405e+01 5.642001245998745844e+02
1.105055055055055213e+01 5.643028113789428062e+02
1.106756756756756843e+01 5.644052427582656719e+02
1.108458458458458473e+01 5.645074186192384786e+02
1.110160160160160281e+01 5.646093388435505176e+02
1.111861861861861911e+01 5.647110033131824594e+02
1.113563563563563719e+01 5.648124119104084002e+02
1.115265265265265349e+01 5.649135645177949527e+02
1.116966966966966979e+01 5.650144610182012457e+02
1.118668668668668786e+01 5.651151012947811978e+02
1.120370370370370416e+01 5.652154852309804483e+02
1.122072072072072224e+01 5.653156127105388578e+02
1.123773773773773854e+01 5.654154836174908496e+02
1.125475475475475662e+01 5.655150978361629086e+02
1.127177177177177292e+01 5.656144552511772190e+02
1.128878878878878922e+01 5.657135557474490497e+02
1.130580580580580730e+01 5.658123992101881186e+02
1.132282282282282360e+01 5.659109855248995018e+02
1.133983983983984167e+01 5.660093145773818151e+02
1.135685685685685797e+01 5.661073862537299419e+02
1.137387387387387427e+01 5.662052004403321916e+02
1.139089089089089235e+01 5.663027570238722319e+02
1.140790790790790865e+01 5.664000558913303394e+02
1.142492492492492673e+01 5.664970969299811259e+02
1.144194194194194303e+01 5.665938800273947891e+02
1.145895895895895933e+01 5.666904050714379082e+02
1.147597597597597741e+01 5.667866719502727619e+02
1.149299299299299371e+01 5.668826805523573285e+02
1.151001001001001178e+01 5.669784307664466496e+02
1.152702702702702808e+01 5.670739224815905573e+02
1.154404404404404438e+01 5.671691555871377659e+02
1.156106106106106246e+01 5.672641299727317801e+02
1.157807807807807876e+01 5.673588455283138501e+02
1.159509509509509684e+01 5.674533021441216079e+02
1.161211211211211314e+01 5.675474997106905448e+02
1.162912912912912944e+01 5.676414381188535572e+02
1.164614614614614752e+01 5.677351172597396953e+02
1.166316316316316382e+01 5.678285370247778019e+02
1.168018018018018189e+01 5.679216973056923052e+02
1.169719719719719819e+01 5.680145979945065164e+02
1.171421421421421449e+01 5.681072389835421745e+02
1.173123123123123257e+01 5.681996201654187644e+02
1.174824824824824887e+01 5.682917414330543124e+02
1.176526526526526695e+01 5.683836026796650458e+02
1.178228228228228325e+01 5.684752037987663016e+02
1.179929929929929955e+01 5.685665446841724133e+02
1.181631631631631763e+01 5.686576252299954604e+02
1.183333333333333393e+01 5.687484453306487922e+02
1.185035035035035200e+01 5.688390048808424808e+02
1.186736736736736830e+01 5.689293037755873002e+02
1.188438438438438460e+01 5.690193419101943846e+02
1.190140140140140268e+01 5.691091191802730691e+02
1.191841841841841898e+01 5.691986354817335041e+02
1.193543543543543706e+01 5.692878907107850637e+02
1.195245245245245336e+01 5.693768847639381647e+02
1.196946946946946966e+01 5.694656175380026752e+02
1.198648648648648773e+01 5.695540889300893923e+02
1.200350350350350404e+01 5.696422988376094736e+02
1.202052052052052211e+01 5.697302471582750059e+02
1.203753753753753841e+01 5.698179337900983228e+02
1.205455455455455649e+01 5.699053586313938240e+02
1.207157157157157279e+01 5.699925215807755876e+02
1.208858858858858909e+01 5.700794225371605535e+02
1.210560560560560717e+01 5.701660613997651126e+02
1.212262262262262347e+01 5.702524380681097682e+02
1.213963963963964154e+01 5.703385524420145885e+02
1.215665665665665784e+01 5.704244044216023894e+02
1.217367367367367414e+01 5.705099939072977122e+02
1.219069069069069222e+01 5.705953207998272774e+02
1.220770770770770852e+01 5.706803850002198715e+02
1.222472472472472660e+01 5.707651864098073702e+02
1.224174174174174290e+01 5.708497249302230330e+02
1.225875875875875920e+01 5.709340004634040042e+02
1.227577577577577728e+01 5.710180129115889258e+02
1.229279279279279358e+01 5.711017621773210067e+02
1.230980980980981165e+01 5.711852481634442711e+02
1.232682682682682795e+01 5.712684707731082199e+02
1.234384384384384425e+01 5.713514299097645335e+02
1.236086086086086233e+01 5.714341254771685499e+02
1.237787787787787863e+01 5.715165573793789235e+02
1.239489489489489671e+01 5.715987255207591033e+02
1.241191191191191301e+01 5.716806298059747178e+02
1.242892892892892931e+01 5.717622701399959624e+02
1.244594594594594739e+01 5.718436464280991913e+02
1.246296296296296369e+01 5.719247585758616879e+02
1.247997997997998176e+01 5.720056064891679171e+02
1.249699699699699806e+01 5.720861900742053194e+02
1.251401401401401436e+01 5.721665092374662436e+02
1.253103103103103244e+01 5.722465638857482872e+02
1.254804804804804874e+01 5.723263539261533879e+02
1.256506506506506682e+01 5.724058792660891868e+02
1.258208208208208312e+01 5.724851398132678924e+02
1.259909909909909942e+01 5.725641354757069621e+02
1.261611611611611750e+01 5.726428661617301259e+02
1.263313313313313380e+01 5.727213317799657943e+02
1.265015015015015187e+01 5.727995322393486504e+02
1.266716716716716817e+01 5.728774674491185124e+02
1.268418418418418447e+01 5.729551373188218122e+02
1.270120120120120255e+01 5.730325417583105718e+02
1.271821821821821885e+01 5.731096806777439951e+02
1.273523523523523693e+01 5.731865539875857394e+02
1.275225225225225323e+01 5.732631615986073257e+02
1.276926926926926953e+01 5.733395034218866613e+02
1.278628628628628761e+01 5.734155793688083804e+02
1.280330330330330391e+01 5.734913893510625940e+02
1.282032032032032198e+01 5.735669332806482998e+02
1.283733733733733828e+01 5.736422110698709957e+02
1.285435435435435636e+01 5.737172226313418832e+02
1.287137137137137266e+01 5.737919678779816195e+02
1.288838838838838896e+01 5.738664467230169066e+02
1.290540540540540704e+01 5.739406590799823107e+02
1.292242242242242334e+01 5.740146048627199207e+02
1.293943943943944141e+01 5.740882839853798032e+02
1.295645645645645772e+01 5.741616963624209120e+02
1.297347347347347402e+01 5.742348419086071090e+02
1.299049049049049209e+01 5.743077205390140989e+02
1.300750750750750839e+01 5.743803321690230632e+02
1.302452452452452647e+01 5.744526767143253210e+02
1.304154154154154277e+01 5.745247540909198278e+02
1.305855855855855907e+01 5.745965642151144266e+02
1.307557557557557715e+01 5.746681070035252787e+02
1.309259259259259345e+01 5.747393823730776603e+02
1.310960960960961152e+01 5.748103902410059618e+02
1.312662662662662783e+01 5.748811305248534609e+02
1.314364364364364413e+01 5.749516031424722087e+02
1.316066066066066220e+01 5.750218080120243940e+02
1.317767767767767850e+01 5.750917450519806380e+02
1.319469469469469658e+01 5.751614141811221543e+02
1.321171171171171288e+01 5.752308153185385891e+02
1.322872872872872918e+01 5.752999483836301806e+02
1.324574574574574726e+01 5.753688132961062820e+02
1.326276276276276356e+01 5.754374099759876344e+02
1.327977977977978163e+01 5.755057383436034115e+02
1.329679679679679793e+01 5.755737983195940615e+02
1.331381381381381424e+01 5.756415898249093743e+02
1.333083083083083231e+01 5.757091127808100737e+02
1.334784784784784861e+01 5.757763671088675892e+02
1.336486486486486669e+01 5.758433527309639430e+02
1.338188188188188299e+01 5.759100695692912950e+02
1.339889889889889929e+01 5.759765175463534206e+02
1.341591591591591737e+01 5.760426965849645740e+02
1.343293293293293367e+01 5.761086066082497155e+02
1.344994994994995174e+01 5.761742475396457621e+02
1.346696696696696804e+01 5.762396193029006781e+02
1.348398398398398434e+01 5.763047218220729064e+02
1.350100100100100242e+01 5.763695550215336425e+02
1.351801801801801872e+01 5.764341188259649016e+02
1.353503503503503680e+01 5.764984131603599735e+02
1.355205205205205310e+01 5.765624379500253553e+02
1.356906906906906940e+01 5.766261931205788187e+02
1.358608608608608748e+01 5.766896785979488413e+02
1.360310310310310378e+01 5.767528943083773356e+02
1.362012012012012185e+01 5.768158401784183980e+02
1.363713713713713815e+01 5.768785161349379678e+02
1.365415415415415623e+01 5.769409221051140548e+02
1.367117117117117253e+01 5.770030580164383309e+02
1.368818818818818883e+01 5.770649237967141971e+02
1.370520520520520691e+01 5.771265193740576933e+02
1.372222222222222321e+01 5.771878446768979529e+02
1.373923923923924129e+01 5.772488996339767482e+02
1.375625625625625759e+01 5.773096841743491723e+02
1.377327327327327389e+01 5.773701982273830708e+02
1.379029029029029196e+01 5.774304417227598378e+02
1.380730730730730826e+01 5.774904145904744155e+02
1.382432432432432634e+01 5.775501167608339301e+02
1.384134134134134264e+01 5.776095481644598522e+02
1.385835835835835894e+01 5.776687087322873140e+02
1.387537537537537702e+01 5.777275983955644278e+02
1.389239239239239332e+01 5.777862170858546733e+02
1.390940940940941140e+01 5.778445647350324634e+02
1.392642642642642770e+01 5.779026412752895112e+02
1.394344344344344400e+01 5.779604466391291453e+02
1.396046046046046207e+01 5.780179807593706300e+02
1.397747747747747837e+01 5.780752435691455275e+02
1.399449449449449645e+01 5.781322350019013356e+02
1.401151151151151275e+01 5.781889549913989867e+02
1.402852852852852905e+01 5.782454034717145532e+02
1.404554554554554713e+01 5.783015803772383379e+02
1.406256256256256343e+01 5.783574856426752149e+02
1.407957957957958151e+01 5.784131192030456532e+02
1.409659659659659781e+01 5.784684809936836700e+02
1.411361361361361411e+01 5.785235709502395594e+02
1.413063063063063218e+01 5.785783890086779593e+02
1.414764764764764848e+01 5.786329351052781931e+02
1.416466466466466656e+01 5.786872091766363155e+02
1.418168168168168286e+01 5.787412111596619297e+02
1.419869869869869916e+01 5.787949409915811430e+02
1.421571571571571724e+01 5.788483986099349750e+02
1.423273273273273354e+01 5.789015839525815181e+02
1.424974974974975162e+01 5.789544969576916174e+02
1.426676676676676792e+01 5.790071375637540996e+02
1.428378378378378422e+01 5.790595057095732727e+02
1.430080080080080229e+01 5.791116013342693805e+02
1.431781781781781859e+01 5.791634243772778063e+02
1.433483483483483667e+01 5.792149747783514613e+02
1.435185185185185297e+01 5.792662524775571455e+02
1.436886886886887105e+01 5.793172574152807783e+02
1.438588588588588735e+01 5.793679895322221682e+02
1.440290290290290365e+01 5.794184487693993333e+02
1.441991991991992172e+01 5.794686350681457725e+02
1.443693693693693803e+01 5.795185483701111480e+02
1.445395395395395610e+01 5.795681886172628765e+02
1.447097097097097240e+01 5.796175557518846517e+02
1.448798798798798870e+01 5.796666497165765577e+02
1.450500500500500678e+01 5.797154704542565469e+02
1.452202202202202308e+01 5.797640179081581664e+02
1.453903903903904116e+01 5.798122920218332865e+02
1.455605605605605746e+01 5.798602927391505091e+02
1.457307307307307376e+01 5.799080200042948263e+02
1.459009009009009183e+01 5.799554737617696674e+02
1.460710710710710813e+01 5.800026539563955339e+02
1.462412412412412621e+01 5.800495605333103413e+02
1.464114114114114251e+01 5.800961934379686227e+02
1.465815815815815881e+01 5.801425526161434618e+02
1.467517517517517689e+01 5.801886380139252424e+02
1.469219219219219319e+01 5.802344495777227849e+02
1.470920920920921127e+01 5.802799872542617550e+02
1.472622622622622757e+01 5.803252509905859142e+02
1.474324324324324387e+01 5.803702407340570062e+02
1.476026026026026194e+01 5.804149564323556660e+02
1.477727727727727824e+01 5.804593980334788057e+02
1.479429429429429632e+01 5.805035654857437066e+02
1.481131131131131262e+01 5.805474587377838134e+02
1.482832832832832892e+01 5.805910777385522579e+02
1.484534534534534700e+01 5.806344224373200404e+02
1.486236236236236330e+01 5.806774927836763709e+02
1.487937937937938138e+01 5.807202887275300327e+02
1.489639639639639768e+01 5.807628102191067683e+02
1.491341341341341398e+01 5.808050572089528032e+02
1.493043043043043205e+01 5.808470296479309809e+02
1.494744744744744835e+01 5.808887274872249691e+02
1.496446446446446643e+01 5.809301506783367586e+02
1.498148148148148273e+01 5.809712991730860949e+02
1.499849849849849903e+01 5.810121729236126384e+02
1.501551551551551711e+01 5.810527718823752821e+02
1.503253253253253341e+01 5.810930960021520377e+02
1.504954954954955149e+01 5.811331452360395815e+02
1.506656656656656779e+01 5.811729195374535948e+02
1.508358358358358409e+01 5.812124188601305832e+02
1.510060060060060216e+01 5.812516431581248071e+02
1.511761761761761846e+01 5.812905923858111237e+02
1.513463463463463654e+01 5.813292664978828270e+02
1.515165165165165284e+01 5.813676654493538081e+02
1.516866866866867092e+01 5.814057891955568493e+02
1.518568568568568722e+01 5.814436376921445344e+02
1.520270270270270352e+01 5.814812108950897027e+02
1.521971971971972160e+01 5.815185087606846537e+02
1.523673673673673790e+01 5.815555312455417152e+02
1.525375375375375597e+01 5.815922783065929025e+02
1.527077077077077227e+01 5.816287499010901456e+02
1.528778778778778857e+01 5.816649459866059715e+02
1.530480480480480665e+01 5.817008665210321396e+02
1.532182182182182295e+01 5.817365114625811202e+02
1.533883883883884103e+01 5.817718807697868897e+02
1.535585585585585733e+01 5.818069744015009519e+02
1.537287287287287363e+01 5.818417923168974539e+02
1.538988988988989171e+01 5.818763344754697755e+02
1.540690690690690801e+01 5.819106008370320069e+02
1.542392392392392608e+01 5.819445913617188353e+02
1.544094094094094238e+01 5.819783060099859995e+02
1.545795795795795868e+01 5.820117447426085846e+02
1.547497497497497676e+01 5.820449075206835232e+02
1.549199199199199306e+01 5.820777943056284585e+02
1.550900900900901114e+01 5.821104050591807209e+02
1.552602602602602744e+01 5.821427397433996020e+02
1.554304304304304374e+01 5.821747983206649906e+02
1.556006006006006182e+01 5.822065807536771445e+02
1.557707707707707812e+01 5.822380870054577144e+02
1.559409409409409619e+01 5.822693170393496302e+02
1.561111111111111249e+01 5.823002708190171006e+02
1.562812812812812879e+01 5.823309483084440217e+02
1.564514514514514687e+01 5.823613494719375012e+02
1.566216216216216317e+01 5.823914742741243344e+02
1.567917917917918125e+01 5.824213226799535050e+02
1.569619619619619755e+01 5.824508946546949346e+02
1.571321321321321385e+01 5.824801901639395965e+02
1.573023023023023192e+01 5.825092091736007660e+02
1.574724724724724823e+01 5.825379516499123156e+02
1.576426426426426630e+01 5.825664175594306471e+02
1.578128128128128260e+01 5.825946068690320772e+02
1.579829829829829890e+01 5.826225195459162478e+02
1.581531531531531698e+01 5.826501555576039664e+02
1.583233233233233328e+01 5.826775148719369781e+02
1.584934934934935136e+01 5.827045974570795579e+02
1.586636636636636766e+01 5.827314032815178280e+02
1.588338338338338396e+01 5.827579323140593033e+02
1.590040040040040203e+01 5.827841845238333462e+02
1.591741741741741833e+01 5.828101598802921899e+02
1.593443443443443641e+01 5.828358583532079820e+02
1.595145145145145271e+01 5.828612799126774462e+02
1.596846846846847079e+01 5.828864245291173347e+02
1.598548548548548709e+01 5.829112921732677250e+02
1.600250250250250161e+01 5.829358828161896326e+02
1.601951951951951969e+01 5.829601964292677394e+02
1.603653653653653777e+01 5.829842329842078925e+02
1.605355355355355584e+01 5.830079924530382414e+02
1.607057057057057392e+01 5.830314748081091238e+02
1.608758758758758844e+01 5.830546800220939758e+02
1.610460460460460652e+01 5.830776080679875122e+02
1.612162162162162105e+01 5.831002589191082279e+02
1.613863863863863912e+01 5.831226325490955560e+02
1.615565565565565720e+01 5.831447289319124820e+02
1.617267267267267528e+01 5.831665480418440666e+02
1.618968968968969335e+01 5.831880898534975586e+02
1.620670670670670788e+01 5.832093543418029640e+02
1.622372372372372595e+01 5.832303414820138414e+02
1.624074074074074048e+01 5.832510512497055970e+02
1.625775775775775855e+01 5.832714836207754843e+02
1.627477477477477663e+01 5.832916385714447642e+02
1.629179179179179471e+01 5.833115160782571138e+02
1.630880880880881278e+01 5.833311161180793079e+02
1.632582582582582731e+01 5.833504386680998550e+02
1.634284284284284183e+01 5.833694837058305893e+02
1.635985985985985991e+01 5.833882512091072385e+02
1.637687687687687799e+01 5.834067411560862411e+02
1.639389389389389606e+01 5.834249535252498617e+02
1.641091091091091414e+01 5.834428882954000528e+02
1.642792792792792866e+01 5.834605454456651614e+02
1.644494494494494674e+01 5.834779249554931084e+02
1.646196196196196126e+01 5.834950268046576412e+02
1.647897897897897934e+01 5.835118509732544680e+02
1.649599599599599742e+01 5.835283974417023956e+02
1.651301301301301550e+01 5.835446661907429871e+02
1.653003003003003002e+01 5.835606572014418134e+02
1.654704704704704810e+01 5.835763704551867477e+02
1.656406406406406617e+01 5.835918059336895567e+02
1.658108108108108425e+01 5.836069636189854464e+02
1.659809809809809877e+01 5.836218434934316974e+02
1.661511511511511685e+01 5.836364455397094844e+02
1.663213213213213493e+01 5.836507697408243303e+02
1.664914914914914945e+01 5.836648160801032645e+02
1.666616616616616753e+01 5.836785845411975515e+02
1.668318318318318561e+01 5.836920751080824630e+02
1.670020020020020013e+01 5.837052877650554592e+02
1.671721721721721821e+01 5.837182224967380080e+02
1.673423423423423628e+01 5.837308792880749024e+02
1.675125125125125436e+01 5.837432581243348295e+02
1.676826826826826888e+01 5.837553589911094605e+02
1.678528528528528696e+01 5.837671818743140193e+02
1.680230230230230504e+01 5.837787267601876238e+02
1.681931931931931956e+01 5.837899936352916939e+02
1.683633633633633764e+01 5.838009824865129076e+02
1.685335335335335571e+01 5.838116933010604725e+02
1.687037037037037024e+01 5.838221260664676038e+02
1.688738738738738832e+01 5.838322807705911828e+02
1.690440440440440639e+01 5.838421574016101658e+02
1.692142142142142447e+01 5.838517559480303589e+02
1.693843843843843899e+01 5.838610763986783923e+02
1.695545545545545707e+01 5.838701187427053583e+02
1.697247247247247515e+01 5.838788829695861295e+02
1.698948948948948967e+01 5.838873690691198135e+02
1.700650650650650775e+01 5.838955770314285019e+02
1.702352352352352582e+01 5.839035068469582939e+02
1.704054054054054035e+01 5.839111585064791825e+02
1.705755755755755843e+01 5.839185320010838041e+02
1.707457457457457650e+01 5.839256273221909623e+02
1.709159159159159458e+01 5.839324444615400580e+02
1.710860860860860910e+01 5.839389834111975688e+02
1.712562562562562718e+01 5.839452441635511377e+02
1.714264264264264526e+01 5.839512267113140069e+02
1.715965965965965978e+01 5.839569310475219481e+02
1.717667667667667786e+01 5.839623571655349679e+02
1.719369369369369593e+01 5.839675050590378760e+02
1.721071071071071401e+01 5.839723747220375571e+02
1.722772772772772854e+01 5.839769661488661541e+02
1.724474474474474661e+01 5.839812793341789074e+02
1.726176176176176469e+01 5.839853142729556339e+02
1.727877877877877921e+01 5.839890709604991343e+02
1.729579579579579729e+01 5.839925493924373541e+02
1.731281281281281537e+01 5.839957495647207679e+02
1.732982982982982989e+01 5.839986714736239719e+02
1.734684684684684797e+01 5.840013151157467064e+02
1.736386386386386604e+01 5.840036804880112413e+02
1.738088088088088412e+01 5.840057675876644225e+02
1.739789789789789864e+01 5.840075764122766486e+02
1.741491491491491672e+01 5.840091069597423257e+02
1.743193193193193480e+01 5.840103592282800946e+02
1.744894894894894932e+01 5.840113332164322628e+02
1.746596596596596740e+01 5.840120289230654862e+02
1.748298298298298548e+01 5.840124463473687229e+02
1.750000000000000000e+01 5.840125854888573258e+02
