5.000000000000000000e-01 1.996910986257960531e+03
5.102602602602602788e-01 1.997581063319540135e+03
5.205205205205205576e-01 1.998250827812388252e+03
5.307807807807807254e-01 1.998920278903658073e+03
5.410410410410410043e-01 1.999589415760224028e+03
5.513013013013012831e-01 2.000258237548682018e+03
5.615615615615615619e-01 2.000926743435353728e+03
5.718218218218218407e-01 2.001594932586287541e+03
5.820820820820821195e-01 2.002262804167262857e+03
5.923423423423423984e-01 2.002930357343791911e+03
6.026026026026025662e-01 2.003597591281123186e+03
6.128628628628628450e-01 2.004264505144242776e+03
6.231231231231231238e-01 2.004931098097878476e+03
6.333833833833834026e-01 2.005597369306501150e+03
6.436436436436436814e-01 2.006263317934328825e+03
6.539039039039038492e-01 2.006928943145327594e+03
6.641641641641641280e-01 2.007594244103216170e+03
6.744244244244244069e-01 2.008259219971466337e+03
6.846846846846846857e-01 2.008923869913308408e+03
6.949449449449449645e-01 2.009588193091731682e+03
7.052052052052051323e-01 2.010252188669487168e+03
7.154654654654655221e-01 2.010915855809092136e+03
7.257257257257256899e-01 2.011579193672830115e+03
7.359859859859859688e-01 2.012242201422756352e+03
7.462462462462462476e-01 2.012904878220697810e+03
7.565065065065064154e-01 2.013567223228257944e+03
7.667667667667668052e-01 2.014229235606817838e+03
7.770270270270269730e-01 2.014890914517539613e+03
7.872872872872872518e-01 2.015552259121369843e+03
7.975475475475475307e-01 2.016213268579041141e+03
8.078078078078078095e-01 2.016873942051073755e+03
8.180680680680680883e-01 2.017534278697780337e+03
8.283283283283282561e-01 2.018194277679268680e+03
8.385885885885886459e-01 2.018853938155441938e+03
8.488488488488488137e-01 2.019513259286004995e+03
8.591091091091090926e-01 2.020172240230462194e+03
8.693693693693693714e-01 2.020830880148124379e+03
8.796296296296295392e-01 2.021489178198110039e+03
8.898898898898899290e-01 2.022147133539347578e+03
9.001501501501500968e-01 2.022804745330577816e+03
9.104104104104103756e-01 2.023462012730358310e+03
9.206706706706706544e-01 2.024118934897063809e+03
9.309309309309309333e-01 2.024775510988889437e+03
9.411911911911912121e-01 2.025431740163855238e+03
9.514514514514513799e-01 2.026087621579806182e+03
9.617117117117117697e-01 2.026743154394418070e+03
9.719719719719719375e-01 2.027398337765194810e+03
9.822322322322322163e-01 2.028053170849477738e+03
9.924924924924924952e-01 2.028707652804442432e+03
1.002752752752752663e+00 2.029361782787106449e+03
1.013013013013012831e+00 2.030015559954327273e+03
1.023273273273273221e+00 2.030668983462808455e+03
1.033533533533533610e+00 2.031322052469100299e+03
1.043793793793793778e+00 2.031974766129604177e+03
1.054054054054053946e+00 2.032627123600572304e+03
1.064314314314314336e+00 2.033279124038114333e+03
1.074574574574574504e+00 2.033930766598197351e+03
1.084834834834834894e+00 2.034582050436649297e+03
1.095095095095095061e+00 2.035232974709160317e+03
1.105355355355355229e+00 2.035883538571287318e+03
1.115615615615615619e+00 2.036533741178457603e+03
1.125875875875876009e+00 2.037183581685966601e+03
1.136136136136136177e+00 2.037833059248986501e+03
1.146396396396396344e+00 2.038482173022565121e+03
1.156656656656656512e+00 2.039130922161628860e+03
1.166916916916916902e+00 2.039779305820987702e+03
1.177177177177177292e+00 2.040427323155334989e+03
1.187437437437437460e+00 2.041074973319251740e+03
1.197697697697697627e+00 2.041722255467209607e+03
1.207957957957957795e+00 2.042369168753571330e+03
1.218218218218218185e+00 2.043015712332596195e+03
1.228478478478478575e+00 2.043661885358441168e+03
1.238738738738738743e+00 2.044307686985163400e+03
1.248998998998998911e+00 2.044953116366723407e+03
1.259259259259259078e+00 2.045598172656987799e+03
1.269519519519519468e+00 2.046242855009731556e+03
1.279779779779779858e+00 2.046887162578640982e+03
1.290040040040040026e+00 2.047531094517316205e+03
1.300300300300300194e+00 2.048174649979274363e+03
1.310560560560560361e+00 2.048817828117948466e+03
1.320820820820820751e+00 2.049460628086699217e+03
1.331081081081081141e+00 2.050103049038806603e+03
1.341341341341341309e+00 2.050745090127481035e+03
1.351601601601601477e+00 2.051386750505860164e+03
1.361861861861861867e+00 2.052028029327015247e+03
1.372122122122122034e+00 2.052668925743952968e+03
1.382382382382382424e+00 2.053309438909617256e+03
1.392642642642642592e+00 2.053949567976892467e+03
1.402902902902902760e+00 2.054589312098606115e+03
1.413163163163163150e+00 2.055228670427530233e+03
1.423423423423423539e+00 2.055867642116387742e+03
1.433683683683683707e+00 2.056506226317849723e+03
1.443943943943943875e+00 2.057144422184542236e+03
1.454204204204204043e+00 2.057782228869047685e+03
1.464464464464464433e+00 2.058419645523907093e+03
1.474724724724724823e+00 2.059056671301622373e+03
1.484984984984984990e+00 2.059693305354662243e+03
1.495245245245245158e+00 2.060329546835459041e+03
1.505505505505505548e+00 2.060965394896415546e+03
1.515765765765765716e+00 2.061600848689908162e+03
1.526026026026025884e+00 2.062235907368286462e+03
1.536286286286286273e+00 2.062870570083878192e+03
1.546546546546546441e+00 2.063504835988990635e+03
1.556806806806806831e+00 2.064138704235914702e+03
1.567067067067066999e+00 2.064772173976926751e+03
1.577327327327327167e+00 2.065405244364289501e+03
1.587587587587587556e+00 2.066037914550257483e+03
1.597847847847847724e+00 2.066670183687079316e+03
1.608108108108108114e+00 2.067302050926998618e+03
1.618368368368368282e+00 2.067933515422257187e+03
1.628628628628628672e+00 2.068564576325100006e+03
1.638888888888888840e+00 2.069195232787772511e+03
1.649149149149149007e+00 2.069825483962530598e+03
1.659409409409409397e+00 2.070455329001636528e+03
1.669669669669669565e+00 2.071084767057365752e+03
1.679929929929929955e+00 2.071713797282007818e+03
1.690190190190190123e+00 2.072342418827869096e+03
1.700450450450450290e+00 2.072970630847275970e+03
1.710710710710710680e+00 2.073598432492577558e+03
1.720970970970970848e+00 2.074225822916147081e+03
1.731231231231231238e+00 2.074852801270386408e+03
1.741491491491491406e+00 2.075479366707726967e+03
1.751751751751751796e+00 2.076105518380633839e+03
1.762012012012011963e+00 2.076731255441606663e+03
1.772272272272272131e+00 2.077356577043184188e+03
1.782532532532532521e+00 2.077981482337946090e+03
1.792792792792792689e+00 2.078605970478513882e+03
1.803053053053053079e+00 2.079230040617558188e+03
1.813313313313313246e+00 2.079853691907795564e+03
1.823573573573573414e+00 2.080476923501995316e+03
1.833833833833833804e+00 2.081099734552980408e+03
1.844094094094093972e+00 2.081722124213631105e+03
1.854354354354354362e+00 2.082344091636885423e+03
1.864614614614614529e+00 2.082965635975745954e+03
1.874874874874874697e+00 2.083586756383276679e+03
1.885135135135135087e+00 2.084207452012611611e+03
1.895395395395395255e+00 2.084827722016952521e+03
1.905655655655655645e+00 2.085447565549574392e+03
1.915915915915915813e+00 2.086066981763827243e+03
1.926176176176176202e+00 2.086685969813139764e+03
1.936436436436436370e+00 2.087304528851019313e+03
1.946696696696696538e+00 2.087922658031057381e+03
1.956956956956956928e+00 2.088540356506930493e+03
1.967217217217217096e+00 2.089157623432404307e+03
1.977477477477477485e+00 2.089774457961333155e+03
1.987737737737737653e+00 2.090390859247668686e+03
1.997997997997997821e+00 2.091006826445454408e+03
2.008258258258257989e+00 2.091622358708835236e+03
2.018518518518518157e+00 2.092237455192056586e+03
2.028778778778778769e+00 2.092852115049468921e+03
2.039039039039038936e+00 2.093466337435527294e+03
2.049299299299299548e+00 2.094080121504797717e+03
2.059559559559559716e+00 2.094693466411957161e+03
2.069819819819819884e+00 2.095306371311797193e+03
2.080080080080080052e+00 2.095918835359227160e+03
2.090340340340340219e+00 2.096530857709275551e+03
2.100600600600600387e+00 2.097142437517093640e+03
2.110860860860860555e+00 2.097753573937956844e+03
2.121121121121120723e+00 2.098364266127268820e+03
2.131381381381381335e+00 2.098974513240562828e+03
2.141641641641641503e+00 2.099584314433506279e+03
2.151901901901902114e+00 2.100193668861900733e+03
2.162162162162162282e+00 2.100802575681686449e+03
2.172422422422422450e+00 2.101411034048943748e+03
2.182682682682682618e+00 2.102019043119897105e+03
2.192942942942942786e+00 2.102626602050915608e+03
2.203203203203202953e+00 2.103233709998518407e+03
2.213463463463463121e+00 2.103840366119375176e+03
2.223723723723723733e+00 2.104446569570308384e+03
2.233983983983983901e+00 2.105052319508298751e+03
2.244244244244244069e+00 2.105657615090484342e+03
2.254504504504504681e+00 2.106262455474165108e+03
2.264764764764764848e+00 2.106866839816805623e+03
2.275025025025025016e+00 2.107470767276037805e+03
2.285285285285285184e+00 2.108074237009661374e+03
2.295545545545545352e+00 2.108677248175648856e+03
2.305805805805805520e+00 2.109279799932148308e+03
2.316066066066065687e+00 2.109881891437483773e+03
2.326326326326326299e+00 2.110483521850159377e+03
2.336586586586586467e+00 2.111084690328862507e+03
2.346846846846847079e+00 2.111685396032464269e+03
2.357107107107107247e+00 2.112285638120024032e+03
2.367367367367367414e+00 2.112885415750792163e+03
2.377627627627627582e+00 2.113484728084210474e+03
2.387887887887887750e+00 2.114083574279917684e+03
2.398148148148147918e+00 2.114681953497749419e+03
2.408408408408408086e+00 2.115279864897741845e+03
2.418668668668668253e+00 2.115877307640136223e+03
2.428928928928928865e+00 2.116474280885377084e+03
2.439189189189189033e+00 2.117070783794119961e+03
2.449449449449449645e+00 2.117666815527229119e+03
2.459709709709709813e+00 2.118262375245783460e+03
2.469969969969969981e+00 2.118857462111079258e+03
2.480230230230230148e+00 2.119452075284629245e+03
2.490490490490490316e+00 2.120046213928169436e+03
2.500750750750750484e+00 2.120639877203659125e+03
2.511011011011011096e+00 2.121233064273284981e+03
2.521271271271271264e+00 2.121825774299461045e+03
2.531531531531531432e+00 2.122418006444835100e+03
2.541791791791791599e+00 2.123009759872288669e+03
2.552052052052051767e+00 2.123601033744940651e+03
2.562312312312312379e+00 2.124191827226148234e+03
2.572572572572572547e+00 2.124782139479510533e+03
2.582832832832832715e+00 2.125371969668874044e+03
2.593093093093092882e+00 2.125961316958329917e+03
2.603353353353353050e+00 2.126550180512220322e+03
2.613613613613613662e+00 2.127138559495140271e+03
2.623873873873873830e+00 2.127726453071938522e+03
2.634134134134133998e+00 2.128313860407722586e+03
2.644394394394394165e+00 2.128900780667860090e+03
2.654654654654654333e+00 2.129487213017980594e+03
2.664914914914914945e+00 2.130073156623980594e+03
2.675175175175175113e+00 2.130658610652022617e+03
2.685435435435435281e+00 2.131243574268541124e+03
2.695695695695695449e+00 2.131828046640243429e+03
2.705955955955956060e+00 2.132412026934112419e+03
2.716216216216216228e+00 2.132995514317408379e+03
2.726476476476476396e+00 2.133578507957674447e+03
2.736736736736736564e+00 2.134161007022735248e+03
2.746996996996996732e+00 2.134743010680702355e+03
2.757257257257257343e+00 2.135324518099975649e+03
2.767517517517517511e+00 2.135905528449245139e+03
2.777777777777777679e+00 2.136486040897497332e+03
2.788038038038037847e+00 2.137066054614011136e+03
2.798298298298298015e+00 2.137645568768367411e+03
2.808558558558558627e+00 2.138224582530446241e+03
2.818818818818818794e+00 2.138803095070433301e+03
2.829079079079078962e+00 2.139381105558821218e+03
2.839339339339339130e+00 2.139958613166407758e+03
2.849599599599599298e+00 2.140535617064308099e+03
2.859859859859859910e+00 2.141112116423947100e+03
2.870120120120120077e+00 2.141688110417067492e+03
2.880380380380380245e+00 2.142263598215732145e+03
2.890640640640640413e+00 2.142838578992325893e+03
2.900900900900900581e+00 2.143413051919556892e+03
2.911161161161161193e+00 2.143987016170460720e+03
2.921421421421421361e+00 2.144560470918402643e+03
2.931681681681681528e+00 2.145133415337079896e+03
2.941941941941941696e+00 2.145705848600524405e+03
2.952202202202201864e+00 2.146277769883105520e+03
2.962462462462462476e+00 2.146849178359531834e+03
2.972722722722722644e+00 2.147420073204854361e+03
2.982982982982982811e+00 2.147990453594468818e+03
2.993243243243242979e+00 2.148560318704118799e+03
3.003503503503503591e+00 2.149129667709896694e+03
3.013763763763763759e+00 2.149698499788248682e+03
3.024024024024023927e+00 2.150266814115976103e+03
3.034284284284284094e+00 2.150834609870235909e+03
3.044544544544544262e+00 2.151401886228546573e+03
3.054804804804804874e+00 2.151968642368789006e+03
3.065065065065065042e+00 2.152534877469209277e+03
3.075325325325325210e+00 2.153100590708421805e+03
3.085585585585585378e+00 2.153665781265409350e+03
3.095845845845845545e+00 2.154230448319529387e+03
3.106106106106106157e+00 2.154794591050513645e+03
3.116366366366366325e+00 2.155358208638471297e+03
3.126626626626626493e+00 2.155921300263893045e+03
3.136886886886886661e+00 2.156483865107651582e+03
3.147147147147146828e+00 2.157045902351005680e+03
3.157407407407407440e+00 2.157607411175602010e+03
3.167667667667667608e+00 2.158168390763476964e+03
3.177927927927927776e+00 2.158728840297060287e+03
3.188188188188187944e+00 2.159288758959177812e+03
3.198448448448448111e+00 2.159848145933053274e+03
3.208708708708708723e+00 2.160407000402309677e+03
3.218968968968968891e+00 2.160965321550974295e+03
3.229229229229229059e+00 2.161523108563479582e+03
3.239489489489489227e+00 2.162080360624668174e+03
3.249749749749749395e+00 2.162637076919788797e+03
3.260010010010010006e+00 2.163193256634507179e+03
3.270270270270270174e+00 2.163748898954903780e+03
3.280530530530530342e+00 2.164304003067477424e+03
3.290790790790790510e+00 2.164858568159145761e+03
3.301051051051051122e+00 2.165412593417251628e+03
3.311311311311311290e+00 2.165966078029563050e+03
3.321571571571571457e+00 2.166519021184275971e+03
3.331831831831831625e+00 2.167071422070017888e+03
3.342092092092091793e+00 2.167623279875848311e+03
3.352352352352352405e+00 2.168174593791262851e+03
3.362612612612612573e+00 2.168725363006196403e+03
3.372872872872872740e+00 2.169275586711022697e+03
3.383133133133132908e+00 2.169825264096560204e+03
3.393393393393393076e+00 2.170374394354072138e+03
3.403653653653653688e+00 2.170922976675271457e+03
3.413913913913913856e+00 2.171471010252319502e+03
3.424174174174174023e+00 2.172018494277832815e+03
3.434434434434434191e+00 2.172565427944882231e+03
3.444694694694694359e+00 2.173111810446998788e+03
3.454954954954954971e+00 2.173657640978171457e+03
3.465215215215215139e+00 2.174202918732853959e+03
3.475475475475475307e+00 2.174747642905966131e+03
3.485735735735735474e+00 2.175291812692893927e+03
3.495995995995995642e+00 2.175835427289496693e+03
3.506256256256256254e+00 2.176378485892104436e+03
3.516516516516516422e+00 2.176920987697524197e+03
3.526776776776776590e+00 2.177462931903040953e+03
3.537037037037036757e+00 2.178004317706418078e+03
3.547297297297296925e+00 2.178545144305906433e+03
3.557557557557557537e+00 2.179085410900237548e+03
3.567817817817817705e+00 2.179625116688634080e+03
3.578078078078077873e+00 2.180164260870807993e+03
3.588338338338338041e+00 2.180702842646963745e+03
3.598598598598598652e+00 2.181240861217802376e+03
3.608858858858858820e+00 2.181778315784520601e+03
3.619119119119118988e+00 2.182315205548818994e+03
3.629379379379379156e+00 2.182851529712896991e+03
3.639639639639639324e+00 2.183387287479461520e+03
3.649899899899899935e+00 2.183922478051727467e+03
3.660160160160160103e+00 2.184457100633418122e+03
3.670420420420420271e+00 2.184991154428771097e+03
3.680680680680680439e+00 2.185524638642537866e+03
3.690940940940940607e+00 2.186057552479988772e+03
3.701201201201201219e+00 2.186589895146911658e+03
3.711461461461461386e+00 2.187121665849620513e+03
3.721721721721721554e+00 2.187652863794950463e+03
3.731981981981981722e+00 2.188183488190265962e+03
3.742242242242241890e+00 2.188713538243461244e+03
3.752502502502502502e+00 2.189243013162962143e+03
3.762762762762762669e+00 2.189771912157730185e+03
3.773023023023022837e+00 2.190300234437261679e+03
3.783283283283283005e+00 2.190827979211595448e+03
3.793543543543543173e+00 2.191355145691310099e+03
3.803803803803803785e+00 2.191881733087529938e+03
3.814064064064063952e+00 2.192407740611925419e+03
3.824324324324324120e+00 2.192933167476716335e+03
3.834584584584584288e+00 2.193458012894674539e+03
3.844844844844844456e+00 2.193982276079125768e+03
3.855105105105105068e+00 2.194505956243952824e+03
3.865365365365365236e+00 2.195029052603596483e+03
3.875625625625625403e+00 2.195551564373060501e+03
3.885885885885885571e+00 2.196073490767911153e+03
3.896146146146146183e+00 2.196594831004281332e+03
3.906406406406406351e+00 2.197115584298873273e+03
3.916666666666666519e+00 2.197635749868959465e+03
3.926926926926926686e+00 2.198155326932386743e+03
3.937187187187186854e+00 2.198674314707576741e+03
3.947447447447447466e+00 2.199192712413530899e+03
3.957707707707707634e+00 2.199710519269830456e+03
3.967967967967967802e+00 2.200227734496640551e+03
3.978228228228227970e+00 2.200744357314711579e+03
3.988488488488488137e+00 2.201260386945380560e+03
3.998748748748748749e+00 2.201775822610578871e+03
4.009009009009009361e+00 2.202290663532825420e+03
4.019269269269269529e+00 2.202804908935238927e+03
4.029529529529529697e+00 2.203318558041533379e+03
4.039789789789789864e+00 2.203831610076022116e+03
4.050050050050050032e+00 2.204344064263624205e+03
4.060310310310310200e+00 2.204855919829859886e+03
4.070570570570570368e+00 2.205367176000858308e+03
4.080830830830830536e+00 2.205877832003358435e+03
4.091091091091090703e+00 2.206387887064710412e+03
4.101351351351350871e+00 2.206897340412879203e+03
4.111611611611611039e+00 2.207406191276447316e+03
4.121871871871871207e+00 2.207914438884613901e+03
4.132132132132131375e+00 2.208422082467202927e+03
4.142392392392391542e+00 2.208929121254659549e+03
4.152652652652652598e+00 2.209435554478057384e+03
4.162912912912912766e+00 2.209941381369097144e+03
4.173173173173172934e+00 2.210446601160110731e+03
4.183433433433433102e+00 2.210951213084063966e+03
4.193693693693694158e+00 2.211455216374559313e+03
4.203953953953954326e+00 2.211958610265834523e+03
4.214214214214214493e+00 2.212461393992770809e+03
4.224474474474474661e+00 2.212963566790891491e+03
4.234734734734734829e+00 2.213465127896364720e+03
4.244994994994994997e+00 2.213966076546005752e+03
4.255255255255255165e+00 2.214466411977281041e+03
4.265515515515515332e+00 2.214966133428308240e+03
4.275775775775775500e+00 2.215465240137860746e+03
4.286036036036035668e+00 2.215963731345367705e+03
4.296296296296295836e+00 2.216461606290919008e+03
4.306556556556556004e+00 2.216958864215265748e+03
4.316816816816816171e+00 2.217455504359822498e+03
4.327077077077076339e+00 2.217951525966671397e+03
4.337337337337336507e+00 2.218446928278562154e+03
4.347597597597597563e+00 2.218941710538916595e+03
4.357857857857857731e+00 2.219435871991829572e+03
4.368118118118117899e+00 2.219929411882071690e+03
4.378378378378378066e+00 2.220422329455091131e+03
4.388638638638638234e+00 2.220914623957018193e+03
4.398898898898899290e+00 2.221406294634664391e+03
4.409159159159159458e+00 2.221897340735526996e+03
4.419419419419419626e+00 2.222387761507790856e+03
4.429679679679679793e+00 2.222877556200329764e+03
4.439939939939939961e+00 2.223366724062711000e+03
4.450200200200200129e+00 2.223855264345194882e+03
4.460460460460460297e+00 2.224343176298739309e+03
4.470720720720720465e+00 2.224830459175002034e+03
4.480980980980980632e+00 2.225317112226339304e+03
4.491241241241240800e+00 2.225803134705814500e+03
4.501501501501500968e+00 2.226288525867194494e+03
4.511761761761761136e+00 2.226773284964956019e+03
4.522022022022022192e+00 2.227257411254285671e+03
4.532282282282282360e+00 2.227740903991083087e+03
4.542542542542542527e+00 2.228223762431962768e+03
4.552802802802802695e+00 2.228705985834257717e+03
4.563063063063062863e+00 2.229187573456020345e+03
4.573323323323323031e+00 2.229668524556024749e+03
4.583583583583583199e+00 2.230148838393769438e+03
4.593843843843843366e+00 2.230628514229480970e+03
4.604104104104103534e+00 2.231107551324112592e+03
4.614364364364364590e+00 2.231585948939350601e+03
4.624624624624624758e+00 2.232063706337614349e+03
4.634884884884884926e+00 2.232540822782058967e+03
4.645145145145145094e+00 2.233017297536578553e+03
4.655405405405405261e+00 2.233493129865805713e+03
4.665665665665665429e+00 2.233968319035117929e+03
4.675925925925925597e+00 2.234442864310636651e+03
4.686186186186185765e+00 2.234916764959230022e+03
4.696446446446445933e+00 2.235390020248516521e+03
4.706706706706706100e+00 2.235862629446864958e+03
4.716966966966967156e+00 2.236334591823401752e+03
4.727227227227227324e+00 2.236805906648006385e+03
4.737487487487487492e+00 2.237276573191316402e+03
4.747747747747747660e+00 2.237746590724733323e+03
4.758008008008007828e+00 2.238215958520418553e+03
4.768268268268267995e+00 2.238684675851301563e+03
4.778528528528528163e+00 2.239152741991077164e+03
4.788788788788788331e+00 2.239620156214211420e+03
4.799049049049048499e+00 2.240086917795942099e+03
4.809309309309308667e+00 2.240553026012281407e+03
4.819569569569569722e+00 2.241018480140017346e+03
4.829829829829829890e+00 2.241483279456718265e+03
4.840090090090090058e+00 2.241947423240732405e+03
4.850350350350350226e+00 2.242410910771191084e+03
4.860610610610610394e+00 2.242873741328012329e+03
4.870870870870870561e+00 2.243335914191900883e+03
4.881131131131130729e+00 2.243797428644352294e+03
4.891391391391390897e+00 2.244258283967653369e+03
4.901651651651651065e+00 2.244718479444886725e+03
4.911911911911912121e+00 2.245178014359929875e+03
4.922172172172172289e+00 2.245636887997460690e+03
4.932432432432432456e+00 2.246095099642957393e+03
4.942692692692692624e+00 2.246552648582702204e+03
4.952952952952952792e+00 2.247009534103782244e+03
4.963213213213212960e+00 2.247465755494092264e+03
4.973473473473473128e+00 2.247921312042338286e+03
4.983733733733733295e+00 2.248376203038035783e+03
4.993993993993993463e+00 2.248830427771517861e+03
5.004254254254253631e+00 2.249283985533932082e+03
5.014514514514514687e+00 2.249736875617245460e+03
5.024774774774774855e+00 2.250189097314245373e+03
5.035035035035035023e+00 2.250640649918543659e+03
5.045295295295295190e+00 2.251091532724576155e+03
5.055555555555555358e+00 2.251541745027606339e+03
5.065815815815815526e+00 2.251991286123728059e+03
5.076076076076075694e+00 2.252440155309866896e+03
5.086336336336335862e+00 2.252888351883781979e+03
5.096596596596596029e+00 2.253335875144070087e+03
5.106856856856856197e+00 2.253782724390164731e+03
5.117117117117117253e+00 2.254228898922341614e+03
5.127377377377377421e+00 2.254674398041716813e+03
5.137637637637637589e+00 2.255119221050254055e+03
5.147897897897897757e+00 2.255563367250762894e+03
5.158158158158157924e+00 2.256006835946902356e+03
5.168418418418418092e+00 2.256449626443183206e+03
5.178678678678678260e+00 2.256891738044968861e+03
5.188938938938938428e+00 2.257333170058479482e+03
5.199199199199198596e+00 2.257773921790792429e+03
5.209459459459459651e+00 2.258213992549846353e+03
5.219719719719719819e+00 2.258653381644440742e+03
5.229979979979979987e+00 2.259092088384239560e+03
5.240240240240240155e+00 2.259530112079773971e+03
5.250500500500500323e+00 2.259967452042443256e+03
5.260760760760760490e+00 2.260404107584517988e+03
5.271021021021020658e+00 2.260840078019141401e+03
5.281281281281280826e+00 2.261275362660331666e+03
5.291541541541540994e+00 2.261709960822984158e+03
5.301801801801801162e+00 2.262143871822873734e+03
5.312062062062062218e+00 2.262577094976656099e+03
5.322322322322322385e+00 2.263009629601871893e+03
5.332582582582582553e+00 2.263441475016945333e+03
5.342842842842842721e+00 2.263872630541190574e+03
5.353103103103102889e+00 2.264303095494809895e+03
5.363363363363363057e+00 2.264732869198898698e+03
5.373623623623623224e+00 2.265161950975446871e+03
5.383883883883883392e+00 2.265590340147338793e+03
5.394144144144143560e+00 2.266018036038359242e+03
5.404404404404403728e+00 2.266445037973191120e+03
5.414664664664664784e+00 2.266871345277422733e+03
5.424924924924924952e+00 2.267296957277545062e+03
5.435185185185185119e+00 2.267721873300954940e+03
5.445445445445445287e+00 2.268146092675961427e+03
5.455705705705705455e+00 2.268569614731781257e+03
5.465965965965965623e+00 2.268992438798545209e+03
5.476226226226225791e+00 2.269414564207299463e+03
5.486486486486485958e+00 2.269835990290007430e+03
5.496746746746746126e+00 2.270256716379550198e+03
5.507007007007007182e+00 2.270676741809732903e+03
5.517267267267267350e+00 2.271096065915281088e+03
5.527527527527527518e+00 2.271514688031848891e+03
5.537787787787787686e+00 2.271932607496014953e+03
5.548048048048047853e+00 2.272349823645288780e+03
5.558308308308308021e+00 2.272766335818112111e+03
5.568568568568568189e+00 2.273182143353859374e+03
5.578828828828828357e+00 2.273597245592842228e+03
5.589089089089088525e+00 2.274011641876307294e+03
5.599349349349348692e+00 2.274425331546443431e+03
5.609609609609609748e+00 2.274838313946381732e+03
5.619869869869869916e+00 2.275250588420195527e+03
5.630130130130130084e+00 2.275662154312904477e+03
5.640390390390390252e+00 2.276073010970477299e+03
5.650650650650650419e+00 2.276483157739831313e+03
5.660910910910910587e+00 2.276892593968837446e+03
5.671171171171170755e+00 2.277301319006320227e+03
5.681431431431430923e+00 2.277709332202059159e+03
5.691691691691691091e+00 2.278116632906793711e+03
5.701951951951951258e+00 2.278523220472221510e+03
5.712212212212212314e+00 2.278929094251005154e+03
5.722472472472472482e+00 2.279334253596768121e+03
5.732732732732732650e+00 2.279738697864102960e+03
5.742992992992992818e+00 2.280142426408569008e+03
5.753253253253252986e+00 2.280545438586696491e+03
5.763513513513513153e+00 2.280947733755986974e+03
5.773773773773773321e+00 2.281349311274917454e+03
5.784034034034033489e+00 2.281750170502939454e+03
5.794294294294293657e+00 2.282150310800484931e+03
5.804554554554554713e+00 2.282549731528964912e+03
5.814814814814814881e+00 2.282948432050772226e+03
5.825075075075075048e+00 2.283346411729284682e+03
5.835335335335335216e+00 2.283743669928865984e+03
5.845595595595595384e+00 2.284140206014867999e+03
5.855855855855855552e+00 2.284536019353632128e+03
5.866116116116115720e+00 2.284931109312493390e+03
5.876376376376375887e+00 2.285325475259779978e+03
5.886636636636636055e+00 2.285719116564815522e+03
5.896896896896896223e+00 2.286112032597923189e+03
5.907157157157157279e+00 2.286504222730424772e+03
5.917417417417417447e+00 2.286895686334643869e+03
5.927677677677677615e+00 2.287286422783909984e+03
5.937937937937937782e+00 2.287676431452555335e+03
5.948198198198197950e+00 2.288065711715923953e+03
5.958458458458458118e+00 2.288454262950365319e+03
5.968718718718718286e+00 2.288842084533243451e+03
5.978978978978978454e+00 2.289229175842935547e+03
5.989239239239238621e+00 2.289615536258833799e+03
5.999499499499498789e+00 2.290001165161347672e+03
6.009759759759759845e+00 2.290386061931907079e+03
6.020020020020020013e+00 2.290770225952961937e+03
6.030280280280280181e+00 2.291153656607987159e+03
6.040540540540540349e+00 2.291536353281482207e+03
6.050800800800800516e+00 2.291918315358972450e+03
6.061061061061060684e+00 2.292299542227013717e+03
6.071321321321320852e+00 2.292680033273192294e+03
6.081581581581581020e+00 2.293059787886127651e+03
6.091841841841841187e+00 2.293438805455473812e+03
6.102102102102102243e+00 2.293817085371921166e+03
6.112362362362362411e+00 2.294194627027199203e+03
6.122622622622622579e+00 2.294571429814078328e+03
6.132882882882882747e+00 2.294947493126368499e+03
6.143143143143142915e+00 2.295322816358928321e+03
6.153403403403403082e+00 2.295697398907659590e+03
6.163663663663663250e+00 2.296071240169512748e+03
6.173923923923923418e+00 2.296444339542488706e+03
6.184184184184183586e+00 2.296816696425639748e+03
6.194444444444443754e+00 2.297188310219070900e+03
6.204704704704704810e+00 2.297559180323944929e+03
6.214964964964964977e+00 2.297929306142479618e+03
6.225225225225225145e+00 2.298298687077954128e+03
6.235485485485485313e+00 2.298667322534706727e+03
6.245745745745745481e+00 2.299035211918141158e+03
6.256006006006005649e+00 2.299402354634723906e+03
6.266266266266265816e+00 2.299768750091988750e+03
6.276526526526525984e+00 2.300134397698538123e+03
6.286786786786786152e+00 2.300499296864044936e+03
6.297047047047046320e+00 2.300863446999254847e+03
6.307307307307307376e+00 2.301226847515987174e+03
6.317567567567567544e+00 2.301589497827135801e+03
6.327827827827827711e+00 2.301951397346675094e+03
6.338088088088087879e+00 2.302312545489656259e+03
6.348348348348348047e+00 2.302672941672214165e+03
6.358608608608608215e+00 2.303032585311565526e+03
6.368868868868868383e+00 2.303391475826012993e+03
6.379129129129128550e+00 2.303749612634945152e+03
6.389389389389388718e+00 2.304106995158839709e+03
6.399649649649649774e+00 2.304463622819264856e+03
6.409909909909909942e+00 2.304819495038882451e+03
6.420170170170170110e+00 2.305174611241445746e+03
6.430430430430430278e+00 2.305528970851805752e+03
6.440690690690690445e+00 2.305882573295911243e+03
6.450950950950950613e+00 2.306235418000809659e+03
6.461211211211210781e+00 2.306587504394650296e+03
6.471471471471470949e+00 2.306938831906685209e+03
6.481731731731731116e+00 2.307289399967271493e+03
6.491991991991991284e+00 2.307639208007873094e+03
6.502252252252252340e+00 2.307988255461061271e+03
6.512512512512512508e+00 2.308336541760519140e+03
6.522772772772772676e+00 2.308684066341041671e+03
6.533033033033032844e+00 2.309030828638535695e+03
6.543293293293293011e+00 2.309376828090025356e+03
6.553553553553553179e+00 2.309722064133650747e+03
6.563813813813813347e+00 2.310066536208672915e+03
6.574074074074073515e+00 2.310410243755471129e+03
6.584334334334333683e+00 2.310753186215549704e+03
6.594594594594593850e+00 2.311095363031534362e+03
6.604854854854854906e+00 2.311436773647180871e+03
6.615115115115115074e+00 2.311777417507367772e+03
6.625375375375375242e+00 2.312117294058107746e+03
6.635635635635635410e+00 2.312456402746541244e+03
6.645895895895895578e+00 2.312794743020943315e+03
6.656156156156155745e+00 2.313132314330723602e+03
6.666416416416415913e+00 2.313469116126428162e+03
6.676676676676676081e+00 2.313805147859740828e+03
6.686936936936936249e+00 2.314140408983485031e+03
6.697197197197197305e+00 2.314474898951626074e+03
6.707457457457457473e+00 2.314808617219272492e+03
6.717717717717717640e+00 2.315141563242678785e+03
6.727977977977977808e+00 2.315473736479243598e+03
6.738238238238237976e+00 2.315805136387515631e+03
6.748498498498498144e+00 2.316135762427195914e+03
6.758758758758758312e+00 2.316465614059131440e+03
6.769019019019018479e+00 2.316794690745327443e+03
6.779279279279278647e+00 2.317122991948943309e+03
6.789539539539538815e+00 2.317450517134293477e+03
6.799799799799799871e+00 2.317777265766852906e+03
6.810060060060060039e+00 2.318103237313255704e+03
6.820320320320320207e+00 2.318428431241297858e+03
6.830580580580580374e+00 2.318752847019938145e+03
6.840840840840840542e+00 2.319076484119302677e+03
6.851101101101100710e+00 2.319399342010682176e+03
6.861361361361360878e+00 2.319721420166536518e+03
6.871621621621621046e+00 2.320042718060496554e+03
6.881881881881881213e+00 2.320363235167362745e+03
6.892142142142141381e+00 2.320682970963111529e+03
6.902402402402402437e+00 2.321001924924892592e+03
6.912662662662662605e+00 2.321320096531032505e+03
6.922922922922922773e+00 2.321637485261037455e+03
6.933183183183182940e+00 2.321954090595591879e+03
6.943443443443443108e+00 2.322269912016563012e+03
6.953703703703703276e+00 2.322584949007000887e+03
6.963963963963963444e+00 2.322899201051140153e+03
6.974224224224223612e+00 2.323212667634401896e+03
6.984484484484483779e+00 2.323525348243395456e+03
6.994744744744744835e+00 2.323837242365919337e+03
7.005005005005005003e+00 2.324148349490964392e+03
7.015265265265265171e+00 2.324458669108713366e+03
7.025525525525525339e+00 2.324768200710544534e+03
7.035785785785785507e+00 2.325076943789029428e+03
7.046046046046045674e+00 2.325384897837941935e+03
7.056306306306305842e+00 2.325692062352250559e+03
7.066566566566566010e+00 2.325998436828127069e+03
7.076826826826826178e+00 2.326304020762944674e+03
7.087087087087086346e+00 2.326608813655282120e+03
7.097347347347347402e+00 2.326912815004921413e+03
7.107607607607607569e+00 2.327216024312853733e+03
7.117867867867867737e+00 2.327518441081277615e+03
7.128128128128127905e+00 2.327820064813601675e+03
7.138388388388388073e+00 2.328120895014447797e+03
7.148648648648648241e+00 2.328420931189649764e+03
7.158908908908908408e+00 2.328720172846256901e+03
7.169169169169168576e+00 2.329018619492534526e+03
7.179429429429428744e+00 2.329316270637967136e+03
7.189689689689688912e+00 2.329613125793256586e+03
7.199949949949949968e+00 2.329909184470328455e+03
7.210210210210210136e+00 2.330204446182328411e+03
7.220470470470470303e+00 2.330498910443628120e+03
7.230730730730730471e+00 2.330792576769823427e+03
7.240990990990990639e+00 2.331085444677739360e+03
7.251251251251250807e+00 2.331377513685426948e+03
7.261511511511510975e+00 2.331668783312169126e+03
7.271771771771771142e+00 2.331959253078480742e+03
7.282032032032031310e+00 2.332248922506108556e+03
7.292292292292292366e+00 2.332537791118034875e+03
7.302552552552552534e+00 2.332825858438478463e+03
7.312812812812812702e+00 2.333113123992895453e+03
7.323073073073072869e+00 2.333399587307979800e+03
7.333333333333333037e+00 2.333685247911669649e+03
7.343593593593593205e+00 2.333970105333140964e+03
7.353853853853853373e+00 2.334254159102817084e+03
7.364114114114113541e+00 2.334537408752364172e+03
7.374374374374373708e+00 2.334819853814694852e+03
7.384634634634633876e+00 2.335101493823971396e+03
7.394894894894894932e+00 2.335382328315604809e+03
7.405155155155155100e+00 2.335662356826256655e+03
7.415415415415415268e+00 2.335941578893840870e+03
7.425675675675675436e+00 2.336219994057526492e+03
7.435935935935935603e+00 2.336497601857736299e+03
7.446196196196195771e+00 2.336774401836150446e+03
7.456456456456455939e+00 2.337050393535707826e+03
7.466716716716716107e+00 2.337325576500606530e+03
7.476976976976976275e+00 2.337599950276306117e+03
7.487237237237236442e+00 2.337873514409526251e+03
7.497497497497497498e+00 2.338146268448254887e+03
7.507757757757757666e+00 2.338418211941741447e+03
7.518018018018017834e+00 2.338689344440504101e+03
7.528278278278278002e+00 2.338959665496327943e+03
7.538538538538538170e+00 2.339229174662269088e+03
7.548798798798798337e+00 2.339497871492653758e+03
7.559059059059058505e+00 2.339765755543080559e+03
7.569319319319318673e+00 2.340032826370421390e+03
7.579579579579578841e+00 2.340299083532825080e+03
7.589839839839839897e+00 2.340564526589715570e+03
7.600100100100100065e+00 2.340829155101793731e+03
7.610360360360360232e+00 2.341092968631042368e+03
7.620620620620620400e+00 2.341355966740723488e+03
7.630880880880880568e+00 2.341618148995381034e+03
7.641141141141140736e+00 2.341879514960842243e+03
7.651401401401400904e+00 2.342140064204220835e+03
7.661661661661661071e+00 2.342399796293913823e+03
7.671921921921921239e+00 2.342658710799609253e+03
7.682182182182181407e+00 2.342916807292281192e+03
7.692442442442442463e+00 2.343174085344194282e+03
7.702702702702702631e+00 2.343430544528906012e+03
7.712962962962962798e+00 2.343686184421266262e+03
7.723223223223222966e+00 2.343941004597418669e+03
7.733483483483483134e+00 2.344195004634803354e+03
7.743743743743743302e+00 2.344448184112155559e+03
7.754004004004003470e+00 2.344700542609511558e+03
7.764264264264263637e+00 2.344952079708205019e+03
7.774524524524523805e+00 2.345202794990870188e+03
7.784784784784783973e+00 2.345452688041445981e+03
7.795045045045045029e+00 2.345701758445172345e+03
7.805305305305305197e+00 2.345950005788594353e+03
7.815565565565565365e+00 2.346197429659564477e+03
7.825825825825825532e+00 2.346444029647241678e+03
7.836086086086085700e+00 2.346689805342094132e+03
7.846346346346345868e+00 2.346934756335898783e+03
7.856606606606606036e+00 2.347178882221744971e+03
7.866866866866866204e+00 2.347422182594034439e+03
7.877127127127126371e+00 2.347664657048481786e+03
7.887387387387387427e+00 2.347906305182119013e+03
7.897647647647647595e+00 2.348147126593291887e+03
7.907907907907907763e+00 2.348387120881664487e+03
7.918168168168167931e+00 2.348626287648221023e+03
7.928428428428428099e+00 2.348864626495264474e+03
7.938688688688688266e+00 2.349102137026420678e+03
7.948948948948948434e+00 2.349338818846635149e+03
7.959209209209208602e+00 2.349574671562180811e+03
7.969469469469468770e+00 2.349809694780653444e+03
7.979729729729728938e+00 2.350043888110976241e+03
7.989989989989989994e+00 2.350277251163399796e+03
8.000250250250250161e+00 2.350509783549503027e+03
8.010510510510510329e+00 2.350741484882194527e+03
8.020770770770770497e+00 2.350972354775716667e+03
8.031031031031030665e+00 2.351202392845641043e+03
8.041291291291290833e+00 2.351431598708874844e+03
8.051551551551551000e+00 2.351659971983658579e+03
8.061811811811811168e+00 2.351887512289571532e+03
8.072072072072071336e+00 2.352114219247527672e+03
8.082332332332331504e+00 2.352340092479780651e+03
8.092592592592591672e+00 2.352565131609923355e+03
8.102852852852851839e+00 2.352789336262889719e+03
8.113113113113112007e+00 2.353012706064956092e+03
8.123373373373372175e+00 2.353235240643741236e+03
8.133633633633632343e+00 2.353456939628209057e+03
8.143893893893892511e+00 2.353677802648669058e+03
8.154154154154152678e+00 2.353897829336776340e+03
8.164414414414412846e+00 2.354117019325534784e+03
8.174674674674673014e+00 2.354335372249297052e+03
8.184934934934934958e+00 2.354552887743766860e+03
8.195195195195195126e+00 2.354769565445997614e+03
8.205455455455455294e+00 2.354985404994396504e+03
8.215715715715715461e+00 2.355200406028723592e+03
8.225975975975975629e+00 2.355414568190094997e+03
8.236236236236235797e+00 2.355627891120980621e+03
8.246496496496495965e+00 2.355840374465209152e+03
8.256756756756756133e+00 2.356052017867967606e+03
8.267017017017016300e+00 2.356262820975799059e+03
8.277277277277276468e+00 2.356472783436611280e+03
8.287537537537538412e+00 2.356681904899670826e+03
8.297797797797798580e+00 2.356890185015608040e+03
8.308058058058058748e+00 2.357097623436416143e+03
8.318318318318318916e+00 2.357304219815453507e+03
8.328578578578579084e+00 2.357509973807444112e+03
8.338838838838839251e+00 2.357714885068478907e+03
8.349099099099099419e+00 2.357918953256018085e+03
8.359359359359359587e+00 2.358122178028889266e+03
8.369619619619619755e+00 2.358324559047291586e+03
8.379879879879879923e+00 2.358526095972793883e+03
8.390140140140140090e+00 2.358726788468339691e+03
8.400400400400400258e+00 2.358926636198242704e+03
8.410660660660660426e+00 2.359125638828194496e+03
8.420920920920920594e+00 2.359323796025260435e+03
8.431181181181180762e+00 2.359521107457881499e+03
8.441441441441440929e+00 2.359717572795878823e+03
8.451701701701701097e+00 2.359913191710449610e+03
8.461961961961961265e+00 2.360107963874173038e+03
8.472222222222221433e+00 2.360301888961007535e+03
8.482482482482481601e+00 2.360494966646292596e+03
8.492742742742741768e+00 2.360687196606752877e+03
8.503003003003001936e+00 2.360878578520494557e+03
8.513263263263262104e+00 2.361069112067010792e+03
8.523523523523522272e+00 2.361258796927177173e+03
8.533783783783784216e+00 2.361447632783260360e+03
8.544044044044044384e+00 2.361635619318912177e+03
8.554304304304304551e+00 2.361822756219172788e+03
8.564564564564564719e+00 2.362009043170474797e+03
8.574824824824824887e+00 2.362194479860638694e+03
8.585085085085085055e+00 2.362379065978879225e+03
8.595345345345345223e+00 2.362562801215802665e+03
8.605605605605605390e+00 2.362745685263407722e+03
8.615865865865865558e+00 2.362927717815091910e+03
8.626126126126125726e+00 2.363108898565643358e+03
8.636386386386385894e+00 2.363289227211250363e+03
8.646646646646646062e+00 2.363468703449497752e+03
8.656906906906906229e+00 2.363647326979369154e+03
8.667167167167166397e+00 2.363825097501247456e+03
8.677427427427426565e+00 2.364002014716915710e+03
8.687687687687686733e+00 2.364178078329558957e+03
8.697947947947946901e+00 2.364353288043764223e+03
8.708208208208207068e+00 2.364527643565522339e+03
8.718468468468467236e+00 2.364701144602227942e+03
8.728728728728729180e+00 2.364873790862680380e+03
8.738988988988989348e+00 2.365045582057085994e+03
8.749249249249249516e+00 2.365216517897056747e+03
8.759509509509509684e+00 2.365386598095614318e+03
8.769769769769769852e+00 2.365555822367187375e+03
8.780030030030030019e+00 2.365724190427615213e+03
8.790290290290290187e+00 2.365891701994147752e+03
8.800550550550550355e+00 2.366058356785445540e+03
8.810810810810810523e+00 2.366224154521582932e+03
8.821071071071070691e+00 2.366389094924046731e+03
8.831331331331330858e+00 2.366553177715736638e+03
8.841591591591591026e+00 2.366716402620969802e+03
8.851851851851851194e+00 2.366878769365477183e+03
8.862112112112111362e+00 2.367040277676407186e+03
8.872372372372371530e+00 2.367200927282326575e+03
8.882632632632631697e+00 2.367360717913219560e+03
8.892892892892891865e+00 2.367519649300489618e+03
8.903153153153152033e+00 2.367677721176960858e+03
8.913413413413412201e+00 2.367834933276878473e+03
8.923673673673672369e+00 2.367991285335909197e+03
8.933933933933934313e+00 2.368146777091142667e+03
8.944194194194194480e+00 2.368301408281091881e+03
8.954454454454454648e+00 2.368455178645693195e+03
8.964714714714714816e+00 2.368608087926310873e+03
8.974974974974974984e+00 2.368760135865731172e+03
8.985235235235235152e+00 2.368911322208170986e+03
8.995495495495495319e+00 2.369061646699272387e+03
9.005755755755755487e+00 2.369211109086106717e+03
9.016016016016015655e+00 2.369359709117174134e+03
9.026276276276275823e+00 2.369507446542405432e+03
9.036536536536535991e+00 2.369654321113161586e+03
9.046796796796796158e+00 2.369800332582235114e+03
9.057057057057056326e+00 2.369945480703850535e+03
9.067317317317316494e+00 2.370089765233666640e+03
9.077577577577576662e+00 2.370233185928775583e+03
9.087837837837836830e+00 2.370375742547703794e+03
9.098098098098096997e+00 2.370517434850413338e+03
9.108358358358357165e+00 2.370658262598302827e+03
9.118618618618617333e+00 2.370798225554207420e+03
9.128878878878879277e+00 2.370937323482398824e+03
9.139139139139139445e+00 2.371075556148590294e+03
9.149399399399399613e+00 2.371212923319931178e+03
9.159659659659659781e+00 2.371349424765011918e+03
9.169919919919919948e+00 2.371485060253864049e+03
9.180180180180180116e+00 2.371619829557959292e+03
9.190440440440440284e+00 2.371753732450212738e+03
9.200700700700700452e+00 2.371886768704981023e+03
9.210960960960960620e+00 2.372018938098065519e+03
9.221221221221220787e+00 2.372150240406710964e+03
9.231481481481480955e+00 2.372280675409608193e+03
9.241741741741741123e+00 2.372410242886891410e+03
9.252002002002001291e+00 2.372538942620143189e+03
9.262262262262261459e+00 2.372666774392392199e+03
9.272522522522521626e+00 2.372793737988115026e+03
9.282782782782781794e+00 2.372919833193237537e+03
9.293043043043041962e+00 2.373045059795133056e+03
9.303303303303302130e+00 2.373169417582624646e+03
9.313563563563562298e+00 2.373292906345987831e+03
9.323823823823824242e+00 2.373415525876947413e+03
9.334084084084084409e+00 2.373537275968680206e+03
9.344344344344344577e+00 2.373658156415815483e+03
9.354604604604604745e+00 2.373778167014435439e+03
9.364864864864864913e+00 2.373897307562076548e+03
9.375125125125125081e+00 2.374015577857728658e+03
9.385385385385385248e+00 2.374132977701837717e+03
9.395645645645645416e+00 2.374249506896303956e+03
9.405905905905905584e+00 2.374365165244484615e+03
9.416166166166165752e+00 2.374479952551193492e+03
9.426426426426425920e+00 2.374593868622702303e+03
9.436686686686686087e+00 2.374706913266739775e+03
9.446946946946946255e+00 2.374819086292494376e+03
9.457207207207206423e+00 2.374930387510613400e+03
9.467467467467466591e+00 2.375040816733203883e+03
9.477727727727726759e+00 2.375150373773833508e+03
9.487987987987986926e+00 2.375259058447530606e+03
9.498248248248247094e+00 2.375366870570785522e+03
9.508508508508507262e+00 2.375473809961551524e+03
9.518768768768767430e+00 2.375579876439242980e+03
9.529029029029029374e+00 2.375685069824739003e+03
9.539289289289289542e+00 2.375789389940382080e+03
9.549549549549549710e+00 2.375892836609979440e+03
9.559809809809809877e+00 2.375995409658802600e+03
9.570070070070070045e+00 2.376097108913590546e+03
9.580330330330330213e+00 2.376197934202545184e+03
9.590590590590590381e+00 2.376297885355338622e+03
9.600850850850850549e+00 2.376396962203108160e+03
9.611111111111110716e+00 2.376495164578459026e+03
9.621371371371370884e+00 2.376592492315465734e+03
9.631631631631631052e+00 2.376688945249670724e+03
9.641891891891891220e+00 2.376784523218085269e+03
9.652152152152151388e+00 2.376879226059192206e+03
9.662412412412411555e+00 2.376973053612943659e+03
9.672672672672671723e+00 2.377066005720761041e+03
9.682932932932931891e+00 2.377158082225541420e+03
9.693193193193192059e+00 2.377249282971649336e+03
9.703453453453452227e+00 2.377339607804923617e+03
9.713713713713712394e+00 2.377429056572676018e+03
9.723973973973974338e+00 2.377517629123692132e+03
9.734234234234234506e+00 2.377605325308230022e+03
9.744494494494494674e+00 2.377692144978022043e+03
9.754754754754754842e+00 2.377778087986276660e+03
9.765015015015015010e+00 2.377863154187677083e+03
9.775275275275275177e+00 2.377947343438381267e+03
9.785535535535535345e+00 2.378030655596024189e+03
9.795795795795795513e+00 2.378113090519717389e+03
9.806056056056055681e+00 2.378194648070048970e+03
9.816316316316315849e+00 2.378275328109084512e+03
9.826576576576576016e+00 2.378355130500368432e+03
9.836836836836836184e+00 2.378434055108922621e+03
9.847097097097096352e+00 2.378512101801248264e+03
9.857357357357356520e+00 2.378589270445324019e+03
9.867617617617616688e+00 2.378665560910611021e+03
9.877877877877876855e+00 2.378740973068048788e+03
9.888138138138137023e+00 2.378815506790056588e+03
9.898398398398397191e+00 2.378889161950536163e+03
9.908658658658657359e+00 2.378961938424869004e+03
9.918918918918919303e+00 2.379033836089919987e+03
9.929179179179179471e+00 2.379104854824033737e+03
9.939439439439439639e+00 2.379174994507039173e+03
9.949699699699699806e+00 2.379244255020247238e+03
9.959959959959959974e+00 2.379312636246451802e+03
9.970220220220220142e+00 2.379380138069930581e+03
9.980480480480480310e+00 2.379446760376446036e+03
9.990740740740740478e+00 2.379512503053243108e+03
1.000100100100100065e+01 2.379577365989051941e+03
1.001126126126126081e+01 2.379641349074088794e+03
1.002152152152152098e+01 2.379704452200054675e+03
1.003178178178178115e+01 2.379766675260135344e+03
1.004204204204204132e+01 2.379828018149002673e+03
1.005230230230230148e+01 2.379888480762816471e+03
1.006256256256256165e+01 2.379948062999221293e+03
1.007282282282282182e+01 2.380006764757350538e+03
1.008308308308308199e+01 2.380064585937822812e+03
1.009334334334334216e+01 2.380121526442746017e+03
1.010360360360360232e+01 2.380177586175715078e+03
1.011386386386386249e+01 2.380232765041813309e+03
1.012412412412412444e+01 2.380287062947613776e+03
1.013438438438438460e+01 2.380340479801175206e+03
1.014464464464464477e+01 2.380393015512049715e+03
1.015490490490490494e+01 2.380444669991274623e+03
1.016516516516516511e+01 2.380495443151381096e+03
1.017542542542542527e+01 2.380545334906385960e+03
1.018568568568568544e+01 2.380594345171799887e+03
1.019594594594594561e+01 2.380642473864621934e+03
1.020620620620620578e+01 2.380689720903342732e+03
1.021646646646646595e+01 2.380736086207944027e+03
1.022672672672672611e+01 2.380781569699897773e+03
1.023698698698698628e+01 2.380826171302169769e+03
1.024724724724724645e+01 2.380869890939214656e+03
1.025750750750750662e+01 2.380912728536981376e+03
1.026776776776776678e+01 2.380954684022909078e+03
1.027802802802802695e+01 2.380995757325931663e+03
1.028828828828828712e+01 2.381035948376474607e+03
1.029854854854854729e+01 2.381075257106455865e+03
1.030880880880880746e+01 2.381113683449287691e+03
1.031906906906906940e+01 2.381151227339873913e+03
1.032932932932932957e+01 2.381187888714613564e+03
1.033958958958958974e+01 2.381223667511399071e+03
1.034984984984984990e+01 2.381258563669615796e+03
1.036011011011011007e+01 2.381292577130145219e+03
1.037037037037037024e+01 2.381325707835361300e+03
1.038063063063063041e+01 2.381357955729132300e+03
1.039089089089089057e+01 2.381389320756823963e+03
1.040115115115115074e+01 2.381419802865292695e+03
1.041141141141141091e+01 2.381449402002894658e+03
1.042167167167167108e+01 2.381478118119476676e+03
1.043193193193193125e+01 2.381505951166383966e+03
1.044219219219219141e+01 2.381532901096456044e+03
1.045245245245245158e+01 2.381558967864029000e+03
1.046271271271271175e+01 2.381584151424932770e+03
1.047297297297297192e+01 2.381608451736495681e+03
1.048323323323323208e+01 2.381631868757539451e+03
1.049349349349349225e+01 2.381654402448386008e+03
1.050375375375375242e+01 2.381676052770848855e+03
1.051401401401401436e+01 2.381696819688240794e+03
1.052427427427427453e+01 2.381716703165371655e+03
1.053453453453453470e+01 2.381735703168545115e+03
1.054479479479479487e+01 2.381753819665565061e+03
1.055505505505505504e+01 2.381771052625729681e+03
1.056531531531531520e+01 2.381787402019835554e+03
1.057557557557557537e+01 2.381802867820175834e+03
1.058583583583583554e+01 2.381817450000540703e+03
1.059609609609609571e+01 2.381831148536218279e+03
1.060635635635635587e+01 2.381843963403992348e+03
1.061661661661661604e+01 2.381855894582146448e+03
1.062687687687687621e+01 2.381866942050459329e+03
1.063713713713713638e+01 2.381877105790209953e+03
1.064739739739739655e+01 2.381886385784172035e+03
1.065765765765765671e+01 2.381894782016618592e+03
1.066791791791791688e+01 2.381902294473319216e+03
1.067817817817817705e+01 2.381908923141542800e+03
1.068843843843843722e+01 2.381914668010054811e+03
1.069869869869869738e+01 2.381919529069119108e+03
1.070895895895895755e+01 2.381923506310497942e+03
1.071921921921921950e+01 2.381926599727448775e+03
1.072947947947947966e+01 2.381928809314729733e+03
1.073973973973973983e+01 2.381930135068596428e+03
1.075000000000000000e+01 2.381930576986801498e+03
