0.000000000000000000e+00 0.000000000000000000e+00
1.322597648280300353e+00 4.259119600774630143e-05
2.645195296560600706e+00 1.703295487463507563e-04
3.967792944840900837e+00 3.831093911769167804e-04
5.290390593121201412e+00 6.807547409089509394e-04
6.612988241401501988e+00 1.063019494009997956e-03
7.935585889681801675e+00 1.529587695955403337e-03
9.258183537962102250e+00 2.080073889323574843e-03
1.058078118624240282e+01 2.714023537741083736e-03
1.190337883452270340e+01 3.430913525466122715e-03
1.322597648280300398e+01 4.230152731901359875e-03
1.454857413108330455e+01 5.111082680209488860e-03
1.587117177936360335e+01 6.072978259106548427e-03
1.719376942764390392e+01 7.115048516800392964e-03
1.851636707592420450e+01 8.236437525948492322e-03
1.983896472420450507e+01 9.436225318394303452e-03
2.116156237248480565e+01 1.071342888836260276e-02
2.248416002076510622e+01 1.206700326268217438e-02
2.380675766904540680e+01 1.349584263652539584e-02
2.512935531732570738e+01 1.499878157305364890e-02
2.645195296560600795e+01 1.657459626527851837e-02
2.777455061388630853e+01 1.822200585836067366e-02
2.909714826216660910e+01 1.993967383048758646e-02
3.041974591044690968e+01 2.172620943039346719e-02
3.174234355872720670e+01 2.358016916951605202e-02
3.306494120700750727e+01 2.550005836670271586e-02
3.438753885528780785e+01 2.748433274332504062e-02
3.571013650356810842e+01 2.953140006658327987e-02
3.703273415184840900e+01 3.163962183874005629e-02
3.835533180012870957e+01 3.380731502994457904e-02
3.967792944840901015e+01 3.603275385228257854e-02
4.100052709668931072e+01 3.831417157261451933e-02
4.232312474496961130e+01 4.064976236174264179e-02
4.364572239324991187e+01 4.303768317739375959e-02
4.496832004153021245e+01 4.547605567847518016e-02
4.629091768981051302e+01 4.796296816803108376e-02
4.761351533809081360e+01 5.049647756230066231e-02
4.893611298637111418e+01 5.307461138325073047e-02
5.025871063465141475e+01 5.569536977194855520e-02
5.158130828293171533e+01 5.835672752011755726e-02
5.290390593121201590e+01 6.105663611721673378e-02
5.422650357949231648e+01 6.379302581037171738e-02
5.554910122777261705e+01 6.656380767449701641e-02
5.687169887605291763e+01 6.936687568993807340e-02
5.819429652433321820e+01 7.220010882498384408e-02
5.951689417261351878e+01 7.506137312060312539e-02
6.083949182089381935e+01 7.794852377477848315e-02
6.216208946917411993e+01 8.085940722383272439e-02
6.348468711745441340e+01 8.379186321816506355e-02
6.480728476573472108e+01 8.674372688984252622e-02
6.612988241401501455e+01 8.971283080952854871e-02
6.745248006229532223e+01 9.269700703026248489e-02
6.877507771057561570e+01 9.569408911564375453e-02
7.009767535885592338e+01 9.870191415001913771e-02
7.142027300713621685e+01 1.017183247283219294e-01
7.274287065541652453e+01 1.047411709232507482e-01
7.406546830369681800e+01 1.077683122275436278e-01
7.538806595197712568e+01 1.107976194691470129e-01
7.671066360025741915e+01 1.138269766971471697e-01
7.803326124853772683e+01 1.168542830363859808e-01
7.935585889681802030e+01 1.198774545087594734e-01
8.067845654509832798e+01 1.228944258192470329e-01
8.200105419337862145e+01 1.259031521048122326e-01
8.332365184165892913e+01 1.289016106443627296e-01
8.464624948993922260e+01 1.318878025280544319e-01
8.596884713821951607e+01 1.348597542842837060e-01
8.729144478649982375e+01 1.378155194627992408e-01
8.861404243478011722e+01 1.407531801724398457e-01
8.993664008306042490e+01 1.436708485720877837e-01
9.125923773134071837e+01 1.465666683135087855e-01
9.258183537962102605e+01 1.494388159348325196e-01
9.390443302790131952e+01 1.522855022035116135e-01
9.522703067618162720e+01 1.551049734076865028e-01
9.654962832446192067e+01 1.578955125949607075e-01
9.787222597274222835e+01 1.606554407576862575e-01
9.919482362102252182e+01 1.633831179639422537e-01
1.005174212693028295e+02 1.660769444334723177e-01
1.018400189175831230e+02 1.687353615579419708e-01
1.031626165658634307e+02 1.713568528649559997e-01
1.044852142141437241e+02 1.739399449253661856e-01
1.058078118624240318e+02 1.764832082034843708e-01
1.071304095107043253e+02 1.789852578499048497e-01
1.084530071589846330e+02 1.814447544367154830e-01
1.097756048072649264e+02 1.838604046349739396e-01
1.110982024555452341e+02 1.862309618343975792e-01
1.124208001038255276e+02 1.885552267053002273e-01
1.137433977521058353e+02 1.908320477028944973e-01
1.150659954003861287e+02 1.930603215141475926e-01
1.163885930486664364e+02 1.952389934474676181e-01
1.177111906969467299e+02 1.973670577655622649e-01
1.190337883452270376e+02 1.994435579618959731e-01
1.203563859935073310e+02 2.014675869812342923e-01
1.216789836417876387e+02 2.034382873848456230e-01
1.230015812900679322e+02 2.053548514609868647e-01
1.243241789383482399e+02 2.072165212813783242e-01
1.256467765866285333e+02 2.090225887044263875e-01
1.269693742349088268e+02 2.107723953260209893e-01
1.282919718831891203e+02 2.124653323787946413e-01
1.296145695314694422e+02 2.141008405807825199e-01
1.309371671797497356e+02 2.156784099344808692e-01
1.322597648280300291e+02 2.171975794773554347e-01
1.335823624763103226e+02 2.186579369848948018e-01
1.349049601245906445e+02 2.200591186273585798e-01
1.362275577728709379e+02 2.214008085814072879e-01
1.375501554211512314e+02 2.226827385978495666e-01
1.388727530694315249e+02 2.239046875267754477e-01
1.401953507177118468e+02 2.250664808013830565e-01
1.415179483659921402e+02 2.261679898818439727e-01
1.428405460142724337e+02 2.272091316605751588e-01
1.441631436625527272e+02 2.281898678303199979e-01
1.454857413108330491e+02 2.291102042164649966e-01
1.468083389591133425e+02 2.299701900750405481e-01
1.481309366073936360e+02 2.307699173578731389e-01
1.494535342556739295e+02 2.315095199463792497e-01
1.507761319039542514e+02 2.321891728554972278e-01
1.520987295522345448e+02 2.328090914092734998e-01
1.534213272005148383e+02 2.333695303896251017e-01
1.547439248487951318e+02 2.338707831598077491e-01
1.560665224970754537e+02 2.343131807641235242e-01
1.573891201453557471e+02 2.346970910054028414e-01
1.587117177936360406e+02 2.350229175018013206e-01
1.600343154419163341e+02 2.352910987244339336e-01
1.613569130901966560e+02 2.355021070173859699e-01
1.626795107384769494e+02 2.356564476016115295e-01
1.640021083867572429e+02 2.357546575642326392e-01
1.653247060350375364e+02 2.357973048347393463e-01
1.666473036833178583e+02 2.357849871495728833e-01
1.679699013315981517e+02 2.357183310065603110e-01
1.692924989798784452e+02 2.355979906106540900e-01
1.706150966281587387e+02 2.354246468124054636e-01
1.719376942764390321e+02 2.351990060405824701e-01
1.732602919247193540e+02 2.349217992303190283e-01
1.745828895729996475e+02 2.345937807481581761e-01
1.759054872212799410e+02 2.342157273153227526e-01
1.772280848695602344e+02 2.337884369305253396e-01
1.785506825178405563e+02 2.333127277935926058e-01
1.798732801661208498e+02 2.327894372311562210e-01
1.811958778144011433e+02 2.322194206256239513e-01
1.825184754626814367e+02 2.316035503486191527e-01
1.838410731109617586e+02 2.309427147000358560e-01
1.851636707592420521e+02 2.302378168538279646e-01
1.864862684075223456e+02 2.294897738116122021e-01
1.878088660558026390e+02 2.286995153651279478e-01
1.891314637040829609e+02 2.278679830685638175e-01
1.904540613523632544e+02 2.269961292217171633e-01
1.917766590006435479e+02 2.260849158649212431e-01
1.930992566489238413e+02 2.251353137866291265e-01
1.944218542972041632e+02 2.241483015445117355e-01
1.957444519454844567e+02 2.231248645008812315e-01
1.970670495937647502e+02 2.220659938732163496e-01
1.983896472420450436e+02 2.209726858005241767e-01
1.997122448903253655e+02 2.198459404262332884e-01
2.010348425386056590e+02 2.186867609982746374e-01
2.023574401868859525e+02 2.174961529869640087e-01
2.036800378351662459e+02 2.162751232212651031e-01
2.050026354834465678e+02 2.150246790439658828e-01
2.063252331317268613e+02 2.137458274862693020e-01
2.076478307800071548e+02 2.124395744622547821e-01
2.089704284282874482e+02 2.111069239836301792e-01
2.102930260765677701e+02 2.097488773951577401e-01
2.116156237248480636e+02 2.083664326310969706e-01
2.129382213731283571e+02 2.069605834929717780e-01
2.142608190214086505e+02 2.055323189489323965e-01
2.155834166696889440e+02 2.040826224549473489e-01
2.169060143179692659e+02 2.026124712980246489e-01
2.182286119662495594e+02 2.011228359616262784e-01
2.195512096145298528e+02 1.996146795134087770e-01
2.208738072628101463e+02 1.980889570153858970e-01
2.221964049110904682e+02 1.965466149565813503e-01
2.235190025593707617e+02 1.949885907082050118e-01
2.248416002076510551e+02 1.934158120013557969e-01
2.261641978559313486e+02 1.918291964272276218e-01
2.274867955042116705e+02 1.902296509597627694e-01
2.288093931524919640e+02 1.886180715006708364e-01
2.301319908007722574e+02 1.869953424467045155e-01
2.314545884490525509e+02 1.853623362790573215e-01
2.327771860973328728e+02 1.837199131747250802e-01
2.340997837456131663e+02 1.820689206396455539e-01
2.354223813938934597e+02 1.804101931634119194e-01
2.367449790421737532e+02 1.787445518953313106e-01
2.380675766904540751e+02 1.770728043415797648e-01
2.393901743387343686e+02 1.753957440831851178e-01
2.407127719870146620e+02 1.737141505145499976e-01
2.420353696352949555e+02 1.720287886022102697e-01
2.433579672835752774e+02 1.703404086635070258e-01
2.446805649318555709e+02 1.686497461648342744e-01
2.460031625801358643e+02 1.669575215391101708e-01
2.473257602284161578e+02 1.652644400221051357e-01
2.486483578766964797e+02 1.635711915072498301e-01
2.499709555249767732e+02 1.618784504185297179e-01
2.512935531732570666e+02 1.601868756010671746e-01
2.526161508215373601e+02 1.584971102289785549e-01
2.539387484698176536e+02 1.568097817300863339e-01
2.552613461180979755e+02 1.551255017270577741e-01
2.565839437663782405e+02 1.534448659945361892e-01
2.579065414146585908e+02 1.517684544318199658e-01
2.592291390629388843e+02 1.500968310506461123e-01
2.605517367112191778e+02 1.484305439776240632e-01
2.618743343594994712e+02 1.467701254708647929e-01
2.631969320077797647e+02 1.451160919503481916e-01
2.645195296560600582e+02 1.434689440415659600e-01
2.658421273043403517e+02 1.418291666319806132e-01
2.671647249526206451e+02 1.401972289398354388e-01
2.684873226009009954e+02 1.385735845948538048e-01
2.698099202491812889e+02 1.369586717303666323e-01
2.711325178974615824e+02 1.353529130864046803e-01
2.724551155457418758e+02 1.337567161232988133e-01
2.737777131940221693e+02 1.321704731453314519e-01
2.751003108423024628e+02 1.305945614339849570e-01
2.764229084905827563e+02 1.290293433903379194e-01
2.777455061388630497e+02 1.274751666861634325e-01
2.790681037871434000e+02 1.259323644232882011e-01
2.803907014354236935e+02 1.244012553007771277e-01
2.817132990837039870e+02 1.228821437895121216e-01
2.830358967319842804e+02 1.213753203137403203e-01
2.843584943802645739e+02 1.198810614391754015e-01
2.856810920285448674e+02 1.183996300672385260e-01
2.870036896768251609e+02 1.169312756350346372e-01
2.883262873251054543e+02 1.154762343206684333e-01
2.896488849733858046e+02 1.140347292535080492e-01
2.909714826216660981e+02 1.126069707290180411e-01
2.922940802699463916e+02 1.111931564277839901e-01
2.936166779182266851e+02 1.097934716383675707e-01
2.949392755665069785e+02 1.084080894836332715e-01
2.962618732147872720e+02 1.070371711501984097e-01
2.975844708630675655e+02 1.056808661206696948e-01
2.989070685113478589e+02 1.043393124083337592e-01
3.002296661596281524e+02 1.030126367939830090e-01
3.015522638079085027e+02 1.017009550645629895e-01
3.028748614561887962e+02 1.004043722533412009e-01
3.041974591044690897e+02 9.912298288130248769e-02
3.055200567527493831e+02 9.785687119948834056e-02
3.068426544010296766e+02 9.660611143200613371e-02
3.081652520493099701e+02 9.537076801944335824e-02
3.094878496975902635e+02 9.415089586243063913e-02
3.108104473458705570e+02 9.294654056511031381e-02
3.121330449941509073e+02 9.175773867827041741e-02
3.134556426424312008e+02 9.058451794192057260e-02
3.147782402907114943e+02 8.942689752708904427e-02
3.161008379389917877e+02 8.828488827663442950e-02
3.174234355872720812e+02 8.715849294487065801e-02
3.187460332355523747e+02 8.604770643581594047e-02
3.200686308838326681e+02 8.495251603988354661e-02
3.213912285321129616e+02 8.387290166884156517e-02
3.227138261803933119e+02 8.280883608887749936e-02
3.240364238286736054e+02 8.176028515161204435e-02
3.253590214769538989e+02 8.072720802291424858e-02
3.266816191252341923e+02 7.970955740938029388e-02
3.280042167735144858e+02 7.870727978234341726e-02
3.293268144217947793e+02 7.772031559929329370e-02
3.306494120700750727e+02 7.674859952258805684e-02
3.319720097183553662e+02 7.579206063535362525e-02
3.332946073666357165e+02 7.485062265446747187e-02
3.346172050149160100e+02 7.392420414053574307e-02
3.359398026631963035e+02 7.301271870477679671e-02
3.372624003114765969e+02 7.211607521273262489e-02
3.385849979597568904e+02 7.123417798473578866e-02
3.399075956080371839e+02 7.036692699306514032e-02
3.412301932563174773e+02 6.951421805573174129e-02
3.425527909045977708e+02 6.867594302684154606e-02
3.438753885528780643e+02 6.785198998348632160e-02
3.451979862011584146e+02 6.704224340912173785e-02
3.465205838494387081e+02 6.624658437339658867e-02
3.478431814977190015e+02 6.546489070840180724e-02
3.491657791459992950e+02 6.469703718131293579e-02
3.504883767942795885e+02 6.394289566340712050e-02
3.518109744425598819e+02 6.320233529543603512e-02
3.531335720908401754e+02 6.247522264934583097e-02
3.544561697391204689e+02 6.176142188633494678e-02
3.557787673874008192e+02 6.106079491124871694e-02
3.571013650356811127e+02 6.037320152331053513e-02
3.584239626839614061e+02 5.969849956319557560e-02
3.597465603322416996e+02 5.903654505645558603e-02
3.610691579805219931e+02 5.838719235330656204e-02
3.623917556288022865e+02 5.775029426479578315e-02
3.637143532770825800e+02 5.712570219536582811e-02
3.650369509253628735e+02 5.651326627183855811e-02
3.663595485736432238e+02 5.591283546884225075e-02
3.676821462219235173e+02 5.532425773071056319e-02
3.690047438702038107e+02 5.474738008988210003e-02
3.703273415184841042e+02 5.418204878183283113e-02
3.716499391667643977e+02 5.362810935657692790e-02
3.729725368150446911e+02 5.308540678677022701e-02
3.742951344633249846e+02 5.255378557245754534e-02
3.756177321116052781e+02 5.203308984250135105e-02
3.769403297598856284e+02 5.152316345273597054e-02
3.782629274081659219e+02 5.102385008088936719e-02
3.795855250564462153e+02 5.053499331831785846e-02
3.809081227047265088e+02 5.005643675860012992e-02
3.822307203530068023e+02 4.958802408303784881e-02
3.835533180012870957e+02 4.912959914311110232e-02
3.848759156495673892e+02 4.868100603993862074e-02
3.861985132978476827e+02 4.824208920079286339e-02
3.875211109461279761e+02 4.781269345272072535e-02
3.888437085944083265e+02 4.739266409332235780e-02
3.901663062426886199e+02 4.698184695874042804e-02
3.914889038909689134e+02 4.658008848891154186e-02
3.928115015392492069e+02 4.618723579013474245e-02
3.941340991875295003e+02 4.580313669500958584e-02
3.954566968358097938e+02 4.542763981979829058e-02
3.967792944840900873e+02 4.506059461926516241e-02
3.981018921323703808e+02 4.470185143904889524e-02
3.994244897806507311e+02 4.435126156562008148e-02
4.007470874289310245e+02 4.400867727388017847e-02
4.020696850772113180e+02 4.367395187245394494e-02
4.033922827254916115e+02 4.334693974673101829e-02
4.047148803737719049e+02 4.302749639970933349e-02
4.060374780220521984e+02 4.271547849069472907e-02
4.073600756703324919e+02 4.241074387190893469e-02
4.086826733186127854e+02 4.211315162305986209e-02
4.100052709668931357e+02 4.182256208392611668e-02
4.113278686151734291e+02 4.153883688500806248e-02
4.126504662634537226e+02 4.126183897629679548e-02
4.139730639117340161e+02 4.099143265421251181e-02
4.152956615600143095e+02 4.072748358676296643e-02
4.166182592082946030e+02 4.046985883697132996e-02
4.179408568565748965e+02 4.021842688462379245e-02
4.192634545048551900e+02 3.997305764638561798e-02
4.205860521531355403e+02 3.973362249433312621e-02
4.219086498014158337e+02 3.949999427295063092e-02
4.232312474496961272e+02 3.927204731463727200e-02
4.245538450979764207e+02 3.904965745377225045e-02
4.258764427462567141e+02 3.883270203938199439e-02
4.271990403945370076e+02 3.862105994645517737e-02
4.285216380428173011e+02 3.841461158594933201e-02
4.298442356910975946e+02 3.821323891353238522e-02
4.311668333393778880e+02 3.801682543710137308e-02
4.324894309876582383e+02 3.782525622312106484e-02
4.338120286359385318e+02 3.763841790182238800e-02
4.351346262842188253e+02 3.745619867130134395e-02
4.364572239324991187e+02 3.727848830055842388e-02
4.377798215807794122e+02 3.710517813151648775e-02
4.391024192290597057e+02 3.693616108005520066e-02
4.404250168773399992e+02 3.677133163609946909e-02
4.417476145256202926e+02 3.661058586279793831e-02
4.430702121739006429e+02 3.645382139482708506e-02
4.443928098221809364e+02 3.630093743585590532e-02
4.457154074704612299e+02 3.615183475520498263e-02
4.470380051187415233e+02 3.600641568373320195e-02
4.483606027670218168e+02 3.586458410898491628e-02
4.496832004153021103e+02 3.572624546962845787e-02
4.510057980635824038e+02 3.559130674921785059e-02
4.523283957118626972e+02 3.545967646930735934e-02
4.536509933601430475e+02 3.533126468194799918e-02
4.549735910084233410e+02 3.520598296159581364e-02
4.562961886567036345e+02 3.508374439645845638e-02
4.576187863049839279e+02 3.496446357930837329e-02
4.589413839532642214e+02 3.484805659778872355e-02
4.602639816015445149e+02 3.473444102423738078e-02
4.615865792498248084e+02 3.462353590505517359e-02
4.629091768981051018e+02 3.451526174964168747e-02
4.642317745463854521e+02 3.440954051892283760e-02
4.655543721946657456e+02 3.430629561349359674e-02
4.668769698429460391e+02 3.420545186139740262e-02
4.681995674912263325e+02 3.410693550556496978e-02
4.695221651395066260e+02 3.401067419093266320e-02
4.708447627877869195e+02 3.391659695126204160e-02
4.721673604360672130e+02 3.382463419567888901e-02
4.734899580843475064e+02 3.373471769495257899e-02
4.748125557326277999e+02 3.364678056753343804e-02
4.761351533809081502e+02 3.356075726536630194e-02
4.774577510291884437e+02 3.347658355949807013e-02
4.787803486774687372e+02 3.339419652549580064e-02
4.801029463257490306e+02 3.331353452869192239e-02
4.814255439740293241e+02 3.323453720927253136e-02
4.827481416223096176e+02 3.315714546722364764e-02
4.840707392705899110e+02 3.308130144715046295e-02
4.853933369188702045e+02 3.300694852298396292e-02
4.867159345671505548e+02 3.293403128258831636e-02
4.880385322154308483e+02 3.286249551228272170e-02
4.893611298637111418e+02 3.279228818129006906e-02
4.906837275119914352e+02 3.272335742612508813e-02
4.920063251602717287e+02 3.265565253493392384e-02
4.933289228085520222e+02 3.258912393179572847e-02
4.946515204568323156e+02 3.252372316099869792e-02
4.959741181051126091e+02 3.245940287129975288e-02
4.972967157533929594e+02 3.239611680017863427e-02
4.986193134016732529e+02 3.233381975809628689e-02
4.999419110499535464e+02 3.227246761276638537e-02
5.012645086982338398e+02 3.221201727344951554e-02
5.025871063465141333e+02 3.215242667527793557e-02
5.039097039947944268e+02 3.209365476361982633e-02
5.052323016430747202e+02 3.203566147849049722e-02
5.065548992913550137e+02 3.197840773901795830e-02
5.078774969396353072e+02 3.192185542797028319e-02
5.092000945879156575e+02 3.186596737635143811e-02
5.105226922361959510e+02 3.181070734807227990e-02
5.118452898844762444e+02 3.175604002470280851e-02
5.131678875327564811e+02 3.170193099031122508e-02
5.144904851810368882e+02 3.164834671639623481e-02
5.158130828293171817e+02 3.159525454691704260e-02
5.171356804775974751e+02 3.154262268342671038e-02
5.184582781258777686e+02 3.149042017031312285e-02
5.197808757741580621e+02 3.143861688015257838e-02
5.211034734224383556e+02 3.138718349917993256e-02
5.224260710707186490e+02 3.133609151287922862e-02
5.237486687189989425e+02 3.128531319169902680e-02
5.250712663672792360e+02 3.123482157689533301e-02
5.263938640155595294e+02 3.118459046650580435e-02
5.277164616638398229e+02 3.113459440145864218e-02
5.290390593121201164e+02 3.108480865181801125e-02
5.303616569604004098e+02 3.103520920316981541e-02
5.316842546086807033e+02 3.098577274314964075e-02
5.330068522569609968e+02 3.093647664811514236e-02
5.343294499052412903e+02 3.088729896996533081e-02
5.356520475535216974e+02 3.083821842310817060e-02
5.369746452018019909e+02 3.078921437157883592e-02
5.382972428500822843e+02 3.074026681630945973e-02
5.396198404983625778e+02 3.069135638255254123e-02
5.409424381466428713e+02 3.064246430745868818e-02
5.422650357949231648e+02 3.059357242781002989e-02
5.435876334432034582e+02 3.054466316791018543e-02
5.449102310914837517e+02 3.049571952763173097e-02
5.462328287397640452e+02 3.044672507062182870e-02
5.475554263880443386e+02 3.039766391266623957e-02
5.488780240363246321e+02 3.034852071021258355e-02
5.502006216846049256e+02 3.029928064905292734e-02
5.515232193328852190e+02 3.024992943316602567e-02
5.528458169811655125e+02 3.020045327371893504e-02
5.541684146294458060e+02 3.015083887822854816e-02
5.554910122777260995e+02 3.010107343988242465e-02
5.568136099260063929e+02 3.005114462701885883e-02
5.581362075742868001e+02 3.000104057276608768e-02
5.594588052225670936e+02 2.995074986483977492e-02
5.607814028708473870e+02 2.990026153549861856e-02
5.621040005191276805e+02 2.984956505165759985e-02
5.634265981674079740e+02 2.979865030515760002e-02
5.647491958156882674e+02 2.974750760319168699e-02
5.660717934639685609e+02 2.969612765888610117e-02
5.673943911122488544e+02 2.964450158203595434e-02
5.687169887605291478e+02 2.959262086999452437e-02
5.700395864088094413e+02 2.954047739871473732e-02
5.713621840570897348e+02 2.948806341394229202e-02
5.726847817053700282e+02 2.943537152255907771e-02
5.740073793536503217e+02 2.938239468407582988e-02
5.753299770019306152e+02 2.932912620227267481e-02
5.766525746502109087e+02 2.927555971698665022e-02
5.779751722984912021e+02 2.922168919604437032e-02
5.792977699467716093e+02 2.916750892733900244e-02
5.806203675950519028e+02 2.911301351105012591e-02
5.819429652433321962e+02 2.905819785200459970e-02
5.832655628916124897e+02 2.900305715217779343e-02
5.845881605398927832e+02 2.894758690333289197e-02
5.859107581881730766e+02 2.889178287979743062e-02
5.872333558364533701e+02 2.883564113137522533e-02
5.885559534847336636e+02 2.877915797639211265e-02
5.898785511330139570e+02 2.872232999487411495e-02
5.912011487812942505e+02 2.866515402185648015e-02
5.925237464295745440e+02 2.860762714082168423e-02
5.938463440778548375e+02 2.854974667726507473e-02
5.951689417261351309e+02 2.849151019238655921e-02
5.964915393744154244e+02 2.843291547690630916e-02
5.978141370226957179e+02 2.837396054500331694e-02
5.991367346709760113e+02 2.831464362837480750e-02
6.004593323192563048e+02 2.825496317041494357e-02
6.017819299675367120e+02 2.819491782051115544e-02
6.031045276158170054e+02 2.813450642845657240e-02
6.044271252640972989e+02 2.807372803897624503e-02
6.057497229123775924e+02 2.801258188636652005e-02
6.070723205606578858e+02 2.795106738924492060e-02
6.083949182089381793e+02 2.788918414540918211e-02
6.097175158572184728e+02 2.782693192680410835e-02
6.110401135054987662e+02 2.776431067459404767e-02
6.123627111537790597e+02 2.770132049433936955e-02
6.136853088020593532e+02 2.763796165127586565e-02
6.150079064503396467e+02 2.757423456569450468e-02
6.163305040986199401e+02 2.751013980842050011e-02
6.176531017469002336e+02 2.744567809639012271e-02
6.189756993951805271e+02 2.738085028832292281e-02
6.202982970434608205e+02 2.731565738048857828e-02
6.216208946917411140e+02 2.725010050256603672e-02
6.229434923400215212e+02 2.718418091359383129e-02
6.242660899883018146e+02 2.711789999800986312e-02
6.255886876365821081e+02 2.705125926177858603e-02
6.269112852848624016e+02 2.698426032860487198e-02
6.282338829331426950e+02 2.691690493623222907e-02
6.295564805814229885e+02 2.684919493282432457e-02
6.308790782297032820e+02 2.678113227342784897e-02
6.322016758779835754e+02 2.671271901651561462e-02
6.335242735262638689e+02 2.664395732060818867e-02
6.348468711745441624e+02 2.657484944097250612e-02
6.361694688228244559e+02 2.650539772639604053e-02
6.374920664711047493e+02 2.643560461603518957e-02
6.388146641193850428e+02 2.636547263633639074e-02
6.401372617676653363e+02 2.629500439802830158e-02
6.414598594159456297e+02 2.622420259318397964e-02
6.427824570642259232e+02 2.615306999235157345e-02
6.441050547125062167e+02 2.608160944175195312e-02
6.454276523607866238e+02 2.600982386054222217e-02
6.467502500090669173e+02 2.593771623814361896e-02
6.480728476573472108e+02 2.586528963163238146e-02
6.493954453056275042e+02 2.579254716319262508e-02
6.507180429539077977e+02 2.571949201762957840e-02
6.520406406021880912e+02 2.564612743994216029e-02
6.533632382504683846e+02 2.557245673295343441e-02
6.546858358987486781e+02 2.549848325499816382e-02
6.560084335470289716e+02 2.542421041766552287e-02
6.573310311953092651e+02 2.534964168359666800e-02
6.586536288435895585e+02 2.527478056433516210e-02
6.599762264918698520e+02 2.519963061822974582e-02
6.612988241401501455e+02 2.512419544838796412e-02
6.626214217884304389e+02 2.504847870067971119e-02
6.639440194367107324e+02 2.497248406178937882e-02
6.652666170849910259e+02 2.489621525731604626e-02
6.665892147332714330e+02 2.481967604991978243e-02
6.679118123815517265e+02 2.474287023751417167e-02
6.692344100298320200e+02 2.466580165150291173e-02
6.705570076781123134e+02 2.458847415506019290e-02
6.718796053263926069e+02 2.451089164145387952e-02
6.732022029746729004e+02 2.443305803240999538e-02
6.745248006229531939e+02 2.435497727651819364e-02
6.758473982712334873e+02 2.427665334767684091e-02
6.771699959195137808e+02 2.419809024357713265e-02
6.784925935677940743e+02 2.411929198422498727e-02
6.798151912160743677e+02 2.404026261050030630e-02
6.811377888643546612e+02 2.396100618275229591e-02
6.824603865126349547e+02 2.388152677943025312e-02
6.837829841609152481e+02 2.380182849574906390e-02
6.851055818091955416e+02 2.372191544238833744e-02
6.864281794574758351e+02 2.364179174422466681e-02
6.877507771057561285e+02 2.356146153909607910e-02
6.890733747540365357e+02 2.348092897659790138e-02
6.903959724023168292e+02 2.340019821690964355e-02
6.917185700505971226e+02 2.331927342965138886e-02
6.930411676988774161e+02 2.323815879277011873e-02
6.943637653471577096e+02 2.315685849145410549e-02
6.956863629954380031e+02 2.307537671707562271e-02
6.970089606437182965e+02 2.299371766616076229e-02
6.983315582919985900e+02 2.291188553938588654e-02
6.996541559402788835e+02 2.282988454060011496e-02
7.009767535885591769e+02 2.274771887587320740e-02
7.022993512368394704e+02 2.266539275256815311e-02
7.036219488851197639e+02 2.258291037843802168e-02
7.049445465334000573e+02 2.250027596074631944e-02
7.062671441816803508e+02 2.241749370541048364e-02
7.075897418299606443e+02 2.233456781616782738e-02
7.089123394782409378e+02 2.225150249376339068e-02
7.102349371265213449e+02 2.216830193515922226e-02
7.115575347748016384e+02 2.208497033276468971e-02
7.128801324230819318e+02 2.200151187368703382e-02
7.142027300713622253e+02 2.191793073900192082e-02
7.155253277196425188e+02 2.183423110304342010e-02
7.168479253679228123e+02 2.175041713271300831e-02
7.181705230162031057e+02 2.166649298680702745e-02
7.194931206644833992e+02 2.158246281536223277e-02
7.208157183127636927e+02 2.149833075901894097e-02
7.221383159610439861e+02 2.141410094840161260e-02
7.234609136093242796e+02 2.132977750351594190e-02
7.247835112576045731e+02 2.124536453316253418e-02
7.261061089058848665e+02 2.116086613436665362e-02
7.274287065541651600e+02 2.107628639182340669e-02
7.287513042024454535e+02 2.099162937735839576e-02
7.300739018507257470e+02 2.090689914940317348e-02
7.313964994990060404e+02 2.082209975248526870e-02
7.327190971472864476e+02 2.073723521673237827e-02
7.340416947955667410e+02 2.065230955739054061e-02
7.353642924438470345e+02 2.056732677435569451e-02
7.366868900921273280e+02 2.048229085171865763e-02
7.380094877404076215e+02 2.039720575732282409e-02
7.393320853886879149e+02 2.031207544233459492e-02
7.406546830369682084e+02 2.022690384082607637e-02
7.419772806852485019e+02 2.014169486936997003e-02
7.432998783335287953e+02 2.005645242664584257e-02
7.446224759818090888e+02 1.997118039305837908e-02
7.459450736300893823e+02 1.988588263036640547e-02
7.472676712783696757e+02 1.980056298132312070e-02
7.485902689266499692e+02 1.971522526932704619e-02
7.499128665749302627e+02 1.962987329808328976e-02
7.512354642232105562e+02 1.954451085127513130e-02
7.525580618714908496e+02 1.945914169224564894e-02
7.538806595197712568e+02 1.937376956368905279e-02
7.552032571680515503e+02 1.928839818735152492e-02
7.565258548163318437e+02 1.920303126374150668e-02
7.578484524646121372e+02 1.911767247184908633e-02
7.591710501128924307e+02 1.903232546887424076e-02
7.604936477611727241e+02 1.894699388996391731e-02
7.618162454094530176e+02 1.886168134795753945e-02
7.631388430577333111e+02 1.877639143314099174e-02
7.644614407060136045e+02 1.869112771300871292e-02
7.657840383542938980e+02 1.860589373203370284e-02
7.671066360025741915e+02 1.852069301144551941e-02
7.684292336508544849e+02 1.843552904901586340e-02
7.697518312991347784e+02 1.835040531885154952e-02
7.710744289474150719e+02 1.826532527119496124e-02
7.723970265956953654e+02 1.818029233223163524e-02
7.737196242439756588e+02 1.809530990390482985e-02
7.750422218922559523e+02 1.801038136373700471e-02
7.763648195405363595e+02 1.792551006465811780e-02
7.776874171888166529e+02 1.784069933484038958e-02
7.790100148370969464e+02 1.775595247753961395e-02
7.803326124853772399e+02 1.767127277094273849e-02
7.816552101336575333e+02 1.758666346802179384e-02
7.829778077819378268e+02 1.750212779639375577e-02
7.843004054302181203e+02 1.741766895818638514e-02
7.856230030784984137e+02 1.733329012990999368e-02
7.869456007267787072e+02 1.724899446233487191e-02
7.882681983750590007e+02 1.716478508037432363e-02
7.895907960233392942e+02 1.708066508297323080e-02
7.909133936716195876e+02 1.699663754300202029e-02
7.922359913198998811e+02 1.691270550715584173e-02
7.935585889681801746e+02 1.682887199585909183e-02
7.948811866164604680e+02 1.674514000317486526e-02
7.962037842647407615e+02 1.666151249671948831e-02
7.975263819130211687e+02 1.657799241758197220e-02
7.988489795613014621e+02 1.649458268024816404e-02
8.001715772095817556e+02 1.641128617252975500e-02
8.014941748578620491e+02 1.632810575549782650e-02
8.028167725061423425e+02 1.624504426342095534e-02
8.041393701544226360e+02 1.616210450370780816e-02
8.054619678027029295e+02 1.607928925685410751e-02
8.067845654509832229e+02 1.599660127639385490e-02
8.081071630992635164e+02 1.591404328885485248e-02
8.094297607475438099e+02 1.583161799371833253e-02
8.107523583958241034e+02 1.574932806338260813e-02
8.120749560441043968e+02 1.566717614313081763e-02
8.133975536923846903e+02 1.558516485110255159e-02
8.147201513406649838e+02 1.550329677826932373e-02
8.160427489889452772e+02 1.542157448841384448e-02
8.173653466372255707e+02 1.534000051811306407e-02
8.186879442855058642e+02 1.525857737672480820e-02
8.200105419337862713e+02 1.517730754637801674e-02
8.213331395820665648e+02 1.509619348196660805e-02
8.226557372303468583e+02 1.501523761114665310e-02
8.239783348786271517e+02 1.493444233433716822e-02
8.253009325269074452e+02 1.485381002472404600e-02
8.266235301751877387e+02 1.477334302826744869e-02
8.279461278234680321e+02 1.469304366371237784e-02
8.292687254717483256e+02 1.461291422260240294e-02
8.305913231200286191e+02 1.453295696929659056e-02
8.319139207683089126e+02 1.445317414098945714e-02
8.332365184165892060e+02 1.437356794773395584e-02
8.345591160648694995e+02 1.429414057246746091e-02
8.358817137131497930e+02 1.421489417104063700e-02
8.372043113614300864e+02 1.413583087224927134e-02
8.385269090097103799e+02 1.405695277786877390e-02
8.398495066579906734e+02 1.397826196269164045e-02
8.411721043062710805e+02 1.389976047456752475e-02
8.424947019545513740e+02 1.382145033444601850e-02
8.438172996028316675e+02 1.374333353642210286e-02
8.451398972511119609e+02 1.366541204778415862e-02
8.464624948993922544e+02 1.358768780906457856e-02
8.477850925476725479e+02 1.351016273409281522e-02
8.491076901959528413e+02 1.343283871005097538e-02
8.504302878442331348e+02 1.335571759753174416e-02
8.517528854925134283e+02 1.327880123059881762e-02
8.530754831407937218e+02 1.320209141684952452e-02
8.543980807890740152e+02 1.312558993747988886e-02
8.557206784373543087e+02 1.304929854735187474e-02
8.570432760856346022e+02 1.297321897506284287e-02
8.583658737339148956e+02 1.289735292301726934e-02
8.596884713821951891e+02 1.282170206750056496e-02
8.610110690304754826e+02 1.274626805875490008e-02
8.623336666787557760e+02 1.267105252105735040e-02
8.636562643270361832e+02 1.259605705279980524e-02
8.649788619753164767e+02 1.252128322657108071e-02
8.663014596235967701e+02 1.244673258924084043e-02
8.676240572718770636e+02 1.237240666204554584e-02
8.689466549201573571e+02 1.229830694067629224e-02
8.702692525684376506e+02 1.222443489536846443e-02
8.715918502167179440e+02 1.215079197099315847e-02
8.729144478649982375e+02 1.207737958715060511e-02
8.742370455132785310e+02 1.200419913826509567e-02
8.755596431615588244e+02 1.193125199368176570e-02
8.768822408098391179e+02 1.185853949776511859e-02
8.782048384581194114e+02 1.178606296999906190e-02
8.795274361063997048e+02 1.171382370508868356e-02
8.808500337546799983e+02 1.164182297306359803e-02
8.821726314029602918e+02 1.157006201938283289e-02
8.834952290512405852e+02 1.149854206504127320e-02
8.848178266995209924e+02 1.142726430667759946e-02
8.861404243478012859e+02 1.135622991668369490e-02
8.874630219960815793e+02 1.128544004331549951e-02
8.887856196443618728e+02 1.121489581080530387e-02
8.901082172926421663e+02 1.114459831947533196e-02
8.914308149409224598e+02 1.107454864585280530e-02
8.927534125892027532e+02 1.100474784278627355e-02
8.940760102374830467e+02 1.093519693956316284e-02
8.953986078857633402e+02 1.086589694202876044e-02
8.967212055340436336e+02 1.079684883270630447e-02
8.980438031823239271e+02 1.072805357091830003e-02
8.993664008306042206e+02 1.065951209290908440e-02
9.006889984788845140e+02 1.059122531196851104e-02
9.020115961271648075e+02 1.052319411855672827e-02
9.033341937754451010e+02 1.045541938043011675e-02
9.046567914237253945e+02 1.038790194276828331e-02
9.059793890720056879e+02 1.032064262830207670e-02
9.073019867202860951e+02 1.025364223744267694e-02
9.086245843685663885e+02 1.018690154841163202e-02
9.099471820168466820e+02 1.012042131737190404e-02
9.112697796651269755e+02 1.005420227855981403e-02
9.125923773134072690e+02 9.988245144417966931e-03
9.139149749616875624e+02 9.922550605729028167e-03
9.152375726099678559e+02 9.857119331750385099e-03
9.165601702582481494e+02 9.791951970349625431e-03
9.178827679065284428e+02 9.727049148140902088e-03
9.192053655548087363e+02 9.662411470622028417e-03
9.205279632030890298e+02 9.598039522312347069e-03
9.218505608513693232e+02 9.533933866891408995e-03
9.231731584996496167e+02 9.470095047338334196e-03
9.244957561479299102e+02 9.406523586071817780e-03
9.258183537962102037e+02 9.343219985090949614e-03
9.271409514444904971e+02 9.280184726116543978e-03
9.284635490927709043e+02 9.217418270733185662e-03
9.297861467410511978e+02 9.154921060531905769e-03
9.311087443893314912e+02 9.092693517253320687e-03
9.324313420376117847e+02 9.030736042931463217e-03
9.337539396858920782e+02 8.969049020038125444e-03
9.350765373341723716e+02 8.907632811627619676e-03
9.363991349824526651e+02 8.846487761482235007e-03
9.377217326307329586e+02 8.785614194257950621e-03
9.390443302790132520e+02 8.725012415630744103e-03
9.403669279272935455e+02 8.664682712443323026e-03
9.416895255755738390e+02 8.604625352852193071e-03
9.430121232238541324e+02 8.544840586475163299e-03
9.443347208721344259e+02 8.485328644539290310e-03
9.456573185204147194e+02 8.426089740029032299e-03
9.469799161686950129e+02 8.367124067834817713e-03
9.483025138169753063e+02 8.308431804901952183e-03
9.496251114652555998e+02 8.250013110379730147e-03
9.509477091135360070e+02 8.191868125770891684e-03
9.522703067618163004e+02 8.133996975081287523e-03
9.535929044100965939e+02 8.076399764969771286e-03
9.549155020583768874e+02 8.019076584898348486e-03
9.562380997066571808e+02 7.962027507282486843e-03
9.575606973549374743e+02 7.905252587641568851e-03
9.588832950032177678e+02 7.848751864749573329e-03
9.602058926514980612e+02 7.792525360785864524e-03
9.615284902997783547e+02 7.736573081486026321e-03
9.628510879480586482e+02 7.680895016292947110e-03
9.641736855963389417e+02 7.625491138507850021e-03
9.654962832446192351e+02 7.570361405441463666e-03
9.668188808928995286e+02 7.515505758565194615e-03
9.681414785411798221e+02 7.460924123662390946e-03
9.694640761894601155e+02 7.406616410979576307e-03
9.707866738377404090e+02 7.352582515377655351e-03
9.721092714860208162e+02 7.298822316483172951e-03
9.734318691343011096e+02 7.245335678839471931e-03
9.747544667825814031e+02 7.192122452057856004e-03
9.760770644308616966e+02 7.139182470968575764e-03
9.773996620791419900e+02 7.086515555771893612e-03
9.787222597274222835e+02 7.034121512188897148e-03
9.800448573757025770e+02 6.982000131612283063e-03
9.813674550239828704e+02 6.930151191256949360e-03
9.826900526722631639e+02 6.878574454310532917e-03
9.840126503205434574e+02 6.827269670083653888e-03
9.853352479688237509e+02 6.776236574160088115e-03
9.866578456171040443e+02 6.725474888546747847e-03
9.879804432653843378e+02 6.674984321823348478e-03
9.893030409136646313e+02 6.624764569291959927e-03
9.906256385619449247e+02 6.574815313126317756e-03
9.919482362102252182e+02 6.525136222520796017e-03
9.932708338585055117e+02 6.475726953839245660e-03
9.945934315067859188e+02 6.426587150763419208e-03
9.959160291550662123e+02 6.377716444441232369e-03
9.972386268033465058e+02 6.329114453634631862e-03
9.985612244516267992e+02 6.280780784867192636e-03
9.998838220999070927e+02 6.232715032571354251e-03
1.001206419748187386e+03 6.184916779235370178e-03
1.002529017396467680e+03 6.137385595549818204e-03
1.003851615044747973e+03 6.090121040553830682e-03
1.005174212693028267e+03 6.043122661780884163e-03
1.006496810341308560e+03 5.996389995404249017e-03
1.007819407989588854e+03 5.949922566381948136e-03
1.009142005637869147e+03 5.903719888601438072e-03
1.010464603286149440e+03 5.857781465023706446e-03
1.011787200934429734e+03 5.812106787827091801e-03
1.013109798582710027e+03 5.766695338550500635e-03
1.014432396230990321e+03 5.721546588236297443e-03
1.015754993879270614e+03 5.676659997572633572e-03
1.017077591527551021e+03 5.632035017035307706e-03
1.018400189175831315e+03 5.587671087029242971e-03
1.019722786824111608e+03 5.543567638029275359e-03
1.021045384472391902e+03 5.499724090720561377e-03
1.022367982120672195e+03 5.456139856138491305e-03
1.023690579768952489e+03 5.412814335807909424e-03
1.025013177417232782e+03 5.369746921881989044e-03
1.026335775065512962e+03 5.326936997280411895e-03
1.027658372713793369e+03 5.284383935827073088e-03
1.028980970362073776e+03 5.242087102387150283e-03
1.030303568010353956e+03 5.200045853003688011e-03
1.031626165658634363e+03 5.158259535033468159e-03
1.032948763306914543e+03 5.116727487282438092e-03
1.034271360955194950e+03 5.075449040140363362e-03
1.035593958603475130e+03 5.034423515715071885e-03
1.036916556251755537e+03 4.993650227965847239e-03
1.038239153900035717e+03 4.953128482836439452e-03
1.039561751548316124e+03 4.912857578387202356e-03
1.040884349196596304e+03 4.872836804926812884e-03
1.042206946844876711e+03 4.833065445143122120e-03
1.043529544493156891e+03 4.793542774233567477e-03
1.044852142141437298e+03 4.754268060034738327e-03
1.046174739789717478e+03 4.715240563151383915e-03
1.047497337437997885e+03 4.676459537084673608e-03
1.048819935086278292e+03 4.637924228359855197e-03
1.050142532734558472e+03 4.599633876653113490e-03
1.051465130382838879e+03 4.561587714917838231e-03
1.052787728031119059e+03 4.523784969510123537e-03
1.054110325679399466e+03 4.486224860313558702e-03
1.055432923327679646e+03 4.448906600863367609e-03
1.056755520975960053e+03 4.411829398469747573e-03
1.058078118624240233e+03 4.374992454340515154e-03
1.059400716272520640e+03 4.338394963703060686e-03
1.060723313920800820e+03 4.302036115925479687e-03
1.062045911569081227e+03 4.265915094637039856e-03
1.063368509217361407e+03 4.230031077847882202e-03
1.064691106865641814e+03 4.194383238067942409e-03
1.066013704513921994e+03 4.158970742425139276e-03
1.067336302162202401e+03 4.123792752782800761e-03
1.068658899810482581e+03 4.088848425856357084e-03
1.069981497458762988e+03 4.054136913329161283e-03
1.071304095107043395e+03 4.019657361967692195e-03
1.072626692755323575e+03 3.985408913735835439e-03
1.073949290403603982e+03 3.951390705908473105e-03
1.075271888051884162e+03 3.917601871184254667e-03
1.076594485700164569e+03 3.884041537797582044e-03
1.077917083348444748e+03 3.850708829629836179e-03
1.079239680996725156e+03 3.817602866319724092e-03
1.080562278645005335e+03 3.784722763372970217e-03
1.081884876293285743e+03 3.752067632271043236e-03
1.083207473941565922e+03 3.719636580579214168e-03
1.084530071589846330e+03 3.687428712053718478e-03
1.085852669238126509e+03 3.655443126748208257e-03
1.087175266886406916e+03 3.623678921119231639e-03
1.088497864534687096e+03 3.592135188131102917e-03
1.089820462182967503e+03 3.560811017359791653e-03
1.091143059831247683e+03 3.529705495096076718e-03
1.092465657479528090e+03 3.498817704447860274e-03
1.093788255127808497e+03 3.468146725441671654e-03
1.095110852776088677e+03 3.437691635123315582e-03
1.096433450424369084e+03 3.407451507657746279e-03
1.097756048072649264e+03 3.377425414428077231e-03
1.099078645720929671e+03 3.347612424133753969e-03
1.100401243369209851e+03 3.318011602887976138e-03
1.101723841017490258e+03 3.288622014314179342e-03
1.103046438665770438e+03 3.259442719641776707e-03
1.104369036314050845e+03 3.230472777801000114e-03
1.105691633962331025e+03 3.201711245516991166e-03
1.107014231610611432e+03 3.173157177402981428e-03
1.108336829258891612e+03 3.144809626052659946e-03
1.109659426907172019e+03 3.116667642131753201e-03
1.110982024555452199e+03 3.088730274468713417e-03
1.112304622203732606e+03 3.060996570144575071e-03
1.113627219852012786e+03 3.033465574582052023e-03
1.114949817500293193e+03 3.006136331633700500e-03
1.116272415148573600e+03 2.979007883669289314e-03
1.117595012796853780e+03 2.952079271662383375e-03
1.118917610445134187e+03 2.925349535275997837e-03
1.120240208093414367e+03 2.898817712947514107e-03
1.121562805741694774e+03 2.872482841972678631e-03
1.122885403389974954e+03 2.846343958588861377e-03
1.124208001038255361e+03 2.820400098057367598e-03
1.125530598686535541e+03 2.794650294745049200e-03
1.126853196334815948e+03 2.769093582204971548e-03
1.128175793983096128e+03 2.743728993256323075e-03
1.129498391631376535e+03 2.718555560063458387e-03
1.130820989279656715e+03 2.693572314214162482e-03
1.132143586927937122e+03 2.668778286797001634e-03
1.133466184576217302e+03 2.644172508477960447e-03
1.134788782224497709e+03 2.619754009576161658e-03
1.136111379872778116e+03 2.595521820138833955e-03
1.137433977521058296e+03 2.571474970015395507e-03
1.138756575169338703e+03 2.547612488930777689e-03
1.140079172817618883e+03 2.523933406557913543e-03
1.141401770465899290e+03 2.500436752589364937e-03
1.142724368114179470e+03 2.477121556808226793e-03
1.144046965762459877e+03 2.453986849158144856e-03
1.145369563410740056e+03 2.431031659812550681e-03
1.146692161059020464e+03 2.408255019243093001e-03
1.148014758707300643e+03 2.385655958287273299e-03
1.149337356355581051e+03 2.363233508215230490e-03
1.150659954003861230e+03 2.340986700795815237e-03
1.151982551652141638e+03 2.318914568361777825e-03
1.153305149300421817e+03 2.297016143874187986e-03
1.154627746948702224e+03 2.275290460986094040e-03
1.155950344596982404e+03 2.253736554105375840e-03
1.157272942245262811e+03 2.232353458456752017e-03
1.158595539893543219e+03 2.211140210143109838e-03
1.159918137541823398e+03 2.190095846205979396e-03
1.161240735190103806e+03 2.169219404685208963e-03
1.162563332838383985e+03 2.148509924677959038e-03
1.163885930486664392e+03 2.127966446396812109e-03
1.165208528134944572e+03 2.107588011227202410e-03
1.166531125783224979e+03 2.087373661784004773e-03
1.167853723431505159e+03 2.067322441967443455e-03
1.169176321079785566e+03 2.047433397018124952e-03
1.170498918728065746e+03 2.027705573571449756e-03
1.171821516376346153e+03 2.008138019711135959e-03
1.173144114024626333e+03 1.988729785022113998e-03
1.174466711672906740e+03 1.969479920642554054e-03
1.175789309321186920e+03 1.950387479315266554e-03
1.177111906969467327e+03 1.931451515438261128e-03
1.178434504617747507e+03 1.912671085114641800e-03
1.179757102266027914e+03 1.894045246201714631e-03
1.181079699914308321e+03 1.875573058359416862e-03
1.182402297562588501e+03 1.857253583097966728e-03
1.183724895210868908e+03 1.839085883824825461e-03
1.185047492859149088e+03 1.821069025890944149e-03
1.186370090507429495e+03 1.803202076636249273e-03
1.187692688155709675e+03 1.785484105434487689e-03
1.189015285803990082e+03 1.767914183737305739e-03
1.190337883452270262e+03 1.750491385117642490e-03
1.191660481100550669e+03 1.733214785312430168e-03
1.192983078748830849e+03 1.716083462264610029e-03
1.194305676397111256e+03 1.699096496164406635e-03
1.195628274045391436e+03 1.682252969489987822e-03
1.196950871693671843e+03 1.665551967047379164e-03
1.198273469341952023e+03 1.648992576009724893e-03
1.199596066990232430e+03 1.632573885955870743e-03
1.200918664638512610e+03 1.616294988908293035e-03
1.202241262286793017e+03 1.600154979370310010e-03
1.203563859935073424e+03 1.584152954362699891e-03
1.204886457583353604e+03 1.568288013459607057e-03
1.206209055231634011e+03 1.552559258823802248e-03
1.207531652879914191e+03 1.536965795241323042e-03
1.208854250528194598e+03 1.521506730155430635e-03
1.210176848176474778e+03 1.506181173699967053e-03
1.211499445824755185e+03 1.490988238732008720e-03
1.212822043473035365e+03 1.475927040863986382e-03
1.214144641121315772e+03 1.460996698495066904e-03
1.215467238769595951e+03 1.446196332842007281e-03
1.216789836417876359e+03 1.431525067969319524e-03
1.218112434066156538e+03 1.416982030818870466e-03
1.219435031714436946e+03 1.402566351238829310e-03
1.220757629362717125e+03 1.388277162012052472e-03
1.222080227010997532e+03 1.374113598883830055e-03
1.223402824659277940e+03 1.360074800589051178e-03
1.224725422307558119e+03 1.346159908878791006e-03
1.226048019955838527e+03 1.332368068546280421e-03
1.227370617604118706e+03 1.318698427452318859e-03
1.228693215252399114e+03 1.305150136550092344e-03
1.230015812900679293e+03 1.291722349909435550e-03
1.231338410548959700e+03 1.278414224740492561e-03
1.232661008197239880e+03 1.265224921416861770e-03
1.233983605845520287e+03 1.252153603498135136e-03
1.235306203493800467e+03 1.239199437751906845e-03
1.236628801142080874e+03 1.226361594175214053e-03
1.237951398790361054e+03 1.213639246015465675e-03
1.239273996438641461e+03 1.201031569790790912e-03
1.240596594086921641e+03 1.188537745309865834e-03
1.241919191735202048e+03 1.176156955691217169e-03
1.243241789383482228e+03 1.163888387381996998e-03
1.244564387031762635e+03 1.151731230176207977e-03
1.245886984680043042e+03 1.139684677232457363e-03
1.247209582328323222e+03 1.127747925091162435e-03
1.248532179976603629e+03 1.115920173691242658e-03
1.249854777624883809e+03 1.104200626386355388e-03
1.251177375273164216e+03 1.092588489960566716e-03
1.252499972921444396e+03 1.081082974643583642e-03
1.253822570569724803e+03 1.069683294125460191e-03
1.255145168218004983e+03 1.058388665570848819e-03
1.256467765866285390e+03 1.047198309632730315e-03
1.257790363514565570e+03 1.036111450465717178e-03
1.259112961162845977e+03 1.025127315738843733e-03
1.260435558811126157e+03 1.014245136647916280e-03
1.261758156459406564e+03 1.003464147927383586e-03
1.263080754107686744e+03 9.927835878617752210e-04
1.264403351755967151e+03 9.822026982966472301e-04
1.265725949404247331e+03 9.717207246491253465e-04
1.267048547052527738e+03 9.613369159179694246e-04
1.268371144700808145e+03 9.510505246932237072e-04
1.269693742349088325e+03 9.408608071654101001e-04
1.271016339997368732e+03 9.307670231343177997e-04
1.272338937645648912e+03 9.207684360173456865e-04
1.273661535293929319e+03 9.108643128574299029e-04
1.274984132942209499e+03 9.010539243305785160e-04
1.276306730590489906e+03 8.913365447529550444e-04
1.277629328238770086e+03 8.817114520875827307e-04
1.278951925887050493e+03 8.721779279506493938e-04
1.280274523535330673e+03 8.627352576173958395e-04
1.281597121183611080e+03 8.533827300276200295e-04
1.282919718831891259e+03 8.441196377908069840e-04
1.284242316480171667e+03 8.349452771908502657e-04
1.285564914128451846e+03 8.258589481904084120e-04
1.286887511776732254e+03 8.168599544348848244e-04
1.288210109425012433e+03 8.079476032560415234e-04
1.289532707073292841e+03 7.991212056752256248e-04
1.290855304721573248e+03 7.903800764062686056e-04
1.292177902369853427e+03 7.817235338580011102e-04
1.293500500018133835e+03 7.731509001364139828e-04
1.294823097666414014e+03 7.646615010464995676e-04
1.296145695314694422e+03 7.562546660937105028e-04
1.297468292962974601e+03 7.479297284851091918e-04
1.298790890611255008e+03 7.396860251301657762e-04
1.300113488259535188e+03 7.315228966412320403e-04
1.301436085907815595e+03 7.234396873336749849e-04
1.302758683556095775e+03 7.154357452257161486e-04
1.304081281204376182e+03 7.075104220379161779e-04
1.305403878852656362e+03 6.996630731923799990e-04
1.306726476500936769e+03 6.918930578116171039e-04
1.308049074149216949e+03 6.841997387171340397e-04
1.309371671797497356e+03 6.765824824276909025e-04
1.310694269445777763e+03 6.690406591572802767e-04
1.312016867094057943e+03 6.615736428128108368e-04
1.313339464742338350e+03 6.541808109914947454e-04
1.314662062390618530e+03 6.468615449779501229e-04
1.315984660038898937e+03 6.396152297410345267e-04
1.317307257687179117e+03 6.324412539303860209e-04
1.318629855335459524e+03 6.253390098726969906e-04
1.319952452983739704e+03 6.183078935677280719e-04
1.321275050632020111e+03 6.113473046840393237e-04
