4.500000000000000000e+01 6.060169228303424749e-02
4.617117117117117431e+01 6.347574666876737437e-02
4.734234234234234151e+01 6.639216671154823945e-02
4.851351351351351582e+01 6.934884851454004018e-02
4.968468468468468302e+01 7.234366928578861433e-02
5.085585585585585733e+01 7.537448941068747299e-02
5.202702702702702453e+01 7.843915452702387991e-02
5.319819819819819884e+01 8.153549759994249690e-02
5.436936936936936604e+01 8.466134099419503345e-02
5.554054054054054035e+01 8.781449854106782027e-02
5.671171171171171466e+01 9.099277759740803662e-02
5.788288288288288186e+01 9.419398109420801246e-02
5.905405405405405617e+01 9.741590957224027791e-02
6.022522522522522337e+01 1.006563632022852706e-01
6.139639639639639768e+01 1.039131437875320807e-01
6.256756756756756488e+01 1.071840567457890137e-01
6.373873873873873919e+01 1.104669130691905421e-01
6.490990990990991349e+01 1.137595312591408447e-01
6.608108108108108070e+01 1.170597392343029619e-01
6.725225225225224790e+01 1.203653762094906154e-01
6.842342342342342931e+01 1.236742945434021745e-01
6.959459459459459651e+01 1.269843615531887071e-01
7.076576576576576372e+01 1.302934612939294912e-01
7.193693693693694513e+01 1.335994963011561398e-01
7.310810810810811233e+01 1.369003892946436540e-01
7.427927927927927954e+01 1.401940848417635443e-01
7.545045045045044674e+01 1.434785509787724345e-01
7.662162162162161394e+01 1.467517807884928804e-01
7.779279279279279535e+01 1.500117939329245753e-01
7.896396396396396256e+01 1.532566381394052657e-01
8.013513513513512976e+01 1.564843906390312456e-01
8.130630630630631117e+01 1.596931595561278949e-01
8.247747747747747837e+01 1.628810852476511584e-01
8.364864864864864558e+01 1.660463415914893992e-01
8.481981981981982699e+01 1.691871372227169990e-01
8.599099099099099419e+01 1.723017167169477726e-01
8.716216216216216139e+01 1.753883617200192035e-01
8.833333333333334281e+01 1.784453920233311508e-01
8.950450450450449580e+01 1.814711665842455024e-01
9.067567567567567721e+01 1.844640844910488409e-01
9.184684684684684441e+01 1.874225858720604543e-01
9.301801801801801162e+01 1.903451527485640060e-01
9.418918918918919303e+01 1.932303098313146728e-01
9.536036036036036023e+01 1.960766252604757010e-01
9.653153153153152743e+01 1.988827112889032800e-01
9.770270270270270885e+01 2.016472249088019364e-01
9.887387387387387605e+01 2.043688684218339380e-01
1.000450450450450433e+02 2.070463899528668383e-01
1.012162162162162247e+02 2.096785839076038549e-01
1.023873873873873919e+02 2.122642913744299809e-01
1.035585585585585591e+02 2.148024004708780077e-01
1.047297297297297405e+02 2.172918466351920208e-01
1.059009009009008935e+02 2.197316128635364851e-01
1.070720720720720749e+02 2.221207298934699814e-01
1.082432432432432421e+02 2.244582763343648257e-01
1.094144144144144093e+02 2.267433787455249428e-01
1.105855855855855907e+02 2.289752116628104017e-01
1.117567567567567579e+02 2.311529975746388355e-01
1.129279279279279251e+02 2.332760068482909177e-01
1.140990990990991065e+02 2.353435576075030844e-01
1.152702702702702737e+02 2.373550155623785074e-01
1.164414414414414409e+02 2.393097937926986218e-01
1.176126126126126081e+02 2.412073524857671625e-01
1.187837837837837895e+02 2.430471986299553300e-01
1.199549549549549567e+02 2.448288856651624767e-01
1.211261261261261239e+02 2.465520130914458652e-01
1.222972972972973054e+02 2.482162260371008344e-01
1.234684684684684726e+02 2.498212147875161493e-01
1.246396396396396398e+02 2.513667142761493167e-01
1.258108108108108070e+02 2.528525035389957432e-01
1.269819819819819884e+02 2.542784051339572748e-01
1.281531531531531414e+02 2.556442845265210484e-01
1.293243243243243228e+02 2.569500494431972704e-01
1.304954954954955042e+02 2.581956491941618803e-01
1.316666666666666856e+02 2.593810739665773357e-01
1.328378378378378386e+02 2.605063540900651731e-01
1.340090090090089916e+02 2.615715592758177110e-01
1.351801801801801730e+02 2.625767978308382600e-01
1.363513513513513544e+02 2.635222158488024768e-01
1.375225225225225358e+02 2.644079963790340049e-01
1.386936936936936888e+02 2.652343585750830957e-01
1.398648648648648702e+02 2.660015568243964124e-01
1.410360360360360232e+02 2.667098798605520016e-01
1.422072072072072046e+02 2.673596498595338655e-01
1.433783783783783861e+02 2.679512215214971405e-01
1.445495495495495675e+02 2.684849811394737773e-01
1.457207207207207205e+02 2.689613456564404204e-01
1.468918918918918735e+02 2.693807617121660170e-01
1.480630630630630549e+02 2.697437046812226624e-01
1.492342342342342363e+02 2.700506777035364681e-01
1.504054054054054177e+02 2.703022107088188242e-01
1.515765765765765991e+02 2.704988594362051635e-01
1.527477477477477521e+02 2.706412044503954117e-01
1.539189189189189051e+02 2.707298501555635006e-01
1.550900900900900865e+02 2.707654238082790044e-01
1.562612612612612679e+02 2.707485745306460467e-01
1.574324324324324493e+02 2.706799723248433098e-01
1.586036036036036023e+02 2.705603070902051766e-01
1.597747747747747837e+02 2.703902876439608360e-01
1.609459459459459367e+02 2.701706407467082682e-01
1.621171171171171181e+02 2.699021101336646078e-01
1.632882882882882996e+02 2.695854555527030794e-01
1.644594594594594810e+02 2.692214518101437859e-01
1.656306306306306340e+02 2.688108878252357670e-01
1.668018018018017870e+02 2.683545656942222246e-01
1.679729729729729684e+02 2.678532997648500613e-01
1.691441441441441498e+02 2.673079157221424085e-01
1.703153153153153312e+02 2.667192496862139106e-01
1.714864864864864842e+02 2.660881473228763894e-01
1.726576576576576656e+02 2.654154629677299426e-01
1.738288288288288186e+02 2.647020587644136058e-01
1.750000000000000000e+02 2.639488038176351914e-01
1.761711711711711814e+02 2.631565733615717217e-01
1.773423423423423344e+02 2.623262479441870187e-01
1.785135135135135158e+02 2.614587126279793727e-01
1.796846846846846972e+02 2.605548562076315799e-01
1.808558558558558502e+02 2.596155704449985002e-01
1.820270270270270316e+02 2.586417493218319819e-01
1.831981981981982130e+02 2.576342883106038095e-01
1.843693693693693660e+02 2.565940836637543576e-01
1.855405405405405475e+02 2.555220317216561066e-01
1.867117117117117289e+02 2.544190282395474290e-01
1.878828828828828819e+02 2.532859677336617987e-01
1.890540540540540633e+02 2.521237428467358321e-01
1.902252252252252163e+02 2.509332437330553667e-01
1.913963963963963977e+02 2.497153574631623407e-01
1.925675675675675791e+02 2.484709674483156217e-01
1.937387387387387321e+02 2.472009528847665671e-01
1.949099099099099135e+02 2.459061882178865677e-01
1.960810810810810949e+02 2.445875426261466534e-01
1.972522522522522479e+02 2.432458795249311523e-01
1.984234234234234293e+02 2.418820560901333572e-01
1.995945945945946107e+02 2.404969228014602056e-01
2.007657657657657637e+02 2.390913230053457739e-01
2.019369369369369451e+02 2.376660924973519329e-01
2.031081081081080981e+02 2.362220591239100609e-01
2.042792792792792795e+02 2.347600424032367794e-01
2.054504504504504609e+02 2.332808531652370843e-01
2.066216216216216139e+02 2.317852932101869268e-01
2.077927927927927954e+02 2.302741549859694814e-01
2.089639639639639768e+02 2.287482212836222106e-01
2.101351351351351298e+02 2.272082649509364061e-01
2.113063063063063112e+02 2.256550486238296238e-01
2.124774774774774926e+02 2.240893244752060198e-01
2.136486486486486456e+02 2.225118339809979973e-01
2.148198198198198270e+02 2.209233077030735570e-01
2.159909909909910084e+02 2.193244650886828073e-01
2.171621621621621614e+02 2.177160142861026548e-01
2.183333333333333428e+02 2.160986519761340929e-01
2.195045045045044958e+02 2.144730632190930408e-01
2.206756756756756772e+02 2.128399213169287207e-01
2.218468468468468586e+02 2.111998876901027000e-01
2.230180180180180116e+02 2.095536117688397704e-01
2.241891891891891930e+02 2.079017308983786005e-01
2.253603603603603744e+02 2.062448702578236481e-01
2.265315315315315274e+02 2.045836427922122225e-01
2.277027027027027088e+02 2.029186491573981288e-01
2.288738738738738903e+02 2.012504776773547943e-01
2.300450450450450433e+02 1.995797043134979742e-01
2.312162162162162247e+02 1.979068926456301614e-01
2.323873873873873777e+02 1.962325938641013567e-01
2.335585585585585591e+02 1.945573467727916006e-01
2.347297297297297405e+02 1.928816778025103928e-01
2.359009009009008935e+02 1.912061010344209555e-01
2.370720720720720749e+02 1.895311182330890465e-01
2.382432432432432563e+02 1.878572188887671357e-01
2.394144144144144093e+02 1.861848802685220350e-01
2.405855855855855907e+02 1.845145674758212895e-01
2.417567567567567721e+02 1.828467335181963305e-01
2.429279279279279251e+02 1.811818193826055523e-01
2.440990990990991065e+02 1.795202541181229183e-01
2.452702702702702879e+02 1.778624549255897191e-01
2.464414414414414409e+02 1.762088272538627765e-01
2.476126126126126223e+02 1.745597649023090669e-01
2.487837837837837753e+02 1.729156501291931325e-01
2.499549549549549567e+02 1.712768537656195189e-01
2.511261261261261382e+02 1.696437353346916532e-01
2.522972972972972912e+02 1.680166431755598655e-01
2.534684684684684726e+02 1.663959145720381450e-01
2.546396396396396540e+02 1.647818758854754373e-01
2.558108108108108070e+02 1.631748426915750894e-01
2.569819819819820168e+02 1.615751199208657896e-01
2.581531531531531982e+02 1.599830020025330424e-01
2.593243243243243228e+02 1.583987730113284864e-01
2.604954954954955042e+02 1.568227068172826366e-01
2.616666666666666856e+02 1.552550672379587604e-01
2.628378378378378102e+02 1.536961081929841266e-01
2.640090090090089916e+02 1.521460738606156271e-01
2.651801801801801730e+02 1.506051988360921079e-01
2.663513513513513544e+02 1.490737082915472300e-01
2.675225225225225358e+02 1.475518181372529047e-01
2.686936936936937173e+02 1.460397351839793634e-01
2.698648648648648987e+02 1.445376573062626402e-01
2.710360360360360801e+02 1.430457736063812102e-01
2.722072072072072046e+02 1.415642645788462717e-01
2.733783783783783861e+02 1.400933022752255119e-01
2.745495495495495675e+02 1.386330504691211662e-01
2.757207207207206920e+02 1.371836648211353649e-01
2.768918918918918735e+02 1.357452930436622851e-01
2.780630630630630549e+02 1.343180750653521494e-01
2.792342342342342363e+02 1.329021431951045717e-01
2.804054054054054177e+02 1.314976222854495891e-01
2.815765765765765991e+02 1.301046298951870628e-01
2.827477477477477805e+02 1.287232764511594962e-01
2.839189189189189619e+02 1.273536654090412501e-01
2.850900900900900865e+02 1.259958934130350205e-01
2.862612612612612679e+02 1.246500504543670146e-01
2.874324324324324493e+02 1.233162200284898397e-01
2.886036036036035739e+02 1.219944792908956577e-01
2.897747747747747553e+02 1.206848992114584185e-01
2.909459459459459367e+02 1.193875447272227525e-01
2.921171171171171181e+02 1.181024748935689678e-01
2.932882882882882996e+02 1.168297430336827925e-01
2.944594594594594810e+02 1.155693968862698262e-01
2.956306306306306624e+02 1.143214787514548747e-01
2.968018018018018438e+02 1.130860256348153320e-01
2.979729729729729684e+02 1.118630693895000389e-01
2.991441441441441498e+02 1.106526368563900270e-01
3.003153153153153312e+02 1.094547500022647057e-01
3.014864864864865126e+02 1.082694260559358274e-01
3.026576576576576372e+02 1.070966776423225852e-01
3.038288288288288186e+02 1.059365129144392292e-01
3.050000000000000000e+02 1.047889356832740343e-01
3.061711711711711814e+02 1.036539455455409570e-01
3.073423423423423628e+02 1.025315380092869932e-01
3.085135135135135442e+02 1.014217046173466336e-01
3.096846846846846688e+02 1.003244330686312025e-01
3.108558558558558502e+02 9.923970733724808702e-02
3.120270270270270316e+02 9.816750778945010358e-02
3.131981981981982130e+02 9.710781129840910519e-02
3.143693693693693945e+02 9.606059135682037953e-02
3.155405405405405190e+02 9.502581818734197328e-02
3.167117117117117004e+02 9.400345885087282860e-02
3.178828828828828819e+02 9.299347735268366499e-02
3.190540540540540633e+02 9.199583474640600500e-02
3.202252252252252447e+02 9.101048923589857842e-02
3.213963963963964261e+02 9.003739627499882103e-02
3.225675675675675507e+02 8.907650866518211641e-02
3.237387387387387321e+02 8.812777665114115977e-02
3.249099099099099135e+02 8.719114801430978556e-02
3.260810810810810949e+02 8.626656816434701003e-02
3.272522522522522763e+02 8.535398022860526956e-02
3.284234234234234577e+02 8.445332513960569776e-02
3.295945945945945823e+02 8.356454172054308960e-02
3.307657657657657637e+02 8.268756676884619905e-02
3.319369369369369451e+02 8.182233513781796141e-02
3.331081081081081265e+02 8.096877981638150867e-02
3.342792792792793080e+02 8.012683200695963626e-02
3.354504504504504325e+02 7.929642120151420004e-02
3.366216216216216139e+02 7.847747525577487837e-02
3.377927927927927954e+02 7.766992046168141872e-02
3.389639639639639768e+02 7.687368161807336953e-02
3.401351351351351582e+02 7.608868209965177765e-02
3.413063063063063396e+02 7.531484392424414587e-02
3.424774774774774642e+02 7.455208781840114152e-02
3.436486486486486456e+02 7.380033328135436610e-02
3.448198198198198270e+02 7.305949864736406563e-02
3.459909909909910084e+02 7.232950114648858952e-02
3.471621621621621898e+02 7.161025696380124428e-02
3.483333333333333144e+02 7.090168129708621092e-02
3.495045045045044958e+02 7.020368841304386320e-02
3.506756756756756772e+02 6.951619170203091058e-02
3.518468468468468586e+02 6.883910373136784000e-02
3.530180180180180400e+02 6.817233629724002431e-02
3.541891891891892215e+02 6.751580047522207084e-02
3.553603603603603460e+02 6.686940666945426215e-02
3.565315315315315274e+02 6.623306466049561081e-02
3.577027027027027088e+02 6.560668365188636331e-02
3.588738738738738903e+02 6.499017231544264306e-02
3.600450450450450717e+02 6.438343883531261191e-02
3.612162162162161962e+02 6.378639095081911625e-02
3.623873873873873777e+02 6.319893599811718388e-02
3.635585585585585591e+02 6.262098095069071335e-02
3.647297297297297405e+02 6.205243245871200353e-02
3.659009009009009219e+02 6.149319688729382866e-02
3.670720720720721033e+02 6.094318035365348801e-02
3.682432432432432279e+02 6.040228876321658558e-02
3.694144144144144093e+02 5.987042784468279977e-02
3.705855855855855907e+02 5.934750318407618769e-02
3.717567567567567721e+02 5.883342025780521206e-02
3.729279279279279535e+02 5.832808446475168385e-02
3.740990990990991349e+02 5.783140115741404463e-02
3.752702702702702595e+02 5.734327567212362670e-02
3.764414414414414409e+02 5.686361335835644903e-02
3.776126126126126223e+02 5.639231960716117875e-02
3.787837837837838038e+02 5.592929987872299891e-02
3.799549549549549852e+02 5.547445972908261747e-02
3.811261261261261097e+02 5.502770483603226792e-02
3.822972972972972912e+02 5.458894102420340511e-02
3.834684684684684726e+02 5.415807428936937618e-02
3.846396396396396540e+02 5.373501082197715273e-02
3.858108108108108354e+02 5.331965702992826073e-02
3.869819819819820168e+02 5.291191956062523544e-02
3.881531531531531414e+02 5.251170532229994248e-02
3.893243243243243228e+02 5.211892150464247919e-02
3.904954954954955042e+02 5.173347559874380552e-02
3.916666666666666856e+02 5.135527541636940307e-02
3.928378378378378670e+02 5.098422910857993567e-02
3.940090090090089916e+02 5.062024518371208148e-02
3.951801801801801730e+02 5.026323252473645364e-02
3.963513513513513544e+02 4.991310040600465542e-02
3.975225225225225358e+02 4.956975850940037454e-02
3.986936936936937173e+02 4.923311693990981008e-02
3.998648648648648987e+02 4.890308624062061904e-02
4.010360360360360232e+02 4.857957740716730560e-02
4.022072072072072046e+02 4.826250190163189346e-02
4.033783783783783861e+02 4.795177166591435558e-02
4.045495495495495675e+02 4.764729913458394528e-02
4.057207207207207489e+02 4.734899724722362729e-02
4.068918918918918735e+02 4.705677946027955055e-02
4.080630630630630549e+02 4.677055975842549923e-02
4.092342342342342363e+02 4.649025266545524226e-02
4.104054054054054177e+02 4.621577325471136477e-02
4.115765765765765991e+02 4.594703715906326563e-02
4.127477477477477805e+02 4.568396058044314756e-02
4.139189189189189051e+02 4.542646029895013038e-02
4.150900900900900865e+02 4.517445368153356899e-02
4.162612612612612679e+02 4.492785869026315326e-02
4.174324324324324493e+02 4.468659389019752348e-02
4.186036036036036307e+02 4.445057845685783382e-02
4.197747747747747553e+02 4.421973218331839983e-02
4.209459459459459367e+02 4.399397548692073057e-02
4.221171171171171181e+02 4.377322941562059727e-02
4.232882882882882996e+02 4.355741565397597270e-02
4.244594594594594810e+02 4.334645652878625632e-02
4.256306306306306624e+02 4.314027501438658097e-02
4.268018018018017870e+02 4.293879473760982279e-02
4.279729729729729684e+02 4.274193998242155346e-02
4.291441441441441498e+02 4.254963569423499126e-02
4.303153153153153312e+02 4.236180748391581152e-02
4.314864864864865126e+02 4.217838163148136116e-02
4.326576576576576940e+02 4.199928508950431794e-02
4.338288288288288186e+02 4.182444548622483993e-02
4.350000000000000000e+02 4.165379112838049624e-02
4.361711711711711814e+02 4.148725100376020325e-02
4.373423423423423628e+02 4.132475478348718312e-02
4.385135135135135442e+02 4.116623282404049955e-02
4.396846846846846688e+02 4.101161616901797397e-02
4.408558558558558502e+02 4.086083655065099463e-02
4.420270270270270316e+02 4.071382639107269663e-02
4.431981981981982130e+02 4.057051880335046934e-02
4.443693693693693945e+02 4.043084759228352670e-02
4.455405405405405759e+02 4.029474725497714932e-02
4.467117117117117004e+02 4.016215298119461818e-02
4.478828828828828819e+02 4.003300065349399417e-02
4.490540540540540633e+02 3.990722684715749397e-02
4.502252252252252447e+02 3.978476882991565516e-02
4.513963963963964261e+02 3.966556456147349308e-02
4.525675675675675507e+02 3.954955269284412406e-02
4.537387387387387321e+02 3.943667256549349825e-02
4.549099099099099135e+02 3.932686421030389540e-02
4.560810810810810949e+02 3.922006834635892447e-02
4.572522522522522763e+02 3.911622637955564086e-02
4.584234234234234577e+02 3.901528040104989409e-02
4.595945945945945823e+02 3.891717318553825772e-02
4.607657657657657637e+02 3.882184818938119730e-02
4.619369369369369451e+02 3.872924954857363822e-02
4.631081081081081265e+02 3.863932207656695789e-02
4.642792792792793080e+02 3.855201126194410244e-02
4.654504504504504325e+02 3.846726326595849982e-02
4.666216216216216139e+02 3.838502491993410481e-02
4.677927927927927954e+02 3.830524372253592269e-02
4.689639639639639768e+02 3.822786783691300289e-02
4.701351351351351582e+02 3.815284608771824654e-02
4.713063063063063396e+02 3.808012795801020423e-02
4.724774774774774642e+02 3.800966358603949380e-02
4.736486486486486456e+02 3.794140376192410569e-02
4.748198198198198270e+02 3.787529992421907743e-02
4.759909909909910084e+02 3.781130415638169623e-02
4.771621621621621898e+02 3.774936918313850920e-02
4.783333333333333712e+02 3.768944836675587606e-02
4.795045045045044958e+02 3.763149570321942111e-02
4.806756756756756772e+02 3.757546581832492405e-02
4.818468468468468586e+02 3.752131396368353633e-02
4.830180180180180400e+02 3.746899601264765123e-02
4.841891891891892215e+02 3.741846845615619255e-02
4.853603603603603460e+02 3.736968839850785679e-02
4.865315315315315274e+02 3.732261355306161488e-02
4.877027027027027088e+02 3.727720223786920584e-02
4.888738738738738903e+02 3.723341337124346645e-02
4.900450450450450717e+02 3.719120646726419704e-02
4.912162162162162531e+02 3.715054163122566422e-02
4.923873873873873777e+02 3.711137955502830793e-02
4.935585585585585591e+02 3.707368151251761584e-02
4.947297297297297405e+02 3.703740935477339846e-02
4.959009009009009219e+02 3.700252550535157448e-02
4.970720720720721033e+02 3.696899295548190800e-02
4.982432432432432279e+02 3.693677525922450106e-02
4.994144144144144093e+02 3.690583652858694941e-02
5.005855855855855907e+02 3.687614142860535377e-02
5.017567567567567721e+02 3.684765517239184385e-02
5.029279279279279535e+02 3.682034351615100232e-02
5.040990990990991349e+02 3.679417275416706212e-02
5.052702702702702595e+02 3.676910971376520093e-02
5.064414414414414409e+02 3.674512175024916005e-02
5.076126126126126223e+02 3.672217674181629810e-02
5.087837837837838038e+02 3.670024308445411082e-02
5.099549549549549852e+02 3.667928968681928581e-02
5.111261261261261097e+02 3.665928596510160259e-02
5.122972972972972912e+02 3.664020183787497498e-02
5.134684684684684726e+02 3.662200772093771733e-02
5.146396396396396540e+02 3.660467452214363759e-02
5.158108108108108354e+02 3.658817363622666324e-02
5.169819819819820168e+02 3.657247693961983293e-02
5.181531531531531982e+02 3.655755678527190800e-02
5.193243243243243796e+02 3.654338599746224936e-02
5.204954954954955610e+02 3.652993786661567349e-02
5.216666666666667425e+02 3.651718614412041708e-02
5.228378378378379239e+02 3.650510503714947397e-02
5.240090090090091053e+02 3.649366920348695587e-02
5.251801801801801730e+02 3.648285374636258543e-02
5.263513513513513544e+02 3.647263420929338501e-02
5.275225225225225358e+02 3.646298657093753615e-02
5.286936936936937173e+02 3.645388723995703767e-02
5.298648648648648987e+02 3.644531304989576115e-02
5.310360360360359664e+02 3.643724125407105108e-02
5.322072072072071478e+02 3.642964952048048655e-02
5.333783783783783292e+02 3.642251592672598320e-02
5.345495495495495106e+02 3.641581895495673432e-02
5.357207207207206920e+02 3.640953748683089380e-02
5.368918918918918735e+02 3.640365079849748609e-02
5.380630630630630549e+02 3.639813855560151273e-02
5.392342342342342363e+02 3.639298080831048637e-02
5.404054054054054177e+02 3.638815798636524379e-02
5.415765765765765991e+02 3.638365089415632192e-02
5.427477477477477805e+02 3.637944070582544570e-02
5.439189189189189619e+02 3.637550896039400128e-02
5.450900900900901433e+02 3.637183755691986153e-02
5.462612612612613248e+02 3.636840874968200882e-02
5.474324324324325062e+02 3.636520514339498800e-02
5.486036036036036876e+02 3.636220968845416124e-02
5.497747747747748690e+02 3.635940567621095271e-02
5.509459459459459367e+02 3.635677673428058115e-02
5.521171171171171181e+02 3.635430682188256490e-02
5.532882882882882996e+02 3.635198022521361760e-02
5.544594594594594810e+02 3.634978155285446128e-02
5.556306306306306624e+02 3.634769573121229835e-02
5.568018018018017301e+02 3.634570799999645163e-02
5.579729729729730252e+02 3.634380390773109953e-02
5.591441441441442066e+02 3.634196930730292097e-02
5.603153153153152743e+02 3.634019035154655020e-02
5.614864864864864558e+02 3.633845348886603766e-02
5.626576576576576372e+02 3.633674545889432894e-02
5.638288288288288186e+02 3.633505328819083141e-02
5.650000000000000000e+02 3.633336428597666590e-02
5.661711711711711814e+02 3.633166603990924809e-02
5.673423423423423628e+02 3.632994641189529750e-02
5.685135135135135442e+02 3.632819353394391854e-02
5.696846846846847257e+02 3.632639580405840063e-02
5.708558558558559071e+02 3.632454188216865942e-02
5.720270270270270885e+02 3.632262068610293132e-02
5.731981981981981562e+02 3.632062138760135811e-02
5.743693693693693376e+02 3.631853340836804778e-02
5.755405405405405190e+02 3.631634641616525438e-02
5.767117117117117004e+02 3.631405032094853907e-02
5.778828828828828819e+02 3.631163527104168398e-02
5.790540540540540633e+02 3.630909164935389871e-02
5.802252252252252447e+02 3.630641006963780670e-02
5.813963963963964261e+02 3.630358137278883596e-02
5.825675675675676075e+02 3.630059662318547986e-02
5.837387387387387889e+02 3.629744710507185057e-02
5.849099099099099703e+02 3.629412431898064451e-02
5.860810810810810381e+02 3.629061997819825469e-02
5.872522522522522195e+02 3.628692600527082257e-02
5.884234234234234009e+02 3.628303452855209665e-02
5.895945945945945823e+02 3.627893787879200166e-02
5.907657657657657637e+02 3.627462858576751409e-02
5.919369369369369451e+02 3.627009937495333930e-02
5.931081081081081265e+02 3.626534316423477011e-02
5.942792792792793080e+02 3.626035306066136693e-02
5.954504504504504894e+02 3.625512235724117488e-02
5.966216216216216708e+02 3.624964452977613022e-02
5.977927927927928522e+02 3.624391323373780255e-02
5.989639639639640336e+02 3.623792230118359076e-02
6.001351351351351013e+02 3.623166573771369886e-02
6.013063063063062827e+02 3.622513771946774680e-02
6.024774774774774642e+02 3.621833259016155049e-02
6.036486486486486456e+02 3.621124485816368949e-02
6.048198198198198270e+02 3.620386919361160555e-02
6.059909909909910084e+02 3.619620042556692674e-02
6.071621621621621898e+02 3.618823353921010733e-02
6.083333333333333712e+02 3.617996367307411282e-02
6.095045045045045526e+02 3.617138611631592893e-02
6.106756756756757341e+02 3.616249630602774712e-02
6.118468468468469155e+02 3.615328982458523160e-02
6.130180180180179832e+02 3.614376239703395027e-02
6.141891891891891646e+02 3.613390988851362257e-02
6.153603603603603460e+02 3.612372830171976107e-02
6.165315315315315274e+02 3.611321377440199903e-02
6.177027027027027088e+02 3.610236257689913159e-02
6.188738738738738903e+02 3.609117110971113429e-02
6.200450450450450717e+02 3.607963590110687541e-02
6.212162162162162531e+02 3.606775360476755649e-02
6.223873873873874345e+02 3.605552099746650585e-02
6.235585585585586159e+02 3.604293497678306285e-02
6.247297297297297973e+02 3.602999255885207253e-02
6.259009009009008651e+02 3.601669087614802617e-02
6.270720720720720465e+02 3.600302717530257796e-02
6.282432432432432279e+02 3.598899881495735281e-02
6.294144144144144093e+02 3.597460326364884664e-02
6.305855855855855907e+02 3.595983809772752837e-02
6.317567567567567721e+02 3.594470099930970053e-02
6.329279279279279535e+02 3.592918975426145217e-02
6.340990990990991349e+02 3.591330225021514139e-02
6.352702702702703164e+02 3.589703647461801178e-02
6.364414414414414978e+02 3.588039051281151359e-02
6.376126126126126792e+02 3.586336254614237717e-02
6.387837837837837469e+02 3.584595085010437721e-02
6.399549549549549283e+02 3.582815379251057947e-02
6.411261261261261097e+02 3.580996983169530690e-02
6.422972972972972912e+02 3.579139751474622738e-02
6.434684684684684726e+02 3.577243547576553634e-02
6.446396396396396540e+02 3.575308243416047693e-02
6.458108108108108354e+02 3.573333719296192118e-02
6.469819819819820168e+02 3.571319863717196952e-02
6.481531531531531982e+02 3.569266573213888960e-02
6.493243243243243796e+02 3.567173752196017844e-02
6.504954954954955610e+02 3.565041312791178418e-02
6.516666666666666288e+02 3.562869174690590224e-02
6.528378378378378102e+02 3.560657264997335592e-02
6.540090090090089916e+02 3.558405518077378121e-02
6.551801801801801730e+02 3.556113875413037528e-02
6.563513513513513544e+02 3.553782285459074208e-02
6.575225225225225358e+02 3.551410703501276661e-02
6.586936936936937173e+02 3.548999091517508059e-02
6.598648648648648987e+02 3.546547418041169630e-02
6.610360360360360801e+02 3.544055658027126660e-02
6.622072072072072615e+02 3.541523792719943053e-02
6.633783783783784429e+02 3.538951809524499420e-02
6.645495495495495106e+02 3.536339701878874614e-02
6.657207207207206920e+02 3.533687469129500464e-02
6.668918918918918735e+02 3.530995116408590373e-02
6.680630630630630549e+02 3.528262654513692614e-02
6.692342342342342363e+02 3.525490099789473780e-02
6.704054054054054177e+02 3.522677474011592924e-02
6.715765765765765991e+02 3.519824804272718433e-02
6.727477477477477805e+02 3.516932122870565502e-02
6.739189189189189619e+02 3.513999467197971571e-02
6.750900900900901433e+02 3.511026879635032599e-02
6.762612612612613248e+02 3.508014407443126037e-02
6.774324324324323925e+02 3.504962102660957174e-02
6.786036036036035739e+02 3.501870022002403354e-02
6.797747747747747553e+02 3.498738226756379494e-02
6.809459459459459367e+02 3.495566782688378643e-02
6.821171171171171181e+02 3.492355759944018589e-02
6.832882882882882996e+02 3.489105232954173991e-02
6.844594594594594810e+02 3.485815280342040995e-02
6.856306306306306624e+02 3.482485984831792253e-02
6.868018018018018438e+02 3.479117433159020778e-02
6.879729729729730252e+02 3.475709715982792242e-02
6.891441441441442066e+02 3.472262927799360521e-02
6.903153153153152743e+02 3.468777166857502092e-02
6.914864864864864558e+02 3.465252535075400570e-02
6.926576576576576372e+02 3.461689137959134133e-02
6.938288288288288186e+02 3.458087084522633303e-02
6.950000000000000000e+02 3.454446487209171524e-02
6.961711711711711814e+02 3.450767461814348985e-02
6.973423423423423628e+02 3.447050127410467707e-02
6.985135135135135442e+02 3.443294606272399166e-02
6.996846846846847257e+02 3.439501023804753671e-02
7.008558558558559071e+02 3.435669508470539507e-02
7.020270270270270885e+02 3.431800191721023213e-02
7.031981981981982699e+02 3.427893207927074776e-02
7.043693693693693376e+02 3.423948694311663987e-02
7.055405405405405190e+02 3.419966790883700175e-02
7.067117117117117004e+02 3.415947640373102195e-02
7.078828828828828819e+02 3.411891388167151429e-02
7.090540540540540633e+02 3.407798182247900876e-02
7.102252252252252447e+02 3.403668173130933866e-02
7.113963963963964261e+02 3.399501513805180952e-02
7.125675675675676075e+02 3.395298359673860900e-02
7.137387387387387889e+02 3.391058868496626966e-02
7.149099099099099703e+02 3.386783200332690175e-02
7.160810810810811518e+02 3.382471517485104856e-02
7.172522522522522195e+02 3.378123984446038813e-02
7.184234234234234009e+02 3.373740767843126653e-02
7.195945945945945823e+02 3.369322036386779989e-02
7.207657657657657637e+02 3.364867960818557907e-02
7.219369369369369451e+02 3.360378713860419364e-02
7.231081081081081265e+02 3.355854470164985198e-02
7.242792792792793080e+02 3.351295406266741050e-02
7.254504504504504894e+02 3.346701700534102791e-02
7.266216216216216708e+02 3.342073533122420087e-02
7.277927927927928522e+02 3.337411085927849408e-02
7.289639639639640336e+02 3.332714542542069419e-02
7.301351351351351013e+02 3.327984088207854019e-02
7.313063063063062827e+02 3.323219909775475961e-02
7.324774774774774642e+02 3.318422195659917473e-02
7.336486486486486456e+02 3.313591135798838599e-02
7.348198198198198270e+02 3.308726921611391397e-02
7.359909909909910084e+02 3.303829745957723163e-02
7.371621621621621898e+02 3.298899803099265837e-02
7.383333333333333712e+02 3.293937288659761625e-02
7.395045045045045526e+02 3.288942399586964466e-02
7.406756756756757341e+02 3.283915334115086737e-02
7.418468468468469155e+02 3.278856291727878097e-02
7.430180180180179832e+02 3.273765473122450254e-02
7.441891891891891646e+02 3.268643080173689458e-02
7.453603603603603460e+02 3.263489315899324034e-02
7.465315315315315274e+02 3.258304384425694117e-02
7.477027027027027088e+02 3.253088490954030715e-02
7.488738738738738903e+02 3.247841841727408529e-02
7.500450450450450717e+02 3.242564643998280260e-02
7.512162162162162531e+02 3.237257105996586143e-02
7.523873873873874345e+02 3.231919436898415821e-02
7.535585585585586159e+02 3.226551846795254475e-02
7.547297297297297973e+02 3.221154546663740348e-02
7.559009009009008651e+02 3.215727748335997505e-02
7.570720720720720465e+02 3.210271664470432107e-02
7.582432432432432279e+02 3.204786508523103233e-02
7.594144144144144093e+02 3.199272494719542642e-02
7.605855855855855907e+02 3.193729838027074136e-02
7.617567567567567721e+02 3.188158754127656119e-02
7.629279279279279535e+02 3.182559459391115508e-02
7.640990990990991349e+02 3.176932170848897896e-02
7.652702702702703164e+02 3.171277106168270132e-02
7.664414414414414978e+02 3.165594483626903849e-02
7.676126126126126792e+02 3.159884522087964137e-02
7.687837837837837469e+02 3.154147440975569455e-02
7.699549549549549283e+02 3.148383460250669258e-02
7.711261261261261097e+02 3.142592800387360857e-02
7.722972972972972912e+02 3.136775682349556699e-02
7.734684684684684726e+02 3.130932327568054091e-02
7.746396396396396540e+02 3.125062957918000456e-02
7.758108108108108354e+02 3.119167795696724949e-02
7.769819819819820168e+02 3.113247063601895168e-02
7.781531531531531982e+02 3.107300984710089850e-02
7.793243243243243796e+02 3.101329782455673062e-02
7.804954954954955610e+02 3.095333680610032334e-02
7.816666666666666288e+02 3.089312903261158191e-02
7.828378378378378102e+02 3.083267674793495686e-02
7.840090090090089916e+02 3.077198219868202550e-02
7.851801801801801730e+02 3.071104763403665824e-02
7.863513513513513544e+02 3.064987530556308529e-02
7.875225225225225358e+02 3.058846746701762015e-02
7.886936936936937173e+02 3.052682637416279099e-02
7.898648648648648987e+02 3.046495428458446952e-02
7.910360360360360801e+02 3.040285345751204960e-02
7.922072072072072615e+02 3.034052615364103353e-02
7.933783783783784429e+02 3.027797463495874794e-02
7.945495495495495106e+02 3.021520116457237018e-02
7.957207207207206920e+02 3.015220800653977198e-02
7.968918918918918735e+02 3.008899742570280214e-02
7.980630630630630549e+02 3.002557168752309838e-02
7.992342342342342363e+02 2.996193305792059849e-02
8.004054054054054177e+02 2.989808380311393537e-02
8.015765765765765991e+02 2.983402618946355209e-02
8.027477477477477805e+02 2.976976248331740169e-02
8.039189189189189619e+02 2.970529495085812502e-02
8.050900900900901433e+02 2.964062585795326082e-02
8.062612612612613248e+02 2.957575747000710728e-02
8.074324324324325062e+02 2.951069205181499830e-02
8.086036036036035739e+02 2.944543186741969618e-02
8.097747747747747553e+02 2.937997917996959876e-02
8.109459459459459367e+02 2.931433625157899014e-02
8.121171171171171181e+02 2.924850534319076156e-02
8.132882882882882996e+02 2.918248871444053746e-02
8.144594594594594810e+02 2.911628862352279648e-02
8.156306306306306624e+02 2.904990732705923714e-02
8.168018018018018438e+02 2.898334707996845852e-02
8.179729729729730252e+02 2.891661013533787516e-02
8.191441441441442066e+02 2.884969874429726966e-02
8.203153153153153880e+02 2.878261515589401048e-02
8.214864864864864558e+02 2.871536161697008788e-02
8.226576576576576372e+02 2.864794037204086014e-02
8.238288288288288186e+02 2.858035366317522238e-02
8.250000000000000000e+02 2.851260372987791253e-02
8.261711711711711814e+02 2.844469280897276089e-02
8.273423423423423628e+02 2.837662313448804235e-02
8.285135135135135442e+02 2.830839693754323705e-02
8.296846846846847257e+02 2.824001644623714766e-02
8.308558558558559071e+02 2.817148388553762650e-02
8.320270270270270885e+02 2.810280147717290899e-02
8.331981981981982699e+02 2.803397143952417181e-02
8.343693693693693376e+02 2.796499598751977025e-02
8.355405405405405190e+02 2.789587733253061710e-02
8.367117117117117004e+02 2.782661768226707757e-02
8.378828828828828819e+02 2.775721924067731800e-02
8.390540540540540633e+02 2.768768420784697634e-02
8.402252252252252447e+02 2.761801477989972442e-02
8.413963963963964261e+02 2.754821314890006090e-02
8.425675675675676075e+02 2.747828150275631251e-02
8.437387387387387889e+02 2.740822202512583142e-02
8.449099099099099703e+02 2.733803689532075115e-02
8.460810810810811518e+02 2.726772828821547034e-02
8.472522522522522195e+02 2.719729837415493442e-02
8.484234234234234009e+02 2.712674931886457572e-02
8.495945945945945823e+02 2.705608328336097171e-02
8.507657657657657637e+02 2.698530242386404376e-02
8.519369369369369451e+02 2.691440889171022380e-02
8.531081081081081265e+02 2.684340483326671384e-02
8.542792792792793080e+02 2.677229238984697723e-02
8.554504504504504894e+02 2.670107369762748234e-02
8.566216216216216708e+02 2.662975088756509845e-02
8.577927927927928522e+02 2.655832608531604605e-02
8.589639639639640336e+02 2.648680141115560688e-02
8.601351351351351013e+02 2.641517897989912808e-02
8.613063063063062827e+02 2.634346090082386946e-02
8.624774774774774642e+02 2.627164927759190541e-02
8.636486486486486456e+02 2.619974620817428282e-02
8.648198198198198270e+02 2.612775378477585897e-02
8.659909909909910084e+02 2.605567409376129823e-02
8.671621621621621898e+02 2.598350921558230039e-02
8.683333333333333712e+02 2.591126122470517601e-02
8.695045045045045526e+02 2.583893218954003146e-02
8.706756756756757341e+02 2.576652417237072779e-02
8.718468468468469155e+02 2.569403922928550563e-02
8.730180180180179832e+02 2.562147941010884181e-02
8.741891891891891646e+02 2.554884675833428778e-02
8.753603603603603460e+02 2.547614331105790136e-02
8.765315315315315274e+02 2.540337109891291009e-02
8.777027027027027088e+02 2.533053214600528014e-02
8.788738738738738903e+02 2.525762846984976398e-02
8.800450450450450717e+02 2.518466208130735670e-02
8.812162162162162531e+02 2.511163498452343920e-02
8.823873873873874345e+02 2.503854917686661880e-02
8.835585585585586159e+02 2.496540664886863492e-02
8.847297297297297973e+02 2.489220938416528139e-02
8.859009009009008651e+02 2.481895935943754378e-02
8.870720720720720465e+02 2.474565854435439513e-02
8.882432432432432279e+02 2.467230890151588321e-02
8.894144144144144093e+02 2.459891238639721686e-02
8.905855855855855907e+02 2.452547094729370589e-02
8.917567567567567721e+02 2.445198652526640523e-02
8.929279279279279535e+02 2.437846105408871325e-02
8.940990990990991349e+02 2.430489646019370550e-02
8.952702702702703164e+02 2.423129466262224918e-02
8.964414414414414978e+02 2.415765757297191549e-02
8.976126126126126792e+02 2.408398709534665533e-02
8.987837837837838606e+02 2.401028512630752967e-02
8.999549549549549283e+02 2.393655355482368977e-02
9.011261261261261097e+02 2.386279426222451955e-02
9.022972972972972912e+02 2.378900912215262814e-02
9.034684684684684726e+02 2.371520000051710944e-02
9.046396396396396540e+02 2.364136875544817218e-02
9.058108108108108354e+02 2.356751723725207873e-02
9.069819819819820168e+02 2.349364728836688537e-02
9.081531531531531982e+02 2.341976074331925464e-02
9.093243243243243796e+02 2.334585942868156946e-02
9.104954954954955610e+02 2.327194516303002572e-02
9.116666666666667425e+02 2.319801975690339094e-02
9.128378378378378102e+02 2.312408501276258521e-02
9.140090090090089916e+02 2.305014272495068198e-02
9.151801801801801730e+02 2.297619467965407794e-02
9.163513513513513544e+02 2.290224265486398916e-02
9.175225225225225358e+02 2.282828842033875205e-02
9.186936936936937173e+02 2.275433373756704375e-02
9.198648648648648987e+02 2.268038035973140090e-02
9.210360360360360801e+02 2.260643003167278620e-02
9.222072072072072615e+02 2.253248448985571001e-02
9.233783783783784429e+02 2.245854546233398696e-02
9.245495495495496243e+02 2.238461466871727659e-02
9.257207207207206920e+02 2.231069382013821725e-02
9.268918918918918735e+02 2.223678461922024702e-02
9.280630630630630549e+02 2.216288876004617048e-02
9.292342342342342363e+02 2.208900792812730843e-02
9.304054054054054177e+02 2.201514380037341082e-02
9.315765765765765991e+02 2.194129804506298950e-02
9.327477477477477805e+02 2.186747232181470227e-02
9.339189189189189619e+02 2.179366828155892763e-02
9.350900900900901433e+02 2.171988756651044294e-02
9.362612612612613248e+02 2.164613181014138354e-02
9.374324324324325062e+02 2.157240263715500331e-02
9.386036036036035739e+02 2.149870166346018463e-02
9.397747747747747553e+02 2.142503049614628841e-02
9.409459459459459367e+02 2.135139073345887137e-02
9.421171171171171181e+02 2.127778396477604528e-02
9.432882882882882996e+02 2.120421177058523510e-02
9.444594594594594810e+02 2.113067572246080453e-02
9.456306306306306624e+02 2.105717738304216380e-02
9.468018018018018438e+02 2.098371830601258869e-02
9.479729729729730252e+02 2.091030003607846285e-02
9.491441441441442066e+02 2.083692410894932845e-02
9.503153153153153880e+02 2.076359205131850585e-02
9.514864864864864558e+02 2.069030538084420945e-02
9.526576576576576372e+02 2.061706560613134342e-02
9.538288288288288186e+02 2.054387422671393251e-02
9.550000000000000000e+02 2.047073273303793087e-02
9.561711711711711814e+02 2.039764260644504404e-02
9.573423423423423628e+02 2.032460531915657523e-02
9.585135135135135442e+02 2.025162233425837829e-02
9.596846846846847257e+02 2.017869510568602240e-02
9.608558558558559071e+02 2.010582507821075463e-02
9.620270270270270885e+02 2.003301368742582689e-02
9.631981981981982699e+02 1.996026235973367979e-02
9.643693693693693376e+02 1.988757251233342141e-02
9.655405405405405190e+02 1.981494555320899992e-02
9.667117117117117004e+02 1.974238288111787587e-02
9.678828828828828819e+02 1.966988588558035364e-02
9.690540540540540633e+02 1.959745594686936737e-02
9.702252252252252447e+02 1.952509443600079775e-02
9.713963963963964261e+02 1.945280271472445838e-02
9.725675675675676075e+02 1.938058213551560952e-02
9.737387387387387889e+02 1.930843404156672855e-02
9.749099099099099703e+02 1.923635976678025883e-02
9.760810810810811518e+02 1.916436063576167081e-02
9.772522522522522195e+02 1.909243796381290478e-02
9.784234234234234009e+02 1.902059305692662544e-02
9.795945945945945823e+02 1.894882721178094837e-02
9.807657657657657637e+02 1.887714171573436073e-02
9.819369369369369451e+02 1.880553784682169327e-02
9.831081081081081265e+02 1.873401687375016167e-02
9.842792792792793080e+02 1.866258005589616076e-02
9.854504504504504894e+02 1.859122864330243347e-02
9.866216216216216708e+02 1.851996387667585384e-02
9.877927927927928522e+02 1.844878698738566455e-02
9.889639639639640336e+02 1.837769919746218283e-02
9.901351351351351013e+02 1.830670171959607878e-02
9.913063063063062827e+02 1.823579575713804926e-02
9.924774774774774642e+02 1.816498250409905035e-02
9.936486486486486456e+02 1.809426314515109185e-02
9.948198198198198270e+02 1.802363885562821566e-02
9.959909909909910084e+02 1.795311080152837968e-02
9.971621621621621898e+02 1.788268013951550828e-02
9.983333333333333712e+02 1.781234801692201108e-02
9.995045045045045526e+02 1.774211557175207898e-02
1.000675675675675734e+03 1.767198393268502865e-02
1.001846846846846915e+03 1.760195421907950405e-02
1.003018018018018097e+03 1.753202754097774735e-02
1.004189189189189165e+03 1.746220499911077875e-02
1.005360360360360346e+03 1.739248768490357991e-02
1.006531531531531527e+03 1.732287668048103357e-02
1.007702702702702709e+03 1.725337305867415127e-02
1.008873873873873890e+03 1.718397788302688037e-02
1.010045045045045072e+03 1.711469220780324416e-02
1.011216216216216253e+03 1.704551707799495733e-02
1.012387387387387435e+03 1.697645352932936752e-02
1.013558558558558616e+03 1.690750258827818445e-02
1.014729729729729797e+03 1.683866527206608760e-02
1.015900900900900979e+03 1.676994258868024987e-02
1.017072072072072046e+03 1.670133553688006242e-02
1.018243243243243228e+03 1.663284510620720302e-02
1.019414414414414409e+03 1.656447227699636010e-02
1.020585585585585591e+03 1.649621802038611640e-02
1.021756756756756772e+03 1.642808329833038428e-02
1.022927927927927954e+03 1.636006906361027816e-02
1.024099099099099021e+03 1.629217625984625065e-02
1.025270270270270430e+03 1.622440582151070745e-02
1.026441441441441384e+03 1.615675867394103168e-02
1.027612612612612793e+03 1.608923573335294469e-02
1.028783783783783747e+03 1.602183790685438036e-02
1.029954954954954928e+03 1.595456609245959889e-02
1.031126126126126110e+03 1.588742117910359880e-02
1.032297297297297291e+03 1.582040404665732009e-02
1.033468468468468473e+03 1.575351556594276753e-02
1.034639639639639654e+03 1.568675659874869954e-02
1.035810810810810835e+03 1.562012799784673854e-02
1.036981981981982017e+03 1.555363060700769295e-02
1.038153153153153198e+03 1.548726526101840660e-02
1.039324324324324380e+03 1.542103278569883877e-02
1.040495495495495561e+03 1.535493399791960749e-02
1.041666666666666742e+03 1.528896970561977736e-02
1.042837837837837924e+03 1.522314070782500653e-02
1.044009009009008878e+03 1.515744779466623483e-02
1.045180180180180287e+03 1.509189174739831128e-02
1.046351351351351241e+03 1.502647333841949581e-02
1.047522522522522650e+03 1.496119333129071124e-02
1.048693693693693604e+03 1.489605248075567476e-02
1.049864864864865012e+03 1.483105153276092353e-02
1.051036036036035966e+03 1.476619122447650825e-02
1.052207207207207375e+03 1.470147228431664850e-02
1.053378378378378329e+03 1.463689543196111144e-02
1.054549549549549738e+03 1.457246137837655588e-02
1.055720720720720692e+03 1.450817082583842101e-02
1.056891891891891873e+03 1.444402446795294524e-02
1.058063063063063055e+03 1.438002298967968641e-02
1.059234234234234236e+03 1.431616706735413906e-02
1.060405405405405418e+03 1.425245736871085141e-02
1.061576576576576599e+03 1.418889455290662550e-02
1.062747747747747781e+03 1.412547927054421879e-02
1.063918918918918962e+03 1.406221216369621732e-02
1.065090090090090143e+03 1.399909386592910858e-02
1.066261261261261325e+03 1.393612500232789715e-02
1.067432432432432506e+03 1.387330618952070833e-02
1.068603603603603460e+03 1.381063803570395029e-02
1.069774774774774869e+03 1.374812114066738429e-02
1.070945945945946050e+03 1.368575609581996859e-02
1.072117117117117232e+03 1.362354348421541787e-02
1.073288288288288413e+03 1.356148388057840451e-02
1.074459459459459595e+03 1.349957785133092114e-02
1.075630630630630549e+03 1.343782595461884277e-02
1.076801801801801730e+03 1.337622874033874559e-02
1.077972972972972912e+03 1.331478675016513000e-02
1.079144144144144093e+03 1.325350051757762972e-02
1.080315315315315274e+03 1.319237056788868934e-02
1.081486486486486456e+03 1.313139741827132508e-02
1.082657657657657637e+03 1.307058157778733833e-02
1.083828828828828819e+03 1.300992354741540083e-02
1.085000000000000000e+03 1.294942382007981986e-02
1.086171171171171181e+03 1.288908288067906402e-02
1.087342342342342363e+03 1.282890120611497077e-02
1.088513513513513544e+03 1.276887926532177010e-02
1.089684684684684726e+03 1.270901751929560952e-02
1.090855855855855907e+03 1.264931642112414843e-02
1.092027027027027088e+03 1.258977641601639191e-02
1.093198198198198270e+03 1.253039794133283674e-02
1.094369369369369451e+03 1.247118142661556538e-02
1.095540540540540633e+03 1.241212729361887944e-02
1.096711711711711814e+03 1.235323595633982738e-02
1.097882882882882996e+03 1.229450782104912938e-02
1.099054054054054177e+03 1.223594328632223588e-02
1.100225225225225358e+03 1.217754274307044846e-02
1.101396396396396312e+03 1.211930657457255256e-02
1.102567567567567494e+03 1.206123515650617088e-02
1.103738738738738675e+03 1.200332885697971697e-02
1.104909909909909857e+03 1.194558803656435575e-02
1.106081081081081038e+03 1.188801304832604565e-02
1.107252252252252219e+03 1.183060423785789808e-02
1.108423423423423401e+03 1.177336194331265150e-02
1.109594594594594582e+03 1.171628649543532408e-02
1.110765765765765764e+03 1.165937821759590633e-02
1.111936936936936945e+03 1.160263742582250644e-02
1.113108108108108127e+03 1.154606442883431873e-02
1.114279279279279308e+03 1.148965952807491468e-02
1.115450450450450489e+03 1.143342301774567457e-02
1.116621621621621671e+03 1.137735518483935608e-02
1.117792792792792852e+03 1.132145630917381039e-02
1.118963963963964034e+03 1.126572666342576419e-02
1.120135135135135215e+03 1.121016651316485840e-02
1.121306306306306396e+03 1.115477611688779451e-02
1.122477477477477578e+03 1.109955572605248429e-02
1.123648648648648759e+03 1.104450558511252747e-02
1.124819819819819941e+03 1.098962593155163557e-02
1.125990990990991122e+03 1.093491699591835412e-02
1.127162162162162076e+03 1.088037900186070682e-02
1.128333333333333258e+03 1.082601216616113290e-02
1.129504504504504439e+03 1.077181669877143311e-02
1.130675675675675620e+03 1.071779280284789089e-02
1.131846846846846802e+03 1.066394067478641794e-02
1.133018018018017983e+03 1.061026050425791303e-02
1.134189189189189165e+03 1.055675247424366948e-02
1.135360360360360346e+03 1.050341676107084156e-02
1.136531531531531527e+03 1.045025353444811213e-02
1.137702702702702709e+03 1.039726295750131521e-02
1.138873873873873890e+03 1.034444518680932915e-02
1.140045045045045072e+03 1.029180037243987433e-02
1.141216216216216253e+03 1.023932865798549315e-02
1.142387387387387435e+03 1.018703018059972584e-02
1.143558558558558616e+03 1.013490507103302629e-02
1.144729729729729797e+03 1.008295345366921024e-02
1.145900900900900979e+03 1.003117544656155838e-02
1.147072072072072160e+03 9.979571161469295848e-03
1.148243243243243342e+03 9.928140703893984995e-03
1.149414414414414523e+03 9.876884173116001406e-03
1.150585585585585704e+03 9.825801662231183412e-03
1.151756756756756886e+03 9.774893258187349748e-03
1.152927927927928067e+03 9.724159041821113861e-03
1.154099099099099021e+03 9.673599087894552487e-03
1.155270270270270203e+03 9.623213465131973121e-03
1.156441441441441384e+03 9.573002236256901790e-03
1.157612612612612565e+03 9.522965458028857452e-03
1.158783783783783747e+03 9.473103181280379675e-03
1.159954954954954928e+03 9.423415450954000794e-03
1.161126126126126110e+03 9.373902306139304808e-03
1.162297297297297291e+03 9.324563780110001893e-03
1.163468468468468473e+03 9.275399900361020258e-03
1.164639639639639654e+03 9.226410688645722905e-03
1.165810810810810835e+03 9.177596161012997744e-03
1.166981981981982017e+03 9.128956327844599261e-03
1.168153153153153198e+03 9.080491193892280266e-03
1.169324324324324380e+03 9.032200758315123146e-03
1.170495495495495561e+03 8.984085014716834683e-03
1.171666666666666742e+03 8.936143951183018325e-03
1.172837837837837924e+03 8.888377550318588699e-03
1.174009009009009105e+03 8.840785789285024801e-03
1.175180180180180287e+03 8.793368639837791448e-03
1.176351351351351468e+03 8.746126068363726039e-03
1.177522522522522650e+03 8.699058035918355927e-03
1.178693693693693831e+03 8.652164498263390999e-03
1.179864864864864785e+03 8.605445405904021960e-03
1.181036036036035966e+03 8.558900704126412920e-03
1.182207207207207148e+03 8.512530333034977123e-03
1.183378378378378329e+03 8.466334227589938921e-03
1.184549549549549511e+03 8.420312317644576550e-03
1.185720720720720692e+03 8.374464527982725115e-03
1.186891891891891873e+03 8.328790778356081823e-03
1.188063063063063055e+03 8.283290983521604881e-03
1.189234234234234236e+03 8.237965053278886382e-03
1.190405405405405418e+03 8.192812892507452330e-03
1.191576576576576599e+03 8.147834401204152865e-03
1.192747747747747781e+03 8.103029474520432804e-03
1.193918918918918962e+03 8.058398002799595228e-03
1.195090090090090143e+03 8.013939871614132737e-03
1.196261261261261325e+03 7.969654961802895635e-03
1.197432432432432506e+03 7.925543149508365928e-03
1.198603603603603688e+03 7.881604306213827252e-03
1.199774774774774869e+03 7.837838298780467131e-03
1.200945945945946050e+03 7.794244989484611086e-03
1.202117117117117232e+03 7.750824236054693062e-03
1.203288288288288413e+03 7.707575891708375905e-03
1.204459459459459595e+03 7.664499805189545212e-03
1.205630630630630549e+03 7.621595820805293631e-03
1.206801801801801730e+03 7.578863778462814962e-03
1.207972972972972912e+03 7.536303513706361576e-03
1.209144144144144093e+03 7.493914857754021414e-03
1.210315315315315274e+03 7.451697637534538364e-03
1.211486486486486456e+03 7.409651675724077992e-03
1.212657657657657637e+03 7.367776790782846683e-03
1.213828828828828819e+03 7.326072796991865178e-03
1.215000000000000000e+03 7.284539504489409914e-03
